  0.0000000E+00   559.576499800985     
   15.00000       564.411282286229     
   30.00000       563.185675612734     
   45.00000       558.294899583714     
   60.00000       549.972419112807     
   75.00000       538.818207958401     
   90.00000       526.355531180114     
   105.0000       513.368654489671     
   120.0000       500.752811978575     
   135.0000       490.637131618985     
   150.0000       481.788919939306     
   165.0000       472.935866595496     
   180.0000       466.693575450597     
   195.0000       459.665382143692     
   210.0000       454.077565017428     
   225.0000       450.522799015717     
   240.0000       449.230072590675     
   255.0000       452.745369561798     
   270.0000       458.579257062024     
   285.0000       471.263870996807     
   300.0000       494.570700426801     
   315.0000       517.894873509953     
   330.0000       535.777096945839     
   345.0000       549.802484670394     
   360.0000       559.576499800985     
   360.0000       499.387047287709     
   375.0000       504.651173728942     
   390.0000       505.041188082014     
   405.0000       502.251405824760     
   420.0000       496.551429481800     
   435.0000       488.118238366271     
   450.0000       478.145846377763     
   465.0000       467.317143883128     
   480.0000       456.519020769942     
   495.0000       447.593842453343     
   510.0000       439.777027337431     
   525.0000       431.927794820802     
   540.0000       426.324772041612     
   555.0000       420.100331083143     
   570.0000       414.974770464006     
   585.0000       411.392995508572     
   600.0000       409.691600133529     
   615.0000       411.936478827690     
   630.0000       416.132308676625     
   645.0000       425.573310381527     
   660.0000       443.805011891991     
   675.0000       462.571827737786     
   690.0000       477.883218559088     
   705.0000       490.199579618346     
   720.0000       499.387047287709     
   720.0000       445.750273775113     
   735.0000       450.651059335056     
   750.0000       451.771700125793     
   765.0000       450.352232635006     
   780.0000       446.423781745556     
   795.0000       440.186453763834     
   810.0000       432.333839296542     
   825.0000       423.558941565351     
   840.0000       414.509746370556     
   855.0000       406.815012423914     
   870.0000       400.012983059946     
   885.0000       393.114189999199     
   900.0000       388.086271499288     
   915.0000       382.592788856119     
   930.0000       377.968400058528     
   945.0000       374.604453155610     
   960.0000       372.796288856402     
   975.0000       374.334298531700     
   990.0000       377.329874800400     
   1005.000       384.558823220823     
   1020.000       398.822002050536     
   1035.000       414.262746115944     
   1050.000       427.065923384022     
   1065.000       437.794068051167     
   1080.000       445.750273775113     
   1080.000       397.715666350913     
   1095.000       401.988239954185     
   1110.000       403.442698018997     
   1125.000       402.885061451498     
   1140.000       400.279070704659     
   1155.000       395.746962432074     
   1170.000       389.792288203451     
   1185.000       382.806751615339     
   1200.000       375.407493964012     
   1215.000       368.894524378150     
   1230.000       363.063589573029     
   1245.000       357.059924374803     
   1260.000       352.555813608748     
   1275.000       347.711143239083     
   1290.000       343.558008597904     
   1305.000       340.483491348778     
   1320.000       338.650505123967     
   1335.000       339.552030549040     
   1350.000       341.697641664803     
   1365.000       347.094898789306     
   1380.000       358.363220881722     
   1395.000       370.836494463966     
   1410.000       381.353619762186     
   1425.000       390.521513743902     
   1440.000       397.715666350913     
   1440.000       354.099714914801     
   1455.000       358.328131581712     
   1470.000       359.698679474974     
   1485.000       359.757625913128     
   1500.000       358.192499815591     
   1515.000       354.966509429516     
   1530.000       350.547736664996     
   1545.000       345.212194164751     
   1560.000       339.253747022956     
   1575.000       333.825171214220     
   1590.000       328.894322763492     
   1605.000       323.720432349499     
   1620.000       319.695628001558     
   1635.000       315.460019652366     
   1650.000       311.752823557223     
   1665.000       308.863102356034     
   1680.000       306.996786058666     
   1695.000       307.403557755377     
   1710.000       308.780783127284     
   1725.000       312.723587267212     
   1740.000       321.623266994012     
   1755.000       331.404790776184     
   1770.000       339.989861841897     
   1785.000       347.722806190079     
   1800.000       354.099714914801     
   1800.000       314.576702207678     
   1815.000       318.697469183655     
   1830.000       320.344031409993     
   1845.000       320.713807484925     
   1860.000       319.901132229975     
   1875.000       317.750657996519     
   1890.000       314.561643578007     
   1905.000       310.561528294597     
   1920.000       305.939908301907     
   1935.000       301.475817737991     
   1950.000       297.350864888584     
   1965.000       292.930895845525     
   1980.000       289.350894719146     
   1995.000       285.615508681047     
   2010.000       282.266298930175     
   2025.000       279.584187579536     
   2040.000       277.696228297996     
   2055.000       277.642674531556     
   2070.000       278.392246208409     
   2085.000       281.294155146854     
   2100.000       288.000107439289     
   2115.000       295.607763289215     
   2130.000       302.568560420679     
   2145.000       309.024195635082     
   2160.000       314.576702207678     
   2160.000       279.015722065321     
   2175.000       282.901205922753     
   2190.000       284.954050772217     
   2205.000       285.514068726970     
   2220.000       285.283916333521     
   2235.000       283.961439349625     
   2250.000       281.715280071245     
   2265.000       278.775263108023     
   2280.000       275.221516009211     
   2295.000       271.584238370410     
   2310.000       268.158025584926     
   2325.000       264.405366942089     
   2340.000       261.230736512252     
   2355.000       257.960883101508     
   2370.000       254.953229772465     
   2385.000       252.485256191127     
   2400.000       250.621434861754     
   2415.000       250.155865362516     
   2430.000       250.469163658803     
   2445.000       252.667475984632     
   2460.000       257.470876835940     
   2475.000       263.311516807988     
   2490.000       268.913984412399     
   2505.000       274.258461468219     
   2520.000       279.015722065321     
   2520.000       247.404346525336     
   2535.000       250.942384375168     
   2550.000       253.228869999182     
   2565.000       254.193620620010     
   2580.000       254.257052860708     
   2595.000       253.519501824591     
   2610.000       251.999231806218     
   2625.000       249.817196369547     
   2640.000       247.089044282453     
   2655.000       244.122350416251     
   2670.000       241.270405486250     
   2685.000       238.084918739056     
   2700.000       235.277914534059     
   2715.000       232.441318081588     
   2730.000       229.757189225944     
   2745.000       227.496158302886     
   2760.000       225.674965027079     
   2775.000       224.955983982391     
   2790.000       225.179586947738     
   2805.000       226.677585932384     
   2820.000       230.056814803781     
   2835.000       234.494212154853     
   2850.000       238.977755812227     
   2865.000       243.380465636549     
   2880.000       247.404346525336     
   2880.000       219.734714533009     
   2895.000       222.866259893149     
   2910.000       225.185869635563     
   2925.000       226.504627672393     
   2940.000       226.771835012747     
   2955.000       226.430692708503     
   2970.000       225.376971240363     
   2985.000       223.752285516278     
   3000.000       221.608451555364     
   3015.000       219.147750075233     
   3030.000       216.739936418027     
   3045.000       214.014651888320     
   3060.000       211.538875446254     
   3075.000       209.036711185032     
   3090.000       206.654692257517     
   3105.000       204.625620101320     
   3120.000       203.010746537559     
   3135.000       202.376086337458     
   3150.000       202.428468606429     
   3165.000       203.394124830962     
   3180.000       205.765377234029     
   3195.000       209.132731937656     
   3210.000       212.721033825537     
   3225.000       216.351225704942     
   3240.000       219.734714533009     
   3240.000       195.872414444928     
   3255.000       198.599270510147     
   3270.000       200.802413373811     
   3285.000       202.282738204507     
   3300.000       202.841463810649     
   3315.000       202.612866561908     
   3330.000       201.836784176301     
   3345.000       200.532553804830     
   3360.000       198.765060150172     
   3375.000       196.658136717798     
   3390.000       194.569550852939     
   3405.000       192.200888124958     
   3420.000       190.013957974106     
   3435.000       187.864223584845     
   3450.000       185.914542700998     
   3465.000       184.272924629627     
   3480.000       182.914128859607     
   3495.000       182.226278685545     
   3510.000       182.146954566762     
   3525.000       182.798223936357     
   3540.000       184.505620163658     
   3555.000       187.099679715066     
   3570.000       189.999724425339     
   3585.000       193.018195927556     
   3600.000       195.872414444928     
   3600.000       175.476178922232     
   3615.000       177.839804816346     
   3630.000       179.844047643239     
   3645.000       181.318957351068     
   3660.000       182.035659158669     
   3675.000       181.922240833619     
   3690.000       181.172866223168     
   3705.000       180.030262434725     
   3720.000       178.472963970525     
   3735.000       176.598864330603     
   3750.000       174.737657100747     
   3765.000       172.728104130119     
   3780.000       170.951264589748     
   3795.000       169.219789480689     
   3810.000       167.569182916964     
   3825.000       166.168635053089     
   3840.000       165.006016831476     
   3855.000       164.361163196360     
   3870.000       164.250693421689     
   3885.000       164.722465197849     
   3900.000       166.034365477356     
   3915.000       168.100407256174     
   3930.000       170.493899406715     
   3945.000       173.042408301332     
   3960.000       175.476178922232     
   3960.000       158.011064628488     
   3975.000       160.062283330844     
   3990.000       161.833598077669     
   4005.000       163.188893272288     
   4020.000       163.901616576434     
   4035.000       163.856414301776     
   4050.000       163.147318658108     
   4065.000       161.997870019421     
   4080.000       160.534051230798     
   4095.000       158.861335325708     
   4110.000       157.275912968962     
   4125.000       155.569014759453     
   4140.000       154.039773947304     
   4155.000       152.582647178685     
   4170.000       151.206398378677     
   4185.000       150.042088238304     
   4200.000       149.086638160643     
   4215.000       148.545009382420     
   4230.000       148.467190148815     
   4245.000       148.874097088555     
   4260.000       149.951722111689     
   4275.000       151.681395457081     
   4290.000       153.715044310827     
   4305.000       155.907553980663     
   4320.000       158.011064628488     
   4320.000       142.843177714470     
   4335.000       144.619907112286     
   4350.000       146.143457233630     
   4365.000       147.312929697495     
   4380.000       147.918901945466     
   4395.000       147.843461823215     
   4410.000       147.138772808194     
   4425.000       146.022588404874     
   4440.000       144.632324586808     
   4455.000       143.097025085660     
   4470.000       141.672402165233     
   4485.000       140.193383421443     
   4500.000       138.894034567253     
   4515.000       137.680260721005     
   4530.000       136.552772346035     
   4545.000       135.609799124773     
   4560.000       134.855064307010     
   4575.000       134.443883680674     
   4590.000       134.433945667656     
   4605.000       134.839437924891     
   4620.000       135.804340404347     
   4635.000       137.305276054877     
   4650.000       139.081191682176     
   4665.000       141.002891637050     
   4680.000       142.843177714470     
   4680.000       129.378204957630     
   4695.000       130.913738759254     
   4710.000       132.198923293219     
   4725.000       133.150446279958     
   4740.000       133.586149557243     
   4755.000       133.408207894859     
   4770.000       132.663420696387     
   4785.000       131.559748962158     
   4800.000       130.235364403473     
   4815.000       128.836278838388     
   4830.000       127.568601209152     
   4845.000       126.300910074740     
   4860.000       125.215977699842     
   4875.000       124.218442733359     
   4890.000       123.311412196770     
   4905.000       122.567345201353     
   4920.000       121.994917642564     
   4935.000       121.716718614086     
   4950.000       121.786900144735     
   4965.000       122.221552950530     
   4980.000       123.134821981603     
   4995.000       124.489267944379     
   5010.000       126.073012257134     
   5025.000       127.767899052422     
   5040.000       129.378204957630     
   5040.000       117.177155368553     
   5055.000       118.486593410702     
   5070.000       119.537953762332     
   5085.000       120.267138389884     
   5100.000       120.515807756604     
   5115.000       120.216460351897     
   5130.000       119.423226251713     
   5145.000       118.336216116599     
   5160.000       117.088704242564     
   5175.000       115.833335783555     
   5190.000       114.723388301645     
   5205.000       113.653548910275     
   5220.000       112.763989451836     
   5235.000       111.956037732082     
   5250.000       111.239828737981     
   5265.000       110.668142535250     
   5280.000       110.253365503256     
   5295.000       110.095707859658     
   5310.000       110.242403454118     
   5325.000       110.713934460668     
   5340.000       111.598782357746     
   5355.000       112.842198673863     
   5370.000       114.268834558021     
   5385.000       115.770251016956     
   5400.000       117.177155368553     
   5400.000       105.958351949687     
   5415.000       107.058731565520     
   5430.000       107.894685170459     
   5445.000       108.417735809093     
   5460.000       108.493125788278     
   5475.000       108.085247028500     
   5490.000       107.258874828120     
   5505.000       106.205648123033     
   5520.000       105.050862790919     
   5535.000       103.943431115927     
   5550.000       102.987348809062     
   5565.000       102.098572750808     
   5580.000       101.381134097435     
   5595.000       100.736102216251     
   5610.000       100.181376502464     
   5625.000       99.7547415611623     
   5640.000       99.4711497480863     
   5655.000       99.4144432539817     
   5670.000       99.6248013178781     
   5685.000       100.126196440632     
   5700.000       100.983434533022     
   5715.000       102.128092224240     
   5730.000       103.413580069062     
   5745.000       104.738752539111     
   5760.000       105.958351949687     
   5760.000       95.5891055679287     
   5775.000       96.5003299249868     
   5790.000       97.1467991765256     
   5805.000       97.4924933981467     
   5820.000       97.4249862287537     
   5835.000       96.9370545758777     
   5850.000       96.1022265461951     
   5865.000       95.1018385746718     
   5880.000       94.0513833592707     
   5895.000       93.0884030712577     
   5910.000       92.2758450985309     
   5925.000       91.5474846513023     
   5940.000       90.9768090443012     
   5955.000       90.4690411504980     
   5970.000       90.0483201449899     
   5985.000       89.7408431768569     
   6000.000       89.5630074602663     
   6015.000       89.5857617275621     
   6030.000       89.8429470410016     
   6045.000       90.3598223151073     
   6060.000       91.1800340265594     
   6075.000       92.2277312598623     
   6090.000       93.3799173590904     
   6105.000       94.5417144678293     
   6120.000       95.5891055679287     
   6120.000       86.0137969367681     
   6135.000       86.7586689934112     
   6150.000       87.2451809083441     
   6165.000       87.4470348337817     
   6180.000       87.2721169432965     
   6195.000       86.7358602155129     
   6210.000       85.9167289726043     
   6225.000       84.9838672224291     
   6240.000       84.0421080391864     
   6255.000       83.2135576589807     
   6270.000       82.5297282712272     
   6285.000       81.9392237783582     
   6300.000       81.4904815070064     
   6315.000       81.0964901464459     
   6330.000       80.7851377397698     
   6345.000       80.5735973224734     
   6360.000       80.4786803483041     
   6375.000       80.5605673615814     
   6390.000       80.8474973438238     
   6405.000       81.3639149397746     
   6420.000       82.1358687432322     
   6435.000       83.0860701360746     
   6450.000       84.1111133252614     
   6465.000       85.1221855254381     
   6480.000       86.0137969367681     
   6480.000       77.2003232077533     
   6495.000       77.8026084791251     
   6510.000       78.1585303434902     
   6525.000       78.2491189159031     
   6540.000       78.0001882371094     
   6555.000       77.4437047507590     
   6570.000       76.6592809822107     
   6585.000       75.8026747893939     
   6600.000       74.9678031601344     
   6615.000       74.2599509784785     
   6630.000       73.6883019065367     
   6645.000       73.2135657414903     
   6660.000       72.8642881641856     
   6675.000       72.5633453306684     
   6690.000       72.3398869803546     
   6705.000       72.2041357704825     
   6720.000       72.1725036621290     
   6735.000       72.2958736084131     
   6750.000       72.5974910621690     
   6765.000       73.0995524406199     
   6780.000       73.8144817010821     
   6795.000       74.6680603269398     
   6810.000       75.5731103495874     
   6825.000       76.4470218085280     
   6840.000       77.2003232077533     
   6840.000       69.1132840884864     
   6855.000       69.5956794915616     
   6870.000       69.8476513166641     
   6885.000       69.8556049616953     
   6900.000       69.5607811263737     
   6915.000       69.0061947546398     
   6930.000       68.2695907954139     
   6945.000       67.4927495876803     
   6960.000       66.7588831296570     
   6975.000       66.1569384751459     
   6990.000       65.6812441632922     
   7005.000       65.3021168439617     
   7020.000       65.0328715838757     
   7035.000       64.8071006730728     
   7050.000       64.6532147910574     
   7065.000       64.5761968218770     
   7080.000       64.5914723857653     
   7095.000       64.7418274981515     
   7110.000       65.0460336583058     
   7125.000       65.5233213601915     
   7140.000       66.1762210709043     
   7155.000       66.9363434926616     
   7170.000       67.7299484775941     
   7185.000       68.4808321784750     
   7200.000       69.1132840884864     
   7200.000       61.7077782283039     
   7215.000       62.0908142529800     
   7230.000       62.2616810144076     
   7245.000       62.2107301364436     
   7260.000       61.8922193793333     
   7275.000       61.3556715526528     
   7290.000       60.6748372957145     
   7305.000       59.9775221854478     
   7320.000       59.3367039176919     
   7335.000       58.8263958489721     
   7350.000       58.4318137887768     
   7365.000       58.1307243218323     
   7380.000       57.9252313354641     
   7395.000       57.7594738593683     
   7410.000       57.6597674451255     
   7425.000       57.6272820959025     
   7440.000       57.6761136471019     
   7455.000       57.8419536060142     
   7470.000       58.1396293714353     
   7485.000       58.5852065807204     
   7500.000       59.1744892487358     
   7515.000       59.8462537338911     
   7530.000       60.5378349641103     
   7545.000       61.1796375779994     
   7560.000       61.7077782283039     
   7560.000       54.9329703811139     
   7575.000       55.2345117361945     
   7590.000       55.3432577452548     
   7605.000       55.2524082206158     
   7620.000       54.9270421855772     
   7635.000       54.4196527400598     
   7650.000       53.7986238224850     
   7665.000       53.1781521380661     
   7680.000       52.6216664192813     
   7695.000       52.1900634282619     
   7710.000       51.8635574414427     
   7725.000       51.6255923045003     
   7740.000       51.4704012344240     
   7755.000       51.3519344614239     
   7770.000       51.2936366438744     
   7785.000       51.2940209566066     
   7800.000       51.3656822111479     
   7815.000       51.5381408821845     
   7830.000       51.8227866297006     
   7845.000       52.2326338834422     
   7860.000       52.7592325119839     
   7875.000       53.3489178275342     
   7890.000       53.9482043764716     
   7905.000       54.4941271366338     
   7920.000       54.9329703811139     
   7920.000       48.7370178996225     
   7935.000       48.9722793948690     
   7950.000       49.0343402786513     
   7965.000       48.9184834339587     
   7980.000       48.5986376394551     
   7995.000       48.1275934011248     
   8010.000       47.5676168555984     
   8025.000       47.0199065370311     
   8040.000       46.5390729163130     
   8055.000       46.1747870089947     
   8070.000       45.9051417078518     
   8085.000       45.7178540802788     
   8100.000       45.6019838822588     
   8115.000       45.5202378019435     
   8130.000       45.4928646278912     
   8145.000       45.5166494049867     
   8160.000       45.6026375859269     
   8175.000       45.7750212282900     
   8190.000       46.0422468698983     
   8205.000       46.4145640513872     
   8220.000       46.8810896571525     
   8235.000       47.3954844626239     
   8250.000       47.9119585615547     
   8265.000       48.3741342549540     
   8280.000       48.7370178996225     
   8280.000       43.0700990877572     
   8295.000       43.2518296525732     
   8310.000       43.2796088882390     
   8325.000       43.1502289164196     
   8340.000       42.8447550633105     
   8355.000       42.4143272238191     
   8370.000       41.9147453575391     
   8385.000       41.4349513680079     
   8400.000       41.0215389902684     
   8415.000       40.7147400475414     
   8430.000       40.4924397353766     
   8445.000       40.3455601958051     
   8460.000       40.2601059023985     
   8475.000       40.2063727765237     
   8490.000       40.2014126390154     
   8505.000       40.2409998082938     
   8520.000       40.3346656663719     
   8535.000       40.5020375123532     
   8550.000       40.7490808084208     
   8565.000       41.0836258297599     
   8580.000       41.4936619423362     
   8595.000       41.9396328326054     
   8610.000       42.3822588840564     
   8625.000       42.7715768476814     
   8640.000       43.0700990877572     
   8640.000       37.8859893660898     
   8655.000       38.0247765105387     
   8670.000       38.0281257710087     
   8685.000       37.8939437038558     
   8700.000       37.6089439834876     
   8715.000       37.2212463577823     
   8730.000       36.7801400253106     
   8745.000       36.3631137953030     
   8760.000       36.0095482488460     
   8775.000       35.7518459242554     
   8790.000       35.5689048673880     
   8805.000       35.4540475889935     
   8820.000       35.3918456808329     
   8835.000       35.3590196502111     
   8850.000       35.3696306116204     
   8865.000       35.4189860939511     
   8880.000       35.5151900338545     
   8895.000       35.6739906553380     
   8910.000       35.8993040134627     
   8925.000       36.1968968718588     
   8940.000       36.5545145692661     
   8955.000       36.9386813132713     
   8970.000       37.3157179848521     
   8985.000       37.6418339967248     
   9000.000       37.8859893660898     
   9000.000       33.1423672368500     
   9015.000       33.2469271819673     
   9030.000       33.2336038754354     
   9045.000       33.1011294174770     
   9060.000       32.8405975679261     
   9075.000       32.4961940323576     
   9090.000       32.1108569257595     
   9105.000       31.7514514757691     
   9120.000       31.4509141790517     
   9135.000       31.2352047614479     
   9150.000       31.0849660863029     
   9165.000       30.9953384394353     
   9180.000       30.9506664055057     
   9195.000       30.9330086567481     
   9210.000       30.9537564543139     
   9225.000       31.0081464578287     
   9240.000       31.1029739527973     
   9255.000       31.2507179395432     
   9270.000       31.4536302458897     
   9285.000       31.7157449312813     
   9300.000       32.0251459067000     
   9315.000       32.3537162829905     
   9330.000       32.6726621127207     
   9345.000       32.9440462603203     
   9360.000       33.1423672368500     
   9360.000       28.7926127888767     
   9375.000       28.8700254322119     
   9390.000       28.8460723388893     
   9405.000       28.7201029970055     
   9420.000       28.4865294852837     
   9435.000       28.1850207005933     
   9450.000       27.8524197602110     
   9465.000       27.5457522979503     
   9480.000       27.2922255376226     
   9495.000       27.1125140321198     
   9510.000       26.9894160797445     
   9525.000       26.9194840588609     
   9540.000       26.8877259066536     
   9555.000       26.8805819748578     
   9570.000       26.9071595187958     
   9585.000       26.9629129584973     
   9600.000       27.0534630316712     
   9615.000       27.1885455417643     
   9630.000       27.3690718512477     
   9645.000       27.5976113772500     
   9660.000       27.8629286544572     
   9675.000       28.1415626985044     
   9690.000       28.4090488753873     
   9705.000       28.6329706618337     
   9720.000       28.7926127888767     
   9720.000       24.8124165213419     
   9735.000       24.8685099425512     
   9750.000       24.8386023061716     
   9765.000       24.7225012031073     
   9780.000       24.5170553696301     
   9795.000       24.2571224977899     
   9810.000       23.9738209389550     
   9825.000       23.7151449463517     
   9840.000       23.5032623211017     
   9855.000       23.3545287231166     
   9870.000       23.2540627443265     
   9885.000       23.1995150459935     
   9900.000       23.1771463691401     
   9915.000       23.1769287728092     
   9930.000       23.2060578842279     
   9945.000       23.2603905756576     
   9960.000       23.3445086143995     
   9975.000       23.4658761378950     
   9990.000       23.6243706816120     
   10005.00       23.8213676855553     
   10020.00       24.0465287414510     
   10035.00       24.2804190058176     
   10050.00       24.5024400198859     
   10065.00       24.6853061524244     
   10080.00       24.8124165213419     
   10080.00       21.1704616492611     
   10095.00       21.2099695797003     
   10110.00       21.1776774399275     
   10125.00       21.0737275517983     
   10140.00       20.8966872063290     
   10155.00       20.6765088242527     
   10170.00       20.4389975198428     
   10185.00       20.2238901919109     
   10200.00       20.0489465803972     
   10215.00       19.9269908520478     
   10230.00       19.8454812031910     
   10245.00       19.8029325732307     
   10260.00       19.7872340115588     
   10275.00       19.7911651829019     
   10290.00       19.8203590220789     
   10305.00       19.8711894135763     
   10320.00       19.9473325221114     
   10335.00       20.0543893958936     
   10350.00       20.1914729850857     
   10365.00       20.3590020705397     
   10380.00       20.5476549666005     
   10395.00       20.7414725707503     
   10410.00       20.9233355098451     
   10425.00       21.0706900941278     
   10440.00       21.1704616492611     
   10440.00       17.8384969143032     
   10455.00       17.8652583788216     
   10470.00       17.8332723381407     
   10485.00       17.7429166681571     
   10500.00       17.5938996167082     
   10515.00       17.4113694332585     
   10530.00       17.2162810960201     
   10545.00       17.0407575203084     
   10560.00       16.8987233793325     
   10575.00       16.8000809127411     
   10590.00       16.7345453822920     
   10605.00       16.7012826877181     
   10620.00       16.6899744755213     
   10635.00       16.6958165451663     
   10650.00       16.7232353144163     
   10665.00       16.7690500679158     
   10680.00       16.8361576196919     
   10695.00       16.9286479734526     
   10710.00       17.0451050332154     
   10725.00       17.1852039584619     
   10740.00       17.3406977339735     
   10755.00       17.4986316010583     
   10770.00       17.6450324603742     
   10785.00       17.7616725787967     
   10800.00       17.8384969143032     
   10800.00       14.7916929686170     
   10815.00       14.8088525392547     
   10830.00       14.7792098982995     
   10845.00       14.7033045549232     
   10860.00       14.5815361104184     
   10875.00       14.4343162242195     
   10890.00       14.2781176717450     
   10905.00       14.1383454844462     
   10920.00       14.0255967306634     
   10935.00       13.9472474427316     
   10950.00       13.8952567337158     
   10965.00       13.8693986957142     
   10980.00       13.8613257071326     
   10995.00       13.8677161511771     
   11010.00       13.8919586917546     
   11025.00       13.9316071291294     
   11040.00       13.9888969205543     
   11055.00       14.0667094930356     
   11070.00       14.1633013565816     
   11085.00       14.2777850448316     
   11100.00       14.4029982440185     
   11115.00       14.5288228338433     
   11130.00       14.6439453253855     
   11145.00       14.7340611662294     
   11160.00       14.7916929686170     
   11160.00       12.0082544220494     
   11175.00       12.0183719522656     
   11190.00       11.9925214414644     
   11205.00       11.9313242242684     
   11220.00       11.8355197489360     
   11235.00       11.7209510381629     
   11250.00       11.6000517676915     
   11265.00       11.4922355473529     
   11280.00       11.4052634614458     
   11295.00       11.3447103506204     
   11310.00       11.3043824578953     
   11325.00       11.2844258714354     
   11340.00       11.2783933107346     
   11355.00       11.2842481031588     
   11370.00       11.3045849152110     
   11385.00       11.3375419409459     
   11400.00       11.3847997623790     
   11415.00       11.4482861624988     
   11430.00       11.5261317552240     
   11445.00       11.6170854453717     
   11460.00       11.7150879964684     
   11475.00       11.8120779518042     
   11490.00       11.8994991387887     
   11505.00       11.9665903199344     
   11520.00       12.0082544220494     
   11520.00       9.46980873127089     
   11535.00       9.47486658221249     
   11550.00       9.45366162514784     
   11565.00       9.40680529788443     
   11580.00       9.33510176322426     
   11595.00       9.25036647454920     
   11610.00       9.16151691645828     
   11625.00       9.08245367888390     
   11640.00       9.01853643880182     
   11655.00       8.97371575265187     
   11670.00       8.94354674930393     
   11685.00       8.92845245578692     
   11700.00       8.92378136371321     
   11715.00       8.92843310962883     
   11730.00       8.94435776561262     
   11745.00       8.97023539841836     
   11760.00       9.00727238589229     
   11775.00       9.05666221303120     
   11790.00       9.11658436513094     
   11805.00       9.18562791734307     
   11820.00       9.25888218944433     
   11835.00       9.33033014529464     
   11850.00       9.39372394859688     
   11865.00       9.44138320835900     
   11880.00       9.46980873127089     
   11880.00       7.16108244064861     
   11895.00       7.16287716686671     
   11910.00       7.14702460480069     
   11925.00       7.11407213307268     
   11940.00       7.06472102825989     
   11955.00       7.00702088591821     
   11970.00       6.94679862324351     
   11985.00       6.89323559091598     
   12000.00       6.84969964343555     
   12015.00       6.81879031493387     
   12030.00       6.79759875411297     
   12045.00       6.78668651251368     
   12060.00       6.78302317146844     
   12075.00       6.78615085784199     
   12090.00       6.79747389419639     
   12105.00       6.81615379073697     
   12120.00       6.84300347079567     
   12135.00       6.87867383040488     
   12150.00       6.92156610055536     
   12165.00       6.97029640097908     
   12180.00       7.02112379576245     
   12195.00       7.06984059521919     
   12210.00       7.11224530859359     
   12225.00       7.14334192940649     
   12240.00       7.16108244064861     
   12240.00       5.07370216727133     
   12255.00       5.07373658384517     
   12270.00       5.06357108137809     
   12285.00       5.04361720750659     
   12300.00       5.01435983929708     
   12315.00       4.98051236686377     
   12330.00       4.94531809994866     
   12345.00       4.91397121258730     
   12360.00       4.88826241255074     
   12375.00       4.86967892940346     
   12390.00       4.85660337878553     
   12405.00       4.84956941912405     
   12420.00       4.84691851309508     
   12435.00       4.84856885352771     
   12450.00       4.85542429104736     
   12465.00       4.86704193033749     
   12480.00       4.88390353453668     
   12495.00       4.90629093768478     
   12510.00       4.93301247648034     
   12525.00       4.96294446901390     
   12540.00       4.99358977530746     
   12555.00       5.02237202921035     
   12570.00       5.04686133983201     
   12585.00       5.06429363675728     
   12600.00       5.07370216727133     
   12600.00       3.20700584934673     
   12615.00       3.20663441935125     
   12630.00       3.20220310786209     
   12645.00       3.19391525082629     
   12660.00       3.18198746496173     
   12675.00       3.16831456462138     
   12690.00       3.15413346875829     
   12705.00       3.14146872817555     
   12720.00       3.13097662184753     
   12735.00       3.12325212339255     
   12750.00       3.11767842951214     
   12765.00       3.11455291859414     
   12780.00       3.11325454807967     
   12795.00       3.11381870738347     
   12810.00       3.11664691030586     
   12825.00       3.12158162252269     
   12840.00       3.12882366329958     
   12855.00       3.13845328519957     
   12870.00       3.14989091725628     
   12885.00       3.16255647927463     
   12900.00       3.17531257227311     
   12915.00       3.18706370976190     
   12930.00       3.19683719178687     
   12945.00       3.20358271316731     
   12960.00       3.20700584934673     
