  0.0000000E+00   122.267159838569        6.000000    
   15.00000       116.627280302599        6.000000    
   30.00000       113.481993210654        6.000000    
   45.00000       112.799517819256        6.000000    
   60.00000       113.952300960743        6.000000    
   75.00000       115.984683905481        6.000000    
   90.00000       118.429614946544        6.000000    
   105.0000       120.889992345396        6.000000    
   120.0000       123.123638060034        6.000000    
   135.0000       125.002797376708        6.000000    
   150.0000       126.490409287805        6.000000    
   165.0000       128.140771716970        6.000000    
   180.0000       131.228322913269        6.000000    
   195.0000       135.489573089661        6.000000    
   210.0000       137.994314212857        6.000000    
   225.0000       139.849118329335        6.000000    
   240.0000       141.584752007014        6.000000    
   255.0000       143.140653167709        6.000000    
   270.0000       144.136127294172        6.000000    
   285.0000       143.850925751656        6.000000    
   300.0000       142.285525384442        6.000000    
   315.0000       140.319369319992        6.000000    
   330.0000       137.223848237335        6.000000    
   345.0000       129.807390327035        6.000000    
  0.0000000E+00   122.267159838569        6.000000    
 
  0.0000000E+00   150.338692157625        6.184783    
   15.00000       142.487223446197        6.184783    
   30.00000       137.845422454708        6.184783    
   45.00000       136.613048474839        6.184783    
   60.00000       137.938146544541        6.184783    
   75.00000       140.589281226953        6.184783    
   90.00000       143.954871732177        6.184783    
   105.0000       147.526314119949        6.184783    
   120.0000       150.893088153965        6.184783    
   135.0000       153.777382948780        6.184783    
   150.0000       156.167454605286        6.184783    
   165.0000       158.706822358551        6.184783    
   180.0000       162.630676944846        6.184783    
   195.0000       166.641224729839        6.184783    
   210.0000       169.123408622835        6.184783    
   225.0000       171.162200117132        6.184783    
   240.0000       173.121450411650        6.184783    
   255.0000       174.994464128955        6.184783    
   270.0000       176.363728393911        6.184783    
   285.0000       176.258198927414        6.184783    
   300.0000       174.577567248681        6.184783    
   315.0000       172.280353839981        6.184783    
   330.0000       168.527901573108        6.184783    
   345.0000       160.242356935402        6.184783    
  0.0000000E+00   150.338692157625        6.184783    
 
  0.0000000E+00   169.491898619099        6.369565    
   15.00000       160.641231556962        6.369565    
   30.00000       154.991693942168        6.369565    
   45.00000       153.008155919651        6.369565    
   60.00000       153.995233423924        6.369565    
   75.00000       156.644133983554        6.369565    
   90.00000       160.289251208067        6.369565    
   105.0000       164.379421736767        6.369565    
   120.0000       168.391086779430        6.369565    
   135.0000       172.012414845537        6.369565    
   150.0000       175.144730907906        6.369565    
   165.0000       178.298108692907        6.369565    
   180.0000       181.986797135017        6.369565    
   195.0000       185.055793982940        6.369565    
   210.0000       187.228485547184        6.369565    
   225.0000       189.123706403083        6.369565    
   240.0000       191.014325096400        6.369565    
   255.0000       192.938595069432        6.369565    
   270.0000       194.547097019257        6.369565    
   285.0000       194.765911022223        6.369565    
   300.0000       193.331110133469        6.369565    
   315.0000       191.036458210036        6.369565    
   330.0000       187.226352741064        6.369565    
   345.0000       179.726187563362        6.369565    
  0.0000000E+00   169.491898619099        6.369565    
 
  0.0000000E+00   184.446559035432        6.554348    
   15.00000       175.345366106671        6.554348    
   30.00000       168.886206006951        6.554348    
   45.00000       165.908010786410        6.554348    
   60.00000       166.092183270145        6.554348    
   75.00000       168.269172441445        6.554348    
   90.00000       171.747826637186        6.554348    
   105.0000       175.987267894221        6.554348    
   120.0000       180.350389074988        6.554348    
   135.0000       184.462370937998        6.554348    
   150.0000       188.214481095577        6.554348    
   165.0000       191.627134310483        6.554348    
   180.0000       194.669525105295        6.554348    
   195.0000       197.092746846587        6.554348    
   210.0000       198.918938145257        6.554348    
   225.0000       200.579988036340        6.554348    
   240.0000       202.314022340470        6.554348    
   255.0000       204.189915058930        6.554348    
   270.0000       205.995043270932        6.554348    
   285.0000       206.667708365378        6.554348    
   300.0000       205.691831493524        6.554348    
   315.0000       203.616609845210        6.554348    
   330.0000       200.053049041868        6.554348    
   345.0000       193.585445223933        6.554348    
  0.0000000E+00   184.446559035432        6.554348    
 
  0.0000000E+00   196.272383237518        6.739130    
   15.00000       187.783375429484        6.739130    
   30.00000       180.799077734528        6.739130    
   45.00000       176.760166315452        6.739130    
   60.00000       175.862736762676        6.739130    
   75.00000       177.281528445632        6.739130    
   90.00000       180.329008228167        6.739130    
   105.0000       184.448550810585        6.739130    
   120.0000       188.912670225144        6.739130    
   135.0000       193.309375676803        6.739130    
   150.0000       197.444496403115        6.739130    
   165.0000       200.777338491679        6.739130    
   180.0000       203.385347069273        6.739130    
   195.0000       205.338785926317        6.739130    
   210.0000       206.812179950470        6.739130    
   225.0000       208.191558507973        6.739130    
   240.0000       209.728060325447        6.739130    
   255.0000       211.503569055508        6.739130    
   270.0000       213.468072450545        6.739130    
   285.0000       214.667622171744        6.739130    
   300.0000       214.299399417304        6.739130    
   315.0000       212.622096607447        6.739130    
   330.0000       209.467358769334        6.739130    
   345.0000       203.954363424117        6.739130    
  0.0000000E+00   196.272383237518        6.739130    
 
  0.0000000E+00   204.879722486112        6.923913    
   15.00000       197.206963090892        6.923913    
   30.00000       190.379616289969        6.923913    
   45.00000       185.701048512436        6.923913    
   60.00000       183.888173867583        6.923913    
   75.00000       184.620200547810        6.923913    
   90.00000       187.219641507259        6.923913    
   105.0000       191.143999755008        6.923913    
   120.0000       195.587826229200        6.923913    
   135.0000       200.067413334077        6.923913    
   150.0000       204.272224266145        6.923913    
   165.0000       207.401428592801        6.923913    
   180.0000       209.638307792995        6.923913    
   195.0000       211.153781264356        6.923913    
   210.0000       212.231911120434        6.923913    
   225.0000       213.284605577039        6.923913    
   240.0000       214.608276662949        6.923913    
   255.0000       216.278413607053        6.923913    
   270.0000       218.363749707152        6.923913    
   285.0000       220.037093284870        6.923913    
   300.0000       220.295767926180        6.923913    
   315.0000       219.060458435845        6.923913    
   330.0000       216.280902368955        6.923913    
   345.0000       211.469279619206        6.923913    
  0.0000000E+00   204.879722486112        6.923913    
 
  0.0000000E+00   210.230539704137        7.108696    
   15.00000       203.213907389692        7.108696    
   30.00000       196.707271864440        7.108696    
   45.00000       191.978641823192        7.108696    
   60.00000       189.971383869605        7.108696    
   75.00000       190.589473707690        7.108696    
   90.00000       193.113824774209        7.108696    
   105.0000       197.054074004601        7.108696    
   120.0000       201.510594178147        7.108696    
   135.0000       205.911402029451        7.108696    
   150.0000       209.838361944019        7.108696    
   165.0000       212.591373979331        7.108696    
   180.0000       214.327125419153        7.108696    
   195.0000       215.305012416734        7.108696    
   210.0000       215.911742823277        7.108696    
   225.0000       216.614483322639        7.108696    
   240.0000       217.758138850308        7.108696    
   255.0000       219.392495521784        7.108696    
   270.0000       221.595426849362        7.108696    
   285.0000       223.620945595591        7.108696    
   300.0000       224.324330557760        7.108696    
   315.0000       223.356816032812        7.108696    
   330.0000       220.704323715770        7.108696    
   345.0000       216.195424818135        7.108696    
  0.0000000E+00   210.230539704137        7.108696    
 
  0.0000000E+00   212.475421814984        7.293478    
   15.00000       205.940783673150        7.293478    
   30.00000       199.961937647751        7.293478    
   45.00000       195.715452710441        7.293478    
   60.00000       194.152648163795        7.293478    
   75.00000       195.240835517166        7.293478    
   90.00000       198.302850584030        7.293478    
   105.0000       202.636615184518        7.293478    
   120.0000       207.204500969498        7.293478    
   135.0000       211.363525509359        7.293478    
   150.0000       214.722746810886        7.293478    
   165.0000       216.804890827333        7.293478    
   180.0000       217.807595622384        7.293478    
   195.0000       218.099082476488        7.293478    
   210.0000       218.181599225105        7.293478    
   225.0000       218.575385635972        7.293478    
   240.0000       219.636577610833        7.293478    
   255.0000       221.371446700568        7.293478    
   270.0000       223.758776614699        7.293478    
   285.0000       225.979608636697        7.293478    
   300.0000       226.802382919392        7.293478    
   315.0000       225.750488225467        7.293478    
   330.0000       222.856319995913        7.293478    
   345.0000       218.240796607556        7.293478    
  0.0000000E+00   212.475421814984        7.293478    
 
  0.0000000E+00   212.248887486037        7.478261    
   15.00000       206.132172652026        7.478261    
   30.00000       200.893791062614        7.478261    
   45.00000       197.593755089522        7.478261    
   60.00000       197.036427049294        7.478261    
   75.00000       199.088358946089        7.478261    
   90.00000       203.016597229169        7.478261    
   105.0000       207.891598766808        7.478261    
   120.0000       212.546539531749        7.478261    
   135.0000       216.309362451528        7.478261    
   150.0000       218.858164926586        7.478261    
   165.0000       219.986949810443        7.478261    
   180.0000       220.058566449369        7.478261    
   195.0000       219.585085517049        7.478261    
   210.0000       219.177586565944        7.478261    
   225.0000       219.380467373931        7.478261    
   240.0000       220.512402656330        7.478261    
   255.0000       222.497275791140        7.478261    
   270.0000       225.115883366213        7.478261    
   285.0000       227.356377755118        7.478261    
   300.0000       227.955471500549        7.478261    
   315.0000       226.458236416740        7.478261    
   330.0000       223.015860592273        7.478261    
   345.0000       218.038151016389        7.478261    
  0.0000000E+00   212.248887486037        7.478261    
 
  0.0000000E+00   210.482994237871        7.663043    
   15.00000       204.836949502174        7.663043    
   30.00000       200.502284075486        7.663043    
   45.00000       198.405393085426        7.663043    
   60.00000       199.129804108718        7.663043    
   75.00000       202.362569447041        7.663043    
   90.00000       207.242488270440        7.663043    
   105.0000       212.607888004991        7.663043    
   120.0000       217.200337548967        7.663043    
   135.0000       220.369155555183        7.663043    
   150.0000       221.922971478997        7.663043    
   165.0000       221.954181974428        7.663043    
   180.0000       221.041582457064        7.663043    
   195.0000       219.845092499932        7.663043    
   210.0000       219.056910479297        7.663043    
   225.0000       219.206366658419        7.663043    
   240.0000       220.535815603539        7.663043    
   255.0000       222.849131973420        7.663043    
   270.0000       225.672688266832        7.663043    
   285.0000       227.772919602381        7.663043    
   300.0000       227.920546428811        7.663043    
   315.0000       225.781588106179        7.663043    
   330.0000       221.684785367420        7.663043    
   345.0000       216.304421376802        7.663043    
  0.0000000E+00   210.482994237871        7.663043    
 
  0.0000000E+00   207.998337878980        7.847826    
   15.00000       202.889635765621        7.847826    
   30.00000       199.508273943698        7.847826    
   45.00000       198.636099928690        7.847826    
   60.00000       200.631768591745        7.847826    
   75.00000       204.999559378368        7.847826    
   90.00000       210.722376399314        7.847826    
   105.0000       216.428913260782        7.847826    
   120.0000       220.807548355886        7.847826    
   135.0000       223.261796815970        7.847826    
   150.0000       223.771332247036        7.847826    
   165.0000       222.719727207687        7.847826    
   180.0000       220.896938578801        7.847826    
   195.0000       219.088848120436        7.847826    
   210.0000       218.033772737950        7.847826    
   225.0000       218.218359044791        7.847826    
   240.0000       219.793974491024        7.847826    
   255.0000       222.427417338163        7.847826    
   270.0000       225.389103356428        7.847826    
   285.0000       227.265148491266        7.847826    
   300.0000       226.906791083656        7.847826    
   315.0000       224.131022507073        7.847826    
   330.0000       219.454338084357        7.847826    
   345.0000       213.764627548770        7.847826    
  0.0000000E+00   207.998337878980        7.847826    
 
  0.0000000E+00   205.276547520362        8.032609    
   15.00000       200.715818967413        8.032609    
   30.00000       198.220301774709        8.032609    
   45.00000       198.438102394266        8.032609    
   60.00000       201.532904867280        8.032609    
   75.00000       206.858215087311        8.032609    
   90.00000       213.245465784036        8.032609    
   105.0000       219.150538544390        8.032609    
   120.0000       223.232297613075        8.032609    
   135.0000       224.958249782008        8.032609    
   150.0000       224.488664997648        8.032609    
   165.0000       222.465765770753        8.032609    
   180.0000       219.861128807075        8.032609    
   195.0000       217.557488977215        8.032609    
   210.0000       216.311893604522        8.032609    
   225.0000       216.558761871113        8.032609    
   240.0000       218.364097644394        8.032609    
   255.0000       221.263735581271        8.032609    
   270.0000       224.307941942814        8.032609    
   285.0000       225.961574110131        8.032609    
   300.0000       225.167213022936        8.032609    
   315.0000       221.873924446781        8.032609    
   330.0000       216.770903556462        8.032609    
   345.0000       210.902032018009        8.032609    
  0.0000000E+00   205.276547520362        8.032609    
 
  0.0000000E+00   202.500511638085        8.217392    
   15.00000       198.448704046968        8.217392    
   30.00000       196.714061610368        8.217392    
   45.00000       197.831062524093        8.217392    
   60.00000       201.809527797833        8.217392    
   75.00000       207.889579865057        8.217392    
   90.00000       214.769990716226        8.217392    
   105.0000       220.771026478222        8.217392    
   120.0000       224.532636542591        8.217392    
   135.0000       225.583395909315        8.217392    
   150.0000       224.253208312619        8.217392    
   165.0000       221.401725880863        8.217392    
   180.0000       218.148143702817        8.217392    
   195.0000       215.445985146574        8.217392    
   210.0000       214.054052363684        8.217392    
   225.0000       214.356798836127        8.217392    
   240.0000       216.349254381817        8.217392    
   255.0000       219.455081691737        8.217392    
   270.0000       222.551595657893        8.217392    
   285.0000       224.029117255700        8.217392    
   300.0000       222.914778421005        8.217392    
   315.0000       219.256844452388        8.217392    
   330.0000       213.879265792028        8.217392    
   345.0000       207.937769669472        8.217392    
  0.0000000E+00   202.500511638085        8.217392    
 
  0.0000000E+00   199.710828391577        8.402174    
   15.00000       196.106937806012        8.402174    
   30.00000       194.999149246138        8.402174    
   45.00000       196.828886335013        8.402174    
   60.00000       201.490750594736        8.402174    
   75.00000       208.142672039678        8.402174    
   90.00000       215.373338266224        8.402174    
   105.0000       221.399595337062        8.402174    
   120.0000       224.847400580190        8.402174    
   135.0000       225.300297125996        8.402174    
   150.0000       223.238323370891        8.402174    
   165.0000       219.698736503337        8.402174    
   180.0000       215.917149061625        8.402174    
   195.0000       212.896778195382        8.402174    
   210.0000       211.388359058654        8.402174    
   225.0000       211.732803753031        8.402174    
   240.0000       213.869179541118        8.402174    
   255.0000       217.130579042637        8.402174    
   270.0000       220.265602936537        8.402174    
   285.0000       221.627876674914        8.402174    
   300.0000       220.305863543639        8.402174    
   315.0000       216.415893826913        8.402174    
   330.0000       210.883232620205        8.402174    
   345.0000       204.942926155652        8.402174    
  0.0000000E+00   199.710828391577        8.402174    
 
  0.0000000E+00   196.909148053414        8.586957    
   15.00000       193.688463511787        8.586957    
   30.00000       193.085521459007        8.586957    
   45.00000       195.465766181874        8.586957    
   60.00000       200.641109715219        8.586957    
   75.00000       207.710582329360        8.586957    
   90.00000       215.175049717912        8.586957    
   105.0000       221.174856145453        8.586957    
   120.0000       224.325944974154        8.586957    
   135.0000       224.261300393853        8.586957    
   150.0000       221.589449598666        8.586957    
   165.0000       217.489995072797        8.586957    
   180.0000       213.287820444342        8.586957    
   195.0000       210.018824135692        8.586957    
   210.0000       208.419784454134        8.586957    
   225.0000       208.794779325361        8.586957    
   240.0000       211.039497900404        8.586957    
   255.0000       214.418320396493        8.586957    
   270.0000       217.590015028930        8.586957    
   285.0000       218.889650826804        8.586957    
   300.0000       217.448967180393        8.586957    
   315.0000       213.428707557215        8.586957    
   330.0000       207.827665780757        8.586957    
   345.0000       201.936614207751        8.586957    
  0.0000000E+00   196.909148053414        8.586957    
 
  0.0000000E+00   194.097803701653        8.771739    
   15.00000       191.199527842904        8.771739    
   30.00000       190.995372414069        8.771739    
   45.00000       193.789966772748        8.771739    
   60.00000       199.337046855247        8.771739    
   75.00000       206.694589277799        8.771739    
   90.00000       214.296584495109        8.771739    
   105.0000       220.229743851408        8.771739    
   120.0000       223.104638739569        8.771739    
   135.0000       222.599059837056        8.771739    
   150.0000       219.428656954845        8.771739    
   165.0000       214.884704856127        8.771739    
   180.0000       210.357766391246        8.771739    
   195.0000       206.902501086323        8.771739    
   210.0000       205.237994175006        8.771739    
   225.0000       205.637297374235        8.771739    
   240.0000       207.963745061934        8.771739    
   255.0000       211.432964255084        8.771739    
   270.0000       214.641161997580        8.771739    
   285.0000       215.918191310616        8.771739    
   300.0000       214.424666455380        8.771739    
   315.0000       210.348814788873        8.771739    
   330.0000       204.740867193432        8.771739    
   345.0000       198.929836190195        8.771739    
  0.0000000E+00   194.097803701653        8.771739    
 
  0.0000000E+00   191.289215788166        8.956522    
   15.00000       188.659165431121        8.956522    
   30.00000       188.762558004771        8.956522    
   45.00000       191.857115121388        8.956522    
   60.00000       197.656189933379        8.956522    
   75.00000       205.191125608754        8.956522    
   90.00000       212.848790931685        8.956522    
   105.0000       218.682367512700        8.956522    
   120.0000       221.302613818327        8.956522    
   135.0000       220.427879862325        8.956522    
   150.0000       216.860545342832        8.956522    
   165.0000       211.976549006263        8.956522    
   180.0000       207.211382603460        8.956522    
   195.0000       203.626859392095        8.956522    
   210.0000       201.921840779395        8.956522    
   225.0000       202.343251179258        8.956522    
   240.0000       204.732368301221        8.956522    
   255.0000       208.270126622057        8.956522    
   270.0000       211.513334201597        8.956522    
   285.0000       212.795810435074        8.956522    
   300.0000       211.296665764072        8.956522    
   315.0000       207.219680949840        8.956522    
   330.0000       201.648996913830        8.956522    
   345.0000       195.938271082800        8.956522    
  0.0000000E+00   191.289215788166        8.956522    
 
  0.0000000E+00   188.508458601395        9.141304    
   15.00000       186.099266001801        9.141304    
   30.00000       186.432198893153        9.141304    
   45.00000       189.728828758366        9.141304    
   60.00000       195.675800411816        9.141304    
   75.00000       203.290286068801        9.141304    
   90.00000       210.931087403319        9.141304    
   105.0000       216.636390386555        9.141304    
   120.0000       219.023560884923        9.141304    
   135.0000       217.847182795715        9.141304    
   150.0000       213.976938002641        9.141304    
   165.0000       208.849059636043        9.141304    
   180.0000       203.925291559004        9.141304    
   195.0000       200.264582758414        9.141304    
   210.0000       198.543703584540        9.141304    
   225.0000       198.988272122222        9.141304    
   240.0000       201.424078305918        9.141304    
   255.0000       205.010628835348        9.141304    
   270.0000       208.284288469539        9.141304    
   285.0000       209.590042705585        9.141304    
   300.0000       208.118758215726        9.141304    
   315.0000       204.081366839723        9.141304    
   330.0000       198.581623339628        9.141304    
   345.0000       192.986493099865        9.141304    
  0.0000000E+00   188.508458601395        9.141304    
 
  0.0000000E+00   185.795769474830        9.326087    
   15.00000       183.567361947548        9.326087    
   30.00000       184.062550047164        9.326087    
   45.00000       187.474535403339        9.326087    
   60.00000       193.474494890889        9.326087    
   75.00000       201.077779408566        9.326087    
   90.00000       208.633731388131        9.326087    
   105.0000       214.182838927617        9.326087    
   120.0000       216.357208979263        9.326087    
   135.0000       214.943662405677        9.326087    
   150.0000       210.859746525374        9.326087    
   165.0000       205.579138214240        9.326087    
   180.0000       200.572304413405        9.326087    
   195.0000       196.886169519551        9.326087    
   210.0000       195.173711131344        9.326087    
   225.0000       195.643382961763        9.326087    
   240.0000       198.110353275473        9.326087    
   255.0000       201.725190085642        9.326087    
   270.0000       205.020316309575        9.326087    
   285.0000       206.358819094559        9.326087    
   300.0000       204.939712458660        9.326087    
   315.0000       200.975025352460        9.326087    
   330.0000       195.575713853168        9.326087    
   345.0000       190.111444708447        9.326087    
  0.0000000E+00   185.795769474830        9.326087    
 
  0.0000000E+00   183.214565422224        9.510870    
   15.00000       181.135397625477        9.510870    
   30.00000       181.733489956315        9.510870    
   45.00000       185.179588502843        9.510870    
   60.00000       191.138970670905        9.510870    
   75.00000       198.638262260184        9.510870    
   90.00000       206.037903145518        9.510870    
   105.0000       211.399942306422        9.510870    
   120.0000       213.379948516757        9.510870    
   135.0000       211.792040025872        9.510870    
   150.0000       207.582956490196        9.510870    
   165.0000       202.240666594142        9.510870    
   180.0000       197.226428090191        9.510870    
   195.0000       193.565878793528        9.510870    
   210.0000       191.886082046823        9.510870    
   225.0000       192.381225879954        9.510870    
   240.0000       194.861170341224        9.510870    
   255.0000       198.479552060463        9.510870    
   270.0000       201.780987480451        9.510870    
   285.0000       203.155040361926        9.510870    
   300.0000       201.808091480595        9.510870    
   315.0000       197.948462855255        9.510870    
   330.0000       192.682221762778        9.510870    
   345.0000       187.369584422733        9.510870    
  0.0000000E+00   183.214565422224        9.510870    
 
  0.0000000E+00   180.876144222962        9.695652    
   15.00000       178.924263379196        9.695652    
   30.00000       179.569225963567        9.695652    
   45.00000       182.964099539297        9.695652    
   60.00000       188.778643201458        9.695652    
   75.00000       196.066508723351        9.695652    
   90.00000       203.224017352238        9.695652    
   105.0000       208.357947095770        9.695652    
   120.0000       210.158496262568        9.695652    
   135.0000       208.461465584024        9.695652    
   150.0000       204.221702422211        9.695652    
   165.0000       198.916736104779        9.695652    
   180.0000       193.978060555211        9.695652    
   195.0000       190.398954756424        9.695652    
   210.0000       188.777231469405        9.695652    
   225.0000       189.294793654271        9.695652    
   240.0000       191.762168273238        9.695652    
   255.0000       195.350185993087        9.695652    
   270.0000       198.633842967718        9.695652    
   285.0000       200.041233480460        9.695652    
   300.0000       198.788102750952        9.695652    
   315.0000       195.073656160017        9.695652    
   330.0000       189.985206484523        9.695652    
   345.0000       184.859170708057        9.695652    
  0.0000000E+00   180.876144222962        9.695652    
 
  0.0000000E+00   179.000518440063        9.880435    
   15.00000       177.165893476645        9.880435    
   30.00000       177.797753890522        9.880435    
   45.00000       181.035130146650        9.880435    
   60.00000       186.565432532412        9.880435    
   75.00000       193.492251547465        9.880435    
   90.00000       200.282785422750        9.880435    
   105.0000       205.121648072301        9.880435    
   120.0000       206.750305502024        9.880435    
   135.0000       205.019462868939        9.880435    
   150.0000       200.865267132883        9.880435    
   165.0000       195.722392939153        9.880435    
   180.0000       190.965410467357        9.880435    
   195.0000       187.538992339471        9.880435    
   210.0000       186.005458139398        9.880435    
   225.0000       186.536083466359        9.880435    
   240.0000       188.949778810566        9.880435    
   255.0000       192.453833710098        9.880435    
   270.0000       195.679541892860        9.880435    
   285.0000       197.113675602862        9.880435    
   300.0000       195.986819368244        9.880435    
   315.0000       192.482293033224        9.880435    
   330.0000       187.648509545032        9.880435    
   345.0000       182.775859052027        9.880435    
  0.0000000E+00   179.000518440063        9.880435    
 
  0.0000000E+00   178.113139739575        10.06522    
   15.00000       176.405702115059        10.06522    
   30.00000       176.941697128184        10.06522    
   45.00000       179.849393807784        10.06522    
   60.00000       184.855540982727        10.06522    
   75.00000       191.155133559798        10.06522    
   90.00000       197.347659370060        10.06522    
   105.0000       201.755252090069        10.06522    
   120.0000       203.201957298645        10.06522    
   135.0000       201.544022509744        10.06522    
   150.0000       197.655812660652        10.06522    
   165.0000       192.875269698462        10.06522    
   180.0000       188.472197168196        10.06522    
   195.0000       185.313261598497        10.06522    
   210.0000       183.912416662824        10.06522    
   225.0000       184.431965535785        10.06522    
   240.0000       186.712896813543        10.06522    
   255.0000       190.032941977585        10.06522    
   270.0000       193.126328508265        10.06522    
   285.0000       194.578613412121        10.06522    
   300.0000       193.646999987002        10.06522    
   315.0000       190.485472467969        10.06522    
   330.0000       186.065552727210        10.06522    
   345.0000       181.590182606805        10.06522    
  0.0000000E+00   178.113139739575        10.06522    
 
  0.0000000E+00   179.919220331840        10.25000    
   15.00000       178.394887868332        10.25000    
   30.00000       178.656985656585        10.25000    
   45.00000       180.828462037674        10.25000    
   60.00000       184.725882886008        10.25000    
   75.00000       189.735625389099        10.25000    
   90.00000       194.737916288245        10.25000    
   105.0000       198.342977517051        10.25000    
   120.0000       199.541348420625        10.25000    
   135.0000       198.178163122786        10.25000    
   150.0000       194.964735210379        10.25000    
   165.0000       191.011066988224        10.25000    
   180.0000       187.363302333623        10.25000    
   195.0000       184.736456018402        10.25000    
   210.0000       183.563261534705        10.25000    
   225.0000       184.002636823078        10.25000    
   240.0000       185.951980058746        10.25000    
   255.0000       188.841961087310        10.25000    
   270.0000       191.624926390009        10.25000    
   285.0000       193.090421627533        10.25000    
   300.0000       192.553156860569        10.25000    
   315.0000       190.100172484957        10.25000    
   330.0000       186.526888036786        10.25000    
   345.0000       182.840668474581        10.25000    
  0.0000000E+00   179.919220331840        10.25000    
 
