  0.0000000E+00   123.988825279285     
   15.00000       125.564445947808     
   30.00000       126.963731750811     
   45.00000       128.906227070510     
   60.00000       131.344263445079     
   75.00000       133.778630287421     
   90.00000       135.889996752441     
   105.0000       137.878227801126     
   120.0000       139.731899483898     
   135.0000       140.990495723943     
   150.0000       141.454511266398     
   165.0000       139.943000909526     
   180.0000       137.091330571874     
   195.0000       133.372987498502     
   210.0000       129.440408449121     
   225.0000       125.340238810207     
   240.0000       121.728545700025     
   255.0000       119.779589703640     
   270.0000       119.043433804164     
   285.0000       118.116209367264     
   300.0000       117.240922159923     
   315.0000       117.623024200178     
   330.0000       119.377526685565     
   345.0000       121.733839981008     
   360.0000       123.988825279285     
   360.0000       152.074311258560     
   375.0000       154.354041514992     
   390.0000       156.263821355774     
   405.0000       158.751568076358     
   420.0000       161.823972663982     
   435.0000       164.918727899503     
   450.0000       167.672807289260     
   465.0000       170.291471159534     
   480.0000       172.631146152048     
   495.0000       173.753869411820     
   510.0000       173.455022264777     
   525.0000       171.447334622010     
   540.0000       167.741261575360     
   555.0000       162.950823034479     
   570.0000       158.169389931161     
   585.0000       152.842472966628     
   600.0000       147.753113455725     
   615.0000       144.794792057468     
   630.0000       143.707451712111     
   645.0000       142.547501682545     
   660.0000       141.566464364171     
   675.0000       142.406544537089     
   690.0000       145.154922578203     
   705.0000       148.748021113754     
   720.0000       152.074311258560     
   720.0000       169.372538974725     
   735.0000       172.064007516025     
   750.0000       174.283188300197     
   765.0000       176.994722397719     
   780.0000       180.279232320683     
   795.0000       183.661889402908     
   810.0000       186.764853749651     
   825.0000       189.668518892487     
   840.0000       191.873816146306     
   855.0000       192.778688673532     
   870.0000       192.328487077631     
   885.0000       190.290930953515     
   900.0000       186.439199516964     
   915.0000       181.351587032191     
   930.0000       176.227933147100     
   945.0000       170.718794341628     
   960.0000       165.136343531527     
   975.0000       161.494567662621     
   990.0000       159.978484377171     
   1005.000       158.575950895045     
   1020.000       157.479866465165     
   1035.000       158.399426185351     
   1050.000       161.505655206935     
   1065.000       165.573885862289     
   1080.000       169.372538974725     
   1080.000       180.604136802582     
   1095.000       183.493961545448     
   1110.000       185.899798430854     
   1125.000       188.655929935359     
   1140.000       191.953579685936     
   1155.000       195.474524522742     
   1170.000       198.791875475766     
   1185.000       201.815356594222     
   1200.000       204.167383478486     
   1215.000       205.288016971333     
   1230.000       205.063567168578     
   1245.000       203.324697938118     
   1260.000       199.771266795353     
   1275.000       194.767200875863     
   1290.000       189.544184694222     
   1305.000       184.033787585269     
   1320.000       178.443138610241     
   1335.000       174.470134643175     
   1350.000       172.513993033867     
   1365.000       170.924750966838     
   1380.000       169.629699385029     
   1395.000       170.177259167881     
   1410.000       172.931158856787     
   1425.000       176.808857724377     
   1440.000       180.604136802582     
   1440.000       187.941404894721     
   1455.000       190.816584075340     
   1470.000       193.307260005243     
   1485.000       196.011750708673     
   1500.000       199.217968777533     
   1515.000       202.814984312060     
   1530.000       206.406695061280     
   1545.000       209.749227906136     
   1560.000       212.473606451682     
   1575.000       214.029451019183     
   1590.000       214.209748894601     
   1605.000       212.916191010158     
   1620.000       209.872753451931     
   1635.000       205.171214475925     
   1650.000       199.991662290850     
   1665.000       194.583749645687     
   1680.000       189.031842915606     
   1695.000       184.702167333936     
   1710.000       182.421939587342     
   1725.000       180.890188799196     
   1740.000       179.558611688301     
   1755.000       179.513225530183     
   1770.000       181.423795916188     
   1785.000       184.558735451540     
   1800.000       187.941404894721     
   1800.000       193.012164335009     
   1815.000       195.688312944522     
   1830.000       198.133606718997     
   1845.000       200.754898144229     
   1860.000       203.869691944462     
   1875.000       207.547249824147     
   1890.000       211.442757306753     
   1905.000       215.190044895951     
   1920.000       218.352333671517     
   1935.000       220.351822496788     
   1950.000       220.883659744962     
   1965.000       219.919492851495     
   1980.000       217.288645859488     
   1995.000       212.903723591275     
   2010.000       207.809937836727     
   2025.000       202.558657566417     
   2040.000       197.164614087463     
   2055.000       192.631275360115     
   2070.000       190.055784461772     
   2085.000       188.567770928180     
   2100.000       187.278984653097     
   2115.000       186.793555762020     
   2130.000       187.879861181519     
   2145.000       190.187886016272     
   2160.000       193.012164335009     
   2160.000       196.907317743360     
   2175.000       199.217798368807     
   2190.000       201.487233567446     
   2205.000       204.005043774313     
   2220.000       207.092988218800     
   2235.000       210.909023132538     
   2250.000       215.136841689408     
   2265.000       219.289707087217     
   2280.000       222.803099883768     
   2295.000       225.038509123599     
   2310.000       225.631470631281     
   2325.000       224.625094035859     
   2340.000       222.029717010552     
   2355.000       217.724862541081     
   2370.000       212.646019396259     
   2385.000       207.548523067324     
   2400.000       202.462448271565     
   2415.000       198.094124122321     
   2430.000       195.564706490860     
   2445.000       194.306076834484     
   2460.000       193.262971474912     
   2475.000       192.629896896721     
   2490.000       193.135765462057     
   2505.000       194.708906466540     
   2520.000       196.907317743360     
   2520.000       200.116766254017     
   2535.000       201.982916924530     
   2550.000       204.010222201186     
   2565.000       206.459881886567     
   2580.000       209.645889151458     
   2595.000       213.727214085575     
   2610.000       218.339491062907     
   2625.000       222.836767917595     
   2640.000       226.476182663691     
   2655.000       228.561271791863     
   2670.000       228.751286170438     
   2685.000       227.223104808099     
   2700.000       224.175717531671     
   2715.000       219.603492109729     
   2730.000       214.433701062373     
   2745.000       209.499117274777     
   2760.000       204.879934005024     
   2775.000       201.112401761838     
   2790.000       199.127240951626     
   2805.000       198.391913902852     
   2820.000       197.793455397209     
   2835.000       197.288171768012     
   2850.000       197.500235590892     
   2865.000       198.513926441679     
   2880.000       200.116766254017     
   2880.000       202.677211114923     
   2895.000       204.110310088387     
   2910.000       205.918779782418     
   2925.000       208.395294610284     
   2940.000       211.834796946784     
   2955.000       216.315368391554     
   2970.000       221.328771988837     
   2985.000       226.023800873117     
   3000.000       229.477386063277     
   3015.000       230.980255015117     
   3030.000       230.322745746909     
   3045.000       227.872631827389     
   3060.000       224.012884531750     
   3075.000       218.951375506219     
   3090.000       213.681940006195     
   3105.000       209.008070500984     
   3120.000       205.052668848987     
   3135.000       202.260389518169     
   3150.000       201.227684059504     
   3165.000       201.240241964382     
   3180.000       201.181062228039     
   3195.000       200.929668216884     
   3210.000       201.012528330999     
   3225.000       201.600459295022     
   3240.000       202.677211114923     
   3240.000       204.480621551986     
   3255.000       205.536317011768     
   3270.000       207.196684726727     
   3285.000       209.800383632248     
   3300.000       213.601241964485     
   3315.000       218.536619210589     
   3330.000       223.891961972642     
   3345.000       228.595078212784     
   3360.000       231.578378830323     
   3375.000       232.188098203763     
   3390.000       230.423838817571     
   3405.000       226.871664489969     
   3420.000       222.092646628157     
   3435.000       216.543214372305     
   3450.000       211.283569067718     
   3465.000       207.025638519950     
   3480.000       203.921215324944     
   3495.000       202.318132651500     
   3510.000       202.411186940247     
   3525.000       203.230869249725     
   3540.000       203.690303529148     
   3555.000       203.678904008893     
   3570.000       203.656824105270     
   3585.000       203.870335704649     
   3600.000       204.480621551986     
   3600.000       205.480887758603     
   3615.000       206.215211331005     
   3630.000       207.785505431424     
   3645.000       210.563678027500     
   3660.000       214.742261146068     
   3675.000       220.093778678666     
   3690.000       225.685358571507     
   3705.000       230.243472545691     
   3720.000       232.604153676140     
   3735.000       232.217377832671     
   3750.000       229.315705660817     
   3765.000       224.696313652990     
   3780.000       219.092883835323     
   3795.000       213.191874729347     
   3810.000       208.076730295661     
   3825.000       204.350469148461     
   3840.000       202.184024610368     
   3855.000       201.795722482923     
   3870.000       202.982630522841     
   3885.000       204.551930398665     
   3900.000       205.461816935043     
   3915.000       205.617552922252     
   3930.000       205.449852811817     
   3945.000       205.295494438979     
   3960.000       205.480887758603     
   3960.000       205.720622919078     
   3975.000       206.172200180599     
   3990.000       207.674684091553     
   4005.000       210.615536948639     
   4020.000       215.118527156075     
   4035.000       220.798468735762     
   4050.000       226.527027129032     
   4065.000       230.864435253532     
   4080.000       232.587400257819     
   4095.000       231.264119950988     
   4110.000       227.343277483935     
   4125.000       221.809008239092     
   4140.000       215.556604001899     
   4155.000       209.455624652684     
   4170.000       204.571991389414     
   4185.000       201.421195544413     
   4200.000       200.176459031314     
   4215.000       200.900540455192     
   4230.000       203.051483807625     
   4245.000       205.272679984112     
   4260.000       206.556437919296     
   4275.000       206.806647037466     
   4290.000       206.450155413042     
   4305.000       205.928858528505     
   4320.000       205.720622919078     
   4320.000       205.287962337489     
   4335.000       205.482487113966     
   4350.000       206.915719214266     
   4365.000       209.977503633991     
   4380.000       214.726263606738     
   4395.000       220.641550147182     
   4410.000       226.434648063132     
   4425.000       230.534529140031     
   4440.000       231.681360779843     
   4455.000       229.554563030021     
   4470.000       224.786462283791     
   4485.000       218.519919869514     
   4500.000       211.792563665513     
   4515.000       205.613639356857     
   4530.000       201.004837739757     
   4545.000       198.415411613857     
   4560.000       198.010561543330     
   4575.000       199.695384593896     
   4590.000       202.660144269170     
   4605.000       205.434033350685     
   4620.000       207.022583873682     
   4635.000       207.309943585611     
   4650.000       206.738943846710     
   4665.000       205.860774265248     
   4680.000       205.287962337489     
   4680.000       204.280656187115     
   4695.000       204.239928647695     
   4710.000       205.595889846069     
   4725.000       208.732546898036     
   4740.000       213.651124907235     
   4755.000       219.721338825460     
   4770.000       225.528755870685     
   4785.000       229.401202961369     
   4800.000       230.056744088269     
   4815.000       227.271705939795     
   4830.000       221.828444743149     
   4845.000       215.000654718495     
   4860.000       207.952533704485     
   4875.000       201.784650812922     
   4890.000       197.464517330999     
   4905.000       195.395066105613     
   4920.000       195.725323893181     
   4935.000       198.215821893887     
   4950.000       201.853242534010     
   4965.000       205.086673803226     
   4980.000       206.915807195702     
   4995.000       207.197036502240     
   5010.000       206.401891889793     
   5025.000       205.186827859969     
   5040.000       204.280656187115     
   5040.000       202.792460071907     
   5055.000       202.538913283346     
   5070.000       203.811377277834     
   5085.000       206.983056570779     
   5100.000       212.007030318920     
   5115.000       218.166539775116     
   5130.000       223.951868352527     
   5145.000       227.615241908384     
   5160.000       227.863311981310     
   5175.000       224.554258637134     
   5190.000       218.590439665422     
   5205.000       211.356234829417     
   5220.000       204.113946089276     
   5235.000       198.020868572027     
   5250.000       193.988757554535     
   5265.000       192.388398959906     
   5280.000       193.347137451213     
   5295.000       196.500610048414     
   5310.000       200.684042241474     
   5325.000       204.289600325406     
   5340.000       206.298198335645     
   5355.000       206.540291036342     
   5370.000       205.522572197529     
   5385.000       203.997802506026     
   5400.000       202.792460071907     
   5400.000       200.911114911320     
   5415.000       200.468498191668     
   5430.000       201.654706025583     
   5445.000       204.829170836263     
   5460.000       209.905396608708     
   5475.000       216.100544751522     
   5490.000       221.835817481277     
   5505.000       225.309943960401     
   5520.000       225.226964698867     
   5535.000       221.512765261427     
   5550.000       215.167549281940     
   5565.000       207.660106798794     
   5580.000       200.326684686692     
   5595.000       194.354696754831     
   5610.000       190.602546968287     
   5625.000       189.418031192606     
   5640.000       190.903856143613     
   5655.000       194.592242453102     
   5670.000       199.208157713264     
   5685.000       203.103689360530     
   5700.000       205.234527402174     
   5715.000       205.412741179767     
   5730.000       204.181889373803     
   5745.000       202.379319353242     
   5760.000       200.911114911320     
   5760.000       198.719129170384     
   5775.000       198.111905572957     
   5790.000       199.211824156366     
   5805.000       202.362842934122     
   5820.000       207.446723414805     
   5835.000       213.632424754459     
   5850.000       219.294976117640     
   5865.000       222.599156738534     
   5880.000       222.253976618103     
   5895.000       218.241606058265     
   5910.000       211.637552589695     
   5925.000       203.971429790781     
   5940.000       196.631332319376     
   5955.000       190.814674111170     
   5970.000       187.330414591245     
   5985.000       186.508805207307     
   6000.000       188.427125396171     
   6015.000       192.535232371197     
   6030.000       197.480796911292     
   6045.000       201.588239572298     
   6060.000       203.789970220633     
   6075.000       203.886855272825     
   6090.000       202.458226487214     
   6105.000       200.412815821141     
   6120.000       198.719129170384     
   6120.000       196.296627183324     
   6135.000       195.549289842342     
   6150.000       196.564372363088     
   6165.000       199.669472465183     
   6180.000       204.721836533375     
   6195.000       210.858289545410     
   6210.000       216.428311082443     
   6225.000       219.580475217063     
   6240.000       219.035557834881     
   6255.000       214.821957218301     
   6270.000       208.067843383996     
   6285.000       200.343079829165     
   6300.000       193.067340110771     
   6315.000       187.432654771248     
   6330.000       184.202509676317     
   6345.000       183.692430949229     
   6360.000       185.955106860039     
   6375.000       190.377912427672     
   6390.000       195.557950615418     
   6405.000       199.803554886305     
   6420.000       202.030747931664     
   6435.000       202.035395700339     
   6450.000       200.429109646250     
   6465.000       198.177989710116     
   6480.000       196.296627183324     
   6480.000       193.725072673099     
   6495.000       192.861652339986     
   6510.000       193.793416247838     
   6525.000       196.831227153051     
   6540.000       201.814696322880     
   6555.000       207.863640374036     
   6570.000       213.321399951635     
   6585.000       216.337177481508     
   6600.000       215.650262711443     
   6615.000       211.324171764798     
   6630.000       204.519561480992     
   6645.000       196.827034387812     
   6660.000       189.679059357710     
   6675.000       184.249859683478     
   6690.000       181.260548828655     
   6705.000       181.012889018803     
   6720.000       183.536983747820     
   6735.000       188.176434702176     
   6750.000       193.499926386855     
   6765.000       197.814115209163     
   6780.000       200.026880621794     
   6795.000       199.934403113224     
   6810.000       198.174831966496     
   6825.000       195.756715932091     
   6840.000       193.725072673099     
   6840.000       191.095526646063     
   6855.000       190.138741443799     
   6870.000       190.986276906344     
   6885.000       193.932724990394     
   6900.000       198.806555925883     
   6915.000       204.725843005911     
   6930.000       210.047597558535     
   6945.000       212.938816709420     
   6960.000       212.163619021592     
   6975.000       207.810507711668     
   6990.000       201.052693706497     
   7005.000       193.481968416665     
   7020.000       186.525206258799     
   7035.000       181.327408800135     
   7050.000       178.568824212681     
   7065.000       178.537006842408     
   7080.000       181.242068511166     
   7095.000       186.001265378386     
   7110.000       191.378010835086     
   7125.000       195.692912811002     
   7140.000       197.855668510182     
   7155.000       197.666455297260     
   7170.000       195.782518978349     
   7185.000       193.239048697334     
   7200.000       191.095526646063     
   7200.000       188.527469709218     
   7215.000       187.498794519858     
   7230.000       188.256082856036     
   7245.000       191.077673188492     
   7260.000       195.788990128895     
   7275.000       201.523374517909     
   7290.000       206.674264534820     
   7305.000       209.446222378261     
   7320.000       208.635796175483     
   7335.000       204.345347696205     
   7350.000       197.740980412341     
   7365.000       190.393177005364     
   7380.000       183.703047259696     
   7395.000       178.773533776315     
   7410.000       176.242960235674     
   7425.000       176.382169395522     
   7440.000       179.185003741808     
   7455.000       183.961526030194     
   7470.000       189.294777715343     
   7485.000       193.538458146560     
   7500.000       195.616783088756     
   7515.000       195.336782603058     
   7530.000       193.364017423780     
   7545.000       190.742137315698     
   7560.000       188.527469709218     
   7560.000       186.215159245349     
   7575.000       185.134040655092     
   7590.000       185.782875425286     
   7605.000       188.423560320556     
   7620.000       192.888770618075     
   7635.000       198.350156003155     
   7650.000       203.269164441421     
   7665.000       205.915285139827     
   7680.000       205.129017262132     
   7695.000       201.013717962644     
   7710.000       194.702986858325     
   7725.000       187.717033084899     
   7740.000       181.404482000462     
   7755.000       176.807626941467     
   7770.000       174.517230810047     
   7785.000       174.783624517889     
   7800.000       177.588842132981     
   7815.000       182.258675831535     
   7830.000       187.428178347122     
   7845.000       191.512939807807     
   7860.000       193.468618697280     
   7875.000       193.110378592014     
   7890.000       191.096105698775     
   7905.000       188.454127972047     
   7920.000       186.215159245349     
   7920.000       184.573896686938     
   7935.000       183.455285342125     
   7950.000       183.945727503271     
   7965.000       186.289708963160     
   7980.000       190.344025351739     
   7995.000       195.357835726130     
   8010.000       199.916175263182     
   8025.000       202.403112918565     
   8040.000       201.725534845927     
   8055.000       197.969261532798     
   8070.000       192.193211279331     
   8085.000       185.817386216192     
   8100.000       180.092202224830     
   8115.000       175.964844183934     
   8130.000       173.963659514227     
   8145.000       174.311218536438     
   8160.000       176.984129195832     
   8175.000       181.359055775688     
   8190.000       186.176981338773     
   8205.000       189.966715196172     
   8220.000       191.743628800107     
   8235.000       191.330325514981     
   8250.000       189.348867571074     
   8265.000       186.773818041331     
   8280.000       184.573896686938     
   8280.000       184.890208519676     
   8295.000       183.731263516233     
   8310.000       183.905258338062     
   8325.000       185.636776975167     
   8340.000       188.845638706484     
   8355.000       192.950812047378     
   8370.000       196.797501368584     
   8385.000       199.009736924654     
   8400.000       198.623937980615     
   8415.000       195.668286631555     
   8430.000       191.022457991164     
   8445.000       185.880949509206     
   8460.000       181.284500762650     
   8475.000       177.999267492523     
   8490.000       176.451343691194     
   8505.000       176.820504171564     
   8520.000       179.090272168565     
   8535.000       182.762455442707     
   8550.000       186.808065424232     
   8565.000       189.995236767436     
   8580.000       191.467480563077     
   8595.000       191.050905087152     
   8610.000       189.263350104195     
   8625.000       186.935345247759     
   8640.000       184.890208519676     
