  0.0000000E+00   35694.7668556226     
   22.50000       37863.3851760626     
   45.00000       39531.2437696464     
   67.50000       41406.0568161072     
   90.00000       44236.9578860012     
   112.5000       47209.1391181126     
   135.0000       48856.9154452513     
   157.5000       48195.5822610317     
   180.0000       45313.1452918341     
   202.5000       42000.8288528406     
   225.0000       39590.2989945768     
   247.5000       37330.4688648895     
   270.0000       34699.8994015275     
   292.5000       32718.6270613356     
   315.0000       32484.1875950264     
   337.5000       33649.5751930296     
   360.0000       35694.7668556226     
   360.0000       31602.0381925734     
   382.5000       33116.6868798299     
   405.0000       34334.7228724911     
   427.5000       35688.1916818859     
   450.0000       37683.6974823137     
   472.5000       39831.6159993478     
   495.0000       41167.7929481998     
   517.5000       40918.7279835414     
   540.0000       39023.2123014499     
   562.5000       36564.1787515433     
   585.0000       34677.5826338358     
   607.5000       32897.4329411056     
   630.0000       30817.2791503577     
   652.5000       29275.6353799482     
   675.0000       29168.6714539261     
   697.5000       30123.0208412552     
   720.0000       31602.0381925734     
   720.0000       26313.6051236173     
   742.5000       27157.2664926729     
   765.0000       27927.2842196880     
   787.5000       28778.0053743870     
   810.0000       30017.9950897009     
   832.5000       31461.2489878379     
   855.0000       32579.6095522849     
   877.5000       32830.7597613522     
   900.0000       31993.6630183887     
   922.5000       30549.9093697360     
   945.0000       29282.4062641804     
   967.5000       28091.8887514762     
   990.0000       26675.3038062416     
   1012.500       25486.2971663286     
   1035.000       25194.6499428025     
   1057.500       25594.7173204134     
   1080.000       26313.6051236173     
   1080.000       21385.5146346913     
   1102.500       21716.3635287267     
   1125.000       22111.4715276594     
   1147.500       22574.9620569254     
   1170.000       23265.4296708188     
   1192.500       24172.1275476358     
   1215.000       25056.7162323926     
   1237.500       25576.9242838932     
   1260.000       25465.9600268774     
   1282.500       24791.2750927643     
   1305.000       24025.7349958788     
   1327.500       23314.2771469146     
   1350.000       22477.6183815336     
   1372.500       21637.4988077751     
   1395.000       21223.7237907350     
   1417.500       21207.3291106193     
   1440.000       21385.5146346913     
   1440.000       17327.8619406814     
   1462.500       17382.8122663258     
   1485.000       17547.2260895390     
   1507.500       17802.4668212813     
   1530.000       18213.9022264039     
   1552.500       18794.8585341362     
   1575.000       19421.6417449927     
   1597.500       19888.7582758409     
   1620.000       20001.0402787399     
   1642.500       19697.0316888955     
   1665.000       19244.8252591819     
   1687.500       18833.6994767274     
   1710.000       18384.3099747761     
   1732.500       17880.1806893051     
   1755.000       17542.2107594553     
   1777.500       17389.1473654301     
   1800.000       17327.8619406814     
   1800.000       14081.6365667397     
   1822.500       14064.3065008258     
   1845.000       14158.8975432850     
   1867.500       14360.6360656121     
   1890.000       14692.9017915105     
   1912.500       15126.1494847225     
   1935.000       15543.2428361726     
   1957.500       15810.2077591820     
   1980.000       15829.1524196248     
   2002.500       15587.5673303820     
   2025.000       15277.2127910647     
   2047.500       15028.7034320118     
   2070.000       14793.0253254001     
   2092.500       14531.6016555729     
   2115.000       14331.7780101645     
   2137.500       14188.9115745247     
   2160.000       14081.6365667397     
   2160.000       11448.1817912985     
   2182.500       11438.8983431793     
   2205.000       11534.0789273078     
   2227.500       11738.3280869849     
   2250.000       12045.7738392200     
   2272.500       12379.3343903793     
   2295.000       12616.1004186213     
   2317.500       12678.7584399359     
   2340.000       12557.1408837322     
   2362.500       12308.8834166974     
   2385.000       12083.0299479086     
   2407.500       11941.9940100744     
   2430.000       11841.9911048054     
   2452.500       11739.5234010391     
   2475.000       11643.5973699418     
   2497.500       11537.0129299432     
   2520.000       11448.1817912985     
   2520.000       9253.88869488249     
   2542.500       9254.23947976462     
   2565.000       9349.47711920930     
   2587.500       9546.35159228428     
   2610.000       9816.17527271794     
   2632.500       10056.2664620738     
   2655.000       10155.0853755951     
   2677.500       10084.2833874052     
   2700.000       9891.57247340747     
   2722.500       9665.20845725724     
   2745.000       9510.72632989178     
   2767.500       9450.07628650614     
   2790.000       9444.50047400151     
   2812.500       9439.54379961297     
   2835.000       9402.59210392040     
   2857.500       9322.58409405204     
   2880.000       9253.88869488249     
   2880.000       7432.01269134564     
   2902.500       7431.66701305745     
   2925.000       7516.57925164409     
   2947.500       7691.52076917262     
   2970.000       7915.32915357639     
   2992.500       8080.76476639897     
   3015.000       8095.28186125881     
   3037.500       7963.32225509592     
   3060.000       7759.43394436843     
   3082.500       7572.67386027203     
   3105.000       7473.77078265422     
   3127.500       7467.80192122020     
   3150.000       7519.80832700578     
   3172.500       7565.73910404303     
   3195.000       7556.43964523566     
   3217.500       7490.95431527601     
   3240.000       7432.01269134564     
   3240.000       5938.09714118875     
   3262.500       5933.70066428766     
   3285.000       6004.73682221750     
   3307.500       6152.95183626153     
   3330.000       6333.34260554691     
   3352.500       6445.82912229555     
   3375.000       6416.73260087466     
   3397.500       6268.48225949910     
   3420.000       6082.06756722875     
   3442.500       5935.59710593744     
   3465.000       5876.00968702247     
   3487.500       5902.47405414965     
   3510.000       5982.43003844140     
   3532.500       6048.65470270283     
   3555.000       6049.68126388618     
   3577.500       5992.23762907865     
   3600.000       5938.09714118875     
   3600.000       4715.28953805174     
   3622.500       4707.72128625726     
   3645.000       4765.32730705927     
   3667.500       4887.26813761890     
   3690.000       5030.23708798931     
   3712.500       5106.70575573767     
   3735.000       5059.34345395414     
   3757.500       4918.29897586079     
   3780.000       4760.13033587637     
   3802.500       4648.52026010462     
   3825.000       4615.11504831099     
   3847.500       4657.35337988789     
   3870.000       4744.93744911796     
   3892.500       4813.64426365698     
   3915.000       4816.64820887403     
   3937.500       4765.10867509464     
   3960.000       4715.28953805174     
   3960.000       3710.64252843821     
   3982.500       3701.82475964240     
   4005.000       3747.46139720500     
   4027.500       3845.06129690048     
   4050.000       3956.28666184050     
   4072.500       4008.37307053511     
   4095.000       3957.76628041292     
   4117.500       3835.48052977317     
   4140.000       3707.87976919815     
   4162.500       3624.92130458004     
   4185.000       3608.10493289401     
   4207.500       3654.57072245564     
   4230.000       3737.05426815710     
   4252.500       3798.73430919894     
   4275.000       3800.37813757329     
   4297.500       3754.86113231532     
   4320.000       3710.64252843821     
   4320.000       2880.92301562250     
   4342.500       2872.57001204218     
   4365.000       2907.62631329926     
   4387.500       2982.90958842666     
   4410.000       3066.90218678027     
   4432.500       3102.26063216558     
   4455.000       3056.83846652725     
   4477.500       2958.34696274289     
   4500.000       2860.44294348529     
   4522.500       2800.67913183602     
   4545.000       2793.68998755173     
   4567.500       2836.73493347298     
   4590.000       2906.72156504074     
   4612.500       2956.86350468559     
   4635.000       2956.41813441743     
   4657.500       2917.95402094653     
   4680.000       2880.92301562250     
   4680.000       2193.79122740777     
   4702.500       2187.08282270865     
   4725.000       2212.62418125323     
   4747.500       2267.35871666068     
   4770.000       2327.49151792603     
   4792.500       2350.90675218964     
   4815.000       2315.05996126983     
   4837.500       2241.96413433949     
   4860.000       2171.64178902216     
   4882.500       2130.72393408962     
   4905.000       2128.85725535078     
   4927.500       2163.71966943123     
   4950.000       2217.34917578760     
   4972.500       2254.34877878397     
   4995.000       2252.40562589503     
   5017.500       2222.28708670549     
   5040.000       2193.79122740777     
   5040.000       1623.75406886909     
   5062.500       1619.35344335128     
   5085.000       1636.19417519541     
   5107.500       1671.94353949869     
   5130.000       1710.79708247240     
   5152.500       1725.19278996950     
   5175.000       1700.78716573136     
   5197.500       1652.70581150571     
   5220.000       1607.40909214614     
   5242.500       1581.90015928746     
   5265.000       1582.02531357679     
   5287.500       1606.11661306007     
   5310.000       1641.95868894588     
   5332.500       1665.91951045427     
   5355.000       1663.59478204233     
   5377.500       1642.88744863126     
   5400.000       1623.75406886909     
   5400.000       1150.76990775802     
   5422.500       1148.79533714628     
   5445.000       1157.48965793627     
   5467.500       1175.61215513331     
   5490.000       1195.18675348122     
   5512.500       1202.25699317670     
   5535.000       1189.61642554507     
   5557.500       1165.14145287439     
   5580.000       1142.33962315755     
   5602.500       1129.67408842583     
   5625.000       1129.93676222486     
   5647.500       1142.27075497828     
   5670.000       1160.47251839660     
   5692.500       1172.44424408819     
   5715.000       1170.95426140254     
   5737.500       1160.31798866477     
   5760.000       1150.76990775802     
