  0.0000000E+00  4.019056260585785E-002
   22.50000      4.694861918687820E-002
   45.00000      4.999113827943802E-002
   67.50000      5.273995175957680E-002
   90.00000      5.658911541104317E-002
   112.5000      5.904512852430344E-002
   135.0000      5.921409651637077E-002
   157.5000      5.663266032934189E-002
   180.0000      5.168388411402702E-002
   202.5000      4.655909165740013E-002
   225.0000      4.253706708550453E-002
   247.5000      3.758670762181282E-002
   270.0000      3.116836212575436E-002
   292.5000      2.656426653265953E-002
   315.0000      2.744335867464542E-002
   337.5000      3.238730505108833E-002
   360.0000      4.019056260585785E-002
   360.0000      4.217549040913582E-002
   382.5000      4.807639867067337E-002
   405.0000      5.120095983147621E-002
   427.5000      5.405804887413979E-002
   450.0000      5.774246156215668E-002
   472.5000      6.022743508219719E-002
   495.0000      6.084603443741798E-002
   517.5000      5.931246653199196E-002
   540.0000      5.520695447921753E-002
   562.5000      5.040379613637924E-002
   585.0000      4.650044813752174E-002
   607.5000      4.171121120452881E-002
   630.0000      3.545218706130981E-002
   652.5000      3.080325201153755E-002
   675.0000      3.134462237358093E-002
   697.5000      3.560812771320343E-002
   720.0000      4.217549040913582E-002
   720.0000      4.302836582064629E-002
   742.5000      4.787955805659294E-002
   765.0000      5.105326697230339E-002
   787.5000      5.383471772074699E-002
   810.0000      5.730545893311501E-002
   832.5000      6.008569523692131E-002
   855.0000      6.147651001811028E-002
   877.5000      6.119946390390396E-002
   900.0000      5.886000767350197E-002
   922.5000      5.531816557049751E-002
   945.0000      5.187748372554779E-002
   967.5000      4.776929318904877E-002
   990.0000      4.220733046531677E-002
   1012.500      3.731032833456993E-002
   1035.000      3.654252365231514E-002
   1057.500      3.886733576655388E-002
   1080.000      4.302836582064629E-002
   1080.000      4.332395270466805E-002
   1102.500      4.678413644433022E-002
   1125.000      4.989808052778244E-002
   1147.500      5.248878523707390E-002
   1170.000      5.553939938545227E-002
   1192.500      5.850260332226753E-002
   1215.000      6.065144389867783E-002
   1237.500      6.169499084353447E-002
   1260.000      6.115192919969559E-002
   1282.500      5.894231423735619E-002
   1305.000      5.626639351248741E-002
   1327.500      5.331364646553993E-002
   1350.000      4.915038496255875E-002
   1372.500      4.430913552641869E-002
   1395.000      4.187823086977005E-002
   1417.500      4.169452935457230E-002
   1440.000      4.332395270466805E-002
   1440.000      4.424231871962547E-002
   1462.500      4.648548364639282E-002
   1485.000      4.929432272911072E-002
   1507.500      5.167591944336891E-002
   1530.000      5.422794073820114E-002
   1552.500      5.696716904640198E-002
   1575.000      5.934504047036171E-002
   1597.500      6.109061092138290E-002
   1620.000      6.167003512382507E-002
   1642.500      6.047594547271729E-002
   1665.000      5.837943777441978E-002
   1687.500      5.602960661053658E-002
   1710.000      5.272132158279419E-002
   1732.500      4.839341342449188E-002
   1755.000      4.538089409470558E-002
   1777.500      4.405836015939713E-002
   1800.000      4.424231871962547E-002
   1800.000      4.565899074077606E-002
   1822.500      4.765356704592705E-002
   1845.000      5.019754171371460E-002
   1867.500      5.232695490121841E-002
   1890.000      5.447025224566460E-002
   1912.500      5.675899609923363E-002
   1935.000      5.884660407900810E-002
   1957.500      6.050695851445198E-002
   1980.000      6.114652752876282E-002
   2002.500      6.013725325465202E-002
   2025.000      5.825442075729370E-002
   2047.500      5.604137480258942E-002
   2070.000      5.296263098716736E-002
   2092.500      4.917828366160393E-002
   2115.000      4.659050330519676E-002
   2137.500      4.544316232204437E-002
   2160.000      4.565899074077606E-002
   2160.000      4.730808362364769E-002
   2182.500      4.951043426990509E-002
   2205.000      5.180541425943375E-002
   2227.500      5.363332480192184E-002
   2250.000      5.538284778594971E-002
   2272.500      5.712429061532021E-002
   2295.000      5.867789685726166E-002
   2317.500      5.981300026178360E-002
   2340.000      5.992436781525612E-002
   2362.500      5.866592749953270E-002
   2385.000      5.678157135844231E-002
   2407.500      5.447482690215111E-002
   2430.000      5.145419389009476E-002
   2452.500      4.835243895649910E-002
   2475.000      4.668217897415161E-002
   2497.500      4.634837433695793E-002
   2520.000      4.730808362364769E-002
   2520.000      4.877167567610741E-002
   2542.500      5.106392130255699E-002
   2565.000      5.307996273040771E-002
   2587.500      5.459432303905487E-002
   2610.000      5.591062828898430E-002
   2632.500      5.708665773272514E-002
   2655.000      5.809023976325989E-002
   2677.500      5.866102129220963E-002
   2700.000      5.826227739453316E-002
   2722.500      5.681665241718292E-002
   2745.000      5.492802336812019E-002
   2767.500      5.255496874451637E-002
   2790.000      4.974908754229546E-002
   2812.500      4.742440208792686E-002
   2835.000      4.666414111852646E-002
   2857.500      4.715152457356453E-002
   2880.000      4.877167567610741E-002
   2880.000      4.975777491927147E-002
   2902.500      5.199725180864334E-002
   2925.000      5.375577509403229E-002
   2947.500      5.496910214424133E-002
   2970.000      5.585039034485817E-002
   2992.500      5.651982128620148E-002
   3015.000      5.706832185387611E-002
   3037.500      5.721441283822060E-002
   3060.000      5.651224777102470E-002
   3082.500      5.503392964601517E-002
   3105.000      5.319146811962128E-002
   3127.500      5.086314678192139E-002
   3150.000      4.839149117469788E-002
   3172.500      4.674304649233818E-002
   3195.000      4.666344821453094E-002
   3217.500      4.774963855743408E-002
   3240.000      4.975777491927147E-002
   3240.000      5.028844624757767E-002
   3262.500      5.241153761744499E-002
   3285.000      5.394566431641579E-002
   3307.500      5.487706884741783E-002
   3330.000      5.535725131630898E-002
   3352.500      5.560644716024399E-002
   3375.000      5.581289529800415E-002
   3397.500      5.568813532590866E-002
   3420.000      5.486282706260681E-002
   3442.500      5.345427989959717E-002
   3465.000      5.170113220810890E-002
   3487.500      4.950058832764626E-002
   3510.000      4.737612605094910E-002
   3532.500      4.623609036207199E-002
   3555.000      4.661715775728226E-002
   3577.500      4.809376224875450E-002
   3600.000      5.028844624757767E-002
   3600.000      5.047183483839035E-002
   3622.500      5.245336890220642E-002
   3645.000      5.378784611821175E-002
   3667.500      5.446032434701920E-002
   3690.000      5.459252372384071E-002
   3712.500      5.451163277029991E-002
   3735.000      5.448169633746147E-002
   3757.500      5.421379581093788E-002
   3780.000      5.338786542415619E-002
   3802.500      5.210378393530846E-002
   3825.000      5.046945437788963E-002
   3847.500      4.843825846910477E-002
   3870.000      4.661975800991058E-002
   3892.500      4.583520069718361E-002
   3915.000      4.651088267564774E-002
   3937.500      4.821974039077759E-002
   3960.000      5.047183483839035E-002
   3960.000      5.040632560849190E-002
   3982.500      5.223058536648750E-002
   4005.000      5.338079109787941E-002
   4027.500      5.382341891527176E-002
   4050.000      5.367358028888702E-002
   4072.500      5.335192754864693E-002
   4095.000      5.317793786525726E-002
   4117.500      5.286388844251633E-002
   4140.000      5.211357772350311E-002
   4162.500      5.098082125186920E-002
   4185.000      4.948664084076881E-002
   4207.500      4.764243215322495E-002
   4230.000      4.607595875859261E-002
   4252.500      4.552859812974930E-002
   4275.000      4.637306556105614E-002
   4297.500      4.818876087665558E-002
   4320.000      5.040632560849190E-002
   4320.000      5.017490312457085E-002
   4342.500      5.182003974914551E-002
   4365.000      5.279330909252167E-002
   4387.500      5.304294079542160E-002
   4410.000      5.268878489732742E-002
   4432.500      5.221591889858246E-002
   4455.000      5.197429656982422E-002
   4477.500      5.168127268552780E-002
   4500.000      5.104925483465195E-002
   4522.500      5.008196085691452E-002
   4545.000      4.874894395470619E-002
   4567.500      4.710477590560913E-002
   4590.000      4.575029388070107E-002
   4612.500      4.535594582557678E-002
   4635.000      4.626563936471939E-002
   4657.500      4.807448759675026E-002
   4680.000      5.017490312457085E-002
   4680.000      4.984338209033012E-002
   4702.500      5.126975849270821E-002
   4725.000      5.206439271569252E-002
   4747.500      5.216597020626068E-002
   4770.000      5.169858410954475E-002
   4792.500      5.116615816950798E-002
   4815.000      5.091833695769310E-002
   4837.500      5.068661645054817E-002
   4860.000      5.019325762987137E-002
   4882.500      4.940292984247208E-002
   4905.000      4.826180636882782E-002
   4927.500      4.684627428650856E-002
   4950.000      4.569387808442116E-002
   4972.500      4.539847373962402E-002
   4995.000      4.627659916877747E-002
   5017.500      4.795638844370842E-002
   5040.000      4.984338209033012E-002
   5040.000      4.946061223745346E-002
   5062.500      5.059560015797615E-002
   5085.000      5.119542032480240E-002
   5107.500      5.120144411921501E-002
   5130.000      5.072958394885063E-002
   5152.500      5.023668333888054E-002
   5175.000      5.003073811531067E-002
   5197.500      4.987821727991104E-002
   5220.000      4.953217133879662E-002
   5242.500      4.893921688199043E-002
   5265.000      4.804424569010735E-002
   5287.500      4.692231863737106E-002
   5310.000      4.600653424859047E-002
   5332.500      4.578415304422379E-002
   5355.000      4.652559012174606E-002
   5377.500      4.792236536741257E-002
   5400.000      4.946061223745346E-002
   5400.000      4.905698820948601E-002
   5422.500      4.976591840386391E-002
   5445.000      5.012572184205055E-002
   5467.500      5.009534209966660E-002
   5490.000      4.975656419992447E-002
   5512.500      4.942170530557632E-002
   5535.000      4.929724708199501E-002
   5557.500      4.922513291239738E-002
   5580.000      4.903577268123627E-002
   5602.500      4.868537560105324E-002
   5625.000      4.813653975725174E-002
   5647.500      4.743953049182892E-002
   5670.000      4.686304926872253E-002
   5692.500      4.672019183635712E-002
   5715.000      4.719219356775284E-002
   5737.500      4.808342084288597E-002
   5760.000      4.905698820948601E-002
