  0.0000000E+00  1.097993818004691E+036
   15.00000      1.095352909917671E+036
   30.00000      1.095056796188380E+036
   45.00000      1.098955263756436E+036
   60.00000      1.108775155491053E+036
   75.00000      1.123018508512218E+036
   90.00000      1.140397030786635E+036
   105.0000      1.156808460537852E+036
   120.0000      1.169666797807638E+036
   135.0000      1.175034703759177E+036
   150.0000      1.173136380630454E+036
   165.0000      1.163800110580795E+036
   180.0000      1.149330811693167E+036
   195.0000      1.132361934229217E+036
   210.0000      1.114867658602372E+036
   225.0000      1.099157169140365E+036
   240.0000      1.087381904216032E+036
   255.0000      1.080308297789531E+036
   270.0000      1.078609876203389E+036
   285.0000      1.082115009337779E+036
   300.0000      1.087169443510811E+036
   315.0000      1.094428990047223E+036
   330.0000      1.099703906475000E+036
   345.0000      1.100783339343619E+036
   360.0000      1.097993818004691E+036
   360.0000      1.082372291485405E+036
   375.0000      1.079808290339603E+036
   390.0000      1.079394982688128E+036
   405.0000      1.083062025824262E+036
   420.0000      1.092403435455165E+036
   435.0000      1.106016968036960E+036
   450.0000      1.122738728283700E+036
   465.0000      1.138668938170223E+036
   480.0000      1.151334624354627E+036
   495.0000      1.156906249026389E+036
   510.0000      1.155541287517379E+036
   525.0000      1.147019547024154E+036
   540.0000      1.133441184276324E+036
   555.0000      1.117334580290812E+036
   570.0000      1.100598977623072E+036
   585.0000      1.085478858624088E+036
   600.0000      1.074037792784523E+036
   615.0000      1.067030132760627E+036
   630.0000      1.065181409589393E+036
   645.0000      1.068249886299280E+036
   660.0000      1.072841737693298E+036
   675.0000      1.079431341241286E+036
   690.0000      1.084190529721355E+036
   705.0000      1.085083503808529E+036
   720.0000      1.082372291485405E+036
   720.0000      1.056137488036570E+036
   735.0000      1.053689787604577E+036
   750.0000      1.053139467406661E+036
   765.0000      1.056329733918615E+036
   780.0000      1.064801135081769E+036
   795.0000      1.077317978511016E+036
   810.0000      1.092916313344669E+036
   825.0000      1.108023569937133E+036
   840.0000      1.120356660308427E+036
   855.0000      1.126288472653576E+036
   870.0000      1.125814331236062E+036
   885.0000      1.118606650637679E+036
   900.0000      1.106519352598501E+036
   915.0000      1.091844215773996E+036
   930.0000      1.076352484014587E+036
   945.0000      1.062172336543668E+036
   960.0000      1.051259375203758E+036
   975.0000      1.044392206624082E+036
   990.0000      1.042258400801885E+036
   1005.000      1.044612842960633E+036
   1020.000      1.048429531822095E+036
   1035.000      1.054017875689906E+036
   1050.000      1.058031812582309E+036
   1065.000      1.058689115968394E+036
   1080.000      1.056137488036570E+036
   1080.000      1.022958377971084E+036
   1095.000      1.020615024260531E+036
   1110.000      1.019912577191875E+036
   1125.000      1.022441634874656E+036
   1140.000      1.029752108083396E+036
   1155.000      1.040842959789767E+036
   1170.000      1.054994026033181E+036
   1185.000      1.069037710178520E+036
   1200.000      1.080939450249471E+036
   1215.000      1.087329282929558E+036
   1230.000      1.087971513950855E+036
   1245.000      1.082448465870015E+036
   1260.000      1.072241853482271E+036
   1275.000      1.059367613179535E+036
   1290.000      1.045431142444742E+036
   1305.000      1.032406028347707E+036
   1320.000      1.022119580235818E+036
   1335.000      1.015386431137283E+036
   1350.000      1.012851942782579E+036
   1365.000      1.014318514544581E+036
   1380.000      1.017207264324920E+036
   1395.000      1.021646029737914E+036
   1410.000      1.024852621845520E+036
   1425.000      1.025293015196153E+036
   1440.000      1.022958377971084E+036
   1440.000      9.854998928142804E+035
   1455.000      9.832494444390676E+035
   1470.000      9.823237953155408E+035
   1485.000      9.840926247898916E+035
   1500.000      9.900683944930065E+035
   1515.000      9.995349331828487E+035
   1530.000      1.012025823650915E+036
   1545.000      1.024842606376001E+036
   1560.000      1.036231537833392E+036
   1575.000      1.043105448061689E+036
   1590.000      1.044981878424077E+036
   1605.000      1.041331853168355E+036
   1620.000      1.033217866383437E+036
   1635.000      1.022351341356414E+036
   1650.000      1.010151911547092E+036
   1665.000      9.984148166917526E+035
   1680.000      9.888139246292167E+035
   1695.000      9.822099123449583E+035
   1710.000      9.792108033379106E+035
   1725.000      9.797312284885918E+035
   1740.000      9.816126852887141E+035
   1755.000      9.848884539574748E+035
   1770.000      9.873172788114907E+035
   1785.000      9.875810115989922E+035
   1800.000      9.854998928142804E+035
   1800.000      9.456819618441344E+035
   1815.000      9.435069336633565E+035
   1830.000      9.423398230940356E+035
   1845.000      9.433146259118357E+035
   1860.000      9.479012932245354E+035
   1875.000      9.556501447456225E+035
   1890.000      9.663865233818863E+035
   1905.000      9.778841832288241E+035
   1920.000      9.886690681233315E+035
   1935.000      9.959598268747409E+035
   1950.000      9.990405775245992E+035
   1965.000      9.972608103067251E+035
   1980.000      9.912675314358008E+035
   1995.000      9.824572301487265E+035
   2010.000      9.720611602009115E+035
   2025.000      9.616832565987358E+035
   2040.000      9.528235448611209E+035
   2055.000      9.463987869653423E+035
   2070.000      9.429453295961471E+035
   2085.000      9.425498806270714E+035
   2100.000      9.434662273094260E+035
   2115.000      9.456704547634294E+035
   2130.000      9.473953640353697E+035
   2145.000      9.475112386129944E+035
   2160.000      9.456819618441344E+035
   2160.000      9.048415900647730E+035
   2175.000      9.027297409872278E+035
   2190.000      9.013384177750945E+035
   2205.000      9.015830826767264E+035
   2220.000      9.048655725324351E+035
   2235.000      9.109783227938320E+035
   2250.000      9.199900478067987E+035
   2265.000      9.301359497621195E+035
   2280.000      9.402081142340802E+035
   2295.000      9.477425138256325E+035
   2310.000      9.518289064186825E+035
   2325.000      9.517107901596983E+035
   2340.000      9.476691081235395E+035
   2355.000      9.407994851300977E+035
   2370.000      9.321564931028054E+035
   2385.000      9.231441027621927E+035
   2400.000      9.150749925775938E+035
   2415.000      9.089142985423727E+035
   2430.000      9.051220140781179E+035
   2445.000      9.039645363500319E+035
   2460.000      9.040914703746710E+035
   2475.000      9.053726760735591E+035
   2490.000      9.064650622534379E+035
   2505.000      9.064539329669922E+035
   2520.000      9.048415900647730E+035
   2520.000      8.638233789169314E+035
   2535.000      8.618008081390027E+035
   2550.000      8.602464115982233E+035
   2565.000      8.599141841457520E+035
   2580.000      8.621103493960401E+035
   2595.000      8.668134964000771E+035
   2610.000      8.742737362175761E+035
   2625.000      8.831221576870731E+035
   2640.000      8.923840648046986E+035
   2655.000      8.999084995466134E+035
   2670.000      9.046537049419406E+035
   2685.000      9.057981697014484E+035
   2700.000      9.033480019312534E+035
   2715.000      8.981445391383385E+035
   2730.000      8.910888496667836E+035
   2745.000      8.833770498085601E+035
   2760.000      8.761400252082693E+035
   2775.000      8.703646305726685E+035
   2790.000      8.664691825512803E+035
   2805.000      8.648244461875315E+035
   2820.000      8.643604597216141E+035
   2835.000      8.648988465049103E+035
   2850.000      8.654206002490324E+035
   2865.000      8.652367062074452E+035
   2880.000      8.638233789169314E+035
   2880.000      8.230939801014816E+035
   2895.000      8.212240262687724E+035
   2910.000      8.196396775022437E+035
   2925.000      8.189461031342806E+035
   2940.000      8.203672404475687E+035
   2955.000      8.240026122595361E+035
   2970.000      8.302072051670000E+035
   2985.000      8.379092372670657E+035
   3000.000      8.463117526955880E+035
   3015.000      8.535482586825956E+035
   3030.000      8.585206852411026E+035
   3045.000      8.604061671322276E+035
   3060.000      8.590552856921278E+035
   3075.000      8.551341448769592E+035
   3090.000      8.494064525533186E+035
   3105.000      8.428810403137261E+035
   3120.000      8.365205907992448E+035
   3135.000      8.312581743442463E+035
   3150.000      8.274707589618445E+035
   3165.000      8.255903376236510E+035
   3180.000      8.247566783046865E+035
   3195.000      8.247525578026838E+035
   3210.000      8.247936135966333E+035
   3225.000      8.243948328768110E+035
   3240.000      8.230939801014816E+035
   3240.000      7.829877481788478E+035
   3255.000      7.812710828776534E+035
   3270.000      7.798180911018158E+035
   3285.000      7.790372769956564E+035
   3300.000      7.800282030335494E+035
   3315.000      7.829864531136490E+035
   3330.000      7.882955319891477E+035
   3345.000      7.950705117649989E+035
   3360.000      8.026247592417480E+035
   3375.000      8.093255438811886E+035
   3390.000      8.140942347071816E+035
   3405.000      8.161879372658857E+035
   3420.000      8.154602512115985E+035
   3435.000      8.124267111836768E+035
   3450.000      8.076924348365549E+035
   3465.000      8.021424417561122E+035
   3480.000      7.966012086797070E+035
   3495.000      7.919268275231909E+035
   3510.000      7.884306149002390E+035
   3525.000      7.865419110989745E+035
   3540.000      7.855422612669078E+035
   3555.000      7.851912037678227E+035
   3570.000      7.848659700220874E+035
   3585.000      7.842478291721664E+035
   3600.000      7.829877481788478E+035
   3600.000      7.437601076123445E+035
   3615.000      7.422054397598464E+035
   3630.000      7.409671302391698E+035
   3645.000      7.403491869494838E+035
   3660.000      7.412580528962974E+035
   3675.000      7.439013900308271E+035
   3690.000      7.486572569422762E+035
   3705.000      7.547307052144597E+035
   3720.000      7.614835703438130E+035
   3735.000      7.674608754758145E+035
   3750.000      7.716941049207785E+035
   3765.000      7.736065100869702E+035
   3780.000      7.730643753216706E+035
   3795.000      7.704936538494349E+035
   3810.000      7.664146066265739E+035
   3825.000      7.616072974502157E+035
   3840.000      7.567839315289526E+035
   3855.000      7.527168279463253E+035
   3870.000      7.496363782341845E+035
   3885.000      7.479137050789003E+035
   3900.000      7.469091140494446E+035
   3915.000      7.463717791768602E+035
   3930.000      7.457964939545831E+035
   3945.000      7.450018401607727E+035
   3960.000      7.437601076123445E+035
   3960.000      7.056302823801151E+035
   3975.000      7.042618376323744E+035
   3990.000      7.032919134201978E+035
   4005.000      7.029803242943829E+035
   4020.000      7.040727015465228E+035
   4035.000      7.066924798234882E+035
   4050.000      7.111503784884474E+035
   4065.000      7.166946900516059E+035
   4080.000      7.226951460085802E+035
   4095.000      7.278487475604256E+035
   4110.000      7.313698985673860E+035
   4125.000      7.328171454991480E+035
   4140.000      7.321163832852159E+035
   4155.000      7.296758747946950E+035
   4170.000      7.259712564910945E+035
   4185.000      7.216995397413888E+035
   4200.000      7.174820614981603E+035
   4215.000      7.139993160894416E+035
   4230.000      7.113965217284356E+035
   4245.000      7.099506545442366E+035
   4260.000      7.090526522855444E+035
   4275.000      7.084531724419943E+035
   4290.000      7.077377110039739E+035
   4305.000      7.068376189705183E+035
   4320.000      7.056302823801151E+035
   4320.000      6.687882800043480E+035
   4335.000      6.676326413693122E+035
   4350.000      6.669605131939732E+035
   4365.000      6.670115849313388E+035
   4380.000      6.684101022924908E+035
   4395.000      6.711820875462772E+035
   4410.000      6.754989219021389E+035
   4425.000      6.806121980807579E+035
   4440.000      6.859079072745585E+035
   4455.000      6.902241872043966E+035
   4470.000      6.929465380627980E+035
   4485.000      6.937622043191024E+035
   4500.000      6.927025728342353E+035
   4515.000      6.901837430846001E+035
   4530.000      6.866636810265397E+035
   4545.000      6.827750883937866E+035
   4560.000      6.790668672515336E+035
   4575.000      6.761257893371537E+035
   4590.000      6.740160596609992E+035
   4605.000      6.729045065787052E+035
   4620.000      6.721839925799157E+035
   4635.000      6.716148105880038E+035
   4650.000      6.708545273765750E+035
   4665.000      6.699256617926821E+035
   4680.000      6.687882800043480E+035
   4680.000      6.333592259822784E+035
   4695.000      6.324289929820963E+035
   4710.000      6.320539239808129E+035
   4725.000      6.324655683089021E+035
   4740.000      6.341834343273552E+035
   4755.000      6.371477516524394E+035
   4770.000      6.413857293676921E+035
   4785.000      6.461267603005458E+035
   4800.000      6.507641548268753E+035
   4815.000      6.542613088948534E+035
   4830.000      6.561735571208933E+035
   4845.000      6.563120297275537E+035
   4860.000      6.548210383797339E+035
   4875.000      6.521306503249448E+035
   4890.000      6.486959422486453E+035
   4905.000      6.450985218487171E+035
   4920.000      6.418295601707665E+035
   4935.000      6.393847039584101E+035
   4950.000      6.377563460765932E+035
   4965.000      6.369997874269763E+035
   4980.000      6.364978420983873E+035
   4995.000      6.360232329665836E+035
   5010.000      6.352905635423788E+035
   5025.000      6.343946222921739E+035
   5040.000      6.333592259822784E+035
   5040.000      5.993841855032339E+035
   5055.000      5.986717050142106E+035
   5070.000      5.985655826127495E+035
   5085.000      5.992944750549067E+035
   5100.000      6.012831165495173E+035
   5115.000      6.044019271820234E+035
   5130.000      6.085505758142021E+035
   5145.000      6.129362638339405E+035
   5160.000      6.169573325111771E+035
   5175.000      6.196905406009249E+035
   5190.000      6.208477295926536E+035
   5205.000      6.203496334852744E+035
   5220.000      6.184450457594881E+035
   5235.000      6.155742725063258E+035
   5250.000      6.121950584348510E+035
   5265.000      6.088457453314982E+035
   5280.000      6.059703056511688E+035
   5295.000      6.039796657288725E+035
   5310.000      6.028054858600632E+035
   5325.000      6.023990901963426E+035
   5340.000      6.021322051670559E+035
   5355.000      6.017884680331474E+035
   5370.000      6.011276259941032E+035
   5385.000      6.003013559083197E+035
   5400.000      5.993841855032339E+035
   5400.000      5.668318107590594E+035
   5415.000      5.663134633424334E+035
   5430.000      5.664314002314222E+035
   5445.000      5.674123857106426E+035
   5460.000      5.695951166065005E+035
   5475.000      5.727972949902182E+035
   5490.000      5.768154114799540E+035
   5505.000      5.808458021980174E+035
   5520.000      5.842951881617986E+035
   5535.000      5.863450311256631E+035
   5550.000      5.868415986687543E+035
   5565.000      5.857972815286523E+035
   5580.000      5.835485672595151E+035
   5595.000      5.805383334529284E+035
   5610.000      5.772267312086061E+035
   5625.000      5.741126977532162E+035
   5640.000      5.715999050365023E+035
   5655.000      5.700232316487930E+035
   5670.000      5.692645368482491E+035
   5685.000      5.691838112279397E+035
   5700.000      5.691464956203806E+035
   5715.000      5.689440307303154E+035
   5730.000      5.683730778528277E+035
   5745.000      5.676302918907383E+035
   5760.000      5.668318107590594E+035
   5760.000      5.356286532607730E+035
   5775.000      5.352732289225033E+035
   5790.000      5.355652156605954E+035
   5805.000      5.367280753336782E+035
   5820.000      5.390238907755310E+035
   5835.000      5.422339355788634E+035
   5850.000      5.460767268119212E+035
   5865.000      5.497519108879701E+035
   5880.000      5.526799880579419E+035
   5895.000      5.541395248825295E+035
   5910.000      5.540863907373423E+035
   5925.000      5.526066869685941E+035
   5940.000      5.501044781929493E+035
   5955.000      5.470171153041601E+035
   5970.000      5.438036903040274E+035
   5985.000      5.409253271896700E+035
   6000.000      5.387497535849402E+035
   6015.000      5.375452456070346E+035
   6030.000      5.371539376742136E+035
   6045.000      5.373597918692050E+035
   6060.000      5.375292855641183E+035
   6075.000      5.374591500230561E+035
   6090.000      5.369779504291053E+035
   6105.000      5.363177519168544E+035
   6120.000      5.356286532607730E+035
   6120.000      5.056874743537169E+035
   6135.000      5.054630806767101E+035
   6150.000      5.058820076793308E+035
   6165.000      5.071620276960422E+035
   6180.000      5.094987533472894E+035
   6195.000      5.126512213469221E+035
   6210.000      5.162827513990442E+035
   6225.000      5.196093485587512E+035
   6240.000      5.220707482204871E+035
   6255.000      5.230349770830657E+035
   6270.000      5.225436554624226E+035
   6285.000      5.207402337284435E+035
   6300.000      5.180762817206479E+035
   6315.000      5.149767336720921E+035
   6330.000      5.118948060728953E+035
   6345.000      5.092544969495367E+035
   6360.000      5.073905024428874E+035
   6375.000      5.065137497267310E+035
   6390.000      5.064358170549396E+035
   6405.000      5.068808166429960E+035
   6420.000      5.072240656988608E+035
   6435.000      5.072665090306265E+035
   6450.000      5.068655581473046E+035
   6465.000      5.062803398198911E+035
   6480.000      5.056874743537169E+035
   6480.000      4.769234727804569E+035
   6495.000      4.768012585632359E+035
   6510.000      4.773066265398326E+035
   6525.000      4.786492156137619E+035
   6540.000      4.809684170452895E+035
   6555.000      4.840125852823759E+035
   6570.000      4.874090764105149E+035
   6585.000      4.904007803197683E+035
   6600.000      4.924512804694731E+035
   6615.000      4.930101131697790E+035
   6630.000      4.921835290918434E+035
   6645.000      4.901580334338857E+035
   6660.000      4.874145445597945E+035
   6675.000      4.843604109869135E+035
   6690.000      4.814379855328768E+035
   6705.000      4.790347800710433E+035
   6720.000      4.774547128181033E+035
   6735.000      4.768599743292716E+035
   6750.000      4.770398880641675E+035
   6765.000      4.776743701010483E+035
   6780.000      4.781547276064403E+035
   6795.000      4.782863002579029E+035
   6810.000      4.779530761810784E+035
   6825.000      4.774335313151413E+035
   6840.000      4.769234727804569E+035
   6840.000      4.492599776697099E+035
   6855.000      4.492153984462886E+035
   6870.000      4.497741114221666E+035
   6885.000      4.511355726376755E+035
   6900.000      4.533927251117419E+035
   6915.000      4.562921885565283E+035
   6930.000      4.594410235006206E+035
   6945.000      4.621168461818268E+035
   6960.000      4.638105775725346E+035
   6975.000      4.640451667106252E+035
   6990.000      4.629736208984794E+035
   7005.000      4.608132662826139E+035
   7020.000      4.580589111581839E+035
   7035.000      4.550967703950470E+035
   7050.000      4.523538355162578E+035
   7065.000      4.501821178384243E+035
   7080.000      4.488567681793319E+035
   7095.000      4.484990459774220E+035
   7110.000      4.488834502209978E+035
   7125.000      4.496599389775443E+035
   7140.000      4.502417914532330E+035
   7155.000      4.504396890423246E+035
   7170.000      4.501620161954444E+035
   7185.000      4.496994153482658E+035
   7200.000      4.492599776697099E+035
   7200.000      4.226287648164101E+035
   7215.000      4.226415798781420E+035
   7230.000      4.232273552406683E+035
   7245.000      4.245738484111028E+035
   7260.000      4.267364920471853E+035
   7275.000      4.294668314850203E+035
   7290.000      4.323641478204059E+035
   7305.000      4.347462654558798E+035
   7320.000      4.361338607653864E+035
   7335.000      4.361153246417071E+035
   7350.000      4.348756736946879E+035
   7365.000      4.326526993623875E+035
   7380.000      4.299424354328347E+035
   7395.000      4.271077241568215E+035
   7410.000      4.245564630997036E+035
   7425.000      4.226065667206122E+035
   7440.000      4.215063497478897E+035
   7455.000      4.213431159498957E+035
   7470.000      4.218830831817060E+035
   7485.000      4.227586671046723E+035
   7500.000      4.234098345778042E+035
   7515.000      4.236538805753250E+035
   7530.000      4.234212306833545E+035
   7545.000      4.230081256558757E+035
   7560.000      4.226287648164101E+035
   7560.000      3.969688623836400E+035
   7575.000      3.970226598001690E+035
   7590.000      3.976150029917875E+035
   7605.000      3.989209483984355E+035
   7620.000      4.009663504200995E+035
   7635.000      4.035124726566797E+035
   7650.000      4.061606896319334E+035
   7665.000      4.082726208939236E+035
   7680.000      4.094002290666316E+035
   7695.000      4.091897430244595E+035
   7710.000      4.078462029512102E+035
   7725.000      4.056191537115255E+035
   7740.000      4.029957434478050E+035
   7755.000      4.003141734147888E+035
   7770.000      3.979603241117647E+035
   7785.000      3.962197601711568E+035
   7800.000      3.953158418152188E+035
   7815.000      3.953080898515313E+035
   7830.000      3.959601045303096E+035
   7845.000      3.968972953002628E+035
   7860.000      3.975898826889517E+035
   7875.000      3.978630911149451E+035
   7890.000      3.976668320607444E+035
   7905.000      3.972970863259094E+035
   7920.000      3.969688623836400E+035
   7920.000      3.722252215914725E+035
   7935.000      3.723068476522231E+035
   7950.000      3.728900152451238E+035
   7965.000      3.741365052985843E+035
   7980.000      3.760494825673320E+035
   7995.000      3.784032507332117E+035
   8010.000      3.808089966212770E+035
   8025.000      3.826742657767571E+035
   8040.000      3.835831620722433E+035
   8055.000      3.832326845475964E+035
   8070.000      3.818382537112601E+035
   8085.000      3.796538679875243E+035
   8100.000      3.771498791776341E+035
   8115.000      3.746392571772026E+035
   8130.000      3.724836890018308E+035
   8145.000      3.709383560661888E+035
   8160.000      3.702034723359521E+035
   8175.000      3.703161961851507E+035
   8190.000      3.710423376497033E+035
   8205.000      3.720090800358938E+035
   8220.000      3.727195024551848E+035
   8235.000      3.730079682615556E+035
   8250.000      3.728411969031894E+035
   8265.000      3.725098112236691E+035
   8280.000      3.722252215914725E+035
   8280.000      3.483477973624722E+035
   8295.000      3.484468182215965E+035
   8310.000      3.490089020102843E+035
   8325.000      3.501823134177740E+035
   8340.000      3.519534083243221E+035
   8355.000      3.541117214030286E+035
   8370.000      3.562842362399173E+035
   8385.000      3.579254716088975E+035
   8400.000      3.586520346100953E+035
   8415.000      3.582052625483497E+035
   8430.000      3.568032587955611E+035
   8445.000      3.546983836889911E+035
   8460.000      3.523381168106482E+035
   8475.000      3.500100638434921E+035
   8490.000      3.480501838529430E+035
   8505.000      3.466853422099439E+035
   8520.000      3.460943152088823E+035
   8535.000      3.462966204566287E+035
   8550.000      3.470643343902527E+035
   8565.000      3.480336304928564E+035
   8580.000      3.487422825156402E+035
   8595.000      3.490348266653109E+035
   8610.000      3.488920922303729E+035
   8625.000      3.485950035997688E+035
   8640.000      3.483477973624722E+035
   8640.000      3.252908473171542E+035
   8655.000      3.253990751432901E+035
   8670.000      3.259312306624324E+035
   8685.000      3.270220685610376E+035
   8700.000      3.286460831431887E+035
   8715.000      3.306093828910115E+035
   8730.000      3.325593399174626E+035
   8745.000      3.339977074252247E+035
   8760.000      3.345736095367602E+035
   8775.000      3.340669661885917E+035
   8790.000      3.326924687350706E+035
   8805.000      3.306957823774805E+035
   8820.000      3.284969401036496E+035
   8835.000      3.263583488310056E+035
   8850.000      3.245892374350641E+035
   8865.000      3.233902271236124E+035
   8880.000      3.229202427895338E+035
   8895.000      3.231852425078668E+035
   8910.000      3.239669294323584E+035
   8925.000      3.249163271693142E+035
   8940.000      3.256071363788929E+035
   8955.000      3.258949011864949E+035
   8970.000      3.257719331444303E+035
   8985.000      3.255058412363439E+035
   9000.000      3.252908473171542E+035
   9000.000      3.030123791256210E+035
   9015.000      3.031234660877356E+035
   9030.000      3.036192749088109E+035
   9045.000      3.046212313437676E+035
   9060.000      3.060960743875634E+035
   9075.000      3.078672081398173E+035
   9090.000      3.096058684129181E+035
   9105.000      3.108607490788751E+035
   9120.000      3.113132641608070E+035
   9135.000      3.107768395612072E+035
   9150.000      3.094579692970799E+035
   9165.000      3.075914566231241E+035
   9180.000      3.055665248352425E+035
   9195.000      3.036207380009649E+035
   9210.000      3.020360215270484E+035
   9225.000      3.009887587503150E+035
   9240.000      3.006194747153385E+035
   9255.000      3.009240666887811E+035
   9270.000      3.016966052892133E+035
   9285.000      3.026076655766308E+035
   9300.000      3.032676343143343E+035
   9315.000      3.035437025423987E+035
   9330.000      3.034371793176272E+035
   9345.000      3.031994064961724E+035
   9360.000      3.030123791256210E+035
   9360.000      2.814737001020197E+035
   9375.000      2.815827962624824E+035
   9390.000      2.820377436875071E+035
   9405.000      2.829469383891794E+035
   9420.000      2.842727288009091E+035
   9435.000      2.858560937803734E+035
   9450.000      2.873947136460077E+035
   9465.000      2.884835517313176E+035
   9480.000      2.888359219839170E+035
   9495.000      2.882943334071054E+035
   9510.000      2.870533645058495E+035
   9525.000      2.853335564549757E+035
   9540.000      2.834909266572518E+035
   9555.000      2.817386693547024E+035
   9570.000      2.803311708229540E+035
   9585.000      2.794224680956139E+035
   9600.000      2.791360022895556E+035
   9615.000      2.794605814136459E+035
   9630.000      2.802048418455895E+035
   9645.000      2.810626291103355E+035
   9660.000      2.816814061727960E+035
   9675.000      2.819404687049460E+035
   9690.000      2.818478330426818E+035
   9705.000      2.816362154507788E+035
   9720.000      2.814737001020197E+035
   9720.000      2.606390041875596E+035
   9735.000      2.607424735594874E+035
   9750.000      2.611535237822764E+035
   9765.000      2.619678950239756E+035
   9780.000      2.631462668134827E+035
   9795.000      2.645471678603319E+035
   9810.000      2.658965920525198E+035
   9825.000      2.668348577215520E+035
   9840.000      2.671066833770272E+035
   9855.000      2.665798506294445E+035
   9870.000      2.654341687342774E+035
   9885.000      2.638731767300451E+035
   9900.000      2.622180537626660E+035
   9915.000      2.606581623923113E+035
   9930.000      2.594203747414478E+035
   9945.000      2.586381274314093E+035
   9960.000      2.584189616691918E+035
   9975.000      2.587470970279146E+035
   9990.000      2.594474657108382E+035
   10005.00      2.602400766219320E+035
   10020.00      2.608095734474487E+035
   10035.00      2.610476528050437E+035
   10050.00      2.609669731282933E+035
   10065.00      2.607797831529129E+035
   10080.00      2.606390041875596E+035
   10080.00      2.404751099759495E+035
   10095.00      2.405702925200675E+035
   10110.00      2.409355490167511E+035
   10125.00      2.416543792966365E+035
   10140.00      2.426879631082589E+035
   10155.00      2.439121540344795E+035
   10170.00      2.450825588776444E+035
   10185.00      2.458837925422887E+035
   10200.00      2.460914158219878E+035
   10215.00      2.455952360148550E+035
   10230.00      2.445581402692733E+035
   10245.00      2.431644970908506E+035
   10260.00      2.416996146186686E+035
   10275.00      2.403295942995346E+035
   10290.00      2.392540164658059E+035
   10305.00      2.385873004433422E+035
   10320.00      2.384221460158342E+035
   10335.00      2.387402653315828E+035
   10350.00      2.393842134986220E+035
   10365.00      2.401023608001951E+035
   10380.00      2.406164138432769E+035
   10395.00      2.408306272293976E+035
   10410.00      2.407604791496266E+035
   10425.00      2.405963540917747E+035
   10440.00      2.404751099759495E+035
   10440.00      2.209511764314317E+035
   10455.00      2.210361922272398E+035
   10470.00      2.213546274652622E+035
   10485.00      2.219781738024686E+035
   10500.00      2.228702109232740E+035
   10515.00      2.239235683741772E+035
   10530.00      2.249243094126895E+035
   10545.00      2.256002154350465E+035
   10560.00      2.257570871077881E+035
   10575.00      2.253040217131234E+035
   10590.00      2.243854000341590E+035
   10605.00      2.231647458311403E+035
   10620.00      2.218909319844030E+035
   10635.00      2.207073805916012E+035
   10650.00      2.197867482365211E+035
   10665.00      2.192258503369782E+035
   10680.00      2.191034870506555E+035
   10695.00      2.194005707932907E+035
   10710.00      2.199782633997344E+035
   10725.00      2.206149092597376E+035
   10740.00      2.210689872808826E+035
   10755.00      2.212573499529437E+035
   10770.00      2.211967212997901E+035
   10785.00      2.210546042007952E+035
   10800.00      2.209511764314317E+035
   10800.00      2.020384652603978E+035
   10815.00      2.021120552304684E+035
   10830.00      2.023832969151134E+035
   10845.00      2.029125048439979E+035
   10860.00      2.036665621370078E+035
   10875.00      2.045548576668018E+035
   10890.00      2.053943907787484E+035
   10905.00      2.059549596873192E+035
   10920.00      2.060719812544825E+035
   10935.00      2.056715653436312E+035
   10950.00      2.048784628171050E+035
   10965.00      2.038341051020682E+035
   10980.00      2.027507291375236E+035
   10995.00      2.017496565959138E+035
   11010.00      2.009770927777640E+035
   11025.00      2.005134935212455E+035
   11040.00      2.004245931073249E+035
   11055.00      2.006918823909837E+035
   11070.00      2.011958368646596E+035
   11085.00      2.017458717886536E+035
   11100.00      2.021368248122633E+035
   11115.00      2.022980897543789E+035
   11130.00      2.022463065327751E+035
   11145.00      2.021253999188808E+035
   11160.00      2.020384652603978E+035
   11160.00      1.837100684185445E+035
   11175.00      1.837714661316615E+035
   11190.00      1.839956295958483E+035
   11205.00      1.844319140258105E+035
   11220.00      1.850516765253571E+035
   11235.00      1.857804221667624E+035
   11250.00      1.864662757857294E+035
   11265.00      1.869199210156337E+035
   11280.00      1.870057582564911E+035
   11295.00      1.866650397869366E+035
   11310.00      1.860021359881514E+035
   11325.00      1.851355060210348E+035
   11340.00      1.842408296190407E+035
   11355.00      1.834178957870432E+035
   11370.00      1.827870026846979E+035
   11385.00      1.824133275113854E+035
   11400.00      1.823502733093782E+035
   11415.00      1.825809980874750E+035
   11430.00      1.830057792600991E+035
   11445.00      1.834657422329394E+035
   11460.00      1.837915871014226E+035
   11475.00      1.839251143492598E+035
   11490.00      1.838817829024291E+035
   11505.00      1.837815118702854E+035
   11520.00      1.837100684185445E+035
   11520.00      1.659407635537231E+035
   11535.00      1.659895924561943E+035
   11550.00      1.661671504965738E+035
   11565.00      1.665122304809999E+035
   11580.00      1.670013554631313E+035
   11595.00      1.675757057099580E+035
   11610.00      1.681144903263732E+035
   11625.00      1.684681907806323E+035
   11640.00      1.685295578293517E+035
   11655.00      1.682534749559353E+035
   11670.00      1.677234835546335E+035
   11685.00      1.670345062902639E+035
   11700.00      1.663259578985682E+035
   11715.00      1.656766459793609E+035
   11730.00      1.651815523900252E+035
   11745.00      1.648915020966975E+035
   11760.00      1.648482149477079E+035
   11775.00      1.650373504355526E+035
   11790.00      1.653792444505891E+035
   11805.00      1.657470771457083E+035
   11820.00      1.660068145954180E+035
   11835.00      1.661124658161638E+035
   11850.00      1.660774274357507E+035
   11865.00      1.659974064485319E+035
   11880.00      1.659407635537231E+035
   11880.00      1.487068050247242E+035
   11895.00      1.487429968497843E+035
   11910.00      1.488746793430215E+035
   11925.00      1.491304550886657E+035
   11940.00      1.494924729455545E+035
   11955.00      1.499171682955159E+035
   11970.00      1.503146118841221E+035
   11985.00      1.505740529243497E+035
   12000.00      1.506159681571557E+035
   12015.00      1.504076752798560E+035
   12030.00      1.500116815579961E+035
   12045.00      1.494990780345371E+035
   12060.00      1.489734678327584E+035
   12075.00      1.484932084190527E+035
   12090.00      1.481285839566420E+035
   12105.00      1.479168501832207E+035
   12120.00      1.478886134602456E+035
   12135.00      1.480326485015348E+035
   12150.00      1.482894241265685E+035
   12165.00      1.485642582134587E+035
   12180.00      1.487577182417369E+035
   12195.00      1.488357728198734E+035
   12210.00      1.488090710083513E+035
   12225.00      1.487490819866617E+035
   12240.00      1.487068050247242E+035
   12240.00      1.319858250092006E+035
   12255.00      1.320095568416166E+035
   12270.00      1.320962752877760E+035
   12285.00      1.322647384239808E+035
   12300.00      1.325029874249928E+035
   12315.00      1.327823258875640E+035
   12330.00      1.330433220217920E+035
   12345.00      1.332130312467500E+035
   12360.00      1.332390449712243E+035
   12375.00      1.331001917144165E+035
   12390.00      1.328379351267390E+035
   12405.00      1.324994674407754E+035
   12420.00      1.321531540619697E+035
   12435.00      1.318374116421010E+035
   12450.00      1.315984588427099E+035
   12465.00      1.314606339543611E+035
   12480.00      1.314439287424996E+035
   12495.00      1.315406566409948E+035
   12510.00      1.317113559351056E+035
   12525.00      1.318933291470784E+035
   12540.00      1.320210403291378E+035
   12555.00      1.320721281118696E+035
   12570.00      1.320539839831134E+035
   12585.00      1.320139601036887E+035
   12600.00      1.319858250092006E+035
   12600.00      1.157567342033036E+035
   12615.00      1.157683800405358E+035
   12630.00      1.158111709897234E+035
   12645.00      1.158943397741476E+035
   12660.00      1.160119255779484E+035
   12675.00      1.161497532209851E+035
   12690.00      1.162784163424625E+035
   12705.00      1.163618904233638E+035
   12720.00      1.163742863771703E+035
   12735.00      1.163052577918952E+035
   12750.00      1.161753703691590E+035
   12765.00      1.160080415967133E+035
   12780.00      1.158370620113385E+035
   12795.00      1.156813934863847E+035
   12810.00      1.155638247058976E+035
   12825.00      1.154963096621782E+035
   12840.00      1.154886611798118E+035
   12855.00      1.155369917271125E+035
   12870.00      1.156217346317215E+035
   12885.00      1.157118305490852E+035
   12900.00      1.157749097040718E+035
   12915.00      1.157999583950433E+035
   12930.00      1.157907535637957E+035
   12945.00      1.157707676717001E+035
   12960.00      1.157567342033036E+035
