  0.0000000E+00  1.201433145752970E+036
   15.00000      1.153980492121946E+036
   30.00000      1.113418322532521E+036
   45.00000      1.086444587636023E+036
   60.00000      1.070919952100727E+036
   75.00000      1.064731108725996E+036
   90.00000      1.066989742090305E+036
   105.0000      1.077766692429089E+036
   120.0000      1.094554509101681E+036
   135.0000      1.114336109361700E+036
   150.0000      1.128312925723720E+036
   165.0000      1.132621466256545E+036
   180.0000      1.132328437823814E+036
   195.0000      1.129978957348950E+036
   210.0000      1.130595139673465E+036
   225.0000      1.140350201670235E+036
   240.0000      1.164542965247499E+036
   255.0000      1.203782405761231E+036
   270.0000      1.249637489898552E+036
   285.0000      1.283841925052178E+036
   300.0000      1.298507023040167E+036
   315.0000      1.293731341522899E+036
   330.0000      1.275517453303757E+036
   345.0000      1.245264692727683E+036
   360.0000      1.201433145752970E+036
   360.0000      1.180266146327264E+036
   375.0000      1.134834862273690E+036
   390.0000      1.096383941557956E+036
   405.0000      1.071151261734801E+036
   420.0000      1.056908560955950E+036
   435.0000      1.051771059636215E+036
   450.0000      1.055004345317120E+036
   465.0000      1.066387364923631E+036
   480.0000      1.083260395392193E+036
   495.0000      1.102455488791145E+036
   510.0000      1.115526118484428E+036
   525.0000      1.119279348193418E+036
   540.0000      1.118721029562933E+036
   555.0000      1.116317476788027E+036
   570.0000      1.117131017251404E+036
   585.0000      1.126993169531192E+036
   600.0000      1.150627515724458E+036
   615.0000      1.188089926413736E+036
   630.0000      1.230700520689915E+036
   645.0000      1.261583500186743E+036
   660.0000      1.274836191609091E+036
   675.0000      1.269562206965485E+036
   690.0000      1.251617594737895E+036
   705.0000      1.221954739215325E+036
   720.0000      1.180266146327264E+036
   720.0000      1.145028828239118E+036
   735.0000      1.102943690067075E+036
   750.0000      1.067992798797765E+036
   765.0000      1.045495819680742E+036
   780.0000      1.033333707391228E+036
   795.0000      1.029931436478681E+036
   810.0000      1.034638185794727E+036
   825.0000      1.046947639220966E+036
   840.0000      1.063855295966479E+036
   855.0000      1.082016194528140E+036
   870.0000      1.093617117901563E+036
   885.0000      1.096436779903864E+036
   900.0000      1.095400295370021E+036
   915.0000      1.092905604221008E+036
   930.0000      1.093968215329012E+036
   945.0000      1.103858009601341E+036
   960.0000      1.126417047313954E+036
   975.0000      1.160768604375700E+036
   990.0000      1.198536311256850E+036
   1005.000      1.225008186915498E+036
   1020.000      1.235924987441784E+036
   1035.000      1.229854598613321E+036
   1050.000      1.212245851112306E+036
   1065.000      1.183769627630179E+036
   1080.000      1.145028828239118E+036
   1080.000      1.101077431501318E+036
   1095.000      1.063242510350811E+036
   1110.000      1.032499485219593E+036
   1125.000      1.013276485905071E+036
   1140.000      1.003563484819626E+036
   1155.000      1.002235379697422E+036
   1170.000      1.008615274030715E+036
   1185.000      1.021831302496147E+036
   1200.000      1.038615262372614E+036
   1215.000      1.055352257782519E+036
   1230.000      1.065126808552474E+036
   1245.000      1.066839911574941E+036
   1260.000      1.065222468351312E+036
   1275.000      1.062633586734681E+036
   1290.000      1.063910154114799E+036
   1305.000      1.073621583537662E+036
   1320.000      1.094613745289039E+036
   1335.000      1.125237585837341E+036
   1350.000      1.157312270149060E+036
   1365.000      1.179454609317787E+036
   1380.000      1.187651397918958E+036
   1395.000      1.180726652161504E+036
   1410.000      1.163543066319261E+036
   1425.000      1.136610342080950E+036
   1440.000      1.101077431501318E+036
   1440.000      1.052505596412645E+036
   1455.000      1.019300398493986E+036
   1470.000      9.929869209673468E+035
   1485.000      9.771665581032713E+035
   1500.000      9.699991505293099E+035
   1515.000      9.708135904068870E+035
   1530.000      9.788156726489890E+035
   1545.000      9.927500595101091E+035
   1560.000      1.009108353165291E+036
   1575.000      1.024121830010727E+036
   1590.000      1.031926151010559E+036
   1605.000      1.032518593237671E+036
   1620.000      1.030324080403840E+036
   1635.000      1.027632832163908E+036
   1650.000      1.029016341071108E+036
   1665.000      1.038267875375555E+036
   1680.000      1.057332057592774E+036
   1695.000      1.084055547117591E+036
   1710.000      1.110570149902362E+036
   1725.000      1.128563494186175E+036
   1740.000      1.134095168579810E+036
   1755.000      1.126467919950384E+036
   1770.000      1.109868652346567E+036
   1785.000      1.084696983309085E+036
   1800.000      1.052505596412645E+036
   1800.000      1.002226419669783E+036
   1815.000      9.735964651725308E+035
   1830.000      9.515860992713362E+035
   1845.000      9.390292382567275E+035
   1860.000      9.343090416474632E+035
   1875.000      9.371115802563872E+035
   1890.000      9.465148706637526E+035
   1905.000      9.608633509617425E+035
   1920.000      9.764752935758174E+035
   1935.000      9.895918918401185E+035
   1950.000      9.954737039783716E+035
   1965.000      9.950202541787804E+035
   1980.000      9.922808105906671E+035
   1995.000      9.894719951538368E+035
   2010.000      9.908195777545400E+035
   2025.000      9.993511151484255E+035
   2040.000      1.016287179637947E+036
   2055.000      1.039056167174695E+036
   2070.000      1.060709783951474E+036
   2085.000      1.074908607143764E+036
   2100.000      1.078120009923825E+036
   2115.000      1.070078951491631E+036
   2130.000      1.054264009588833E+036
   2145.000      1.031004753744562E+036
   2160.000      1.002226419669783E+036
   2160.000      9.521270012428441E+035
   2175.000      9.277610366957959E+035
   2190.000      9.097111309889436E+035
   2205.000      9.000833086608647E+035
   2220.000      8.975751416517330E+035
   2235.000      9.021012538812423E+035
   2250.000      9.125768029144778E+035
   2265.000      9.270000868995847E+035
   2280.000      9.415918004512195E+035
   2295.000      9.527836651413198E+035
   2310.000      9.568970491073308E+035
   2325.000      9.555283942384629E+035
   2340.000      9.522958188090226E+035
   2355.000      9.493448854378313E+035
   2370.000      9.505086685106979E+035
   2385.000      9.581218069390196E+035
   2400.000      9.729086972110249E+035
   2415.000      9.918946802345492E+035
   2430.000      1.009390144556579E+036
   2445.000      1.020332592914146E+036
   2460.000      1.021729006075255E+036
   2475.000      1.013615553648926E+036
   2490.000      9.987796535875843E+035
   2505.000      9.775295685754069E+035
   2520.000      9.521270012428441E+035
   2520.000      9.033415802569886E+035
   2535.000      8.827877919871228E+035
   2550.000      8.682195745766137E+035
   2565.000      8.611004258756581E+035
   2580.000      8.604951767865947E+035
   2595.000      8.664197942457679E+035
   2610.000      8.776140128685234E+035
   2625.000      8.917964684755634E+035
   2640.000      9.051879844424483E+035
   2655.000      9.145244513944069E+035
   2670.000      9.170967830157317E+035
   2685.000      9.149619099862368E+035
   2700.000      9.112876726194328E+035
   2715.000      9.081762884337309E+035
   2730.000      9.090242574832896E+035
   2745.000      9.156291795703842E+035
   2760.000      9.282288993975035E+035
   2775.000      9.438151236162699E+035
   2790.000      9.578443066084724E+035
   2805.000      9.661562040104255E+035
   2820.000      9.662888256701060E+035
   2835.000      9.584257354920553E+035
   2850.000      9.447214954793112E+035
   2865.000      9.255184303569842E+035
   2880.000      9.033415802569886E+035
   2880.000      8.564726256421474E+035
   2895.000      8.392538695189114E+035
   2910.000      8.276095189408375E+035
   2925.000      8.225646959135784E+035
   2940.000      8.235119825342194E+035
   2955.000      8.304942470301095E+035
   2970.000      8.420698275420835E+035
   2985.000      8.557568584136769E+035
   3000.000      8.678655549747788E+035
   3015.000      8.754995463891100E+035
   3030.000      8.767873276873923E+035
   3045.000      8.740341752450399E+035
   3060.000      8.699774779907545E+035
   3075.000      8.666839705885832E+035
   3090.000      8.671382489173168E+035
   3105.000      8.726537785597106E+035
   3120.000      8.831190079764753E+035
   3135.000      8.957595850797199E+035
   3150.000      9.069900350873422E+035
   3165.000      9.133000403483672E+035
   3180.000      9.126806707712001E+035
   3195.000      9.053262376653725E+035
   3210.000      8.928466725792969E+035
   3225.000      8.756667777666921E+035
   3240.000      8.564726256421474E+035
   3240.000      8.117731510861377E+035
   3255.000      7.974164696375572E+035
   3270.000      7.881423777680584E+035
   3285.000      7.847522260444776E+035
   3300.000      7.869123281296045E+035
   3315.000      7.946272268770652E+035
   3330.000      8.062917056262244E+035
   3345.000      8.193030865418074E+035
   3360.000      8.301308596015279E+035
   3375.000      8.362645806630840E+035
   3390.000      8.365241759537513E+035
   3405.000      8.332813793115788E+035
   3420.000      8.289067850074688E+035
   3435.000      8.254331215700779E+035
   3450.000      8.254145720517967E+035
   3465.000      8.297857287656211E+035
   3480.000      8.382606418432058E+035
   3495.000      8.484412805551370E+035
   3510.000      8.574844117766635E+035
   3525.000      8.623627466771514E+035
   3540.000      8.614136911734333E+035
   3555.000      8.547434570771734E+035
   3570.000      8.435206480358016E+035
   3585.000      8.282833621217471E+035
   3600.000      8.117731510861377E+035
   3600.000      7.692772599803217E+035
   3615.000      7.573231122582639E+035
   3630.000      7.499434780570916E+035
   3645.000      7.478321971259255E+035
   3660.000      7.508938281529165E+035
   3675.000      7.590460716047487E+035
   3690.000      7.705658486916966E+035
   3705.000      7.827920573444996E+035
   3720.000      7.924073822352863E+035
   3735.000      7.972644519872721E+035
   3750.000      7.967218778227305E+035
   3765.000      7.931049274730469E+035
   3780.000      7.884851823187222E+035
   3795.000      7.848083235828440E+035
   3810.000      7.842442964252281E+035
   3825.000      7.874803600014898E+035
   3840.000      7.941843409947590E+035
   3855.000      8.023769174902969E+035
   3870.000      8.097644173292519E+035
   3885.000      8.136876339812490E+035
   3900.000      8.127230601618781E+035
   3915.000      8.068319495660649E+035
   3930.000      7.968458133351420E+035
   3945.000      7.834255969076977E+035
   3960.000      7.692772599803217E+035
   3960.000      7.288948004472833E+035
   3975.000      7.189223673046196E+035
   3990.000      7.130569048632687E+035
   4005.000      7.119057284987397E+035
   4020.000      7.155950643326972E+035
   4035.000      7.239386544062954E+035
   4050.000      7.351365028186352E+035
   4065.000      7.465283859546346E+035
   4080.000      7.550327456492587E+035
   4095.000      7.588336408438125E+035
   4110.000      7.576838478920497E+035
   4125.000      7.537982503086780E+035
   4140.000      7.489693482176544E+035
   4155.000      7.450599690619201E+035
   4170.000      7.439203775281182E+035
   4185.000      7.460898676483999E+035
   4200.000      7.512806494326309E+035
   4215.000      7.579116668123066E+035
   4230.000      7.640840599827496E+035
   4245.000      7.674233318072270E+035
   4260.000      7.666560536875921E+035
   4275.000      7.615705136754912E+035
   4290.000      7.527616843727635E+035
   4305.000      7.410017192876972E+035
   4320.000      7.288948004472833E+035
   4320.000      6.904799258605774E+035
   4335.000      6.821236791114456E+035
   4350.000      6.774516107818387E+035
   4365.000      6.770300338751114E+035
   4380.000      6.811161833629409E+035
   4395.000      6.894522603827411E+035
   4410.000      7.002025243216975E+035
   4425.000      7.107548560964575E+035
   4440.000      7.182677167420133E+035
   4455.000      7.212138598811627E+035
   4470.000      7.196215360524441E+035
   4485.000      7.155267132210135E+035
   4500.000      7.105120286581400E+035
   4515.000      7.063610958761029E+035
   4530.000      7.046590309332402E+035
   4545.000      7.058754045428731E+035
   4560.000      7.098178931823213E+035
   4575.000      7.152519413489286E+035
   4590.000      7.205573333165635E+035
   4605.000      7.235819481801751E+035
   4620.000      7.231323453103006E+035
   4635.000      7.188318231117904E+035
   4650.000      7.111158718510413E+035
   4665.000      7.008467582659594E+035
   4680.000      6.904799258605774E+035
   4680.000      6.538678567880712E+035
   4695.000      6.468213276018665E+035
   4710.000      6.430825843424763E+035
   4725.000      6.432026731704384E+035
   4740.000      6.475221763213809E+035
   4755.000      6.557008122184212E+035
   4770.000      6.659209342137678E+035
   4785.000      6.756573977289867E+035
   4800.000      6.823018144271105E+035
   4815.000      6.845613197693092E+035
   4830.000      6.826368940925073E+035
   4845.000      6.783786606022312E+035
   4860.000      6.732079461915598E+035
   4875.000      6.688287374202680E+035
   4890.000      6.666119486093821E+035
   4905.000      6.670139104530920E+035
   4920.000      6.699576085384882E+035
   4935.000      6.744921488618915E+035
   4950.000      6.791932446680743E+035
   4965.000      6.820843882648247E+035
   4980.000      6.820045256577504E+035
   4995.000      6.784367518421403E+035
   5010.000      6.717154271924932E+035
   5025.000      6.627658819523720E+035
   5040.000      6.538678567880712E+035
   5040.000      6.188973605172875E+035
   5055.000      6.129101720320595E+035
   5070.000      6.098987146525250E+035
   5085.000      6.104103066686762E+035
   5100.000      6.148320681508465E+035
   5115.000      6.227520573230461E+035
   5130.000      6.323993131207962E+035
   5145.000      6.413595256210619E+035
   5160.000      6.472439946213868E+035
   5175.000      6.489496038481099E+035
   5190.000      6.467787254375357E+035
   5205.000      6.423999969572642E+035
   5220.000      6.371108138452904E+035
   5235.000      6.325352050199982E+035
   5250.000      6.298752009388839E+035
   5265.000      6.296096854739181E+035
   5280.000      6.317753798408461E+035
   5295.000      6.356435651142408E+035
   5310.000      6.399295341858157E+035
   5325.000      6.427978006317483E+035
   5340.000      6.430918762105320E+035
   5355.000      6.401867146295749E+035
   5370.000      6.343569085207584E+035
   5385.000      6.265628192625473E+035
   5400.000      6.188973605172875E+035
   5400.000      5.854233665627388E+035
   5415.000      5.802947133981386E+035
   5430.000      5.778497817586448E+035
   5445.000      5.786348214597117E+035
   5460.000      5.830557847312375E+035
   5475.000      5.906454211447750E+035
   5490.000      5.997009823617164E+035
   5505.000      6.079327418535481E+035
   5520.000      6.131548802836390E+035
   5535.000      6.144151094400484E+035
   5550.000      6.120666062909261E+035
   5565.000      6.076096444759621E+035
   5580.000      6.022457774306560E+035
   5595.000      5.975190493789657E+035
   5610.000      5.945006160747925E+035
   5625.000      5.937103823655338E+035
   5640.000      5.952845836645640E+035
   5655.000      5.986628703424625E+035
   5670.000      6.026632106799834E+035
   5685.000      6.055661848289675E+035
   5700.000      6.062074592608952E+035
   5715.000      6.038870157663909E+035
   5730.000      5.988469364812750E+035
   5745.000      5.920569499222333E+035
   5760.000      5.854233665627388E+035
   5760.000      5.533200918092360E+035
   5775.000      5.488909634834235E+035
   5790.000      5.468883897463002E+035
   5805.000      5.478551787569250E+035
   5820.000      5.521964906825303E+035
   5835.000      5.594071920860462E+035
   5850.000      5.678685741829720E+035
   5865.000      5.754221514219649E+035
   5880.000      5.800673375113595E+035
   5895.000      5.809702737246962E+035
   5910.000      5.785006720663074E+035
   5925.000      5.740075910041514E+035
   5940.000      5.686166845734310E+035
   5955.000      5.637922415590068E+035
   5970.000      5.605047358737252E+035
   5985.000      5.593204884484315E+035
   6000.000      5.604550927070523E+035
   6015.000      5.634727076329266E+035
   6030.000      5.672707246797106E+035
   6045.000      5.702284870938815E+035
   6060.000      5.711723112940403E+035
   6075.000      5.693577261059495E+035
   6090.000      5.650108307562403E+035
   6105.000      5.590891944895208E+035
   6120.000      5.533200918092360E+035
   6120.000      5.224799366140526E+035
   6135.000      5.186254544315910E+035
   6150.000      5.169699331048230E+035
   6165.000      5.180479844854891E+035
   6180.000      5.222509217012323E+035
   6195.000      5.290522250273225E+035
   6210.000      5.369278021535582E+035
   6225.000      5.438523576500791E+035
   6240.000      5.479936140389822E+035
   6255.000      5.486104762447316E+035
   6270.000      5.460673179155923E+035
   6285.000      5.415797963625132E+035
   6300.000      5.362109490525168E+035
   6315.000      5.313457118756915E+035
   6330.000      5.278766292823950E+035
   6345.000      5.264128874043859E+035
   6360.000      5.272279055820831E+035
   6375.000      5.299763680180512E+035
   6390.000      5.336210703190583E+035
   6405.000      5.366287474398700E+035
   6420.000      5.378218743316233E+035
   6435.000      5.364375683699688E+035
   6450.000      5.326948555328753E+035
   6465.000      5.275223280513876E+035
   6480.000      5.224799366140526E+035
   6480.000      4.928110588652580E+035
   6495.000      4.894336026787285E+035
   6510.000      4.880522256433362E+035
   6525.000      4.891878888964757E+035
   6540.000      4.932100186736135E+035
   6555.000      4.995852129994814E+035
   6570.000      5.068901232067128E+035
   6585.000      5.132317019585976E+035
   6600.000      5.169306406575702E+035
   6615.000      5.173191375803108E+035
   6630.000      5.147432801541454E+035
   6645.000      5.103019076093554E+035
   6660.000      5.050035715967871E+035
   6675.000      5.001543575861232E+035
   6690.000      4.965850876518962E+035
   6705.000      4.949388045160719E+035
   6720.000      4.955265844432606E+035
   6735.000      4.980683124951958E+035
   6750.000      5.015842172669054E+035
   6765.000      5.046215490469877E+035
   6780.000      5.060083986529808E+035
   6795.000      5.049844774455044E+035
   6810.000      5.017655983943063E+035
   6825.000      4.972390691500447E+035
   6840.000      4.928110588652580E+035
   6840.000      4.642346599789623E+035
   6855.000      4.612580478663448E+035
   6870.000      4.600951048469389E+035
   6885.000      4.612479573268569E+035
   6900.000      4.650597364923758E+035
   6915.000      4.710022334405246E+035
   6930.000      4.777554530343161E+035
   6945.000      4.835560385598312E+035
   6960.000      4.868642747531660E+035
   6975.000      4.870714745422637E+035
   6990.000      4.844986114469815E+035
   7005.000      4.801421466438507E+035
   7020.000      4.749604880202440E+035
   7035.000      4.701814035870330E+035
   7050.000      4.665847975578123E+035
   7065.000      4.648357784235852E+035
   7080.000      4.652656640905777E+035
   7095.000      4.676412576234377E+035
   7110.000      4.710361118636939E+035
   7125.000      4.740743829714702E+035
   7140.000      4.756009901233633E+035
   7155.000      4.748743970540808E+035
   7170.000      4.721079593884762E+035
   7185.000      4.681393142707388E+035
   7200.000      4.642346599789623E+035
   7200.000      4.366824705356778E+035
   7215.000      4.340472078974918E+035
   7230.000      4.330601115893902E+035
   7245.000      4.342000420699018E+035
   7260.000      4.377819248095106E+035
   7275.000      4.432923558486480E+035
   7290.000      4.495146873213584E+035
   7305.000      4.548119228000938E+035
   7320.000      4.577725953117738E+035
   7335.000      4.578372278763421E+035
   7350.000      4.552988520806414E+035
   7365.000      4.510635563538939E+035
   7380.000      4.460412945922530E+035
   7395.000      4.413820342436360E+035
   7410.000      4.378213333030403E+035
   7425.000      4.360336899206892E+035
   7440.000      4.363564927522760E+035
   7455.000      4.385906320495236E+035
   7470.000      4.418612616369560E+035
   7485.000      4.448681216964527E+035
   7500.000      4.464844351069671E+035
   7515.000      4.459993083856521E+035
   7530.000      4.436226610272766E+035
   7545.000      4.401372617575796E+035
   7560.000      4.366824705356778E+035
   7560.000      4.100947304838982E+035
   7575.000      4.077542287482339E+035
   7590.000      4.069103730960680E+035
   7605.000      4.080152540286451E+035
   7620.000      4.113553063898612E+035
   7635.000      4.164392734284936E+035
   7650.000      4.221520151366061E+035
   7665.000      4.269793172485294E+035
   7680.000      4.296285244657095E+035
   7695.000      4.295827638443485E+035
   7710.000      4.271067594904152E+035
   7725.000      4.230258761550513E+035
   7740.000      4.182015446878538E+035
   7755.000      4.137064150445096E+035
   7770.000      4.102351142253990E+035
   7785.000      4.084592124090661E+035
   7800.000      4.087111976391135E+035
   7815.000      4.108172742913634E+035
   7830.000      4.139538938312347E+035
   7845.000      4.168965612452413E+035
   7860.000      4.185576202642152E+035
   7875.000      4.182651625022925E+035
   7890.000      4.162238726534723E+035
   7905.000      4.131589046477018E+035
   7920.000      4.100947304838982E+035
   7920.000      3.844184764730562E+035
   7935.000      3.823360935125849E+035
   7950.000      3.816104539511097E+035
   7965.000      3.826642985718679E+035
   7980.000      3.857562773259679E+035
   7995.000      3.904226509636046E+035
   8010.000      3.956467596603221E+035
   8025.000      4.000336391773823E+035
   8040.000      4.024016980294955E+035
   8055.000      4.022725054793526E+035
   8070.000      3.998835129309434E+035
   8085.000      3.959869135780513E+035
   8100.000      3.913944676771204E+035
   8115.000      3.871019582574962E+035
   8130.000      3.837642667182370E+035
   8145.000      3.820388108015318E+035
   8160.000      3.822450769486092E+035
   8175.000      3.842287400696868E+035
   8190.000      3.872180408845748E+035
   8205.000      3.900653289951218E+035
   8220.000      3.917317129012322E+035
   8235.000      3.915897867170651E+035
   8250.000      3.898369533014428E+035
   8265.000      3.871398041798676E+035
   8280.000      3.844184764730562E+035
   8280.000      3.596062859502722E+035
   8295.000      3.577530344072703E+035
   8310.000      3.571263450556060E+035
   8325.000      3.581178579602766E+035
   8340.000      3.609596918178010E+035
   8355.000      3.652193559914342E+035
   8370.000      3.699749518428152E+035
   8385.000      3.739474258513190E+035
   8400.000      3.760599301841639E+035
   8415.000      3.758700533533626E+035
   8430.000      3.735897024464130E+035
   8445.000      3.699036884742417E+035
   8460.000      3.655723763022090E+035
   8475.000      3.615151193183240E+035
   8490.000      3.583467590826391E+035
   8505.000      3.567008002209004E+035
   8520.000      3.568780518519418E+035
   8535.000      3.587398722178756E+035
   8550.000      3.615671739213191E+035
   8565.000      3.642906829524519E+035
   8580.000      3.659285102102663E+035
   8595.000      3.659010959884825E+035
   8610.000      3.643965972118715E+035
   8625.000      3.620233496928422E+035
   8640.000      3.596062859502722E+035
   8640.000      3.356152703339291E+035
   8655.000      3.339680542382085E+035
   8670.000      3.334254264946317E+035
   8685.000      3.343468697656442E+035
   8700.000      3.369394775739283E+035
   8715.000      3.408044243720723E+035
   8730.000      3.451105277946621E+035
   8745.000      3.486915528220214E+035
   8760.000      3.505702388722394E+035
   8775.000      3.503389516127930E+035
   8790.000      3.481860270244363E+035
   8805.000      3.447332656625895E+035
   8820.000      3.406876905109270E+035
   8835.000      3.368926917935008E+035
   8850.000      3.339218589281142E+035
   8865.000      3.323765953885899E+035
   8880.000      3.325353600132642E+035
   8895.000      3.342727946666215E+035
   8910.000      3.369235013541013E+035
   8925.000      3.394982401613750E+035
   8940.000      3.410789052026913E+035
   8955.000      3.411355071977883E+035
   8970.000      3.398452418993819E+035
   8985.000      3.377593232193178E+035
   9000.000      3.356152703339291E+035
   9000.000      3.124062928485653E+035
   9015.000      3.109465582762390E+035
   9030.000      3.104764345505449E+035
   9045.000      3.113227450251309E+035
   9060.000      3.136691284546201E+035
   9075.000      3.171518217768389E+035
   9090.000      3.210262433037205E+035
   9105.000      3.242361298784786E+035
   9120.000      3.258995715510795E+035
   9135.000      3.256432227513932E+035
   9150.000      3.236337999009873E+035
   9165.000      3.204333664804909E+035
   9180.000      3.166936783247087E+035
   9195.000      3.131826970770476E+035
   9210.000      3.104310623800627E+035
   9225.000      3.090014134331414E+035
   9240.000      3.091477811114266E+035
   9255.000      3.107565971007729E+035
   9270.000      3.132171412336842E+035
   9285.000      3.156217691322245E+035
   9300.000      3.171215401055896E+035
   9315.000      3.172365901559854E+035
   9330.000      3.161317516429234E+035
   9345.000      3.143027537758582E+035
   9360.000      3.124062928485653E+035
   9360.000      2.899433740004142E+035
   9375.000      2.886560787817413E+035
   9390.000      2.882494393475905E+035
   9405.000      2.890175434480224E+035
   9420.000      2.911220990588175E+035
   9435.000      2.942350375029860E+035
   9450.000      2.976943616797886E+035
   9465.000      3.005511501181763E+035
   9480.000      3.020153126469444E+035
   9495.000      3.017477406327760E+035
   9510.000      2.998953173489542E+035
   9525.000      2.969628197891543E+035
   9540.000      2.935449924086354E+035
   9555.000      2.903349459145292E+035
   9570.000      2.878185830453307E+035
   9585.000      2.865146158630516E+035
   9600.000      2.866515797734844E+035
   9615.000      2.881268618492404E+035
   9630.000      2.903852789107999E+035
   9645.000      2.926021015345534E+035
   9660.000      2.940016575527038E+035
   9675.000      2.941539465818137E+035
   9690.000      2.932103519858260E+035
   9705.000      2.916130192720474E+035
   9720.000      2.899433740004142E+035
   9720.000      2.681932108085187E+035
   9735.000      2.670660405146890E+035
   9750.000      2.667158004854701E+035
   9765.000      2.674040820153311E+035
   9780.000      2.692720814014418E+035
   9795.000      2.720275018002841E+035
   9810.000      2.750871233181223E+035
   9825.000      2.776069102008799E+035
   9840.000      2.788855892431436E+035
   9855.000      2.786184462661645E+035
   9870.000      2.769340841725799E+035
   9885.000      2.742818512832200E+035
   9900.000      2.711980136445592E+035
   9915.000      2.683014772260843E+035
   9930.000      2.660317594933035E+035
   9945.000      2.648597809055737E+035
   9960.000      2.649882490000274E+035
   9975.000      2.663250893496201E+035
   9990.000      2.683713267339363E+035
   10005.00      2.703861386413189E+035
   10020.00      2.716700947644092E+035
   10035.00      2.718422495289435E+035
   10050.00      2.710397371976749E+035
   10065.00      2.696531153626093E+035
   10080.00      2.681932108085187E+035
   10080.00      2.471248674474083E+035
   10095.00      2.461476355883603E+035
   10110.00      2.458481900408875E+035
   10125.00      2.464560901828382E+035
   10140.00      2.480933078061462E+035
   10155.00      2.505030084471500E+035
   10170.00      2.531772087811402E+035
   10185.00      2.553744317334709E+035
   10200.00      2.564796004521407E+035
   10215.00      2.562226053448835E+035
   10230.00      2.547150710599069E+035
   10245.00      2.523523690382790E+035
   10260.00      2.496111508743790E+035
   10275.00      2.470368725715191E+035
   10290.00      2.450212631825424E+035
   10305.00      2.439846935262592E+035
   10320.00      2.441042482069638E+035
   10335.00      2.452982112032143E+035
   10350.00      2.471242632177511E+035
   10365.00      2.489261088189616E+035
   10380.00      2.500825551510264E+035
   10395.00      2.502605559911090E+035
   10410.00      2.495824394648208E+035
   10425.00      2.483891535540855E+035
   10440.00      2.471248674474083E+035
   10440.00      2.267094820173702E+035
   10455.00      2.258736725203488E+035
   10470.00      2.256205524974888E+035
   10485.00      2.261482678451405E+035
   10500.00      2.275607153301436E+035
   10515.00      2.296359560362596E+035
   10530.00      2.319379947437939E+035
   10545.00      2.338256728246442E+035
   10560.00      2.347677575373687E+035
   10575.00      2.345289028749962E+035
   10590.00      2.332048185434304E+035
   10605.00      2.311380886079021E+035
   10620.00      2.287449696298539E+035
   10635.00      2.264983487435158E+035
   10650.00      2.247410835862184E+035
   10665.00      2.238411690161982E+035
   10680.00      2.239506247194309E+035
   10695.00      2.249980398165156E+035
   10710.00      2.265979611622182E+035
   10725.00      2.281788532110148E+035
   10740.00      2.291989232719752E+035
   10755.00      2.293716699744047E+035
   10770.00      2.288042568539043E+035
   10785.00      2.277899091957626E+035
   10800.00      2.267094820173702E+035
   10800.00      2.069200492195896E+035
   10815.00      2.062184681814423E+035
   10830.00      2.060080809354976E+035
   10845.00      2.064563372711735E+035
   10860.00      2.076500762957558E+035
   10875.00      2.094015288759320E+035
   10890.00      2.113437360569105E+035
   10905.00      2.129336567681846E+035
   10920.00      2.137217576758430E+035
   10935.00      2.135074873023848E+035
   10950.00      2.123714907740548E+035
   10965.00      2.106045988279557E+035
   10980.00      2.085622514144743E+035
   10995.00      2.066457808240033E+035
   11010.00      2.051484504880468E+035
   11025.00      2.043848256602100E+035
   11040.00      2.044826273254472E+035
   11055.00      2.053807550415818E+035
   11070.00      2.067505921948182E+035
   11085.00      2.081052271490322E+035
   11100.00      2.089827046218099E+035
   11115.00      2.091416310453777E+035
   11130.00      2.086738034368017E+035
   11145.00      2.078264763783172E+035
   11160.00      2.069200492195896E+035
   11160.00      1.877311633926750E+035
   11175.00      1.871576743167546E+035
   11190.00      1.869871073281456E+035
   11205.00      1.873569913607821E+035
   11220.00      1.883380041817428E+035
   11235.00      1.897757351194553E+035
   11250.00      1.913695969972472E+035
   11265.00      1.926724678735729E+035
   11280.00      1.933145366291277E+035
   11295.00      1.931299027064211E+035
   11310.00      1.921848156970061E+035
   11325.00      1.907192967136455E+035
   11340.00      1.890279151208306E+035
   11355.00      1.874415858529977E+035
   11370.00      1.862036256283504E+035
   11385.00      1.855747494260618E+035
   11400.00      1.856592588987873E+035
   11415.00      1.864063659602802E+035
   11430.00      1.875440368596998E+035
   11445.00      1.886695109109368E+035
   11460.00      1.894004817898883E+035
   11475.00      1.895392189473492E+035
   11490.00      1.891620636903258E+035
   11505.00      1.884719095295714E+035
   11520.00      1.877311633926750E+035
   11520.00      1.691188562533826E+035
   11535.00      1.686681753702526E+035
   11550.00      1.685350449051282E+035
   11565.00      1.688278779127294E+035
   11580.00      1.696019801409713E+035
   11595.00      1.707354543001953E+035
   11610.00      1.719916907457707E+035
   11625.00      1.730173218723269E+035
   11640.00      1.735203072067967E+035
   11655.00      1.733691125597704E+035
   11670.00      1.726161117271146E+035
   11685.00      1.714514134879866E+035
   11700.00      1.701090231812736E+035
   11715.00      1.688506881426463E+035
   11730.00      1.678697871727665E+035
   11745.00      1.673732782719079E+035
   11760.00      1.674429684286240E+035
   11775.00      1.680383411380728E+035
   11790.00      1.689434859813391E+035
   11805.00      1.698389634499780E+035
   11820.00      1.704214985077135E+035
   11835.00      1.705355760011348E+035
   11850.00      1.702420750503162E+035
   11865.00      1.697009827362200E+035
   11880.00      1.691188562533826E+035
   11880.00      1.510604494352646E+035
   11895.00      1.507279922409010E+035
   11910.00      1.506303315969488E+035
   11925.00      1.508475788540420E+035
   11940.00      1.514203635284136E+035
   11955.00      1.522584588557431E+035
   11970.00      1.531870897349704E+035
   11985.00      1.539444890888854E+035
   12000.00      1.543144593744366E+035
   12015.00      1.541993917884402E+035
   12030.00      1.536381811428414E+035
   12045.00      1.527719415983742E+035
   12060.00      1.517746892319220E+035
   12075.00      1.508403895081019E+035
   12090.00      1.501128306415493E+035
   12105.00      1.497457209488644E+035
   12120.00      1.497992568140564E+035
   12135.00      1.502431612138720E+035
   12150.00      1.509169699578070E+035
   12165.00      1.515834272396267E+035
   12180.00      1.520173020169016E+035
   12195.00      1.521038870714307E+035
   12210.00      1.518886526961632E+035
   12225.00      1.514899777902622E+035
   12240.00      1.510604494352646E+035
   12240.00      1.335344687653057E+035
   12255.00      1.333162336047487E+035
   12270.00      1.332524098162578E+035
   12285.00      1.333956163530751E+035
   12300.00      1.337724209600366E+035
   12315.00      1.343234501699577E+035
   12330.00      1.349338515993034E+035
   12345.00      1.354313008214414E+035
   12360.00      1.356735479278185E+035
   12375.00      1.355963072025730E+035
   12390.00      1.352252910521925E+035
   12405.00      1.346535659649139E+035
   12420.00      1.339959868495680E+035
   12435.00      1.333802384347578E+035
   12450.00      1.329011734611778E+035
   12465.00      1.326600905296242E+035
   12480.00      1.326963967337491E+035
   12495.00      1.329900100765397E+035
   12510.00      1.334350460372599E+035
   12525.00      1.338750372685878E+035
   12540.00      1.341614872264952E+035
   12555.00      1.342191574760745E+035
   12570.00      1.340782048972187E+035
   12585.00      1.338165492679843E+035
   12600.00      1.335344687653057E+035
   12600.00      1.165205561005541E+035
   12615.00      1.164130351959401E+035
   12630.00      1.163816861051025E+035
   12645.00      1.164524310196053E+035
   12660.00      1.166383199275882E+035
   12675.00      1.169100547986991E+035
   12690.00      1.172110057487237E+035
   12705.00      1.174561318857014E+035
   12720.00      1.175752605579138E+035
   12735.00      1.175366786329794E+035
   12750.00      1.173531300029351E+035
   12765.00      1.170706055118021E+035
   12780.00      1.167458677984382E+035
   12795.00      1.164419127793208E+035
   12810.00      1.162055861515577E+035
   12825.00      1.160868838742934E+035
   12840.00      1.161051768447189E+035
   12855.00      1.162505002417697E+035
   12870.00      1.164705250672436E+035
   12885.00      1.166879570682166E+035
   12900.00      1.168294626242681E+035
   12915.00      1.168580091053705E+035
   12930.00      1.167885641387549E+035
   12945.00      1.166595979902353E+035
   12960.00      1.165205561005541E+035
