  0.0000000E+00  0.305285215377808     
   15.00000      0.308994591236115     
   30.00000      0.312657117843628     
   45.00000      0.315934389829636     
   60.00000      0.318663567304611     
   75.00000      0.321365594863892     
   90.00000      0.324164241552353     
   105.0000      0.326718151569366     
   120.0000      0.329064726829529     
   135.0000      0.330218821763992     
   150.0000      0.330316811800003     
   165.0000      0.329533159732819     
   180.0000      0.327275365591049     
   195.0000      0.323884665966034     
   210.0000      0.320261210203171     
   225.0000      0.315573334693909     
   240.0000      0.310399442911148     
   255.0000      0.306299030780792     
   270.0000      0.302153557538986     
   285.0000      0.300108850002289     
   300.0000      0.299276471138000     
   315.0000      0.299100726842880     
   330.0000      0.300422847270966     
   345.0000      0.302360594272614     
   360.0000      0.305285215377808     
   360.0000      0.304312318563461     
   375.0000      0.308028191328049     
   390.0000      0.311710089445114     
   405.0000      0.314997702836990     
   420.0000      0.317735224962234     
   435.0000      0.320435553789139     
   450.0000      0.323209077119827     
   465.0000      0.325737118721008     
   480.0000      0.328063249588013     
   495.0000      0.329226166009903     
   510.0000      0.329345315694809     
   525.0000      0.328581899404526     
   540.0000      0.326326698064804     
   555.0000      0.322937548160553     
   570.0000      0.319262444972992     
   585.0000      0.314470887184143     
   600.0000      0.309231638908386     
   615.0000      0.305135101079941     
   630.0000      0.301395028829575     
   645.0000      0.299557626247406     
   660.0000      0.298732131719589     
   675.0000      0.298570483922958     
   690.0000      0.299512237310410     
   705.0000      0.301372170448303     
   720.0000      0.304312318563461     
   720.0000      0.302086353302002     
   735.0000      0.305743634700775     
   750.0000      0.309411704540253     
   765.0000      0.312690854072571     
   780.0000      0.315436869859695     
   795.0000      0.318126946687698     
   810.0000      0.320867747068405     
   825.0000      0.323359131813049     
   840.0000      0.325664430856705     
   855.0000      0.326854020357132     
   870.0000      0.327018886804581     
   885.0000      0.326318114995956     
   900.0000      0.324131697416306     
   915.0000      0.320794582366943     
   930.0000      0.317080169916153     
   945.0000      0.312211185693741     
   960.0000      0.306968152523041     
   975.0000      0.303020834922791     
   990.0000      0.299897283315659     
   1005.000      0.298189014196396     
   1020.000      0.297356575727463     
   1035.000      0.297171920537949     
   1050.000      0.297736674547195     
   1065.000      0.299241513013840     
   1080.000      0.302086353302002     
   1080.000      0.299259066581726     
   1095.000      0.302742183208466     
   1110.000      0.306317806243896     
   1125.000      0.309567809104919     
   1140.000      0.312312275171280     
   1155.000      0.314986228942871     
   1170.000      0.317692697048187     
   1185.000      0.320142567157745     
   1200.000      0.322423547506332     
   1215.000      0.323662400245667     
   1230.000      0.323908567428589     
   1245.000      0.323313862085342     
   1260.000      0.321276962757111     
   1275.000      0.318054437637329     
   1290.000      0.314366459846497     
   1305.000      0.309522509574890     
   1320.000      0.304456710815430     
   1335.000      0.300869345664978     
   1350.000      0.298191845417023     
   1365.000      0.296572029590607     
   1380.000      0.295711308717728     
   1395.000      0.295462191104889     
   1410.000      0.295741856098175     
   1425.000      0.296716630458832     
   1440.000      0.299259066581726     
   1440.000      0.296260595321655     
   1455.000      0.299419492483139     
   1470.000      0.302796900272369     
   1485.000      0.305973768234253     
   1500.000      0.308710485696793     
   1515.000      0.311354130506516     
   1530.000      0.314024120569229     
   1545.000      0.316430956125259     
   1560.000      0.318687796592712     
   1575.000      0.320002615451813     
   1590.000      0.320364981889725     
   1605.000      0.319921731948853     
   1620.000      0.318106472492218     
   1635.000      0.315087497234344     
   1650.000      0.311527132987976     
   1665.000      0.306862175464630     
   1680.000      0.302187591791153     
   1695.000      0.298964351415634     
   1710.000      0.296559900045395     
   1725.000      0.294988721609116     
   1740.000      0.294074773788452     
   1755.000      0.293724238872528     
   1770.000      0.293776810169220     
   1785.000      0.294307559728622     
   1800.000      0.296260595321655     
   1800.000      0.293411910533905     
   1815.000      0.296066671609879     
   1830.000      0.299137294292450     
   1845.000      0.302173614501953     
   1860.000      0.304877877235413     
   1875.000      0.307483017444611     
   1890.000      0.310108125209808     
   1905.000      0.312471032142639     
   1920.000      0.314702332019806     
   1935.000      0.316113531589508     
   1950.000      0.316618531942368     
   1965.000      0.316354066133499     
   1980.000      0.314827829599380     
   1995.000      0.312100797891617     
   2010.000      0.308766514062881     
   2025.000      0.304468721151352     
   2040.000      0.300339609384537     
   2055.000      0.297355115413666     
   2070.000      0.295119166374207     
   2085.000      0.293566048145294     
   2100.000      0.292580693960190     
   2115.000      0.292105466127396     
   2130.000      0.291972249746323     
   2145.000      0.292153954505920     
   2160.000      0.293411910533905     
   2160.000      0.290992200374603     
   2175.000      0.292934864759445     
   2190.000      0.295586764812469     
   2205.000      0.298398971557617     
   2220.000      0.301028698682785     
   2235.000      0.303573191165924     
   2250.000      0.306146115064621     
   2265.000      0.308466732501984     
   2280.000      0.310667186975479     
   2295.000      0.312169462442398     
   2310.000      0.312827438116074     
   2325.000      0.312754064798355     
   2340.000      0.311546236276627     
   2355.000      0.309172064065933     
   2370.000      0.306167334318161     
   2385.000      0.302398025989532     
   2400.000      0.298793166875839     
   2415.000      0.296001046895981     
   2430.000      0.293876439332962     
   2445.000      0.292330145835876     
   2460.000      0.291272610425949     
   2475.000      0.290668755769730     
   2490.000      0.290380090475082     
   2505.000      0.290301263332367     
   2520.000      0.290992200374603     
   2520.000      0.288994222879410     
   2535.000      0.290245383977890     
   2550.000      0.292352497577667     
   2565.000      0.294862449169159     
   2580.000      0.297358334064484     
   2595.000      0.299813985824585     
   2610.000      0.302320480346680     
   2625.000      0.304594308137894     
   2640.000      0.306753098964691     
   2655.000      0.308327078819275     
   2670.000      0.309121042490005     
   2685.000      0.309218287467957     
   2700.000      0.308316439390182     
   2715.000      0.306317359209061     
   2730.000      0.303710520267487     
   2745.000      0.300551503896713     
   2760.000      0.297393023967743     
   2775.000      0.294788181781769     
   2790.000      0.292760193347931     
   2805.000      0.291233509778976     
   2820.000      0.290126293897629     
   2835.000      0.289412647485733     
   2850.000      0.288998186588287     
   2865.000      0.288740605115891     
   2880.000      0.288994222879410     
   2880.000      0.287367761135101     
   2895.000      0.288089901208878     
   2910.000      0.289594739675522     
   2925.000      0.291726440191269     
   2940.000      0.294035732746124     
   2955.000      0.296366482973099     
   2970.000      0.298786640167236     
   2985.000      0.301005005836487     
   3000.000      0.303107947111130     
   3015.000      0.304715543985367     
   3030.000      0.305603802204132     
   3045.000      0.305823028087616     
   3060.000      0.305167078971863     
   3075.000      0.303532153367996     
   3090.000      0.301341414451599     
   3105.000      0.298729211091995     
   3120.000      0.295971333980560     
   3135.000      0.293569743633270     
   3150.000      0.291656076908112     
   3165.000      0.290183305740356     
   3180.000      0.289069801568985     
   3195.000      0.288286834955215     
   3210.000      0.287782430648804     
   3225.000      0.287412613630295     
   3240.000      0.287367761135101     
   3240.000      0.286011964082718     
   3255.000      0.286373883485794     
   3270.000      0.287416934967041     
   3285.000      0.289095342159271     
   3300.000      0.291165173053741     
   3315.000      0.293342500925064     
   3330.000      0.295659601688385     
   3345.000      0.297806382179260     
   3360.000      0.299836754798889     
   3375.000      0.301430076360703     
   3390.000      0.302352100610733     
   3405.000      0.302625387907028     
   3420.000      0.302143335342407     
   3435.000      0.300819128751755     
   3450.000      0.299011081457138     
   3465.000      0.296802341938019     
   3480.000      0.294398188591003     
   3495.000      0.292219817638397     
   3510.000      0.290455996990204     
   3525.000      0.289084136486053     
   3540.000      0.288018941879272     
   3555.000      0.287220627069473     
   3570.000      0.286668956279755     
   3585.000      0.286239445209503     
   3600.000      0.286011964082718     
   3600.000      0.284832239151001     
   3615.000      0.284972786903381     
   3630.000      0.285704731941223     
   3645.000      0.287037461996078     
   3660.000      0.288798660039902     
   3675.000      0.290794163942337     
   3690.000      0.292988806962967     
   3705.000      0.295049011707306     
   3720.000      0.296987593173981     
   3735.000      0.298516660928726     
   3750.000      0.299410194158554     
   3765.000      0.299676388502121     
   3780.000      0.299294263124466     
   3795.000      0.298206984996796     
   3810.000      0.296641498804092     
   3825.000      0.294726401567459     
   3840.000      0.292622774839401     
   3855.000      0.290681570768356     
   3870.000      0.289106875658035     
   3885.000      0.287884026765823     
   3900.000      0.286919981241226     
   3915.000      0.286160796880722     
   3930.000      0.285605460405350     
   3945.000      0.285155951976776     
   3960.000      0.284832239151001     
   3960.000      0.283770889043808     
   3975.000      0.283794611692429     
   3990.000      0.284334272146225     
   4005.000      0.285430580377579     
   4020.000      0.286947965621948     
   4035.000      0.288728892803192     
   4050.000      0.290776729583740     
   4065.000      0.292734712362289     
   4080.000      0.294563174247742     
   4095.000      0.295985013246536     
   4110.000      0.296796351671219     
   4125.000      0.297009587287903     
   4140.000      0.296659380197525     
   4155.000      0.295664668083191     
   4170.000      0.294239491224289     
   4185.000      0.292530268430710     
   4200.000      0.290679931640625     
   4215.000      0.288984149694443     
   4230.000      0.287631809711456     
   4245.000      0.286597073078156     
   4260.000      0.285774737596512     
   4275.000      0.285097688436508     
   4290.000      0.284574240446091     
   4305.000      0.284132003784180     
   4320.000      0.283770889043808     
   4320.000      0.282809376716614     
   4335.000      0.282781600952148     
   4350.000      0.283211559057236     
   4365.000      0.284153491258621     
   4380.000      0.285491794347763     
   4395.000      0.287105768918991     
   4410.000      0.288999229669571     
   4425.000      0.290829658508301     
   4440.000      0.292530179023743     
   4455.000      0.293814122676849     
   4470.000      0.294509172439575     
   4485.000      0.294618606567383     
   4500.000      0.294197291135788     
   4515.000      0.293206274509430     
   4530.000      0.291854888200760     
   4545.000      0.290295004844666     
   4560.000      0.288665145635605     
   4575.000      0.287219017744064     
   4590.000      0.286111444234848     
   4605.000      0.285289198160172     
   4620.000      0.284632265567780     
   4635.000      0.284062951803207     
   4650.000      0.283595085144043     
   4665.000      0.283173561096191     
   4680.000      0.282809376716614     
   4680.000      0.281947523355484     
   4695.000      0.281903624534607     
   4710.000      0.282271832227707     
   4725.000      0.283110469579697     
   4740.000      0.284316599369049     
   4755.000      0.285804927349091     
   4770.000      0.287570893764496     
   4785.000      0.289280802011490     
   4800.000      0.290842801332474     
   4815.000      0.291956901550293     
   4830.000      0.292484700679779     
   4845.000      0.292439579963684     
   4860.000      0.291899591684341     
   4875.000      0.290865838527679     
   4890.000      0.289554476737976     
   4905.000      0.288116186857224     
   4920.000      0.286690860986710     
   4935.000      0.285496890544891     
   4950.000      0.284643262624741     
   4965.000      0.284041583538055     
   4980.000      0.283556371927261     
   4995.000      0.283102393150330     
   5010.000      0.282696038484573     
   5025.000      0.282298505306244     
   5040.000      0.281947523355484     
   5040.000      0.281184405088425     
   5055.000      0.281137287616730     
   5070.000      0.281465530395508     
   5085.000      0.282227188348770     
   5100.000      0.283330887556076     
   5115.000      0.284723103046417     
   5130.000      0.286380589008331     
   5145.000      0.287976443767548     
   5160.000      0.289392739534378     
   5175.000      0.290320336818695     
   5190.000      0.290659427642822     
   5205.000      0.290442019701004     
   5220.000      0.289768010377884     
   5235.000      0.288677692413330     
   5250.000      0.287397474050522     
   5265.000      0.286072462797165     
   5280.000      0.284845232963562     
   5295.000      0.283900529146194     
   5310.000      0.283297240734100     
   5325.000      0.282910346984863     
   5340.000      0.282590150833130     
   5355.000      0.282245934009552     
   5370.000      0.281896054744720     
   5385.000      0.281518369913101     
   5400.000      0.281184405088425     
   5400.000      0.280507683753967     
   5415.000      0.280456721782684     
   5430.000      0.280750274658203     
   5445.000      0.281445920467377     
   5460.000      0.282464772462845     
   5475.000      0.283779770135880     
   5490.000      0.285342365503311     
   5505.000      0.286831051111221     
   5520.000      0.288100391626358     
   5535.000      0.288840740919113     
   5550.000      0.288991153240204     
   5565.000      0.288604646921158     
   5580.000      0.287803381681442     
   5595.000      0.286663442850113     
   5610.000      0.285419464111328     
   5625.000      0.284208536148071     
   5640.000      0.283175140619278     
   5655.000      0.282469928264618     
   5670.000      0.282102882862091     
   5685.000      0.281915664672852     
   5700.000      0.281745731830597     
   5715.000      0.281498104333878     
   5730.000      0.281193554401398     
   5745.000      0.280828386545181     
   5760.000      0.280507683753967     
   5760.000      0.279895156621933     
   5775.000      0.279833346605301     
   5790.000      0.280089914798737     
   5805.000      0.280722886323929     
   5820.000      0.281667530536652     
   5835.000      0.282916456460953     
   5850.000      0.284393608570099     
   5865.000      0.285782217979431     
   5880.000      0.286909490823746     
   5895.000      0.287472963333130     
   5910.000      0.287448287010193     
   5925.000      0.286909312009811     
   5940.000      0.285999774932861     
   5955.000      0.284826576709747     
   5970.000      0.283628612756729     
   5985.000      0.282534390687943     
   6000.000      0.281688064336777     
   6015.000      0.281206220388412     
   6030.000      0.281054735183716     
   6045.000      0.281046867370605     
   6060.000      0.281008899211884     
   6075.000      0.280841916799545     
   6090.000      0.280570209026337     
   6105.000      0.280209660530090     
   6120.000      0.279895156621933     
   6120.000      0.279320776462555     
   6135.000      0.279239833354950     
   6150.000      0.279455095529556     
   6165.000      0.280026346445084     
   6180.000      0.280903697013855     
   6195.000      0.282093048095703     
   6210.000      0.283491790294647     
   6225.000      0.284787327051163     
   6240.000      0.285781532526016     
   6255.000      0.286185175180435     
   6270.000      0.286006212234497     
   6285.000      0.285337239503860     
   6300.000      0.284342765808105     
   6315.000      0.283154785633087     
   6330.000      0.282012253999710     
   6345.000      0.281035184860229     
   6360.000      0.280365467071533     
   6375.000      0.280086606740952     
   6390.000      0.280126839876175     
   6405.000      0.280276417732239     
   6420.000      0.280351579189301     
   6435.000      0.280249536037445     
   6450.000      0.279999375343323     
   6465.000      0.279636740684509     
   6480.000      0.279320776462555     
   6480.000      0.278760194778442     
   6495.000      0.278653174638748     
   6510.000      0.278823673725128     
   6525.000      0.279334217309952     
   6540.000      0.280149370431900     
   6555.000      0.281283199787140     
   6570.000      0.282609015703201     
   6585.000      0.283818453550339     
   6600.000      0.284690886735916     
   6615.000      0.284954279661179     
   6630.000      0.284643918275833     
   6645.000      0.283868938684464     
   6660.000      0.282812654972076     
   6675.000      0.281626492738724     
   6690.000      0.280546098947525     
   6705.000      0.279683858156204     
   6720.000      0.279177308082581     
   6735.000      0.279079198837280     
   6750.000      0.279286891222000     
   6765.000      0.279572337865829     
   6780.000      0.279742598533630     
   6795.000      0.279691576957703     
   6810.000      0.279453992843628     
   6825.000      0.279084205627441     
   6840.000      0.278760194778442     
   6840.000      0.278192996978760     
   6855.000      0.278055250644684     
   6870.000      0.278179466724396     
   6885.000      0.278631180524826     
   6900.000      0.279388636350632     
   6915.000      0.280469685792923     
   6930.000      0.281727164983749     
   6945.000      0.282857030630112     
   6960.000      0.283619791269302     
   6975.000      0.283762663602829     
   6990.000      0.283343344926834     
   7005.000      0.282485008239746     
   7020.000      0.281387567520142     
   7035.000      0.280216723680496     
   7050.000      0.279202371835709     
   7065.000      0.278450220823288     
   7080.000      0.278091758489609     
   7095.000      0.278152108192444     
   7110.000      0.278503954410553     
   7125.000      0.278904974460602     
   7140.000      0.279154032468796     
   7155.000      0.279142081737518     
   7170.000      0.278910189867020     
   7185.000      0.278529942035675     
   7200.000      0.278192996978760     
   7200.000      0.277602761983871     
   7215.000      0.277431994676590     
   7230.000      0.277510285377502     
   7245.000      0.277906060218811     
   7260.000      0.278609901666641     
   7275.000      0.279640316963196     
   7290.000      0.280833542346954     
   7305.000      0.281889975070953     
   7320.000      0.282554984092712     
   7335.000      0.282595843076706     
   7350.000      0.282088160514832     
   7365.000      0.281166911125183     
   7380.000      0.280045896768570     
   7395.000      0.278900861740112     
   7410.000      0.277954161167145     
   7425.000      0.277305573225021     
   7440.000      0.277079671621323     
   7455.000      0.277276903390884     
   7470.000      0.277751088142395     
   7485.000      0.278248876333237     
   7500.000      0.278562068939209     
   7515.000      0.278579294681549     
   7530.000      0.278348267078400     
   7545.000      0.277955651283264     
   7560.000      0.277602761983871     
   7560.000      0.276975899934769     
   7575.000      0.276771903038025     
   7590.000      0.276806205511093     
   7605.000      0.277149766683578     
   7620.000      0.277803838253021     
   7635.000      0.278785407543182     
   7650.000      0.279917836189270     
   7665.000      0.280906379222870     
   7680.000      0.281484872102737     
   7695.000      0.281440645456314     
   7710.000      0.280863165855408     
   7725.000      0.279897093772888     
   7740.000      0.278767347335815     
   7755.000      0.277655899524689     
   7770.000      0.276776641607285     
   7785.000      0.276224106550217     
   7800.000      0.276115179061890     
   7815.000      0.276429116725922     
   7830.000      0.277005493640900     
   7845.000      0.277582824230194     
   7860.000      0.277946949005127     
   7875.000      0.277985185384750     
   7890.000      0.277751684188843     
   7905.000      0.277346134185791     
   7920.000      0.276975899934769     
   7920.000      0.276300370693207     
   7935.000      0.276064515113831     
   7950.000      0.276057928800583     
   7965.000      0.276353508234024     
   7980.000      0.276961296796799     
   7995.000      0.277895659208298     
   8010.000      0.278970271348953     
   8025.000      0.279895842075348     
   8040.000      0.280398309230804     
   8055.000      0.280284255743027     
   8070.000      0.279653459787369     
   8085.000      0.278658449649811     
   8100.000      0.277532339096069     
   8115.000      0.276460319757462     
   8130.000      0.275647133588791     
   8145.000      0.275182604789734     
   8160.000      0.275175422430038     
   8175.000      0.275587171316147     
   8190.000      0.276247054338455     
   8205.000      0.276887983083725     
   8220.000      0.277291357517242     
   8235.000      0.277343839406967     
   8250.000      0.277105838060379     
   8265.000      0.276687860488892     
   8280.000      0.276300370693207     
   8280.000      0.275564521551132     
   8295.000      0.275299668312073     
   8310.000      0.275256127119064     
   8325.000      0.275508016347885     
   8340.000      0.276072710752487     
   8355.000      0.276961028575897     
   8370.000      0.277980476617813     
   8385.000      0.278847396373749     
   8400.000      0.279283344745636     
   8415.000      0.279113084077835     
   8430.000      0.278443813323975     
   8445.000      0.277433931827545     
   8460.000      0.276322007179260     
   8475.000      0.275293737649918     
   8490.000      0.274544417858124     
   8505.000      0.274159610271454     
   8520.000      0.274239659309387     
   8535.000      0.274731457233429     
   8550.000      0.275457412004471     
   8565.000      0.276147276163101     
   8580.000      0.276579290628433     
   8595.000      0.276640504598618     
   8610.000      0.276397079229355     
   8625.000      0.275967985391617     
   8640.000      0.275564521551132     
   8640.000      0.274756371974945     
   8655.000      0.274466216564178     
   8670.000      0.274390190839767     
   8685.000      0.274602890014648     
   8700.000      0.275127381086349     
   8715.000      0.275970518589020     
   8730.000      0.276936620473862     
   8745.000      0.277748614549637     
   8760.000      0.278126686811447     
   8775.000      0.277912557125092     
   8790.000      0.277218192815781     
   8805.000      0.276206046342850     
   8820.000      0.275117337703705     
   8835.000      0.274136155843735     
   8850.000      0.273448169231415     
   8865.000      0.273134708404541     
   8880.000      0.273287951946259     
   8895.000      0.273843199014664     
   8910.000      0.274618923664093     
   8925.000      0.275343865156174     
   8940.000      0.275794863700867     
   8955.000      0.275860458612442     
   8970.000      0.275611490011215     
   8985.000      0.275173485279083     
   9000.000      0.274756371974945     
   9000.000      0.273862719535828     
   9015.000      0.273551881313324     
   9030.000      0.273448199033737     
   9045.000      0.273625940084457     
   9060.000      0.274112582206726     
   9075.000      0.274911046028137     
   9090.000      0.275825083255768     
   9105.000      0.276585161685944     
   9120.000      0.276913017034531     
   9135.000      0.276666164398193     
   9150.000      0.275959074497223     
   9165.000      0.274956166744232     
   9180.000      0.273898780345917     
   9195.000      0.272967427968979     
   9210.000      0.272337943315506     
   9225.000      0.272087693214417     
   9240.000      0.272300809621811     
   9255.000      0.272903650999069     
   9270.000      0.273713558912277     
   9285.000      0.274460554122925     
   9300.000      0.274921774864197     
   9315.000      0.274988114833832     
   9330.000      0.274734288454056     
   9345.000      0.274290233850479     
   9360.000      0.273862719535828     
   9360.000      0.272867053747177     
   9375.000      0.272540628910065     
   9390.000      0.272414326667786     
   9405.000      0.272561252117157     
   9420.000      0.273011952638626     
   9435.000      0.273765593767166     
   9450.000      0.274628013372421     
   9465.000      0.275338411331177     
   9480.000      0.275622904300690     
   9495.000      0.275353580713272     
   9510.000      0.274645149707794     
   9525.000      0.273662388324738     
   9540.000      0.272643864154816     
   9555.000      0.271764814853668     
   9570.000      0.271191149950027     
   9585.000      0.270996212959290     
   9600.000      0.271256297826767     
   9615.000      0.271891683340073     
   9630.000      0.272720813751221     
   9645.000      0.273477256298065     
   9660.000      0.273940503597260     
   9675.000      0.274004757404327     
   9690.000      0.273747414350510     
   9705.000      0.273300886154175     
   9720.000      0.272867053747177     
   9720.000      0.271753013134003     
   9735.000      0.271416753530502     
   9750.000      0.271273016929626     
   9765.000      0.271393001079559     
   9780.000      0.271809101104736     
   9795.000      0.272517174482346     
   9810.000      0.273327559232712     
   9825.000      0.273989647626877     
   9840.000      0.274236798286438     
   9855.000      0.273954391479492     
   9870.000      0.273255646228790     
   9885.000      0.272303551435471     
   9900.000      0.271331191062927     
   9915.000      0.270507037639618     
   9930.000      0.269986718893051     
   9945.000      0.269839555025101     
   9960.000      0.270134240388870     
   9975.000      0.270787477493286     
   9990.000      0.271621018648148     
   10005.00      0.272374570369720     
   10020.00      0.272832125425339     
   10035.00      0.272892028093338     
   10050.00      0.272633135318756     
   10065.00      0.272188365459442     
   10080.00      0.271753013134003     
   10080.00      0.270498901605606     
   10095.00      0.270158976316452     
   10110.00      0.270003110170364     
   10125.00      0.270099729299545     
   10140.00      0.270481914281845     
   10155.00      0.271142840385437     
   10170.00      0.271899819374084     
   10185.00      0.272513955831528     
   10200.00      0.272728890180588     
   10215.00      0.272442311048508     
   10230.00      0.271764099597931     
   10245.00      0.270853251218796     
   10260.00      0.269934624433517     
   10275.00      0.269168227910995     
   10290.00      0.268699228763580     
   10305.00      0.268592566251755     
   10320.00      0.268909841775894     
   10335.00      0.269566357135773     
   10350.00      0.270389586687088     
   10365.00      0.271127969026566     
   10380.00      0.271572262048721     
   10395.00      0.271626025438309     
   10410.00      0.271368235349655     
   10425.00      0.270930200815201     
   10440.00      0.270498901605606     
   10440.00      0.269077241420746     
   10455.00      0.268740445375443     
   10470.00      0.268577903509140     
   10485.00      0.268654316663742     
   10500.00      0.269002646207809     
   10515.00      0.269613921642303     
   10530.00      0.270314872264862     
   10545.00      0.270880371332169     
   10560.00      0.271067351102829     
   10575.00      0.270784944295883     
   10590.00      0.270138055086136     
   10605.00      0.269279450178146     
   10620.00      0.268422633409500     
   10635.00      0.267717748880386     
   10650.00      0.267298638820648     
   10665.00      0.267225742340088     
   10680.00      0.267553657293320     
   10695.00      0.268198758363724     
   10710.00      0.268996536731720     
   10725.00      0.269707083702087     
   10740.00      0.270130723714828     
   10755.00      0.270176976919174     
   10770.00      0.269923597574234     
   10785.00      0.269498080015182     
   10800.00      0.269077241420746     
   10800.00      0.267452865839005     
   10815.00      0.267126739025116     
   10830.00      0.266963213682175     
   10845.00      0.267022430896759     
   10860.00      0.267336070537567     
   10875.00      0.267893671989441     
   10890.00      0.268533974885941     
   10905.00      0.269048392772675     
   10920.00      0.269210845232010     
   10935.00      0.268940985202789     
   10950.00      0.268336951732635     
   10965.00      0.267542630434036     
   10980.00      0.266756832599640     
   10995.00      0.266118109226227     
   11010.00      0.265748232603073     
   11025.00      0.265702754259109     
   11040.00      0.266029417514801     
   11055.00      0.266647934913635     
   11070.00      0.267404228448868     
   11085.00      0.268073767423630     
   11100.00      0.268469005823135     
   11115.00      0.268506824970245     
   11130.00      0.268261969089508     
   11145.00      0.267855882644653     
   11160.00      0.267452865839005     
   11160.00      0.265579283237457     
   11175.00      0.265272140502930     
   11190.00      0.265113443136215     
   11205.00      0.265157818794250     
   11220.00      0.265434741973877     
   11235.00      0.265933156013489     
   11250.00      0.266506671905518     
   11265.00      0.266966164112091     
   11280.00      0.267106264829636     
   11295.00      0.266857296228409     
   11310.00      0.266308486461639     
   11325.00      0.265591919422150     
   11340.00      0.264888077974319     
   11355.00      0.264321863651276     
   11370.00      0.264001727104187     
   11385.00      0.263977617025375     
   11400.00      0.264290720224380     
   11415.00      0.264866411685944     
   11430.00      0.265563935041428     
   11445.00      0.266177892684937     
   11460.00      0.266536653041840     
   11475.00      0.266565442085266     
   11490.00      0.266334265470505     
   11505.00      0.265955716371536     
   11520.00      0.265579283237457     
   11520.00      0.263393461704254     
   11535.00      0.263114988803864     
   11550.00      0.262967735528946     
   11565.00      0.262999504804611     
   11580.00      0.263236582279205     
   11595.00      0.263668000698090     
   11610.00      0.264165669679642     
   11625.00      0.264563888311386     
   11640.00      0.264682739973068     
   11655.00      0.264463216066360     
   11670.00      0.263983398675919     
   11685.00      0.263360232114792     
   11700.00      0.262751549482346     
   11715.00      0.262266248464584     
   11730.00      0.261997699737549     
   11745.00      0.261989533901215     
   11760.00      0.262276083230972     
   11775.00      0.262791037559509     
   11790.00      0.263410091400146     
   11805.00      0.263952076435089     
   11820.00      0.264265239238739     
   11835.00      0.264284759759903     
   11850.00      0.264073640108109     
   11865.00      0.263732820749283     
   11880.00      0.263393461704254     
   11880.00      0.260809063911438     
   11895.00      0.260570853948593     
   11910.00      0.260442495346069     
   11925.00      0.260463535785675     
   11940.00      0.260655879974365     
   11955.00      0.261009573936462     
   11970.00      0.261418819427490     
   11985.00      0.261746376752853     
   12000.00      0.261843442916870     
   12015.00      0.261662423610687     
   12030.00      0.261267572641373     
   12045.00      0.260756582021713     
   12060.00      0.260259628295898     
   12075.00      0.259866327047348     
   12090.00      0.259652882814407     
   12105.00      0.259655296802521     
   12120.00      0.259900957345963     
   12135.00      0.260334432125092     
   12150.00      0.260852128267288     
   12165.00      0.261303007602692     
   12180.00      0.261560380458832     
   12195.00      0.261571049690247     
   12210.00      0.261388540267944     
   12225.00      0.261098235845566     
   12240.00      0.260809063911438     
   12240.00      0.257703304290771     
   12255.00      0.257520139217377     
   12270.00      0.257419794797897     
   12285.00      0.257431656122208     
   12300.00      0.257572114467621     
   12315.00      0.257833123207092     
   12330.00      0.258136391639709     
   12345.00      0.258379667997360     
   12360.00      0.258452415466309     
   12375.00      0.258319705724716     
   12390.00      0.258029073476791     
   12405.00      0.257653623819351     
   12420.00      0.257289528846741     
   12435.00      0.257003247737885     
   12450.00      0.256850600242615     
   12465.00      0.256858587265015     
   12480.00      0.257046610116959     
   12495.00      0.257373601198196     
   12510.00      0.257761776447296     
   12525.00      0.258098125457764     
   12540.00      0.258287310600281     
   12555.00      0.258290410041809     
   12570.00      0.258148014545441     
   12585.00      0.257925242185593     
   12600.00      0.257703304290771     
   12600.00      0.253894448280334     
   12615.00      0.253785967826843     
   12630.00      0.253725469112396     
   12645.00      0.253729760646820     
   12660.00      0.253808110952377     
   12675.00      0.253955632448196     
   12690.00      0.254128068685532     
   12705.00      0.254267036914825     
   12720.00      0.254309862852097     
   12735.00      0.254236638545990     
   12750.00      0.254074156284332     
   12765.00      0.253864169120789     
   12780.00      0.253660917282104     
   12795.00      0.253502041101456     
   12810.00      0.253418892621994     
   12825.00      0.253426909446716     
   12840.00      0.253536820411682     
   12855.00      0.253725290298462     
   12870.00      0.253947764635086     
   12885.00      0.254139333963394     
   12900.00      0.254245191812515     
   12915.00      0.254243344068527     
   12930.00      0.254157513380051     
   12945.00      0.254025727510452     
   12960.00      0.253894448280334     
