  0.0000000E+00  0.306396901607513        6.000000    
   15.00000      0.300252854824066        6.000000    
   30.00000      0.296375095844269        6.000000    
   45.00000      0.294563233852386        6.000000    
   60.00000      0.294679492712021        6.000000    
   75.00000      0.296718508005142        6.000000    
   90.00000      0.300383239984512        6.000000    
   105.0000      0.304873555898666        6.000000    
   120.0000      0.309866726398468        6.000000    
   135.0000      0.314490526914597        6.000000    
   150.0000      0.318109810352325        6.000000    
   165.0000      0.321124762296677        6.000000    
   180.0000      0.323213458061218        6.000000    
   195.0000      0.325047731399536        6.000000    
   210.0000      0.326793313026428        6.000000    
   225.0000      0.328845798969269        6.000000    
   240.0000      0.331810086965561        6.000000    
   255.0000      0.333995312452316        6.000000    
   270.0000      0.335090458393097        6.000000    
   285.0000      0.336132228374481        6.000000    
   300.0000      0.337118804454803        6.000000    
   315.0000      0.333918660879135        6.000000    
   330.0000      0.325152397155762        6.000000    
   345.0000      0.314749658107758        6.000000    
  0.0000000E+00  0.306396901607513        6.000000    
 
  0.0000000E+00  0.305597692728043        6.121428    
   15.00000      0.299550324678421        6.121428    
   30.00000      0.295684009790421        6.121428    
   45.00000      0.293826937675476        6.121428    
   60.00000      0.293865680694580        6.121428    
   75.00000      0.295781821012497        6.121428    
   90.00000      0.299327880144119        6.121428    
   105.0000      0.303701013326645        6.121428    
   120.0000      0.308611899614334        6.121428    
   135.0000      0.313157945871353        6.121428    
   150.0000      0.316746711730957        6.121428    
   165.0000      0.319747567176819        6.121428    
   180.0000      0.321838229894638        6.121428    
   195.0000      0.323678225278854        6.121428    
   210.0000      0.325427502393723        6.121428    
   225.0000      0.327461391687393        6.121428    
   240.0000      0.330393075942993        6.121428    
   255.0000      0.332569271326065        6.121428    
   270.0000      0.333669424057007        6.121428    
   285.0000      0.334722459316254        6.121428    
   300.0000      0.335717827081680        6.121428    
   315.0000      0.332566022872925        6.121428    
   330.0000      0.323928296566010        6.121428    
   345.0000      0.313777863979340        6.121428    
  0.0000000E+00  0.305597692728043        6.121428    
 
  0.0000000E+00  0.304008543491364        6.242857    
   15.00000      0.298118889331818        6.242857    
   30.00000      0.294237434864044        6.242857    
   45.00000      0.292262941598892        6.242857    
   60.00000      0.292120575904846        6.242857    
   75.00000      0.293803334236145        6.242857    
   90.00000      0.297098726034164        6.242857    
   105.0000      0.301227390766144        6.242857    
   120.0000      0.305947750806808        6.242857    
   135.0000      0.310359299182892        6.242857    
   150.0000      0.313879787921906        6.242857    
   165.0000      0.316846162080765        6.242857    
   180.0000      0.318949580192566        6.242857    
   195.0000      0.320806890726089        6.242857    
   210.0000      0.322572678327560        6.242857    
   225.0000      0.324578315019608        6.242857    
   240.0000      0.327464997768402        6.242857    
   255.0000      0.329640895128250        6.242857    
   270.0000      0.330761045217514        6.242857    
   285.0000      0.331837654113770        6.242857    
   300.0000      0.332857757806778        6.242857    
   315.0000      0.329864144325256        6.242857    
   330.0000      0.321580022573471        6.242857    
   345.0000      0.311870127916336        6.242857    
  0.0000000E+00  0.304008543491364        6.242857    
 
  0.0000000E+00  0.302369207143784        6.364286    
   15.00000      0.296671718358994        6.364286    
   30.00000      0.292745172977448        6.364286    
   45.00000      0.290563672780991        6.364286    
   60.00000      0.290123224258423        6.364286    
   75.00000      0.291450202465057        6.364286    
   90.00000      0.294366866350174        6.364286    
   105.0000      0.298135757446289        6.364286    
   120.0000      0.302539288997650        6.364286    
   135.0000      0.306734561920166        6.364286    
   150.0000      0.310129255056381        6.364286    
   165.0000      0.313044100999832        6.364286    
   180.0000      0.315150201320648        6.364286    
   195.0000      0.317022025585175        6.364286    
   210.0000      0.318805932998657        6.364286    
   225.0000      0.320768594741821        6.364286    
   240.0000      0.323592811822891        6.364286    
   255.0000      0.325795501470566        6.364286    
   270.0000      0.326979637145996        6.364286    
   285.0000      0.328088998794556        6.364286    
   300.0000      0.329184383153915        6.364286    
   315.0000      0.326502829790115        6.364286    
   330.0000      0.318839818239212        6.364286    
   345.0000      0.309788465499878        6.364286    
  0.0000000E+00  0.302369207143784        6.364286    
 
  0.0000000E+00  0.301095992326736        6.485714    
   15.00000      0.295629978179932        6.485714    
   30.00000      0.291600167751312        6.485714    
   45.00000      0.289132267236710        6.485714    
   60.00000      0.288284838199615        6.485714    
   75.00000      0.289127975702286        6.485714    
   90.00000      0.291541486978531        6.485714    
   105.0000      0.294833958148956        6.485714    
   120.0000      0.298799872398376        6.485714    
   135.0000      0.302692651748657        6.485714    
   150.0000      0.305906265974045        6.485714    
   165.0000      0.308726221323013        6.485714    
   180.0000      0.310819119215012        6.485714    
   195.0000      0.312686920166016        6.485714    
   210.0000      0.314489573240280        6.485714    
   225.0000      0.316407620906830        6.485714    
   240.0000      0.319141149520874        6.485714    
   255.0000      0.321397513151169        6.485714    
   270.0000      0.322684943675995        6.485714    
   285.0000      0.323845624923706        6.485714    
   300.0000      0.325063645839691        6.485714    
   315.0000      0.322901725769043        6.485714    
   330.0000      0.316137671470642        6.485714    
   345.0000      0.307963430881500        6.485714    
  0.0000000E+00  0.301095992326736        6.485714    
 
  0.0000000E+00  0.300357252359390        6.607143    
   15.00000      0.295132756233215        6.607143    
   30.00000      0.291021555662155        6.607143    
   45.00000      0.288174062967300        6.607143    
   60.00000      0.286820650100708        6.607143    
   75.00000      0.287084966897964        6.607143    
   90.00000      0.288881868124008        6.607143    
   105.0000      0.291599035263062        6.607143    
   120.0000      0.295030266046524        6.607143    
   135.0000      0.298537999391556        6.607143    
   150.0000      0.301515787839890        6.607143    
   165.0000      0.304196506738663        6.607143    
   180.0000      0.306256562471390        6.607143    
   195.0000      0.308102637529373        6.607143    
   210.0000      0.309917181730270        6.607143    
   225.0000      0.311778694391251        6.607143    
   240.0000      0.314389109611511        6.607143    
   255.0000      0.316712677478790        6.607143    
   270.0000      0.318158477544785        6.607143    
   285.0000      0.319386452436447        6.607143    
   300.0000      0.320751011371613        6.607143    
   315.0000      0.319262742996216        6.607143    
   330.0000      0.313650399446487        6.607143    
   345.0000      0.306547939777374        6.607143    
  0.0000000E+00  0.300357252359390        6.607143    
 
  0.0000000E+00  0.299938648939133        6.728571    
   15.00000      0.294981837272644        6.728571    
   30.00000      0.290845662355423        6.728571    
   45.00000      0.287700682878494        6.728571    
   60.00000      0.285804748535156        6.728571    
   75.00000      0.285432904958725        6.728571    
   90.00000      0.286555051803589        6.728571    
   105.0000      0.288633584976196        6.728571    
   120.0000      0.291460722684860        6.728571    
   135.0000      0.294526100158691        6.728571    
   150.0000      0.297222882509232        6.728571    
   165.0000      0.299725562334061        6.728571    
   180.0000      0.301732927560806        6.728571    
   195.0000      0.303540915250778        6.728571    
   210.0000      0.305359929800034        6.728571    
   225.0000      0.307165116071701        6.728571    
   240.0000      0.309630185365677        6.728571    
   255.0000      0.312009751796722        6.728571    
   270.0000      0.313644647598267        6.728571    
   285.0000      0.314954310655594        6.728571    
   300.0000      0.316458553075790        6.728571    
   315.0000      0.315690129995346        6.728571    
   330.0000      0.311358362436295        6.728571    
   345.0000      0.305474042892456        6.728571    
  0.0000000E+00  0.299938648939133        6.728571    
 
  0.0000000E+00  0.299564987421036        6.850000    
   15.00000      0.294910877943039        6.850000    
   30.00000      0.290819257497787        6.850000    
   45.00000      0.287486076354980        6.850000    
   60.00000      0.285168230533600        6.850000    
   75.00000      0.284166246652603        6.850000    
   90.00000      0.284627825021744        6.850000    
   105.0000      0.286061942577362        6.850000    
   120.0000      0.288269639015198        6.850000    
   135.0000      0.290866822004318        6.850000    
   150.0000      0.293254554271698        6.850000    
   165.0000      0.295556157827377        6.850000    
   180.0000      0.297495663166046        6.850000    
   195.0000      0.299257934093475        6.850000    
   210.0000      0.301082193851471        6.850000    
   225.0000      0.302851319313049        6.850000    
   240.0000      0.305168241262436        6.850000    
   255.0000      0.307572513818741        6.850000    
   270.0000      0.309380561113358        6.850000    
   285.0000      0.310779720544815        6.850000    
   300.0000      0.312381505966187        6.850000    
   315.0000      0.312261134386063        6.850000    
   330.0000      0.309171080589294        6.850000    
   345.0000      0.304460108280182        6.850000    
  0.0000000E+00  0.299564987421036        6.850000    
 
  0.0000000E+00  0.298969149589539        6.971429    
   15.00000      0.294636338949203        6.971429    
   30.00000      0.290655672550201        6.971429    
   45.00000      0.287249535322189        6.971429    
   60.00000      0.284666061401367        6.971429    
   75.00000      0.283162653446198        6.971429    
   90.00000      0.283048689365387        6.971429    
   105.0000      0.283907532691956        6.971429    
   120.0000      0.285550802946091        6.971429    
   135.0000      0.287705034017563        6.971429    
   150.0000      0.289795577526093        6.971429    
   165.0000      0.291907668113708        6.971429    
   180.0000      0.293780893087387        6.971429    
   195.0000      0.295511126518250        6.971429    
   210.0000      0.297356903553009        6.971429    
   225.0000      0.299112677574158        6.971429    
   240.0000      0.301293522119522        6.971429    
   255.0000      0.303685098886490        6.971429    
   270.0000      0.305622577667236        6.971429    
   285.0000      0.307092398405075        6.971429    
   300.0000      0.308717876672745        6.971429    
   315.0000      0.309069395065308        6.971429    
   330.0000      0.307025313377380        6.971429    
   345.0000      0.303269386291504        6.971429    
  0.0000000E+00  0.298969149589539        6.971429    
 
  0.0000000E+00  0.297963410615921        7.092857    
   15.00000      0.293936163187027        7.092857    
   30.00000      0.290113031864166        7.092857    
   45.00000      0.286736816167831        7.092857    
   60.00000      0.284049510955811        7.092857    
   75.00000      0.282230317592621        7.092857    
   90.00000      0.281691402196884        7.092857    
   105.0000      0.282113373279572        7.092857    
   120.0000      0.283315867185593        7.092857    
   135.0000      0.285113930702209        7.092857    
   150.0000      0.286971092224121        7.092857    
   165.0000      0.288954228162766        7.092857    
   180.0000      0.290795505046844        7.092857    
   195.0000      0.292515516281128        7.092857    
   210.0000      0.294349372386932        7.092857    
   225.0000      0.296084851026535        7.092857    
   240.0000      0.298158198595047        7.092857    
   255.0000      0.300502479076385        7.092857    
   270.0000      0.302498042583466        7.092857    
   285.0000      0.304009974002838        7.092857    
   300.0000      0.305598795413971        7.092857    
   315.0000      0.306187927722931        7.092857    
   330.0000      0.304821640253067        7.092857    
   345.0000      0.301770031452179        7.092857    
  0.0000000E+00  0.297963410615921        7.092857    
 
  0.0000000E+00  0.296476453542709        7.214286    
   15.00000      0.292707741260529        7.214286    
   30.00000      0.289065182209015        7.214286    
   45.00000      0.285799562931061        7.214286    
   60.00000      0.283148974180222        7.214286    
   75.00000      0.281206637620926        7.214286    
   90.00000      0.280428260564804        7.214286    
   105.0000      0.280595153570175        7.214286    
   120.0000      0.281530857086182        7.214286    
   135.0000      0.283115148544312        7.214286    
   150.0000      0.284837633371353        7.214286    
   165.0000      0.286701828241348        7.214286    
   180.0000      0.288488745689392        7.214286    
   195.0000      0.290181934833527        7.214286    
   210.0000      0.291988462209702        7.214286    
   225.0000      0.293698489665985        7.214286    
   240.0000      0.295691043138504        7.214286    
   255.0000      0.297964096069336        7.214286    
   270.0000      0.299947679042816        7.214286    
   285.0000      0.301457613706589        7.214286    
   300.0000      0.302949190139771        7.214286    
   315.0000      0.303573191165924        7.214286    
   330.0000      0.302548170089722        7.214286    
   345.0000      0.299929767847061        7.214286    
  0.0000000E+00  0.296476453542709        7.214286    
 
  0.0000000E+00  0.294552028179169        7.335714    
   15.00000      0.290985852479935        7.335714    
   30.00000      0.287532776594162        7.335714    
   45.00000      0.284437805414200        7.335714    
   60.00000      0.281930059194565        7.335714    
   75.00000      0.280043363571167        7.335714    
   90.00000      0.279210239648819        7.335714    
   105.0000      0.279306411743164        7.335714    
   120.0000      0.280160218477249        7.335714    
   135.0000      0.281637340784073        7.335714    
   150.0000      0.283274859189987        7.335714    
   165.0000      0.285049855709076        7.335714    
   180.0000      0.286773085594177        7.335714    
   195.0000      0.288429766893387        7.335714    
   210.0000      0.290194660425186        7.335714    
   225.0000      0.291870862245560        7.335714    
   240.0000      0.293800741434097        7.335714    
   255.0000      0.295982271432877        7.335714    
   270.0000      0.297891199588776        7.335714    
   285.0000      0.299346387386322        7.335714    
   300.0000      0.300679445266724        7.335714    
   315.0000      0.301176130771637        7.335714    
   330.0000      0.300218343734741        7.335714    
   345.0000      0.297791093587875        7.335714    
  0.0000000E+00  0.294552028179169        7.335714    
 
  0.0000000E+00  0.292315930128098        7.457143    
   15.00000      0.288911074399948        7.457143    
   30.00000      0.285654902458191        7.457143    
   45.00000      0.282774537801743        7.457143    
   60.00000      0.280482828617096        7.457143    
   75.00000      0.278781950473785        7.457143    
   90.00000      0.278063386678696        7.457143    
   105.0000      0.278235107660294        7.457143    
   120.0000      0.279130965471268        7.457143    
   135.0000      0.280586779117584        7.457143    
   150.0000      0.282182544469833        7.457143    
   165.0000      0.283890306949615        7.457143    
   180.0000      0.285545557737350        7.457143    
   195.0000      0.287156373262405        7.457143    
   210.0000      0.288864105939865        7.457143    
   225.0000      0.290495783090591        7.457143    
   240.0000      0.292368054389954        7.457143    
   255.0000      0.294435858726501        7.457143    
   270.0000      0.296219795942307        7.457143    
   285.0000      0.297568112611771        7.457143    
   300.0000      0.298684567213058        7.457143    
   315.0000      0.298936426639557        7.457143    
   330.0000      0.297856330871582        7.457143    
   345.0000      0.295447647571564        7.457143    
  0.0000000E+00  0.292315930128098        7.457143    
 
  0.0000000E+00  0.289936035871506        7.578571    
   15.00000      0.286672949790955        7.578571    
   30.00000      0.283622145652771        7.578571    
   45.00000      0.280986070632935        7.578571    
   60.00000      0.278955847024918        7.578571    
   75.00000      0.277522087097168        7.578571    
   90.00000      0.277028441429138        7.578571    
   105.0000      0.277375727891922        7.578571    
   120.0000      0.278393179178238        7.578571    
   135.0000      0.279878944158554        7.578571    
   150.0000      0.281458020210266        7.578571    
   165.0000      0.283108681440353        7.578571    
   180.0000      0.284691184759140        7.578571    
   195.0000      0.286245554685593        7.578571    
   210.0000      0.287880212068558        7.578571    
   225.0000      0.289455890655518        7.578571    
   240.0000      0.291262924671173        7.578571    
   255.0000      0.293193012475967        7.578571    
   270.0000      0.294816941022873        7.578571    
   285.0000      0.296014904975891        7.578571    
   300.0000      0.296868205070496        7.578571    
   315.0000      0.296805053949356        7.578571    
   330.0000      0.295498877763748        7.578571    
   345.0000      0.293015748262405        7.578571    
  0.0000000E+00  0.289936035871506        7.578571    
 
  0.0000000E+00  0.287569999694824        7.700000    
   15.00000      0.284447968006134        7.700000    
   30.00000      0.281611084938049        7.700000    
   45.00000      0.279234051704407        7.700000    
   60.00000      0.277486801147461        7.700000    
   75.00000      0.276359796524048        7.700000    
   90.00000      0.276147127151489        7.700000    
   105.0000      0.276719063520432        7.700000    
   120.0000      0.277894020080566        7.700000    
   135.0000      0.279429852962494        7.700000    
   150.0000      0.280998975038528        7.700000    
   165.0000      0.282591879367828        7.700000    
   180.0000      0.284095555543900        7.700000    
   195.0000      0.285581886768341        7.700000    
   210.0000      0.287129223346710        7.700000    
   225.0000      0.288637548685074        7.700000    
   240.0000      0.290363192558289        7.700000    
   255.0000      0.292134821414948        7.700000    
   270.0000      0.293579757213593        7.700000    
   285.0000      0.294597417116165        7.700000    
   300.0000      0.295160979032516        7.700000    
   315.0000      0.294759154319763        7.700000    
   330.0000      0.293195426464081        7.700000    
   345.0000      0.290611177682877        7.700000    
  0.0000000E+00  0.287569999694824        7.700000    
 
  0.0000000E+00  0.285332441329956        7.821429    
   15.00000      0.282357841730118        7.821429    
   30.00000      0.279737681150436        7.821429    
   45.00000      0.277620255947113        7.821429    
   60.00000      0.276158034801483        7.821429    
   75.00000      0.275345951318741        7.821429    
   90.00000      0.275428891181946        7.821429    
   105.0000      0.276236593723297        7.821429    
   120.0000      0.277571827173233        7.821429    
   135.0000      0.279155850410461        7.821429    
   150.0000      0.280709862709045        7.821429    
   165.0000      0.282238364219666        7.821429    
   180.0000      0.283657073974609        7.821429    
   195.0000      0.285064458847046        7.821429    
   210.0000      0.286513596773148        7.821429    
   225.0000      0.287943959236145        7.821429    
   240.0000      0.289569675922394        7.821429    
   255.0000      0.291170030832291        7.821429    
   270.0000      0.292431205511093        7.821429    
   285.0000      0.293253809213638        7.821429    
   300.0000      0.293524384498596        7.821429    
   315.0000      0.292798697948456        7.821429    
   330.0000      0.290995627641678        7.821429    
   345.0000      0.288325011730194        7.821429    
  0.0000000E+00  0.285332441329956        7.821429    
 
  0.0000000E+00  0.283283680677414        7.942857    
   15.00000      0.280462294816971        7.942857    
   30.00000      0.278054714202881        7.942857    
   45.00000      0.276186496019363        7.942857    
   60.00000      0.274997144937515        7.942857    
   75.00000      0.274487197399139        7.942857    
   90.00000      0.274853408336639        7.942857    
   105.0000      0.275883585214615        7.942857    
   120.0000      0.277362346649170        7.942857    
   135.0000      0.278981328010559        7.942857    
   150.0000      0.280510038137436        7.942857    
   165.0000      0.281966358423233        7.942857    
   180.0000      0.283295422792435        7.942857    
   195.0000      0.284614950418472        7.942857    
   210.0000      0.285959094762802        7.942857    
   225.0000      0.287302613258362        7.942857    
   240.0000      0.288812577724457        7.942857    
   255.0000      0.290238440036774        7.942857    
   270.0000      0.291321307420731        7.942857    
   285.0000      0.291947811841965        7.942857    
   300.0000      0.291942596435547        7.942857    
   315.0000      0.290932804346085        7.942857    
   330.0000      0.288934141397476        7.942857    
   345.0000      0.286210060119629        7.942857    
  0.0000000E+00  0.283283680677414        7.942857    
 
  0.0000000E+00  0.281438678503036        8.064285    
   15.00000      0.278772354125977        8.064285    
   30.00000      0.276567399501801        8.064285    
   45.00000      0.274931102991104        8.064285    
   60.00000      0.273994296789169        8.064285    
   75.00000      0.273761749267578        8.064285    
   90.00000      0.274384528398514        8.064285    
   105.0000      0.275611460208893        8.064285    
   120.0000      0.277208447456360        8.064285    
   135.0000      0.278845667839050        8.064285    
   150.0000      0.280338317155838        8.064285    
   165.0000      0.281716167926788        8.064285    
   180.0000      0.282953053712845        8.064285    
   195.0000      0.284178912639618        8.064285    
   210.0000      0.285415023565292        8.064285    
   225.0000      0.286664932966232        8.064285    
   240.0000      0.288048624992371        8.064285    
   255.0000      0.289304882287979        8.064285    
   270.0000      0.290221124887466        8.064285    
   285.0000      0.290661066770554        8.064285    
   300.0000      0.290410608053207        8.064285    
   315.0000      0.289167463779449        8.064285    
   330.0000      0.287024527788162        8.064285    
   345.0000      0.284282296895981        8.064285    
  0.0000000E+00  0.281438678503036        8.064285    
 
  0.0000000E+00  0.279783725738525        8.185715    
   15.00000      0.277270317077637        8.185715    
   30.00000      0.275254905223846        8.185715    
   45.00000      0.273830235004425        8.185715    
   60.00000      0.273121803998947        8.185715    
   75.00000      0.273136764764786        8.185715    
   90.00000      0.273983627557755        8.185715    
   105.0000      0.275377094745636        8.185715    
   120.0000      0.277065426111221        8.185715    
   135.0000      0.278704702854156        8.185715    
   150.0000      0.280152231454849        8.185715    
   165.0000      0.281447559595108        8.185715    
   180.0000      0.282591700553894        8.185715    
   195.0000      0.283721029758453        8.185715    
   210.0000      0.284849137067795        8.185715    
   225.0000      0.286001116037369        8.185715    
   240.0000      0.287253946065903        8.185715    
   255.0000      0.288350880146027        8.185715    
   270.0000      0.289115130901337        8.185715    
   285.0000      0.289384633302689        8.185715    
   300.0000      0.288925558328629        8.185715    
   315.0000      0.287500888109207        8.185715    
   330.0000      0.285261899232864        8.185715    
   345.0000      0.282532364130020        8.185715    
  0.0000000E+00  0.279783725738525        8.185715    
 
  0.0000000E+00  0.278292208909988        8.307143    
   15.00000      0.275927066802979        8.307143    
   30.00000      0.274086654186249        8.307143    
   45.00000      0.272852808237076        8.307143    
   60.00000      0.272347778081894        8.307143    
   75.00000      0.272579222917557        8.307143    
   90.00000      0.273616820573807        8.307143    
   105.0000      0.275146692991257        8.307143    
   120.0000      0.276900827884674        8.307143    
   135.0000      0.278528124094009        8.307143    
   150.0000      0.279923409223557        8.307143    
   165.0000      0.281134456396103        8.307143    
   180.0000      0.282186836004257        8.307143    
   195.0000      0.283219158649445        8.307143    
   210.0000      0.284241378307343        8.307143    
   225.0000      0.285293549299240        8.307143    
   240.0000      0.286416083574295        8.307143    
   255.0000      0.287366867065430        8.307143    
   270.0000      0.287994801998138        8.307143    
   285.0000      0.288113415241241        8.307143    
   300.0000      0.287483155727386        8.307143    
   315.0000      0.285924285650253        8.307143    
   330.0000      0.283630520105362        8.307143    
   345.0000      0.280938088893890        8.307143    
  0.0000000E+00  0.278292208909988        8.307143    
 
  0.0000000E+00  0.276934176683426        8.428572    
   15.00000      0.274711072444916        8.428572    
   30.00000      0.273031324148178        8.428572    
   45.00000      0.271968275308609        8.428572    
   60.00000      0.271642386913300        8.428572    
   75.00000      0.272060275077820        8.428572    
   90.00000      0.273256719112396        8.428572    
   105.0000      0.274894416332245        8.428572    
   120.0000      0.276691466569901        8.428572    
   135.0000      0.278294950723648        8.428572    
   150.0000      0.279632806777954        8.428572    
   165.0000      0.280759245157242        8.428572    
   180.0000      0.281722038984299        8.428572    
   195.0000      0.282658845186234        8.428572    
   210.0000      0.283578783273697        8.428572    
   225.0000      0.284531593322754        8.428572    
   240.0000      0.285528093576431        8.428572    
   255.0000      0.286347031593323        8.428572    
   270.0000      0.286854296922684        8.428572    
   285.0000      0.286842882633209        8.428572    
   300.0000      0.286076784133911        8.428572    
   315.0000      0.284424722194672        8.428572    
   330.0000      0.282109767198563        8.428572    
   345.0000      0.279472798109055        8.428572    
  0.0000000E+00  0.276934176683426        8.428572    
 
  0.0000000E+00  0.275680691003799        8.550000    
   15.00000      0.273592919111252        8.550000    
   30.00000      0.272060006856918        8.550000    
   45.00000      0.271149158477783        8.550000    
   60.00000      0.270979553461075        8.550000    
   75.00000      0.271555572748184        8.550000    
   90.00000      0.272881031036377        8.550000    
   105.0000      0.274600207805634        8.550000    
   120.0000      0.276419907808304        8.550000    
   135.0000      0.277989685535431        8.550000    
   150.0000      0.279266297817230        8.550000    
   165.0000      0.280309081077576        8.550000    
   180.0000      0.281185120344162        8.550000    
   195.0000      0.282029241323471        8.550000    
   210.0000      0.282851547002792        8.550000    
   225.0000      0.283707261085510        8.550000    
   240.0000      0.284584730863571        8.550000    
   255.0000      0.285286277532578        8.550000    
   270.0000      0.285687953233719        8.550000    
   285.0000      0.285567283630371        8.550000    
   300.0000      0.284697473049164        8.550000    
   315.0000      0.282986730337143        8.550000    
   330.0000      0.280677586793900        8.550000    
   345.0000      0.278109878301620        8.550000    
  0.0000000E+00  0.275680691003799        8.550000    
 
  0.0000000E+00  0.274505108594894        8.671429    
   15.00000      0.272545963525772        8.671429    
   30.00000      0.271147221326828        8.671429    
   45.00000      0.270371347665787        8.671429    
   60.00000      0.270336657762527        8.671429    
   75.00000      0.271044284105301        8.671429    
   90.00000      0.272471040487289        8.671429    
   105.0000      0.274247527122498        8.671429    
   120.0000      0.276071757078171        8.671429    
   135.0000      0.277599483728409        8.671429    
   150.0000      0.278812080621719        8.671429    
   165.0000      0.279772877693176        8.671429    
   180.0000      0.280565619468689        8.671429    
   195.0000      0.281320810317993        8.671429    
   210.0000      0.282050818204880        8.671429    
   225.0000      0.282813310623169        8.671429    
   240.0000      0.283580362796783        8.671429    
   255.0000      0.284178525209427        8.671429    
   270.0000      0.284489035606384        8.671429    
   285.0000      0.284279018640518        8.671429    
   300.0000      0.283333897590637        8.671429    
   315.0000      0.281593650579453        8.671429    
   330.0000      0.279311895370483        8.671429    
   345.0000      0.276823937892914        8.671429    
  0.0000000E+00  0.274505108594894        8.671429    
 
  0.0000000E+00  0.273382782936096        8.792857    
   15.00000      0.271546036005020        8.792857    
   30.00000      0.270269900560379        8.792857    
   45.00000      0.269613325595856        8.792857    
   60.00000      0.269693464040756        8.792857    
   75.00000      0.270507901906967        8.792857    
   90.00000      0.272010177373886        8.792857    
   105.0000      0.273821532726288        8.792857    
   120.0000      0.275634050369263        8.792857    
   135.0000      0.277112483978271        8.792857    
   150.0000      0.278258860111237        8.792857    
   165.0000      0.279139876365662        8.792857    
   180.0000      0.279852956533432        8.792857    
   195.0000      0.280523717403412        8.792857    
   210.0000      0.281167119741440        8.792857    
   225.0000      0.281841367483139        8.792857    
   240.0000      0.282507687807083        8.792857    
   255.0000      0.283015608787537        8.792857    
   270.0000      0.283248692750931        8.792857    
   285.0000      0.282968103885651        8.792857    
   300.0000      0.281972795724869        8.792857    
   315.0000      0.280227512121201        8.792857    
   330.0000      0.277990996837616        8.792857    
   345.0000      0.275591045618057        8.792857    
  0.0000000E+00  0.273382782936096        8.792857    
 
  0.0000000E+00  0.272290587425232        8.914286    
   15.00000      0.270570755004883        8.914286    
   30.00000      0.269406944513321        8.914286    
   45.00000      0.268855243921280        8.914286    
   60.00000      0.269031494855881        8.914286    
   75.00000      0.269929349422455        8.914286    
   90.00000      0.271482855081558        8.914286    
   105.0000      0.273307979106903        8.914286    
   120.0000      0.275093823671341        8.914286    
   135.0000      0.276516318321228        8.914286    
   150.0000      0.277594864368439        8.914286    
   165.0000      0.278398364782333        8.914286    
   180.0000      0.279035717248917        8.914286    
   195.0000      0.279626786708832        8.914286    
   210.0000      0.280189633369446        8.914286    
   225.0000      0.280781447887421        8.914286    
   240.0000      0.281356960535049        8.914286    
   255.0000      0.281786978244781        8.914286    
   270.0000      0.281955480575562        8.914286    
   285.0000      0.281621843576431        8.914286    
   300.0000      0.280598551034927        8.914286    
   315.0000      0.278869241476059        8.914286    
   330.0000      0.276692956686020        8.914286    
   345.0000      0.274388074874878        8.914286    
  0.0000000E+00  0.272290587425232        8.914286    
 
  0.0000000E+00  0.271206110715866        9.035714    
   15.00000      0.269598573446274        9.035714    
   30.00000      0.268537968397141        9.035714    
   45.00000      0.268078088760376        9.035714    
   60.00000      0.268332749605179        9.035714    
   75.00000      0.269291818141937        9.035714    
   90.00000      0.270873397588730        9.035714    
   105.0000      0.272692114114761        9.035714    
   120.0000      0.274437099695206        9.035714    
   135.0000      0.275797456502914        9.035714    
   150.0000      0.276806592941284        9.035714    
   165.0000      0.277535110712051        9.035714    
   180.0000      0.278100460767746        9.035714    
   195.0000      0.278616905212402        9.035714    
   210.0000      0.279105275869370        9.035714    
   225.0000      0.279620885848999        9.035714    
   240.0000      0.280115604400635        9.035714    
   255.0000      0.280479073524475        9.035714    
   270.0000      0.280594944953918        9.035714    
   285.0000      0.280224382877350        9.035714    
   300.0000      0.279192864894867        9.035714    
   315.0000      0.277498066425323        9.035714    
   330.0000      0.275395333766937        9.035714    
   345.0000      0.273192107677460        9.035714    
  0.0000000E+00  0.271206110715866        9.035714    
 
  0.0000000E+00  0.270104885101318        9.157143    
   15.00000      0.268606454133987        9.157143    
   30.00000      0.267641335725784        9.157143    
   45.00000      0.267261356115341        9.157143    
   60.00000      0.267577618360519        9.157143    
   75.00000      0.268576532602310        9.157143    
   90.00000      0.270163565874100        9.157143    
   105.0000      0.271956235170364        9.157143    
   120.0000      0.273646652698517        9.157143    
   135.0000      0.274938642978668        9.157143    
   150.0000      0.275876671075821        9.157143    
   165.0000      0.276532530784607        9.157143    
   180.0000      0.277029633522034        9.157143    
   195.0000      0.277476429939270        9.157143    
   210.0000      0.277896285057068        9.157143    
   225.0000      0.278342187404633        9.157143    
   240.0000      0.278765678405762        9.157143    
   255.0000      0.279072850942612        9.157143    
   270.0000      0.279147237539291        9.157143    
   285.0000      0.278754770755768        9.157143    
   300.0000      0.277732908725739        9.157143    
   315.0000      0.276089370250702        9.157143    
   330.0000      0.274072676897049        9.157143    
   345.0000      0.271977931261063        9.157143    
  0.0000000E+00  0.270104885101318        9.157143    
 
  0.0000000E+00  0.268964767456055        9.278572    
   15.00000      0.267573535442352        9.278572    
   30.00000      0.266697466373444        9.278572    
   45.00000      0.266386598348618        9.278572    
   60.00000      0.266748458147049        9.278572    
   75.00000      0.267766267061234        9.278572    
   90.00000      0.269336491823196        9.278572    
   105.0000      0.271083444356918        9.278572    
   120.0000      0.272705346345901        9.278572    
   135.0000      0.273922443389893        9.278572    
   150.0000      0.274787575006485        9.278572    
   165.0000      0.275372803211212        9.278572    
   180.0000      0.275805205106735        9.278572    
   195.0000      0.276187181472778        9.278572    
   210.0000      0.276544362306595        9.278572    
   225.0000      0.276926994323730        9.278572    
   240.0000      0.277288228273392        9.278572    
   255.0000      0.277548432350159        9.278572    
   270.0000      0.277591645717621        9.278572    
   285.0000      0.277190983295441        9.278572    
   300.0000      0.276195347309113        9.278572    
   315.0000      0.274618864059448        9.278572    
   330.0000      0.272700756788254        9.278572    
   345.0000      0.270722031593323        9.278572    
  0.0000000E+00  0.268964767456055        9.278572    
 
  0.0000000E+00  0.267759323120117        9.400000    
   15.00000      0.266475170850754        9.400000    
   30.00000      0.265683233737946        9.400000    
   45.00000      0.265431672334671        9.400000    
   60.00000      0.265823543071747        9.400000    
   75.00000      0.266839534044266        9.400000    
   90.00000      0.268370270729065        9.400000    
   105.0000      0.270051270723343        9.400000    
   120.0000      0.271590232849121        9.400000    
   135.0000      0.272725313901901        9.400000    
   150.0000      0.273515135049820        9.400000    
   165.0000      0.274031460285187        9.400000    
   180.0000      0.274402379989624        9.400000    
   195.0000      0.274724245071411        9.400000    
   210.0000      0.275024294853210        9.400000    
   225.0000      0.275349766016006        9.400000    
   240.0000      0.275656998157501        9.400000    
   255.0000      0.275878429412842        9.400000    
   270.0000      0.275899976491928        9.400000    
   285.0000      0.275503933429718        9.400000    
   300.0000      0.274550110101700        9.400000    
   315.0000      0.273056358098984        9.400000    
   330.0000      0.271249920129776        9.400000    
   345.0000      0.269396245479584        9.400000    
  0.0000000E+00  0.267759323120117        9.400000    
 
  0.0000000E+00  0.266457587480545        9.521429    
   15.00000      0.265282481908798        9.521429    
   30.00000      0.264571487903595        9.521429    
   45.00000      0.264370560646057        9.521429    
   60.00000      0.264777094125748        9.521429    
   75.00000      0.265770137310028        9.521429    
   90.00000      0.267237812280655        9.521429    
   105.0000      0.268831372261047        9.521429    
   120.0000      0.270271748304367        9.521429    
   135.0000      0.271316707134247        9.521429    
   150.0000      0.272028297185898        9.521429    
   165.0000      0.272477030754089        9.521429    
   180.0000      0.272789537906647        9.521429    
   195.0000      0.273055672645569        9.521429    
   210.0000      0.273303687572479        9.521429    
   225.0000      0.273577749729156        9.521429    
   240.0000      0.273838251829147        9.521429    
   255.0000      0.274027824401855        9.521429    
   270.0000      0.274035632610321        9.521429    
   285.0000      0.273656249046326        9.521429    
   300.0000      0.272759616374969        9.521429    
   315.0000      0.271365046501160        9.521429    
   330.0000      0.269684851169586        9.521429    
   345.0000      0.267967432737350        9.521429    
  0.0000000E+00  0.266457587480545        9.521429    
 
  0.0000000E+00  0.265021890401840        9.642858    
   15.00000      0.263960421085358        9.642858    
   30.00000      0.263328969478607        9.642858    
   45.00000      0.263170927762985        9.642858    
   60.00000      0.263576865196228        9.642858    
   75.00000      0.264524936676025        9.642858    
   90.00000      0.265904217958450        9.642858    
   105.0000      0.267386913299561        9.642858    
   120.0000      0.268711268901825        9.642858    
   135.0000      0.269656687974930        9.642858    
   150.0000      0.270286172628403        9.642858    
   165.0000      0.270668119192123        9.642858    
   180.0000      0.270924836397171        9.642858    
   195.0000      0.271139144897461        9.642858    
   210.0000      0.271339714527130        9.642858    
   225.0000      0.271567255258560        9.642858    
   240.0000      0.271786868572235        9.642858    
   255.0000      0.271950334310532        9.642858    
   270.0000      0.271951884031296        9.642858    
   285.0000      0.271600574254990        9.642858    
   300.0000      0.270776540040970        9.642858    
   315.0000      0.269498616456985        9.642858    
   330.0000      0.267961919307709        9.642858    
   345.0000      0.266394913196564        9.642858    
  0.0000000E+00  0.265021890401840        9.642858    
 
  0.0000000E+00  0.263404339551926        9.764286    
   15.00000      0.262464255094528        9.764286    
   30.00000      0.261913090944290        9.764286    
   45.00000      0.261791348457336        9.764286    
   60.00000      0.262181043624878        9.764286    
   75.00000      0.263060480356216        9.764286    
   90.00000      0.264323174953461        9.764286    
   105.0000      0.265668570995331        9.764286    
   120.0000      0.266856759786606        9.764286    
   135.0000      0.267691373825073        9.764286    
   150.0000      0.268233865499496        9.764286    
   165.0000      0.268549293279648        9.764286    
   180.0000      0.268752425909042        9.764286    
   195.0000      0.268918514251709        9.764286    
   210.0000      0.269075632095337        9.764286    
   225.0000      0.269260853528976        9.764286    
   240.0000      0.269444376230240        9.764286    
   255.0000      0.269585996866226        9.764286    
   270.0000      0.269587337970734        9.764286    
   285.0000      0.269274771213531        9.764286    
   300.0000      0.268539369106293        9.764286    
   315.0000      0.267397940158844        9.764286    
   330.0000      0.266025096178055        9.764286    
   345.0000      0.264626830816269        9.764286    
  0.0000000E+00  0.263404339551926        9.764286    
 
  0.0000000E+00  0.261541128158569        9.885715    
   15.00000      0.260734498500824        9.885715    
   30.00000      0.260267466306686        9.885715    
   45.00000      0.260176450014114        9.885715    
   60.00000      0.260533332824707        9.885715    
   75.00000      0.261317610740662        9.885715    
   90.00000      0.262431383132935        9.885715    
   105.0000      0.263608396053314        9.885715    
   120.0000      0.264636397361755        9.885715    
   135.0000      0.265346467494965        9.885715    
   150.0000      0.265795826911926        9.885715    
   165.0000      0.266044557094574        9.885715    
   180.0000      0.266196429729462        9.885715    
   195.0000      0.266317754983902        9.885715    
   210.0000      0.266435056924820        9.885715    
   225.0000      0.266581058502197        9.885715    
   240.0000      0.266731649637222        9.885715    
   255.0000      0.266853779554367        9.885715    
   270.0000      0.266859441995621        9.885715    
   285.0000      0.266595751047134        9.885715    
   300.0000      0.265966117382050        9.885715    
   315.0000      0.264984130859375        9.885715    
   330.0000      0.263800352811813        9.885715    
   345.0000      0.262594372034073        9.885715    
  0.0000000E+00  0.261541128158569        9.885715    
 
  0.0000000E+00  0.259344011545181        10.00714    
   15.00000      0.258688271045685        10.00714    
   30.00000      0.258312553167343        10.00714    
   45.00000      0.258247852325439        10.00714    
   60.00000      0.258553802967072        10.00714    
   75.00000      0.259212195873260        10.00714    
   90.00000      0.260138511657715        10.00714    
   105.0000      0.261109769344330        10.00714    
   120.0000      0.261948496103287        10.00714    
   135.0000      0.262517243623734        10.00714    
   150.0000      0.262866228818893        10.00714    
   165.0000      0.263047993183136        10.00714    
   180.0000      0.263151079416275        10.00714    
   195.0000      0.263231158256531        10.00714    
   210.0000      0.263311862945557        10.00714    
   225.0000      0.263420730829239        10.00714    
   240.0000      0.263539522886276        10.00714    
   255.0000      0.263642162084579        10.00714    
   270.0000      0.263654440641403        10.00714    
   285.0000      0.263448923826218        10.00714    
   300.0000      0.262943834066391        10.00714    
   315.0000      0.262148499488831        10.00714    
   330.0000      0.261185437440872        10.00714    
   345.0000      0.260202467441559        10.00714    
  0.0000000E+00  0.259344011545181        10.00714    
 
  0.0000000E+00  0.256687104701996        10.12857    
   15.00000      0.256207406520844        10.12857    
   30.00000      0.255934774875641        10.12857    
   45.00000      0.255893290042877        10.12857    
   60.00000      0.256127297878265        10.12857    
   75.00000      0.256622463464737        10.12857    
   90.00000      0.257313251495361        10.12857    
   105.0000      0.258031815290451        10.12857    
   120.0000      0.258644729852676        10.12857    
   135.0000      0.259051501750946        10.12857    
   150.0000      0.259291589260101        10.12857    
   165.0000      0.259406715631485        10.12857    
   180.0000      0.259464740753174        10.12857    
   195.0000      0.259507924318314        10.12857    
   210.0000      0.259555369615555        10.12857    
   225.0000      0.259627878665924        10.12857    
   240.0000      0.259713500738144        10.12857    
   255.0000      0.259793579578400        10.12857    
   270.0000      0.259811818599701        10.12857    
   285.0000      0.259672492742538        10.12857    
   300.0000      0.259312689304352        10.12857    
   315.0000      0.258737206459045        10.12857    
   330.0000      0.258035182952881        10.12857    
   345.0000      0.257316112518311        10.12857    
  0.0000000E+00  0.256687104701996        10.12857    
 
  0.0000000E+00  0.253380507230759        10.25000    
   15.00000      0.253112584352493        10.25000    
   30.00000      0.252961277961731        10.25000    
   45.00000      0.252941161394119        10.25000    
   60.00000      0.253077328205109        10.25000    
   75.00000      0.253361314535141        10.25000    
   90.00000      0.253754138946533        10.25000    
   105.0000      0.254159033298492        10.25000    
   120.0000      0.254499167203903        10.25000    
   135.0000      0.254718631505966        10.25000    
   150.0000      0.254840999841690        10.25000    
   165.0000      0.254892110824585        10.25000    
   180.0000      0.254911780357361        10.25000    
   195.0000      0.254924893379211        10.25000    
   210.0000      0.254943341016769        10.25000    
   225.0000      0.254979401826859        10.25000    
   240.0000      0.255027383565903        10.25000    
   255.0000      0.255076855421066        10.25000    
   270.0000      0.255095273256302        10.25000    
   285.0000      0.255027383565903        10.25000    
   300.0000      0.254835605621338        10.25000    
   315.0000      0.254520952701569        10.25000    
   330.0000      0.254132360219955        10.25000    
   345.0000      0.253731936216354        10.25000    
  0.0000000E+00  0.253380507230759        10.25000    
 
