  0.0000000E+00   651.151228646904        6.000000    
   22.50000       650.700498132335        6.000000    
   45.00000       652.290967661710        6.000000    
   67.50000       655.656948348289        6.000000    
   90.00000       662.527756111282        6.000000    
   112.5000       669.542887720526        6.000000    
   135.0000       672.644658903279        6.000000    
   157.5000       670.974132710315        6.000000    
   180.0000       663.519408614475        6.000000    
   202.5000       656.204921278680        6.000000    
   225.0000       648.878851166433        6.000000    
   247.5000       642.011362711561        6.000000    
   270.0000       640.400724013126        6.000000    
   292.5000       645.136413140797        6.000000    
   315.0000       649.774360386995        6.000000    
   337.5000       651.916585841882        6.000000    
  0.0000000E+00   651.151228646904        6.000000    
 
  0.0000000E+00   532.758204169565        6.283333    
   22.50000       530.070096792105        6.283333    
   45.00000       532.402193736675        6.283333    
   67.50000       536.648116623324        6.283333    
   90.00000       543.378395658774        6.283333    
   112.5000       549.859645302260        6.283333    
   135.0000       553.355294133248        6.283333    
   157.5000       553.399118235157        6.283333    
   180.0000       548.678838620022        6.283333    
   202.5000       542.554282984037        6.283333    
   225.0000       533.868169488298        6.283333    
   247.5000       529.208336463825        6.283333    
   270.0000       526.820938180899        6.283333    
   292.5000       528.420750491712        6.283333    
   315.0000       530.877705847863        6.283333    
   337.5000       531.671475352440        6.283333    
  0.0000000E+00   532.758204169565        6.283333    
 
  0.0000000E+00   423.044092528678        6.566667    
   22.50000       421.820191677267        6.566667    
   45.00000       420.898416903286        6.566667    
   67.50000       422.803460301821        6.566667    
   90.00000       427.033010804621        6.566667    
   112.5000       431.893047902350        6.566667    
   135.0000       434.925125020218        6.566667    
   157.5000       435.352459051362        6.566667    
   180.0000       432.314452301398        6.566667    
   202.5000       427.854556989370        6.566667    
   225.0000       423.313438820000        6.566667    
   247.5000       421.231059404039        6.566667    
   270.0000       420.154177673774        6.566667    
   292.5000       420.844959804016        6.566667    
   315.0000       422.384903609277        6.566667    
   337.5000       422.389861944271        6.566667    
  0.0000000E+00   423.044092528678        6.566667    
 
  0.0000000E+00   330.081186279137        6.850000    
   22.50000       329.354036302180        6.850000    
   45.00000       328.610921014593        6.850000    
   67.50000       328.590131954912        6.850000    
   90.00000       329.786643979977        6.850000    
   112.5000       332.478943260467        6.850000    
   135.0000       334.245977019973        6.850000    
   157.5000       334.865889470064        6.850000    
   180.0000       333.715363111253        6.850000    
   202.5000       331.865125248267        6.850000    
   225.0000       329.457657208214        6.850000    
   247.5000       328.452961145451        6.850000    
   270.0000       328.485782031180        6.850000    
   292.5000       329.142220489460        6.850000    
   315.0000       330.321409689008        6.850000    
   337.5000       330.170429394962        6.850000    
  0.0000000E+00   330.081186279137        6.850000    
 
  0.0000000E+00   256.475646938601        7.133333    
   22.50000       256.015945008329        7.133333    
   45.00000       255.754982175957        7.133333    
   67.50000       255.767689529465        7.133333    
   90.00000       256.322942964898        7.133333    
   112.5000       257.385374449273        7.133333    
   135.0000       258.172650536192        7.133333    
   157.5000       258.257562097330        7.133333    
   180.0000       257.437418800616        7.133333    
   202.5000       256.395820683120        7.133333    
   225.0000       255.105100626890        7.133333    
   247.5000       254.571457154631        7.133333    
   270.0000       255.011799074507        7.133333    
   292.5000       255.698420137680        7.133333    
   315.0000       256.638401764539        7.133333    
   337.5000       256.653703611078        7.133333    
  0.0000000E+00   256.475646938601        7.133333    
 
  0.0000000E+00   201.234228299569        7.416667    
   22.50000       201.253561061315        7.416667    
   45.00000       201.432479798706        7.416667    
   67.50000       201.554681272134        7.416667    
   90.00000       201.773333559148        7.416667    
   112.5000       201.933461869779        7.416667    
   135.0000       201.937948132580        7.416667    
   157.5000       201.668156622711        7.416667    
   180.0000       201.070573103073        7.416667    
   202.5000       200.482983828551        7.416667    
   225.0000       199.761423495426        7.416667    
   247.5000       199.413253229553        7.416667    
   270.0000       199.665717930858        7.416667    
   292.5000       200.056121794318        7.416667    
   315.0000       200.727431091859        7.416667    
   337.5000       200.993708831897        7.416667    
  0.0000000E+00   201.234228299569        7.416667    
 
  0.0000000E+00   159.016227833413        7.700000    
   22.50000       159.325194353836        7.700000    
   45.00000       159.546322550062        7.700000    
   67.50000       159.395019515792        7.700000    
   90.00000       159.140192067232        7.700000    
   112.5000       158.805389073693        7.700000    
   135.0000       158.626068210053        7.700000    
   157.5000       158.457999654677        7.700000    
   180.0000       158.190842298575        7.700000    
   202.5000       157.865787057823        7.700000    
   225.0000       157.313886038964        7.700000    
   247.5000       156.888562952701        7.700000    
   270.0000       156.799287508918        7.700000    
   292.5000       157.019509582075        7.700000    
   315.0000       157.716470199147        7.700000    
   337.5000       158.361950822988        7.700000    
  0.0000000E+00   159.016227833413        7.700000    
 
  0.0000000E+00   124.876109552487        7.983334    
   22.50000       125.176511255707        7.983334    
   45.00000       125.209327174600        7.983334    
   67.50000       124.770172317409        7.983334    
   90.00000       124.258374996386        7.983334    
   112.5000       123.828455451680        7.983334    
   135.0000       123.749039660884        7.983334    
   157.5000       123.755356318858        7.983334    
   180.0000       123.689185779540        7.983334    
   202.5000       123.445994134879        7.983334    
   225.0000       122.923173776686        7.983334    
   247.5000       122.433760966530        7.983334    
   270.0000       122.217637786937        7.983334    
   292.5000       122.482910866824        7.983334    
   315.0000       123.276608529295        7.983334    
   337.5000       124.124267346818        7.983334    
  0.0000000E+00   124.876109552487        7.983334    
 
  0.0000000E+00   97.1215915667390        8.266666    
   22.50000       97.3253061917086        8.266666    
   45.00000       97.2163347463701        8.266666    
   67.50000       96.6859606836842        8.266666    
   90.00000       96.1475180397051        8.266666    
   112.5000       95.7748115752146        8.266666    
   135.0000       95.7793472039061        8.266666    
   157.5000       95.8613204741726        8.266666    
   180.0000       95.8705917470356        8.266666    
   202.5000       95.6629237122407        8.266666    
   225.0000       95.2048760079823        8.266666    
   247.5000       94.7639057790006        8.266666    
   270.0000       94.5725834903424        8.266666    
   292.5000       94.8823444748369        8.266666    
   315.0000       95.6462204262209        8.266666    
   337.5000       96.4694500321432        8.266666    
  0.0000000E+00   97.1215915667390        8.266666    
 
  0.0000000E+00   74.8849474877231        8.550000    
   22.50000       74.9982769013294        8.550000    
   45.00000       74.8335139385338        8.550000    
   67.50000       74.3482004031143        8.550000    
   90.00000       73.8942707932639        8.550000    
   112.5000       73.6116819307040        8.550000    
   135.0000       73.6484260937847        8.550000    
   157.5000       73.7341554296582        8.550000    
   180.0000       73.7539122334318        8.550000    
   202.5000       73.5756990438462        8.550000    
   225.0000       73.2111775296509        8.550000    
   247.5000       72.8719060105442        8.550000    
   270.0000       72.7507886395107        8.550000    
   292.5000       73.0590315854736        8.550000    
   315.0000       73.7076499441822        8.550000    
   337.5000       74.3928513600308        8.550000    
  0.0000000E+00   74.8849474877231        8.550000    
 
  0.0000000E+00   57.1643121060063        8.833333    
   22.50000       57.2115522987435        8.833333    
   45.00000       57.0459214655840        8.833333    
   67.50000       56.6623795068045        8.833333    
   90.00000       56.3271867901714        8.833333    
   112.5000       56.1320411506158        8.833333    
   135.0000       56.1715769868487        8.833333    
   157.5000       56.2299509097903        8.833333    
   180.0000       56.2332446313629        8.833333    
   202.5000       56.0819036269858        8.833333    
   225.0000       55.8110931185109        8.833333    
   247.5000       55.5785867648858        8.833333    
   270.0000       55.5272873275022        8.833333    
   292.5000       55.8051677144171        8.833333    
   315.0000       56.3126846602737        8.833333    
   337.5000       56.8289498117954        8.833333    
  0.0000000E+00   57.1643121060063        8.833333    
 
  0.0000000E+00   43.0501914672511        9.116667    
   22.50000       43.0555000469503        9.116667    
   45.00000       42.9162048829766        9.116667    
   67.50000       42.6443584565437        9.116667    
   90.00000       42.4235844056946        9.116667    
   112.5000       42.3010384134785        9.116667    
   135.0000       42.3307755572637        9.116667    
   157.5000       42.3552033382793        9.116667    
   180.0000       42.3367417145689        9.116667    
   202.5000       42.2110748788034        9.116667    
   225.0000       42.0213795888834        9.116667    
   247.5000       41.8795806594350        9.116667    
   270.0000       41.8813365897247        9.116667    
   292.5000       42.1148575683509        9.116667    
   315.0000       42.4863825682267        9.116667    
   337.5000       42.8438818711709        9.116667    
  0.0000000E+00   43.0501914672511        9.116667    
 
  0.0000000E+00   31.8008753751292        9.400000    
   22.50000       31.7840346569449        9.400000    
   45.00000       31.6808211085179        9.400000    
   67.50000       31.5079371661965        9.400000    
   90.00000       31.3806105699238        9.400000    
   112.5000       31.3125739319406        9.400000    
   135.0000       31.3293561597123        9.400000    
   157.5000       31.3257796389516        9.400000    
   180.0000       31.2913832046558        9.400000    
   202.5000       31.1914718805042        9.400000    
   225.0000       31.0670538545831        9.400000    
   247.5000       30.9932716901964        9.400000    
   270.0000       31.0271679769220        9.400000    
   292.5000       31.2106660160177        9.400000    
   315.0000       31.4640721677591        9.400000    
   337.5000       31.6898198587394        9.400000    
  0.0000000E+00   31.8008753751292        9.400000    
 
  0.0000000E+00   22.8689410839965        9.683333    
   22.50000       22.8451516139446        9.683333    
   45.00000       22.7776591837635        9.683333    
   67.50000       22.6812024972987        9.683333    
   90.00000       22.6201391325945        9.683333    
   112.5000       22.5887258115446        9.683333    
   135.0000       22.5948034900254        9.683333    
   157.5000       22.5755601149955        9.683333    
   180.0000       22.5364808225653        9.683333    
   202.5000       22.4633114246166        9.683333    
   225.0000       22.3887130941559        9.683333    
   247.5000       22.3593143248925        9.683333    
   270.0000       22.4043939533027        9.683333    
   292.5000       22.5361434454910        9.683333    
   315.0000       22.6936738963999        9.683333    
   337.5000       22.8202958296553        9.683333    
  0.0000000E+00   22.8689410839965        9.683333    
 
  0.0000000E+00   15.8032848962979        9.966667    
   22.50000       15.7832192708365        9.966667    
   45.00000       15.7461994947629        9.966667    
   67.50000       15.7020471330528        9.966667    
   90.00000       15.6808735747574        9.966667    
   112.5000       15.6707125093023        9.966667    
   135.0000       15.6707408150864        9.966667    
   157.5000       15.6493906150370        9.966667    
   180.0000       15.6173314443085        9.966667    
   202.5000       15.5714854570323        9.966667    
   225.0000       15.5330433761220        9.966667    
   247.5000       15.5270885620991        9.966667    
   270.0000       15.5655407529168        9.966667    
   292.5000       15.6463136857341        9.966667    
   315.0000       15.7301166919860        9.966667    
   337.5000       15.7891364327574        9.966667    
  0.0000000E+00   15.8032848962979        9.966667    
 
  0.0000000E+00   10.2631007376859        10.25000    
   22.50000       10.2535819228021        10.25000    
   45.00000       10.2397832830510        10.25000    
   67.50000       10.2258075213372        10.25000    
   90.00000       10.2213914415953        10.25000    
   112.5000       10.2194550655915        10.25000    
   135.0000       10.2183837306454        10.25000    
   157.5000       10.2071914316634        10.25000    
   180.0000       10.1920999687427        10.25000    
   202.5000       10.1733023682941        10.25000    
   225.0000       10.1596050391226        10.25000    
   247.5000       10.1603115977713        10.25000    
   270.0000       10.1786993927749        10.25000    
   292.5000       10.2115666047733        10.25000    
   315.0000       10.2423225042000        10.25000    
   337.5000       10.2614082607323        10.25000    
  0.0000000E+00   10.2631007376859        10.25000    
 
