  0.0000000E+00  0.219356030225754     
   15.00000      0.221968233585358     
   30.00000      0.223972648382187     
   45.00000      0.225868180394173     
   60.00000      0.227077484130859     
   75.00000      0.227510020136833     
   90.00000      0.227632865309715     
   105.0000      0.228048160672188     
   120.0000      0.228661015629768     
   135.0000      0.228926986455917     
   150.0000      0.228808343410492     
   165.0000      0.228278681635857     
   180.0000      0.226418048143387     
   195.0000      0.223523870110512     
   210.0000      0.220904782414436     
   225.0000      0.217619225382805     
   240.0000      0.213371008634567     
   255.0000      0.210519000887871     
   270.0000      0.209220752120018     
   285.0000      0.207021892070770     
   300.0000      0.205295830965042     
   315.0000      0.206423074007034     
   330.0000      0.210190445184708     
   345.0000      0.215168580412865     
   360.0000      0.219356030225754     
   360.0000      0.219106063246727     
   375.0000      0.221633896231651     
   390.0000      0.223626449704170     
   405.0000      0.225511163473129     
   420.0000      0.226738095283508     
   435.0000      0.227231159806252     
   450.0000      0.227426692843437     
   465.0000      0.227856203913689     
   480.0000      0.228350847959518     
   495.0000      0.228481829166412     
   510.0000      0.228305801749229     
   525.0000      0.227820664644241     
   540.0000      0.226127341389656     
   555.0000      0.223389849066734     
   570.0000      0.220882758498192     
   585.0000      0.217751279473305     
   600.0000      0.213692158460617     
   615.0000      0.210953846573830     
   630.0000      0.209683641791344     
   645.0000      0.207568347454071     
   660.0000      0.205944389104843     
   675.0000      0.207017868757248     
   690.0000      0.210558384656906     
   705.0000      0.215187072753906     
   720.0000      0.219106063246727     
   720.0000      0.218316212296486     
   735.0000      0.220765739679337     
   750.0000      0.222767427563667     
   765.0000      0.224628493189812     
   780.0000      0.225900888442993     
   795.0000      0.226516470313072     
   810.0000      0.226824134588242     
   825.0000      0.227226227521896     
   840.0000      0.227622777223587     
   855.0000      0.227709591388702     
   870.0000      0.227515622973442     
   885.0000      0.227082028985023     
   900.0000      0.225662216544151     
   915.0000      0.223247751593590     
   930.0000      0.220960333943367     
   945.0000      0.218106463551521     
   960.0000      0.214388132095337     
   975.0000      0.211761265993118     
   990.0000      0.210473030805588     
   1005.000      0.208484828472137     
   1020.000      0.206950590014458     
   1035.000      0.207815214991570     
   1050.000      0.210846483707428     
   1065.000      0.214838087558746     
   1080.000      0.218316212296486     
   1080.000      0.216670989990234     
   1095.000      0.219048559665680     
   1110.000      0.221053794026375     
   1125.000      0.222925513982773     
   1140.000      0.224303960800171     
   1155.000      0.225089818239212     
   1170.000      0.225538700819016     
   1185.000      0.225965857505798     
   1200.000      0.226356759667397     
   1215.000      0.226485833525658     
   1230.000      0.226333707571030     
   1245.000      0.225983530282974     
   1260.000      0.224857702851295     
   1275.000      0.222846180200577     
   1290.000      0.220831990242004     
   1305.000      0.218358069658279     
   1320.000      0.215060725808144     
   1335.000      0.212501823902130     
   1350.000      0.211121901869774     
   1365.000      0.209269031882286     
   1380.000      0.207748278975487     
   1395.000      0.208176955580711     
   1410.000      0.210446983575821     
   1425.000      0.213610976934433     
   1440.000      0.216670989990234     
   1440.000      0.214396446943283     
   1455.000      0.216696113348007     
   1470.000      0.218691691756248     
   1485.000      0.220574602484703     
   1500.000      0.222076222300529     
   1515.000      0.223055824637413     
   1530.000      0.223668918013573     
   1545.000      0.224160477519035     
   1560.000      0.224598899483681     
   1575.000      0.224830940365791     
   1590.000      0.224774003028870     
   1605.000      0.224542006850243     
   1620.000      0.223718419671059     
   1635.000      0.222069144248962     
   1650.000      0.220305874943733     
   1665.000      0.218238860368729     
   1680.000      0.215404614806175     
   1695.000      0.212885856628418     
   1710.000      0.211353540420532     
   1725.000      0.209622472524643     
   1740.000      0.208066880702972     
   1755.000      0.207938864827156     
   1770.000      0.209344148635864     
   1785.000      0.211734816431999     
   1800.000      0.214396446943283     
   1800.000      0.211862936615944     
   1815.000      0.214054480195045     
   1830.000      0.216016620397568     
   1845.000      0.217884704470634     
   1860.000      0.219471231102943     
   1875.000      0.220615953207016     
   1890.000      0.221385687589645     
   1905.000      0.221956461668015     
   1920.000      0.222455725073814     
   1935.000      0.222806945443153     
   1950.000      0.222870856523514     
   1965.000      0.222762897610664     
   1980.000      0.222208693623543     
   1995.000      0.220869287848473     
   2010.000      0.219294965267181     
   2025.000      0.217518210411072     
   2040.000      0.215059921145439     
   2055.000      0.212587833404541     
   2070.000      0.210902154445648     
   2085.000      0.209252193570137     
   2100.000      0.207688882946968     
   2115.000      0.207137212157249     
   2130.000      0.207860141992569     
   2145.000      0.209593579173088     
   2160.000      0.211862936615944     
   2160.000      0.209449380636215     
   2175.000      0.211512282490730     
   2190.000      0.213420808315277     
   2205.000      0.215241670608521     
   2220.000      0.216842681169510     
   2235.000      0.218073889613152     
   2250.000      0.218946307897568     
   2265.000      0.219575807452202     
   2280.000      0.220115929841995     
   2295.000      0.220553532242775     
   2310.000      0.220717579126358     
   2325.000      0.220701038837433     
   2340.000      0.220326364040375     
   2355.000      0.219204664230347     
   2370.000      0.217756062746048     
   2385.000      0.216145515441895     
   2400.000      0.213940992951393     
   2415.000      0.211542263627052     
   2430.000      0.209762945771217     
   2445.000      0.208164557814598     
   2460.000      0.206651166081429     
   2475.000      0.205898448824883     
   2490.000      0.206215426325798     
   2505.000      0.207501128315926     
   2520.000      0.209449380636215     
   2520.000      0.207326635718346     
   2535.000      0.209283232688904     
   2550.000      0.211129754781723     
   2565.000      0.212884008884430     
   2580.000      0.214435502886772     
   2595.000      0.215663313865662     
   2610.000      0.216557979583740     
   2625.000      0.217199161648750     
   2640.000      0.217743903398514     
   2655.000      0.218207582831383     
   2670.000      0.218412265181541     
   2685.000      0.218424066901207     
   2700.000      0.218106105923653     
   2715.000      0.217073455452919     
   2730.000      0.215678483247757     
   2745.000      0.214121699333191     
   2760.000      0.212039232254028     
   2775.000      0.209724783897400     
   2790.000      0.207935139536858     
   2805.000      0.206395000219345     
   2820.000      0.204995095729828     
   2835.000      0.204256877303123     
   2850.000      0.204459026455879     
   2865.000      0.205557495355606     
   2880.000      0.207326635718346     
   2880.000      0.205411538481712     
   2895.000      0.207303151488304     
   2910.000      0.209091737866402     
   2925.000      0.210770666599274     
   2940.000      0.212234497070312     
   2955.000      0.213394463062286     
   2970.000      0.214243054389954     
   2985.000      0.214849650859833     
   3000.000      0.215363577008247     
   3015.000      0.215793713927269     
   3030.000      0.215970322489738     
   3045.000      0.215940788388252     
   3060.000      0.215561330318451     
   3075.000      0.214497074484825     
   3090.000      0.213087618350983     
   3105.000      0.211499005556107     
   3120.000      0.209441095590591     
   3135.000      0.207216709852219     
   3150.000      0.205490663647652     
   3165.000      0.204040586948395     
   3180.000      0.202817574143410     
   3195.000      0.202255338430405     
   3210.000      0.202562674880028     
   3225.000      0.203685671091080     
   3240.000      0.205411538481712     
   3240.000      0.203478842973709     
   3255.000      0.205334067344666     
   3270.000      0.207072481513023     
   3285.000      0.208674609661102     
   3300.000      0.210036665201187     
   3315.000      0.211100697517395     
   3330.000      0.211869060993195     
   3345.000      0.212415978312492     
   3360.000      0.212875440716743     
   3375.000      0.213230952620506     
   3390.000      0.213329240679741     
   3405.000      0.213200628757477     
   3420.000      0.212677881121635     
   3435.000      0.211507067084312     
   3450.000      0.210036516189575     
   3465.000      0.208366096019745     
   3480.000      0.206291794776917     
   3495.000      0.204171240329742     
   3510.000      0.202555969357491     
   3525.000      0.201231181621552     
   3540.000      0.200236991047859     
   3555.000      0.199940904974937     
   3570.000      0.200467228889465     
   3585.000      0.201723456382751     
   3600.000      0.203478842973709     
   3600.000      0.201307356357574     
   3615.000      0.203139677643776     
   3630.000      0.204836741089821     
   3645.000      0.206368103623390     
   3660.000      0.207634285092354     
   3675.000      0.208603695034981     
   3690.000      0.209288686513901     
   3705.000      0.209772542119026     
   3720.000      0.210167378187180     
   3735.000      0.210428431630135     
   3750.000      0.210421070456505     
   3765.000      0.210157290101051     
   3780.000      0.209452942013741     
   3795.000      0.208147242665291     
   3810.000      0.206592381000519     
   3825.000      0.204823240637779     
   3840.000      0.202734425663948     
   3855.000      0.200731351971626     
   3870.000      0.199246034026146     
   3885.000      0.198070824146271     
   3900.000      0.197330787777901     
   3915.000      0.197323486208916     
   3930.000      0.198093131184578     
   3945.000      0.199505031108856     
   3960.000      0.201307356357574     
   3960.000      0.198754489421844     
   3975.000      0.200571730732918     
   3990.000      0.202237859368324     
   4005.000      0.203711166977882     
   4020.000      0.204899519681931     
   4035.000      0.205791577696800     
   4050.000      0.206407248973846     
   4065.000      0.206836834549904     
   4080.000      0.207166731357574     
   4095.000      0.207328304648399     
   4110.000      0.207204252481461     
   4125.000      0.206788182258606     
   4140.000      0.205893799662590     
   4155.000      0.204450845718384     
   4170.000      0.202803283929825     
   4185.000      0.200938776135445     
   4200.000      0.198853045701981     
   4215.000      0.196972280740738     
   4230.000      0.195617124438286     
   4245.000      0.194601073861122     
   4260.000      0.194112300872803     
   4275.000      0.194372668862343     
   4290.000      0.195362016558647     
   4305.000      0.196910887956619     
   4320.000      0.198754489421844     
   4320.000      0.195741221308708     
   4335.000      0.197550773620605     
   4350.000      0.199197426438332     
   4365.000      0.200628891587257     
   4380.000      0.201761677861214     
   4395.000      0.202598556876183     
   4410.000      0.203164383769035     
   4425.000      0.203552588820457     
   4440.000      0.203822195529938     
   4455.000      0.203886434435844     
   4470.000      0.203642442822456     
   4485.000      0.203067988157272     
   4500.000      0.201988354325294     
   4515.000      0.200413763523102     
   4530.000      0.198671758174896     
   4545.000      0.196723252534866     
   4560.000      0.194657355546951     
   4575.000      0.192893862724304     
   4590.000      0.191660955548286     
   4605.000      0.190802156925201     
   4620.000      0.190544337034225     
   4635.000      0.191034689545631     
   4650.000      0.192206636071205     
   4665.000      0.193865016102791     
   4680.000      0.195741221308708     
   4680.000      0.192206323146820     
   4695.000      0.194015577435493     
   4710.000      0.195654317736626     
   4725.000      0.197060674428940     
   4740.000      0.198159530758858     
   4755.000      0.198962822556496     
   4770.000      0.199498042464256     
   4785.000      0.199857741594315     
   4800.000      0.200073495507240     
   4815.000      0.200044870376587     
   4830.000      0.199680641293526     
   4845.000      0.198946788907051     
   4860.000      0.197690039873123     
   4875.000      0.195990353822708     
   4890.000      0.194154515862465     
   4905.000      0.192133948206902     
   4920.000      0.190098404884338     
   4935.000      0.188442111015320     
   4950.000      0.187320917844772     
   4965.000      0.186610817909241     
   4980.000      0.186557203531265     
   4995.000      0.187239125370979     
   5010.000      0.188558876514435     
   5025.000      0.190303325653076     
   5040.000      0.192206323146820     
   5040.000      0.188075020909309     
   5055.000      0.189890936017036     
   5070.000      0.191532373428345     
   5085.000      0.192929223179817     
   5100.000      0.194013506174088     
   5115.000      0.194802537560463     
   5130.000      0.195324420928955     
   5145.000      0.195667579770088     
   5160.000      0.195836320519447     
   5175.000      0.195719838142395     
   5190.000      0.195236355066299     
   5205.000      0.194344431161880     
   5220.000      0.192919045686722     
   5235.000      0.191099584102631     
   5250.000      0.189171507954597     
   5265.000      0.187089160084724     
   5280.000      0.185088843107224     
   5295.000      0.183527976274490     
   5310.000      0.182507783174515     
   5325.000      0.181934446096420     
   5340.000      0.182057693600655     
   5355.000      0.182897225022316     
   5370.000      0.184335932135582     
   5385.000      0.186148390173912     
   5400.000      0.188075020909309     
   5400.000      0.183245152235031     
   5415.000      0.185073152184486     
   5430.000      0.186726301908493     
   5445.000      0.188127353787422     
   5460.000      0.189213857054710     
   5475.000      0.190005451440811     
   5490.000      0.190529331564903     
   5505.000      0.190866813063622     
   5520.000      0.190995648503304     
   5535.000      0.190796643495560     
   5550.000      0.190195962786674     
   5565.000      0.189149230718613     
   5580.000      0.187563553452492     
   5595.000      0.185629099607468     
   5610.000      0.183611422777176     
   5625.000      0.181476101279259     
   5640.000      0.179512292146683     
   5655.000      0.178035274147987     
   5670.000      0.177105829119682     
   5685.000      0.176655679941177     
   5700.000      0.176929607987404     
   5715.000      0.177897348999977     
   5730.000      0.179430976510048     
   5745.000      0.181297212839127     
   5760.000      0.183245152235031     
   5760.000      0.177577570080757     
   5775.000      0.179420590400696     
   5790.000      0.181092068552971     
   5805.000      0.182508528232574     
   5820.000      0.183611139655113     
   5835.000      0.184419810771942     
   5850.000      0.184959203004837     
   5865.000      0.185301095247269     
   5880.000      0.185397416353226     
   5895.000      0.185121893882751     
   5910.000      0.184407800436020     
   5925.000      0.183211684226990     
   5940.000      0.181474879384041     
   5955.000      0.179431110620499     
   5970.000      0.177328646183014     
   5985.000      0.175148904323578     
   6000.000      0.173221409320831     
   6015.000      0.171817988157272     
   6030.000      0.170969709753990     
   6045.000      0.170628339052200     
   6060.000      0.171028107404709     
   6075.000      0.172097668051720     
   6090.000      0.173704609274864     
   6105.000      0.175611540675163     
   6120.000      0.177577570080757     
   6120.000      0.170883625745773     
   6135.000      0.172740668058395     
   6150.000      0.174433335661888     
   6165.000      0.175872832536697     
   6180.000      0.177002221345901     
   6195.000      0.177839815616608     
   6210.000      0.178406268358231     
   6225.000      0.178761824965477     
   6240.000      0.178833484649658     
   6255.000      0.178488731384277     
   6270.000      0.177667513489723     
   6285.000      0.176330864429474     
   6300.000      0.174454957246780     
   6315.000      0.172310680150986     
   6330.000      0.170131996273994     
   6345.000      0.167918264865875     
   6360.000      0.166027814149857     
   6375.000      0.164690122008324     
   6390.000      0.163914516568184     
   6405.000      0.163667097687721     
   6420.000      0.164168328046799     
   6435.000      0.165314197540283     
   6450.000      0.166972741484642     
   6465.000      0.168905884027481     
   6480.000      0.170883625745773     
   6480.000      0.162904828786850     
   6495.000      0.164768576622009     
   6510.000      0.166479393839836     
   6525.000      0.167944207787514     
   6540.000      0.169106394052505     
   6555.000      0.169981196522713     
   6570.000      0.170583695173264     
   6585.000      0.170960947871208     
   6600.000      0.171016305685043     
   6615.000      0.170611888170242     
   6630.000      0.169693887233734     
   6645.000      0.168231070041656     
   6660.000      0.166234001517296     
   6675.000      0.164004489779472     
   6690.000      0.161765128374100     
   6705.000      0.159532934427261     
   6720.000      0.157684043049812     
   6735.000      0.156408071517944     
   6750.000      0.155698135495186     
   6765.000      0.155529618263245     
   6780.000      0.156107187271118     
   6795.000      0.157302349805832     
   6810.000      0.158987462520599     
   6825.000      0.160927623510361     
   6840.000      0.162904828786850     
   6840.000      0.153281614184380     
   6855.000      0.155134439468384     
   6870.000      0.156850621104240     
   6885.000      0.158334225416183     
   6900.000      0.159527927637100     
   6915.000      0.160442307591438     
   6930.000      0.161085635423660     
   6945.000      0.161490395665169     
   6960.000      0.161538362503052     
   6975.000      0.161087274551392     
   6990.000      0.160089582204819     
   7005.000      0.158524557948112     
   7020.000      0.156435549259186     
   7035.000      0.154148355126381     
   7050.000      0.151875957846642     
   7065.000      0.149651214480400     
   7080.000      0.147856399416924     
   7095.000      0.146644249558449     
   7110.000      0.145995721220970     
   7125.000      0.145890831947327     
   7140.000      0.146517008543015     
   7155.000      0.147729456424713     
   7170.000      0.149408608675003     
   7185.000      0.151327431201935     
   7200.000      0.153281614184380     
   7200.000      0.141500025987625     
   7215.000      0.143306791782379     
   7230.000      0.144998610019684     
   7245.000      0.146479249000549     
   7260.000      0.147690042853355     
   7275.000      0.148635864257812     
   7290.000      0.149316892027855     
   7305.000      0.149750307202339     
   7320.000      0.149799823760986     
   7335.000      0.149320811033249     
   7350.000      0.148272261023521     
   7365.000      0.146646201610565     
   7380.000      0.144515603780746     
   7395.000      0.142220512032509     
   7410.000      0.139964580535889     
   7425.000      0.137792736291885     
   7440.000      0.136079490184784     
   7455.000      0.134943440556526     
   7470.000      0.134356647729874     
   7485.000      0.134299859404564     
   7500.000      0.134941428899765     
   7515.000      0.136129513382912     
   7530.000      0.137756273150444     
   7545.000      0.139608934521675     
   7560.000      0.141500025987625     
   7560.000      0.126800954341888     
   7575.000      0.128495544195175     
   7590.000      0.130102723836899     
   7605.000      0.131530240178108     
   7620.000      0.132719099521637     
   7635.000      0.133667632937431     
   7650.000      0.134367391467094     
   7665.000      0.134820356965065     
   7680.000      0.134879112243652     
   7695.000      0.134400784969330     
   7710.000      0.133351728320122     
   7725.000      0.131738007068634     
   7740.000      0.129656076431274     
   7755.000      0.127444863319397     
   7770.000      0.125294938683510     
   7785.000      0.123257644474506     
   7800.000      0.121680729091167     
   7815.000      0.120650872588158     
   7830.000      0.120134308934212     
   7845.000      0.120110124349594     
   7860.000      0.120723985135555     
   7875.000      0.121828287839890     
   7890.000      0.123331442475319     
   7905.000      0.125043988227844     
   7920.000      0.126800954341888     
   7920.000      0.108015395700932     
   7935.000      0.109473884105682     
   7950.000      0.110877849161625     
   7965.000      0.112146705389023     
   7980.000      0.113225065171719     
   7995.000      0.114104971289635     
   8010.000      0.114770591259003     
   8025.000      0.115210816264153     
   8040.000      0.115281090140343     
   8055.000      0.114850275218487     
   8070.000      0.113893277943134     
   8085.000      0.112429164350033     
   8100.000      0.110565394163132     
   8115.000      0.108611330389977     
   8130.000      0.106733471155167     
   8145.000      0.104981057345867     
   8160.000      0.103646337985992     
   8175.000      0.102785468101501     
   8190.000      0.102363109588623     
   8205.000      0.102356545627117     
   8220.000      0.102881781756878     
   8235.000      0.103811144828796     
   8250.000      0.105074867606163     
   8265.000      0.106520466506481     
   8280.000      0.108015395700932     
   8280.000      8.324459195137024E-002
   8295.000      8.422791212797165E-002
   8310.000      8.519104123115540E-002
   8325.000      8.607935160398483E-002
   8340.000      8.685153722763062E-002
   8355.000      8.749695122241974E-002
   8370.000      8.799806982278824E-002
   8385.000      8.833799511194229E-002
   8400.000      8.840585500001907E-002
   8415.000      8.810558170080185E-002
   8430.000      8.742277324199677E-002
   8445.000      8.638180792331696E-002
   8460.000      8.507317304611206E-002
   8475.000      8.371890336275101E-002
   8490.000      8.243465423583984E-002
   8505.000      8.125485479831696E-002
   8520.000      8.036895096302032E-002
   8535.000      7.980330288410187E-002
   8550.000      7.952968776226044E-002
   8565.000      7.952830940485001E-002
   8580.000      7.987166196107864E-002
   8595.000      8.047571033239365E-002
   8610.000      8.130010962486267E-002
   8625.000      8.225063234567642E-002
   8640.000      8.324459195137024E-002
