  0.0000000E+00  0.216942578554153        6.000000    
   15.00000      0.218113839626312        6.000000    
   30.00000      0.218799754977226        6.000000    
   45.00000      0.218929886817932        6.000000    
   60.00000      0.218752309679985        6.000000    
   75.00000      0.218420654535294        6.000000    
   90.00000      0.217906698584557        6.000000    
   105.0000      0.217254966497421        6.000000    
   120.0000      0.216601356863976        6.000000    
   135.0000      0.216057822108269        6.000000    
   150.0000      0.215544238686562        6.000000    
   165.0000      0.214803323149681        6.000000    
   180.0000      0.213852137327194        6.000000    
   195.0000      0.212807655334473        6.000000    
   210.0000      0.211525574326515        6.000000    
   225.0000      0.210090935230255        6.000000    
   240.0000      0.209050580859184        6.000000    
   255.0000      0.208316206932068        6.000000    
   270.0000      0.207553818821907        6.000000    
   285.0000      0.207525283098221        6.000000    
   300.0000      0.208940133452415        6.000000    
   315.0000      0.211267516016960        6.000000    
   330.0000      0.213637903332710        6.000000    
   345.0000      0.215511173009872        6.000000    
  0.0000000E+00  0.216942578554153        6.000000    
 
  0.0000000E+00  0.216135546565056        6.184783    
   15.00000      0.217306807637215        6.184783    
   30.00000      0.218013584613800        6.184783    
   45.00000      0.218176618218422        6.184783    
   60.00000      0.218026816844940        6.184783    
   75.00000      0.217715710401535        6.184783    
   90.00000      0.217222765088081        6.184783    
   105.0000      0.216581597924232        6.184783    
   120.0000      0.215921595692635        6.184783    
   135.0000      0.215356439352036        6.184783    
   150.0000      0.214822039008141        6.184783    
   165.0000      0.214083969593048        6.184783    
   180.0000      0.213151812553406        6.184783    
   195.0000      0.212130621075630        6.184783    
   210.0000      0.210892677307129        6.184783    
   225.0000      0.209517166018486        6.184783    
   240.0000      0.208516582846642        6.184783    
   255.0000      0.207812815904617        6.184783    
   270.0000      0.207096844911575        6.184783    
   285.0000      0.207099348306656        6.184783    
   300.0000      0.208467051386833        6.184783    
   315.0000      0.210663646459579        6.184783    
   330.0000      0.212912842631340        6.184783    
   345.0000      0.214717641472816        6.184783    
  0.0000000E+00  0.216135546565056        6.184783    
 
  0.0000000E+00  0.214753136038780        6.369565    
   15.00000      0.215945437550545        6.369565    
   30.00000      0.216713428497314        6.369565    
   45.00000      0.216962382197380        6.369565    
   60.00000      0.216882795095444        6.369565    
   75.00000      0.216617777943611        6.369565    
   90.00000      0.216162249445915        6.369565    
   105.0000      0.215546444058418        6.369565    
   120.0000      0.214886561036110        6.369565    
   135.0000      0.214296549558640        6.369565    
   150.0000      0.213745176792145        6.369565    
   165.0000      0.213023513555527        6.369565    
   180.0000      0.212126746773720        6.369565    
   195.0000      0.211157783865929        6.369565    
   210.0000      0.210006624460220        6.369565    
   225.0000      0.208724573254585        6.369565    
   240.0000      0.207773685455322        6.369565    
   255.0000      0.207110911607742        6.369565    
   270.0000      0.206451550126076        6.369565    
   285.0000      0.206451535224915        6.369565    
   300.0000      0.207660898566246        6.369565    
   315.0000      0.209602087736130        6.369565    
   330.0000      0.211629331111908        6.369565    
   345.0000      0.213345810770988        6.369565    
  0.0000000E+00  0.214753136038780        6.369565    
 
  0.0000000E+00  0.212780997157097        6.554348    
   15.00000      0.214003652334213        6.554348    
   30.00000      0.214863896369934        6.554348    
   45.00000      0.215242609381676        6.554348    
   60.00000      0.215270221233368        6.554348    
   75.00000      0.215082123875618        6.554348    
   90.00000      0.214696303009987        6.554348    
   105.0000      0.214140325784683        6.554348    
   120.0000      0.213507488369942        6.554348    
   135.0000      0.212904185056686        6.554348    
   150.0000      0.212335139513016        6.554348    
   165.0000      0.211636036634445        6.554348    
   180.0000      0.210788369178772        6.554348    
   195.0000      0.209879621863365        6.554348    
   210.0000      0.208834022283554        6.554348    
   225.0000      0.207657784223557        6.554348    
   240.0000      0.206738352775574        6.554348    
   255.0000      0.206093162298203        6.554348    
   270.0000      0.205467104911804        6.554348    
   285.0000      0.205386534333229        6.554348    
   300.0000      0.206318020820618        6.554348    
   315.0000      0.207911759614944        6.554348    
   330.0000      0.209726125001907        6.554348    
   345.0000      0.211375668644905        6.554348    
  0.0000000E+00  0.212780997157097        6.554348    
 
  0.0000000E+00  0.210346192121506        6.739130    
   15.00000      0.211597576737404        6.739130    
   30.00000      0.212557092308998        6.739130    
   45.00000      0.213085293769836        6.739130    
   60.00000      0.213243708014488        6.739130    
   75.00000      0.213154122233391        6.739130    
   90.00000      0.212861284613609        6.739130    
   105.0000      0.212394937872887        6.739130    
   120.0000      0.211822390556335        6.739130    
   135.0000      0.211232587695122        6.739130    
   150.0000      0.210660293698311        6.739130    
   165.0000      0.209987059235573        6.739130    
   180.0000      0.209181502461433        6.739130    
   195.0000      0.208326473832130        6.739130    
   210.0000      0.207382693886757        6.739130    
   225.0000      0.206301182508469        6.739130    
   240.0000      0.205387949943542        6.739130    
   255.0000      0.204734355211258        6.739130    
   270.0000      0.204116508364677        6.739130    
   285.0000      0.203901335597038        6.739130    
   300.0000      0.204507723450661        6.739130    
   315.0000      0.205763772130013        6.739130    
   330.0000      0.207359880208969        6.739130    
   345.0000      0.208942815661430        6.739130    
  0.0000000E+00  0.210346192121506        6.739130    
 
  0.0000000E+00  0.207661151885986        6.923913    
   15.00000      0.208920478820801        6.923913    
   30.00000      0.209949299693108        6.923913    
   45.00000      0.210602894425392        6.923913    
   60.00000      0.210882693529129        6.923913    
   75.00000      0.210888579487801        6.923913    
   90.00000      0.210687473416328        6.923913    
   105.0000      0.210318297147751        6.923913    
   120.0000      0.209828779101372        6.923913    
   135.0000      0.209283113479614        6.923913    
   150.0000      0.208730921149254        6.923913    
   165.0000      0.208094686269760        6.923913    
   180.0000      0.207330137491226        6.923913    
   195.0000      0.206514388322830        6.923913    
   210.0000      0.205644577741623        6.923913    
   225.0000      0.204636067152023        6.923913    
   240.0000      0.203719452023506        6.923913    
   255.0000      0.203042596578598        6.923913    
   270.0000      0.202423334121704        6.923913    
   285.0000      0.202096968889236        6.923913    
   300.0000      0.202433735132217        6.923913    
   315.0000      0.203392386436462        6.923913    
   330.0000      0.204773947596550        6.923913    
   345.0000      0.206273645162582        6.923913    
  0.0000000E+00  0.207661151885986        6.923913    
 
  0.0000000E+00  0.204963177442551        7.108696    
   15.00000      0.206200972199440        7.108696    
   30.00000      0.207243949174881        7.108696    
   45.00000      0.207958057522774        7.108696    
   60.00000      0.208310589194298        7.108696    
   75.00000      0.208379030227661        7.108696    
   90.00000      0.208241924643517        7.108696    
   105.0000      0.207949280738831        7.108696    
   120.0000      0.207539379596710        7.108696    
   135.0000      0.207053378224373        7.108696    
   150.0000      0.206539601087570        7.108696    
   165.0000      0.205946952104568        7.108696    
   180.0000      0.205223366618156        7.108696    
   195.0000      0.204438626766205        7.108696    
   210.0000      0.203615784645081        7.108696    
   225.0000      0.202659174799919        7.108696    
   240.0000      0.201746210455894        7.108696    
   255.0000      0.201051354408264        7.108696    
   270.0000      0.200437709689140        7.108696    
   285.0000      0.200059846043587        7.108696    
   300.0000      0.200234889984131        7.108696    
   315.0000      0.200991481542587        7.108696    
   330.0000      0.202203556895256        7.108696    
   345.0000      0.203613579273224        7.108696    
  0.0000000E+00  0.204963177442551        7.108696    
 
  0.0000000E+00  0.202382415533066        7.293478    
   15.00000      0.203570574522018        7.293478    
   30.00000      0.204573631286621        7.293478    
   45.00000      0.205274105072021        7.293478    
   60.00000      0.205633774399757        7.293478    
   75.00000      0.205717533826828        7.293478    
   90.00000      0.205605834722519        7.293478    
   105.0000      0.205355107784271        7.293478    
   120.0000      0.205000072717667        7.293478    
   135.0000      0.204566150903702        7.293478    
   150.0000      0.204092293977737        7.293478    
   165.0000      0.203535929322243        7.293478    
   180.0000      0.202844187617302        7.293478    
   195.0000      0.202081814408302        7.293478    
   210.0000      0.201281249523163        7.293478    
   225.0000      0.200354561209679        7.293478    
   240.0000      0.199457585811615        7.293478    
   255.0000      0.198764353990555        7.293478    
   270.0000      0.198175653815269        7.293478    
   285.0000      0.197815388441086        7.293478    
   300.0000      0.197950989007950        7.293478    
   315.0000      0.198628053069115        7.293478    
   330.0000      0.199749380350113        7.293478    
   345.0000      0.201086103916168        7.293478    
  0.0000000E+00  0.202382415533066        7.293478    
 
  0.0000000E+00  0.199868932366371        7.478261    
   15.00000      0.200989320874214        7.478261    
   30.00000      0.201915740966797        7.478261    
   45.00000      0.202550575137138        7.478261    
   60.00000      0.202868685126305        7.478261    
   75.00000      0.202931240200996        7.478261    
   90.00000      0.202815130352974        7.478261    
   105.0000      0.202577129006386        7.478261    
   120.0000      0.202249303460121        7.478261    
   135.0000      0.201847985386848        7.478261    
   150.0000      0.201399624347687        7.478261    
   165.0000      0.200859069824219        7.478261    
   180.0000      0.200179442763329        7.478261    
   195.0000      0.199424520134926        7.478261    
   210.0000      0.198623061180115        7.478261    
   225.0000      0.197707965970039        7.478261    
   240.0000      0.196838483214378        7.478261    
   255.0000      0.196169838309288        7.478261    
   270.0000      0.195632100105286        7.478261    
   285.0000      0.195349812507629        7.478261    
   300.0000      0.195544540882111        7.478261    
   315.0000      0.196243658661842        7.478261    
   330.0000      0.197345331311226        7.478261    
   345.0000      0.198631793260574        7.478261    
  0.0000000E+00  0.199868932366371        7.478261    
 
  0.0000000E+00  0.197261378169060        7.663043    
   15.00000      0.198308527469635        7.663043    
   30.00000      0.199145689606667        7.663043    
   45.00000      0.199697181582451        7.663043    
   60.00000      0.199956357479095        7.663043    
   75.00000      0.199983656406403        7.663043    
   90.00000      0.199850142002106        7.663043    
   105.0000      0.199609369039536        7.663043    
   120.0000      0.199289709329605        7.663043    
   135.0000      0.198901221156120        7.663043    
   150.0000      0.198457121849060        7.663043    
   165.0000      0.197906672954559        7.663043    
   180.0000      0.197215199470520        7.663043    
   195.0000      0.196447938680649        7.663043    
   210.0000      0.195625737309456        7.663043    
   225.0000      0.194711923599243        7.663043    
   240.0000      0.193878293037415        7.663043    
   255.0000      0.193252608180046        7.663043    
   270.0000      0.192790374159813        7.663043    
   285.0000      0.192626968026161        7.663043    
   300.0000      0.192936971783638        7.663043    
   315.0000      0.193712159991264        7.663043    
   330.0000      0.194831401109695        7.663043    
   345.0000      0.196082264184952        7.663043    
  0.0000000E+00  0.197261378169060        7.663043    
 
  0.0000000E+00  0.194406136870384        7.847826    
   15.00000      0.195386439561844        7.847826    
   30.00000      0.196142002940178        7.847826    
   45.00000      0.196618616580963        7.847826    
   60.00000      0.196825191378593        7.847826    
   75.00000      0.196820601820946        7.847826    
   90.00000      0.196669965982437        7.847826    
   105.0000      0.196422219276428        7.847826    
   120.0000      0.196100428700447        7.847826    
   135.0000      0.195708438754082        7.847826    
   150.0000      0.195246934890747        7.847826    
   165.0000      0.194662570953369        7.847826    
   180.0000      0.193937107920647        7.847826    
   195.0000      0.193137824535370        7.847826    
   210.0000      0.192280948162079        7.847826    
   225.0000      0.191364929080009        7.847826    
   240.0000      0.190571278333664        7.847826    
   255.0000      0.189999371767044        7.847826    
   270.0000      0.189629182219505        7.847826    
   285.0000      0.189602226018906        7.847826    
   300.0000      0.190044403076172        7.847826    
   315.0000      0.190908744931221        7.847826    
   330.0000      0.192054614424706        7.847826    
   345.0000      0.193277761340141        7.847826    
  0.0000000E+00  0.194406136870384        7.847826    
 
  0.0000000E+00  0.191207155585289        8.032609    
   15.00000      0.192134574055672        8.032609    
   30.00000      0.192827031016350        8.032609    
   45.00000      0.193248867988586        8.032609    
   60.00000      0.193418845534325        8.032609    
   75.00000      0.193393290042877        8.032609    
   90.00000      0.193232104182243        8.032609    
   105.0000      0.192978441715240        8.032609    
   120.0000      0.192648410797119        8.032609    
   135.0000      0.192239105701447        8.032609    
   150.0000      0.191741064190865        8.032609    
   165.0000      0.191102966666222        8.032609    
   180.0000      0.190325394272804        8.032609    
   195.0000      0.189478024840355        8.032609    
   210.0000      0.188578099012375        8.032609    
   225.0000      0.187659353017807        8.032609    
   240.0000      0.186905875802040        8.032609    
   255.0000      0.186392113566399        8.032609    
   270.0000      0.186120823025703        8.032609    
   285.0000      0.186230003833771        8.032609    
   300.0000      0.186798095703125        8.032609    
   315.0000      0.187744557857513        8.032609    
   330.0000      0.188915222883224        8.032609    
   345.0000      0.190117746591568        8.032609    
  0.0000000E+00  0.191207155585289        8.032609    
 
  0.0000000E+00  0.187604576349258        8.217392    
   15.00000      0.188495650887489        8.217392    
   30.00000      0.189146056771278        8.217392    
   45.00000      0.189534470438957        8.217392    
   60.00000      0.189684823155403        8.217392    
   75.00000      0.189650326967239        8.217392    
   90.00000      0.189486190676689        8.217392    
   105.0000      0.189228549599648        8.217392    
   120.0000      0.188885256648064        8.217392    
   135.0000      0.188446417450905        8.217392    
   150.0000      0.187895670533180        8.217392    
   165.0000      0.187188401818275        8.217392    
   180.0000      0.186344414949417        8.217392    
   195.0000      0.185437023639679        8.217392    
   210.0000      0.184489682316780        8.217392    
   225.0000      0.183567985892296        8.217392    
   240.0000      0.182852029800415        8.217392    
   255.0000      0.182397067546844        8.217392    
   270.0000      0.182224377989769        8.217392    
   285.0000      0.182460293173790        8.217392    
   300.0000      0.183140188455582        8.217392    
   315.0000      0.184157326817513        8.217392    
   330.0000      0.185350447893143        8.217392    
   345.0000      0.186540737748146        8.217392    
  0.0000000E+00  0.187604576349258        8.217392    
 
  0.0000000E+00  0.183540195226669        8.402174    
   15.00000      0.184410989284515        8.402174    
   30.00000      0.185038700699806        8.402174    
   45.00000      0.185412332415581        8.402174    
   60.00000      0.185557678341866        8.402174    
   75.00000      0.185524940490723        8.402174    
   90.00000      0.185364395380020        8.402174    
   105.0000      0.185103982686996        8.402174    
   120.0000      0.184742406010628        8.402174    
   135.0000      0.184263303875923        8.402174    
   150.0000      0.183646529912949        8.402174    
   165.0000      0.182857975363731        8.402174    
   180.0000      0.181936860084534        8.402174    
   195.0000      0.180961221456528        8.402174    
   210.0000      0.179964289069176        8.402174    
   225.0000      0.179038971662521        8.402174    
   240.0000      0.178356781601906        8.402174    
   255.0000      0.177959010004997        8.402174    
   270.0000      0.177880629897118        8.402174    
   285.0000      0.178231105208397        8.402174    
   300.0000      0.179008454084396        8.402174    
   315.0000      0.180086657404900        8.402174    
   330.0000      0.181301951408386        8.402174    
   345.0000      0.182488963007927        8.402174    
  0.0000000E+00  0.183540195226669        8.402174    
 
  0.0000000E+00  0.178938344120979        8.586957    
   15.00000      0.179803103208542        8.586957    
   30.00000      0.180424630641937        8.586957    
   45.00000      0.180798783898354        8.586957    
   60.00000      0.180951207876205        8.586957    
   75.00000      0.180929109454155        8.586957    
   90.00000      0.180777445435524        8.586957    
   105.0000      0.180514723062515        8.586957    
   120.0000      0.180130138993263        8.586957    
   135.0000      0.179601609706879        8.586957    
   150.0000      0.178908333182335        8.586957    
   165.0000      0.178029641509056        8.586957    
   180.0000      0.177023828029633        8.586957    
   195.0000      0.175974637269974        8.586957    
   210.0000      0.174927443265915        8.586957    
   225.0000      0.173997387290001        8.586957    
   240.0000      0.173344910144806        8.586957    
   255.0000      0.173001408576965        8.586957    
   270.0000      0.173010960221291        8.586957    
   285.0000      0.173463553190231        8.586957    
   300.0000      0.174325719475746        8.586957    
   315.0000      0.175457641482353        8.586957    
   330.0000      0.176696240901947        8.586957    
   345.0000      0.177888199687004        8.586957    
  0.0000000E+00  0.178938344120979        8.586957    
 
  0.0000000E+00  0.173698320984840        8.771739    
   15.00000      0.174568921327591        8.771739    
   30.00000      0.175197765231133        8.771739    
   45.00000      0.175584822893143        8.771739    
   60.00000      0.175754323601723        8.771739    
   75.00000      0.175750464200974        8.771739    
   90.00000      0.175612077116966        8.771739    
   105.0000      0.175347283482552        8.771739    
   120.0000      0.174935773015022        8.771739    
   135.0000      0.174350813031197        8.771739    
   150.0000      0.173573791980743        8.771739    
   165.0000      0.172599270939827        8.771739    
   180.0000      0.171504393219948        8.771739    
   195.0000      0.170379281044006        8.771739    
   210.0000      0.169282421469688        8.771739    
   225.0000      0.168346568942070        8.771739    
   240.0000      0.167719960212708        8.771739    
   255.0000      0.167426705360413        8.771739    
   270.0000      0.167516246438026        8.771739    
   285.0000      0.168058514595032        8.771739    
   300.0000      0.168993994593620        8.771739    
   315.0000      0.170173481106758        8.771739    
   330.0000      0.171436384320259        8.771739    
   345.0000      0.172639936208725        8.771739    
  0.0000000E+00  0.173698320984840        8.771739    
 
  0.0000000E+00  0.167688310146332        8.956522    
   15.00000      0.168573856353760        8.956522    
   30.00000      0.169220566749573        8.956522    
   45.00000      0.169630363583565        8.956522    
   60.00000      0.169825270771980        8.956522    
   75.00000      0.169846192002296        8.956522    
   90.00000      0.169725060462952        8.956522    
   105.0000      0.169458970427513        8.956522    
   120.0000      0.169018059968948        8.956522    
   135.0000      0.168372541666031        8.956522    
   150.0000      0.167508214712143        8.956522    
   165.0000      0.166436091065407        8.956522    
   180.0000      0.165251404047012        8.956522    
   195.0000      0.164051234722137        8.956522    
   210.0000      0.162907078862190        8.956522    
   225.0000      0.161964967846870        8.956522    
   240.0000      0.161360666155815        8.956522    
   255.0000      0.161112740635872        8.956522    
   270.0000      0.161272957921028        8.956522    
   285.0000      0.161891907453537        8.956522    
   300.0000      0.162889078259468        8.956522    
   315.0000      0.164109319448471        8.956522    
   330.0000      0.165395900607109        8.956522    
   345.0000      0.166615068912506        8.956522    
  0.0000000E+00  0.167688310146332        8.956522    
 
  0.0000000E+00  0.160735905170441        9.141304    
   15.00000      0.161641940474510        9.141304    
   30.00000      0.162313789129257        9.141304    
   45.00000      0.162753626704216        9.141304    
   60.00000      0.162980616092682        9.141304    
   75.00000      0.163032084703445        9.141304    
   90.00000      0.162932112812996        9.141304    
   105.0000      0.162666395306587        9.141304    
   120.0000      0.162196114659309        9.141304    
   135.0000      0.161489680409431        9.141304    
   150.0000      0.160539150238037        9.141304    
   165.0000      0.159372583031654        9.141304    
   180.0000      0.158102244138718        9.141304    
   195.0000      0.156832203269005        9.141304    
   210.0000      0.155645936727524        9.141304    
   225.0000      0.154698714613914        9.141304    
   240.0000      0.154113858938217        9.141304    
   255.0000      0.153905615210533        9.141304    
   270.0000      0.154125601053238        9.141304    
   285.0000      0.154806658625603        9.141304    
   300.0000      0.155851989984512        9.141304    
   315.0000      0.157103717327118        9.141304    
   330.0000      0.158409997820854        9.141304    
   345.0000      0.159644961357117        9.141304    
  0.0000000E+00  0.160735905170441        9.141304    
 
  0.0000000E+00  0.152612566947937        9.326087    
   15.00000      0.153539836406708        9.326087    
   30.00000      0.154239952564240        9.326087    
   45.00000      0.154713958501816        9.326087    
   60.00000      0.154977768659592        9.326087    
   75.00000      0.155064493417740        9.326087    
   90.00000      0.154989734292030        9.326087    
   105.0000      0.154727607965469        9.326087    
   120.0000      0.154231354594231        9.326087    
   135.0000      0.153468772768974        9.326087    
   150.0000      0.152439668774605        9.326087    
   165.0000      0.151188820600510        9.326087    
   180.0000      0.149843975901604        9.326087    
   195.0000      0.148515477776527        9.326087    
   210.0000      0.147296980023384        9.326087    
   225.0000      0.146348878741264        9.326087    
   240.0000      0.145782038569450        9.326087    
   255.0000      0.145607292652130        9.326087    
   270.0000      0.145873993635178        9.326087    
   285.0000      0.146599516272545        9.326087    
   300.0000      0.147675678133965        9.326087    
   315.0000      0.148944839835167        9.326087    
   330.0000      0.150261402130127        9.326087    
   345.0000      0.151506498456001        9.326087    
  0.0000000E+00  0.152612566947937        9.326087    
 
  0.0000000E+00  0.143012300133705        9.510870    
   15.00000      0.143954157829285        9.510870    
   30.00000      0.144679546356201        9.510870    
   45.00000      0.145187318325043        9.510870    
   60.00000      0.145489528775215        9.510870    
   75.00000      0.145614579319954        9.510870    
   90.00000      0.145569011569023        9.510870    
   105.0000      0.145315974950790        9.510870    
   120.0000      0.144801884889603        9.510870    
   135.0000      0.143995344638824        9.510870    
   150.0000      0.142904669046402        9.510870    
   165.0000      0.141590356826782        9.510870    
   180.0000      0.140192657709122        9.510870    
   195.0000      0.138826966285706        9.510870    
   210.0000      0.137594103813171        9.510870    
   225.0000      0.136654689908028        9.510870    
   240.0000      0.136107236146927        9.510870    
   255.0000      0.135959640145302        9.510870    
   270.0000      0.136257275938988        9.510870    
   285.0000      0.137004762887955        9.510870    
   300.0000      0.138087615370750        9.510870    
   315.0000      0.139352142810822        9.510870    
   330.0000      0.140660688281059        9.510870    
   345.0000      0.141901686787605        9.510870    
  0.0000000E+00  0.143012300133705        9.510870    
 
  0.0000000E+00  0.131512701511383        9.695652    
   15.00000      0.132450893521309        9.695652    
   30.00000      0.133188679814339        9.695652    
   45.00000      0.133722051978111        9.695652    
   60.00000      0.134058877825737        9.695652    
   75.00000      0.134221956133842        9.695652    
   90.00000      0.134208843111992        9.695652    
   105.0000      0.133973166346550        9.695652    
   120.0000      0.133456468582153        9.695652    
   135.0000      0.132629454135895        9.695652    
   150.0000      0.131509155035019        9.695652    
   165.0000      0.130169138312340        9.695652    
   180.0000      0.128757625818253        9.695652    
   195.0000      0.127391993999481        9.695652    
   210.0000      0.126175761222839        9.695652    
   225.0000      0.125264108181000        9.695652    
   240.0000      0.124742679297924        9.695652    
   255.0000      0.124616481363773        9.695652    
   270.0000      0.124925397336483        9.695652    
   285.0000      0.125664442777634        9.695652    
   300.0000      0.126718908548355        9.695652    
   315.0000      0.127943783998489        9.695652    
   330.0000      0.129212155938148        9.695652    
   345.0000      0.130421072244644        9.695652    
  0.0000000E+00  0.131512701511383        9.695652    
 
  0.0000000E+00  0.117515668272972        9.880435    
   15.00000      0.118412226438522        9.880435    
   30.00000      0.119132652878761        9.880435    
   45.00000      0.119669906795025        9.880435    
   60.00000      0.120027303695679        9.880435    
   75.00000      0.120221376419067        9.880435    
   90.00000      0.120241574943066        9.880435    
   105.0000      0.120035082101822        9.880435    
   120.0000      0.119541853666306        9.880435    
   135.0000      0.118736214935780        9.880435    
   150.0000      0.117642767727375        9.880435    
   165.0000      0.116343237459660        9.880435    
   180.0000      0.114985838532448        9.880435    
   195.0000      0.113684363663197        9.880435    
   210.0000      0.112538672983646        9.880435    
   225.0000      0.111690387129784        9.880435    
   240.0000      0.111210882663727        9.880435    
   255.0000      0.111102230846882        9.880435    
   270.0000      0.111397273838520        9.880435    
   285.0000      0.112085141241550        9.880435    
   300.0000      0.113058611750603        9.880435    
   315.0000      0.114187903702259        9.880435    
   330.0000      0.115361459553242        9.880435    
   345.0000      0.116487845778465        9.880435    
  0.0000000E+00  0.117515668272972        9.880435    
 
  0.0000000E+00  0.100144378840923        10.06522    
   15.00000      0.100926525890827        10.06522    
   30.00000      0.101569131016731        10.06522    
   45.00000      0.102062925696373        10.06522    
   60.00000      0.102406971156597        10.06522    
   75.00000      0.102611012756824        10.06522    
   90.00000      0.102658972144127        10.06522    
   105.0000      0.102497853338718        10.06522    
   120.0000      0.102071918547153        10.06522    
   135.0000      0.101361073553562        10.06522    
   150.0000      0.100394040346146        10.06522    
   165.0000      9.925120323896408E-002   10.06522    
   180.0000      9.806670993566513E-002   10.06522    
   195.0000      9.694077819585800E-002   10.06522    
   210.0000      9.595953673124313E-002   10.06522    
   225.0000      9.523940831422806E-002   10.06522    
   240.0000      9.483443200588226E-002   10.06522    
   255.0000      9.474397450685501E-002   10.06522    
   270.0000      9.499217569828033E-002   10.06522    
   285.0000      9.556642919778824E-002   10.06522    
   300.0000      9.637754410505295E-002   10.06522    
   315.0000      9.732066094875336E-002   10.06522    
   330.0000      9.830692410469055E-002   10.06522    
   345.0000      9.926218539476395E-002   10.06522    
  0.0000000E+00  0.100144378840923        10.06522    
 
  0.0000000E+00  7.805738598108292E-002   10.25000    
   15.00000      7.858732342720032E-002   10.25000    
   30.00000      7.903285324573517E-002   10.25000    
   45.00000      7.938532531261444E-002   10.25000    
   60.00000      7.964134961366653E-002   10.25000    
   75.00000      7.980430871248245E-002   10.25000    
   90.00000      7.985875755548477E-002   10.25000    
   105.0000      7.976426929235458E-002   10.25000    
   120.0000      7.948085665702820E-002   10.25000    
   135.0000      7.899651676416397E-002   10.25000    
   150.0000      7.833584398031235E-002   10.25000    
   165.0000      7.755917310714722E-002   10.25000    
   180.0000      7.676032930612564E-002   10.25000    
   195.0000      7.600760459899902E-002   10.25000    
   210.0000      7.535757869482040E-002   10.25000    
   225.0000      7.488346844911575E-002   10.25000    
   240.0000      7.461667060852051E-002   10.25000    
   255.0000      7.455494999885559E-002   10.25000    
   270.0000      7.471165806055069E-002   10.25000    
   285.0000      7.507748156785965E-002   10.25000    
   300.0000      7.559616863727570E-002   10.25000    
   315.0000      7.620286941528320E-002   10.25000    
   330.0000      7.684308290481567E-002   10.25000    
   345.0000      7.747024297714233E-002   10.25000    
  0.0000000E+00  7.805738598108292E-002   10.25000    
 
