  0.0000000E+00  4.3465182E-02   6.000000    
   15.00000      4.1340109E-02   6.000000    
   30.00000      3.8767736E-02   6.000000    
   45.00000      3.6465663E-02   6.000000    
   60.00000      3.6688745E-02   6.000000    
   75.00000      3.9157290E-02   6.000000    
   90.00000      4.1728999E-02   6.000000    
   105.0000      4.2717040E-02   6.000000    
   120.0000      4.2354200E-02   6.000000    
   135.0000      4.2497769E-02   6.000000    
   150.0000      4.4387221E-02   6.000000    
   165.0000      4.7394503E-02   6.000000    
   180.0000      5.0888933E-02   6.000000    
   195.0000      5.6054898E-02   6.000000    
   210.0000      6.3593023E-02   6.000000    
   225.0000      7.0661314E-02   6.000000    
   240.0000      6.9367565E-02   6.000000    
   255.0000      6.7352831E-02   6.000000    
   270.0000      6.5542437E-02   6.000000    
   285.0000      6.4148277E-02   6.000000    
   300.0000      6.1548356E-02   6.000000    
   315.0000      5.7525124E-02   6.000000    
   330.0000      5.1967427E-02   6.000000    
   345.0000      4.6324931E-02   6.000000    
  0.0000000E+00  4.3465182E-02   6.000000    
  0.0000000E+00  3.5225246E-02   6.121428    
   15.00000      3.3662286E-02   6.121428    
   30.00000      3.1603564E-02   6.121428    
   45.00000      2.9937234E-02   6.121428    
   60.00000      3.0239705E-02   6.121428    
   75.00000      3.2245044E-02   6.121428    
   90.00000      3.4264337E-02   6.121428    
   105.0000      3.5027977E-02   6.121428    
   120.0000      3.4783211E-02   6.121428    
   135.0000      3.4992572E-02   6.121428    
   150.0000      3.6608770E-02   6.121428    
   165.0000      3.9149743E-02   6.121428    
   180.0000      4.2177338E-02   6.121428    
   195.0000      4.6436451E-02   6.121428    
   210.0000      5.1727004E-02   6.121428    
   225.0000      5.5968907E-02   6.121428    
   240.0000      5.3836856E-02   6.121428    
   255.0000      5.2211642E-02   6.121428    
   270.0000      5.0788280E-02   6.121428    
   285.0000      4.9677446E-02   6.121428    
   300.0000      4.7618821E-02   6.121428    
   315.0000      4.4596028E-02   6.121428    
   330.0000      4.1947827E-02   6.121428    
   345.0000      3.7519228E-02   6.121428    
  0.0000000E+00  3.5225246E-02   6.121428    
  0.0000000E+00  2.8732572E-02   6.242857    
   15.00000      2.7496273E-02   6.242857    
   30.00000      2.5844477E-02   6.242857    
   45.00000      2.4669673E-02   6.242857    
   60.00000      2.5031731E-02   6.242857    
   75.00000      2.6634099E-02   6.242857    
   90.00000      2.8196706E-02   6.242857    
   105.0000      2.8872389E-02   6.242857    
   120.0000      2.8733319E-02   6.242857    
   135.0000      2.9051414E-02   6.242857    
   150.0000      3.0463872E-02   6.242857    
   165.0000      3.2600429E-02   6.242857    
   180.0000      3.5035722E-02   6.242857    
   195.0000      3.8343359E-02   6.242857    
   210.0000      4.2267844E-02   6.242857    
   225.0000      4.3521974E-02   6.242857    
   240.0000      4.1931219E-02   6.242857    
   255.0000      4.0682651E-02   6.242857    
   270.0000      3.9634734E-02   6.242857    
   285.0000      3.8791813E-02   6.242857    
   300.0000      3.7214316E-02   6.242857    
   315.0000      3.5038073E-02   6.242857    
   330.0000      3.3826668E-02   6.242857    
   345.0000      3.0522697E-02   6.242857    
  0.0000000E+00  2.8732572E-02   6.242857    
  0.0000000E+00  2.3426618E-02   6.364286    
   15.00000      2.2388101E-02   6.364286    
   30.00000      2.1139547E-02   6.364286    
   45.00000      2.0340933E-02   6.364286    
   60.00000      2.0703383E-02   6.364286    
   75.00000      2.2008633E-02   6.364286    
   90.00000      2.3209019E-02   6.364286    
   105.0000      2.3695052E-02   6.364286    
   120.0000      2.3749616E-02   6.364286    
   135.0000      2.4164045E-02   6.364286    
   150.0000      2.5400741E-02   6.364286    
   165.0000      2.7130580E-02   6.364286    
   180.0000      2.9092111E-02   6.364286    
   195.0000      3.1549212E-02   6.364286    
   210.0000      3.4363572E-02   6.364286    
   225.0000      3.3729643E-02   6.364286    
   240.0000      3.2568954E-02   6.364286    
   255.0000      3.1644762E-02   6.364286    
   270.0000      3.0911418E-02   6.364286    
   285.0000      3.0293990E-02   6.364286    
   300.0000      2.9135285E-02   6.364286    
   315.0000      2.7641742E-02   6.364286    
   330.0000      2.6933629E-02   6.364286    
   345.0000      2.4739845E-02   6.364286    
  0.0000000E+00  2.3426618E-02   6.364286    
  0.0000000E+00  1.9086773E-02   6.485714    
   15.00000      1.8240882E-02   6.485714    
   30.00000      1.7290298E-02   6.485714    
   45.00000      1.6748128E-02   6.485714    
   60.00000      1.7157204E-02   6.485714    
   75.00000      1.8179338E-02   6.485714    
   90.00000      1.9080874E-02   6.485714    
   105.0000      1.9463683E-02   6.485714    
   120.0000      1.9596096E-02   6.485714    
   135.0000      2.0076247E-02   6.485714    
   150.0000      2.1159904E-02   6.485714    
   165.0000      2.2564594E-02   6.485714    
   180.0000      2.4017856E-02   6.485714    
   195.0000      2.5756268E-02   6.485714    
   210.0000      2.7346868E-02   6.485714    
   225.0000      2.6096495E-02   6.485714    
   240.0000      2.5255688E-02   6.485714    
   255.0000      2.4588862E-02   6.485714    
   270.0000      2.4096336E-02   6.485714    
   285.0000      2.3659756E-02   6.485714    
   300.0000      2.2843322E-02   6.485714    
   315.0000      2.1859612E-02   6.485714    
   330.0000      2.1431919E-02   6.485714    
   345.0000      2.0052068E-02   6.485714    
  0.0000000E+00  1.9086773E-02   6.485714    
  0.0000000E+00  1.5522977E-02   6.607143    
   15.00000      1.4869017E-02   6.607143    
   30.00000      1.4157472E-02   6.607143    
   45.00000      1.3826150E-02   6.607143    
   60.00000      1.4215055E-02   6.607143    
   75.00000      1.5007469E-02   6.607143    
   90.00000      1.5673427E-02   6.607143    
   105.0000      1.5979709E-02   6.607143    
   120.0000      1.6177859E-02   6.607143    
   135.0000      1.6684111E-02   6.607143    
   150.0000      1.7608462E-02   6.607143    
   165.0000      1.8665351E-02   6.607143    
   180.0000      1.9754374E-02   6.607143    
   195.0000      2.0995108E-02   6.607143    
   210.0000      2.1077441E-02   6.607143    
   225.0000      2.0197861E-02   6.607143    
   240.0000      1.9587310E-02   6.607143    
   255.0000      1.9119898E-02   6.607143    
   270.0000      1.8799646E-02   6.607143    
   285.0000      1.8504478E-02   6.607143    
   300.0000      1.7951963E-02   6.607143    
   315.0000      1.7331287E-02   6.607143    
   330.0000      1.7077010E-02   6.607143    
   345.0000      1.6270828E-02   6.607143    
  0.0000000E+00  1.5522977E-02   6.607143    
  0.0000000E+00  1.2653627E-02   6.728571    
   15.00000      1.2133836E-02   6.728571    
   30.00000      1.1591174E-02   6.728571    
   45.00000      1.1426600E-02   6.728571    
   60.00000      1.1757459E-02   6.728571    
   75.00000      1.2353700E-02   6.728571    
   90.00000      1.2842258E-02   6.728571    
   105.0000      1.3117689E-02   6.728571    
   120.0000      1.3355139E-02   6.728571    
   135.0000      1.3848164E-02   6.728571    
   150.0000      1.4585309E-02   6.728571    
   165.0000      1.5406753E-02   6.728571    
   180.0000      1.6160810E-02   6.728571    
   195.0000      1.6960718E-02   6.728571    
   210.0000      1.6285107E-02   6.728571    
   225.0000      1.5657935E-02   6.728571    
   240.0000      1.5214808E-02   6.728571    
   255.0000      1.4894447E-02   6.728571    
   270.0000      1.4698663E-02   6.728571    
   285.0000      1.4509086E-02   6.728571    
   300.0000      1.4152210E-02   6.728571    
   315.0000      1.3777587E-02   6.728571    
   330.0000      1.3632372E-02   6.728571    
   345.0000      1.3228325E-02   6.728571    
  0.0000000E+00  1.2653627E-02   6.728571    
  0.0000000E+00  1.0340158E-02   6.850000    
   15.00000      9.9229347E-03   6.850000    
   30.00000      9.5257135E-03   6.850000    
   45.00000      9.4410023E-03   6.850000    
   60.00000      9.7328667E-03   6.850000    
   75.00000      1.0178621E-02   6.850000    
   90.00000      1.0530902E-02   6.850000    
   105.0000      1.0750054E-02   6.850000    
   120.0000      1.1004859E-02   6.850000    
   135.0000      1.1457117E-02   6.850000    
   150.0000      1.2067163E-02   6.850000    
   165.0000      1.2645911E-02   6.850000    
   180.0000      1.3199951E-02   6.850000    
   195.0000      1.3198945E-02   6.850000    
   210.0000      1.2624861E-02   6.850000    
   225.0000      1.2169816E-02   6.850000    
   240.0000      1.1848854E-02   6.850000    
   255.0000      1.1636257E-02   6.850000    
   270.0000      1.1524900E-02   6.850000    
   285.0000      1.1413562E-02   6.850000    
   300.0000      1.1196748E-02   6.850000    
   315.0000      1.0980203E-02   6.850000    
   330.0000      1.0904081E-02   6.850000    
   345.0000      1.0793030E-02   6.850000    
  0.0000000E+00  1.0340158E-02   6.850000    
  0.0000000E+00  8.4738256E-03   6.971429    
   15.00000      8.1177633E-03   6.971429    
   30.00000      7.8496253E-03   6.971429    
   45.00000      7.8198742E-03   6.971429    
   60.00000      8.0555724E-03   6.971429    
   75.00000      8.3803274E-03   6.971429    
   90.00000      8.6352704E-03   6.971429    
   105.0000      8.8266749E-03   6.971429    
   120.0000      9.0810787E-03   6.971429    
   135.0000      9.4796242E-03   6.971429    
   150.0000      9.9353939E-03   6.971429    
   165.0000      1.0375558E-02   6.971429    
   180.0000      1.0660827E-02   6.971429    
   195.0000      1.0247009E-02   6.971429    
   210.0000      9.8228520E-03   6.971429    
   225.0000      9.4883638E-03   6.971429    
   240.0000      9.2643304E-03   6.971429    
   255.0000      9.1284662E-03   6.971429    
   270.0000      9.0665612E-03   6.971429    
   285.0000      9.0112528E-03   6.971429    
   300.0000      8.8880826E-03   6.971429    
   315.0000      8.7720370E-03   6.971429    
   330.0000      8.7338705E-03   6.971429    
   345.0000      8.7152980E-03   6.971429    
  0.0000000E+00  8.4738256E-03   6.971429    
  0.0000000E+00  6.9631697E-03   7.092857    
   15.00000      6.6726161E-03   7.092857    
   30.00000      6.4706481E-03   7.092857    
   45.00000      6.4764619E-03   7.092857    
   60.00000      6.6561918E-03   7.092857    
   75.00000      6.8951305E-03   7.092857    
   90.00000      7.0827887E-03   7.092857    
   105.0000      7.2538122E-03   7.092857    
   120.0000      7.4946806E-03   7.092857    
   135.0000      7.8155389E-03   7.092857    
   150.0000      8.1806900E-03   7.092857    
   165.0000      8.4747327E-03   7.092857    
   180.0000      8.3258757E-03   7.092857    
   195.0000      7.9898816E-03   7.092857    
   210.0000      7.6790769E-03   7.092857    
   225.0000      7.4395793E-03   7.092857    
   240.0000      7.2730109E-03   7.092857    
   255.0000      7.1901442E-03   7.092857    
   270.0000      7.1748099E-03   7.092857    
   285.0000      7.1506780E-03   7.092857    
   300.0000      7.0874253E-03   7.092857    
   315.0000      7.0260200E-03   7.092857    
   330.0000      7.0045665E-03   7.092857    
   345.0000      6.9895685E-03   7.092857    
  0.0000000E+00  6.9631697E-03   7.092857    
  0.0000000E+00  5.6152758E-03   7.214286    
   15.00000      5.5052200E-03   7.214286    
   30.00000      5.3564329E-03   7.214286    
   45.00000      5.3629717E-03   7.214286    
   60.00000      5.4939752E-03   7.214286    
   75.00000      5.6563746E-03   7.214286    
   90.00000      5.8009084E-03   7.214286    
   105.0000      5.9647597E-03   7.214286    
   120.0000      6.1720437E-03   7.214286    
   135.0000      6.4496528E-03   7.214286    
   150.0000      6.7222673E-03   7.214286    
   165.0000      6.7420816E-03   7.214286    
   180.0000      6.5160096E-03   7.214286    
   195.0000      6.2692333E-03   7.214286    
   210.0000      6.0236459E-03   7.214286    
   225.0000      5.8360281E-03   7.214286    
   240.0000      5.7185185E-03   7.214286    
   255.0000      5.6734700E-03   7.214286    
   270.0000      5.6807739E-03   7.214286    
   285.0000      5.6867395E-03   7.214286    
   300.0000      5.6664958E-03   7.214286    
   315.0000      5.6459960E-03   7.214286    
   330.0000      5.6299930E-03   7.214286    
   345.0000      5.6080832E-03   7.214286    
  0.0000000E+00  5.6152758E-03   7.214286    
  0.0000000E+00  4.5054615E-03   7.335714    
   15.00000      4.5246468E-03   7.335714    
   30.00000      4.4438853E-03   7.335714    
   45.00000      4.4487696E-03   7.335714    
   60.00000      4.5383386E-03   7.335714    
   75.00000      4.6496722E-03   7.335714    
   90.00000      4.7611766E-03   7.335714    
   105.0000      4.9013756E-03   7.335714    
   120.0000      5.0939522E-03   7.335714    
   135.0000      5.3172158E-03   7.335714    
   150.0000      5.4283859E-03   7.335714    
   165.0000      5.3036287E-03   7.335714    
   180.0000      5.1294831E-03   7.335714    
   195.0000      4.9218843E-03   7.335714    
   210.0000      4.7327457E-03   7.335714    
   225.0000      4.5919809E-03   7.335714    
   240.0000      4.5107920E-03   7.335714    
   255.0000      4.4903122E-03   7.335714    
   270.0000      4.5112767E-03   7.335714    
   285.0000      4.5322888E-03   7.335714    
   300.0000      4.5356839E-03   7.335714    
   315.0000      4.5359638E-03   7.335714    
   330.0000      4.5323628E-03   7.335714    
   345.0000      4.5155548E-03   7.335714    
  0.0000000E+00  4.5054615E-03   7.335714    
  0.0000000E+00  3.6176934E-03   7.457143    
   15.00000      3.6229619E-03   7.457143    
   30.00000      3.6410484E-03   7.457143    
   45.00000      3.6707199E-03   7.457143    
   60.00000      3.7433468E-03   7.457143    
   75.00000      3.8240547E-03   7.457143    
   90.00000      3.9137960E-03   7.457143    
   105.0000      4.0391004E-03   7.457143    
   120.0000      4.2034164E-03   7.457143    
   135.0000      4.3411180E-03   7.457143    
   150.0000      4.2999010E-03   7.457143    
   165.0000      4.1907174E-03   7.457143    
   180.0000      4.0392284E-03   7.457143    
   195.0000      3.8749301E-03   7.457143    
   210.0000      3.7287169E-03   7.457143    
   225.0000      3.6231293E-03   7.457143    
   240.0000      3.5679340E-03   7.457143    
   255.0000      3.5635252E-03   7.457143    
   270.0000      3.5919265E-03   7.457143    
   285.0000      3.6204739E-03   7.457143    
   300.0000      3.6376209E-03   7.457143    
   315.0000      3.6480890E-03   7.457143    
   330.0000      3.6471754E-03   7.457143    
   345.0000      3.6302884E-03   7.457143    
  0.0000000E+00  3.6176934E-03   7.457143    
  0.0000000E+00  2.9060524E-03   7.578571    
   15.00000      2.9025574E-03   7.578571    
   30.00000      2.9085784E-03   7.578571    
   45.00000      2.9347839E-03   7.578571    
   60.00000      2.9996091E-03   7.578571    
   75.00000      3.1020057E-03   7.578571    
   90.00000      3.2207433E-03   7.578571    
   105.0000      3.3270763E-03   7.578571    
   120.0000      3.4225867E-03   7.578571    
   135.0000      3.4454190E-03   7.578571    
   150.0000      3.4039679E-03   7.578571    
   165.0000      3.3112003E-03   7.578571    
   180.0000      3.1877782E-03   7.578571    
   195.0000      3.0574684E-03   7.578571    
   210.0000      2.9440590E-03   7.578571    
   225.0000      2.8653436E-03   7.578571    
   240.0000      2.8290174E-03   7.578571    
   255.0000      2.8346831E-03   7.578571    
   270.0000      2.8655850E-03   7.578571    
   285.0000      2.8976921E-03   7.578571    
   300.0000      2.9214923E-03   7.578571    
   315.0000      2.9362827E-03   7.578571    
   330.0000      2.9355667E-03   7.578571    
   345.0000      2.9199431E-03   7.578571    
  0.0000000E+00  2.9060524E-03   7.578571    
  0.0000000E+00  2.3346622E-03   7.700000    
   15.00000      2.3260994E-03   7.700000    
   30.00000      2.3252829E-03   7.700000    
   45.00000      2.3438372E-03   7.700000    
   60.00000      2.3950918E-03   7.700000    
   75.00000      2.4762121E-03   7.700000    
   90.00000      2.5725088E-03   7.700000    
   105.0000      2.6629288E-03   7.700000    
   120.0000      2.7241954E-03   7.700000    
   135.0000      2.7369203E-03   7.700000    
   150.0000      2.6984676E-03   7.700000    
   165.0000      2.6204591E-03   7.700000    
   180.0000      2.5200322E-03   7.700000    
   195.0000      2.4165614E-03   7.700000    
   210.0000      2.3288527E-03   7.700000    
   225.0000      2.2705335E-03   7.700000    
   240.0000      2.2476462E-03   7.700000    
   255.0000      2.2587802E-03   7.700000    
   270.0000      2.2898300E-03   7.700000    
   285.0000      2.3224754E-03   7.700000    
   300.0000      2.3485615E-03   7.700000    
   315.0000      2.3639675E-03   7.700000    
   330.0000      2.3630578E-03   7.700000    
   345.0000      2.3488533E-03   7.700000    
  0.0000000E+00  2.3346622E-03   7.700000    
  0.0000000E+00  1.8751642E-03   7.821429    
   15.00000      1.8640413E-03   7.821429    
   30.00000      1.8596487E-03   7.821429    
   45.00000      1.8729486E-03   7.821429    
   60.00000      1.9134788E-03   7.821429    
   75.00000      1.9777340E-03   7.821429    
   90.00000      2.0537933E-03   7.821429    
   105.0000      2.1240483E-03   7.821429    
   120.0000      2.1695222E-03   7.821429    
   135.0000      2.1755577E-03   7.821429    
   150.0000      2.1410524E-03   7.821429    
   165.0000      2.0757669E-03   7.821429    
   180.0000      1.9943628E-03   7.821429    
   195.0000      1.9123842E-03   7.821429    
   210.0000      1.8447993E-03   7.821429    
   225.0000      1.8018895E-03   7.821429    
   240.0000      1.7883595E-03   7.821429    
   255.0000      1.8022293E-03   7.821429    
   270.0000      1.8318206E-03   7.821429    
   285.0000      1.8630495E-03   7.821429    
   300.0000      1.8886484E-03   7.821429    
   315.0000      1.9030755E-03   7.821429    
   330.0000      1.9018230E-03   7.821429    
   345.0000      1.8891125E-03   7.821429    
  0.0000000E+00  1.8751642E-03   7.821429    
  0.0000000E+00  1.5052542E-03   7.942857    
   15.00000      1.4932045E-03   7.942857    
   30.00000      1.4872013E-03   7.942857    
   45.00000      1.4967922E-03   7.942857    
   60.00000      1.5287773E-03   7.942857    
   75.00000      1.5796326E-03   7.942857    
   90.00000      1.6396359E-03   7.942857    
   105.0000      1.6942030E-03   7.942857    
   120.0000      1.7278042E-03   7.942857    
   135.0000      1.7294737E-03   7.942857    
   150.0000      1.6991349E-03   7.942857    
   165.0000      1.6450094E-03   7.942857    
   180.0000      1.5792603E-03   7.942857    
   195.0000      1.5146313E-03   7.942857    
   210.0000      1.4627120E-03   7.942857    
   225.0000      1.4314726E-03   7.942857    
   240.0000      1.4243092E-03   7.942857    
   255.0000      1.4391788E-03   7.942857    
   270.0000      1.4662612E-03   7.942857    
   285.0000      1.4950040E-03   7.942857    
   300.0000      1.5187099E-03   7.942857    
   315.0000      1.5313640E-03   7.942857    
   330.0000      1.5297952E-03   7.942857    
   345.0000      1.5185382E-03   7.942857    
  0.0000000E+00  1.5052542E-03   7.942857    
  0.0000000E+00  1.2071870E-03   8.064285    
   15.00000      1.1952071E-03   8.064285    
   30.00000      1.1887461E-03   8.064285    
   45.00000      1.1957726E-03   8.064285    
   60.00000      1.2209459E-03   8.064285    
   75.00000      1.2611160E-03   8.064285    
   90.00000      1.3083201E-03   8.064285    
   105.0000      1.3505378E-03   8.064285    
   120.0000      1.3752882E-03   8.064285    
   135.0000      1.3742353E-03   8.064285    
   150.0000      1.3479418E-03   8.064285    
   165.0000      1.3033765E-03   8.064285    
   180.0000      1.2505971E-03   8.064285    
   195.0000      1.1998538E-03   8.064285    
   210.0000      1.1603071E-03   8.064285    
   225.0000      1.1378325E-03   8.064285    
   240.0000      1.1350017E-03   8.064285    
   255.0000      1.1495043E-03   8.064285    
   270.0000      1.1737845E-03   8.064285    
   285.0000      1.1995131E-03   8.064285    
   300.0000      1.2205158E-03   8.064285    
   315.0000      1.2311648E-03   8.064285    
   330.0000      1.2294286E-03   8.064285    
   345.0000      1.2195556E-03   8.064285    
  0.0000000E+00  1.2071870E-03   8.064285    
  0.0000000E+00  9.6685515E-04   8.185715    
   15.00000      9.5555407E-04   8.185715    
   30.00000      9.4925327E-04   8.185715    
   45.00000      9.5444825E-04   8.185715    
   60.00000      9.7424793E-04   8.185715    
   75.00000      1.0058769E-03   8.185715    
   90.00000      1.0428656E-03   8.185715    
   105.0000      1.0753628E-03   8.185715    
   120.0000      1.0934359E-03   8.185715    
   135.0000      1.0908450E-03   8.185715    
   150.0000      1.0683739E-03   8.185715    
   165.0000      1.0319470E-03   8.185715    
   180.0000      9.8987436E-04   8.185715    
   195.0000      9.5033192E-04   8.185715    
   210.0000      9.2041696E-04   8.185715    
   225.0000      9.0452738E-04   8.185715    
   240.0000      9.0435497E-04   8.185715    
   255.0000      9.1794407E-04   8.185715    
   270.0000      9.3924621E-04   8.185715    
   285.0000      9.6178026E-04   8.185715    
   300.0000      9.7985647E-04   8.185715    
   315.0000      9.8856445E-04   8.185715    
   330.0000      9.8672288E-04   8.185715    
   345.0000      9.7810407E-04   8.185715    
  0.0000000E+00  9.6685515E-04   8.185715    
  0.0000000E+00  7.7295938E-04   8.307143    
   15.00000      7.6271943E-04   8.307143    
   30.00000      7.5692637E-04   8.307143    
   45.00000      7.6076045E-04   8.307143    
   60.00000      7.7626883E-04   8.307143    
   75.00000      8.0104120E-04   8.307143    
   90.00000      8.2987180E-04   8.307143    
   105.0000      8.5479364E-04   8.307143    
   120.0000      8.6787750E-04   8.307143    
   135.0000      8.6446723E-04   8.307143    
   150.0000      8.4554480E-04   8.307143    
   165.0000      8.1603101E-04   8.307143    
   180.0000      7.8273483E-04   8.307143    
   195.0000      7.5219566E-04   8.307143    
   210.0000      7.2975754E-04   8.307143    
   225.0000      7.1867666E-04   8.307143    
   240.0000      7.2016660E-04   8.307143    
   255.0000      7.3247502E-04   8.307143    
   270.0000      7.5089920E-04   8.307143    
   285.0000      7.7020004E-04   8.307143    
   300.0000      7.8539684E-04   8.307143    
   315.0000      7.9236011E-04   8.307143    
   330.0000      7.9055346E-04   8.307143    
   345.0000      7.8304566E-04   8.307143    
  0.0000000E+00  7.7295938E-04   8.307143    
  0.0000000E+00  6.1653135E-04   8.428572    
   15.00000      6.0748117E-04   8.428572    
   30.00000      6.0238369E-04   8.428572    
   45.00000      6.0520403E-04   8.428572    
   60.00000      6.1725866E-04   8.428572    
   75.00000      6.3652761E-04   8.428572    
   90.00000      6.5884134E-04   8.428572    
   105.0000      6.7780906E-04   8.428572    
   120.0000      6.8720727E-04   8.428572    
   135.0000      6.8355759E-04   8.428572    
   150.0000      6.6781987E-04   8.428572    
   165.0000      6.4414123E-04   8.428572    
   180.0000      6.1858963E-04   8.428572    
   195.0000      5.9558067E-04   8.428572    
   210.0000      5.7855813E-04   8.428572    
   225.0000      5.7041208E-04   8.428572    
   240.0000      5.7282753E-04   8.428572    
   255.0000      5.8368372E-04   8.428572    
   270.0000      5.9936219E-04   8.428572    
   285.0000      6.1563804E-04   8.428572    
   300.0000      6.2817312E-04   8.428572    
   315.0000      6.3364604E-04   8.428572    
   330.0000      6.3191581E-04   8.428572    
   345.0000      6.2544685E-04   8.428572    
  0.0000000E+00  6.1653135E-04   8.428572    
  0.0000000E+00  4.9034192E-04   8.550000    
   15.00000      4.8253045E-04   8.550000    
   30.00000      4.7814290E-04   8.550000    
   45.00000      4.8021009E-04   8.550000    
   60.00000      4.8949861E-04   8.550000    
   75.00000      5.0436059E-04   8.550000    
   90.00000      5.2149658E-04   8.550000    
   105.0000      5.3582538E-04   8.550000    
   120.0000      5.4248935E-04   8.550000    
   135.0000      5.3890771E-04   8.550000    
   150.0000      5.2602723E-04   8.550000    
   165.0000      5.0769281E-04   8.550000    
   180.0000      4.8782540E-04   8.550000    
   195.0000      4.6993938E-04   8.550000    
   210.0000      4.5749400E-04   8.550000    
   225.0000      4.5181985E-04   8.550000    
   240.0000      4.5479255E-04   8.550000    
   255.0000      4.6418660E-04   8.550000    
   270.0000      4.7736752E-04   8.550000    
   285.0000      4.9088045E-04   8.550000    
   300.0000      5.0105085E-04   8.550000    
   315.0000      5.0528609E-04   8.550000    
   330.0000      5.0365221E-04   8.550000    
   345.0000      4.9808266E-04   8.550000    
  0.0000000E+00  4.9034192E-04   8.550000    
  0.0000000E+00  3.8857904E-04   8.671429    
   15.00000      3.8196560E-04   8.671429    
   30.00000      3.7828303E-04   8.671429    
   45.00000      3.7976334E-04   8.671429    
   60.00000      3.8683607E-04   8.671429    
   75.00000      3.9817902E-04   8.671429    
   90.00000      4.1121911E-04   8.671429    
   105.0000      4.2196544E-04   8.671429    
   120.0000      4.2663890E-04   8.671429    
   135.0000      4.2337622E-04   8.671429    
   150.0000      4.1320073E-04   8.671429    
   165.0000      3.9917417E-04   8.671429    
   180.0000      3.8328863E-04   8.671429    
   195.0000      3.6987249E-04   8.671429    
   210.0000      3.6084573E-04   8.671429    
   225.0000      3.5721538E-04   8.671429    
   240.0000      3.6017114E-04   8.671429    
   255.0000      3.6816244E-04   8.671429    
   270.0000      3.7909715E-04   8.671429    
   285.0000      3.9015742E-04   8.671429    
   300.0000      3.9828505E-04   8.671429    
   315.0000      4.0150559E-04   8.671429    
   330.0000      4.0000025E-04   8.671429    
   345.0000      3.9522824E-04   8.671429    
  0.0000000E+00  3.8857904E-04   8.671429    
  0.0000000E+00  3.0660280E-04   8.792857    
   15.00000      3.0108113E-04   8.792857    
   30.00000      2.9803280E-04   8.792857    
   45.00000      2.9906133E-04   8.792857    
   60.00000      3.0437051E-04   8.792857    
   75.00000      3.1293905E-04   8.792857    
   90.00000      3.2277557E-04   8.792857    
   105.0000      3.3077138E-04   8.792857    
   120.0000      3.3404178E-04   8.792857    
   135.0000      3.3125331E-04   8.792857    
   150.0000      3.2329460E-04   8.792857    
   165.0000      3.1195549E-04   8.792857    
   180.0000      3.0013159E-04   8.792857    
   195.0000      2.9016516E-04   8.792857    
   210.0000      2.8369177E-04   8.792857    
   225.0000      2.8142871E-04   8.792857    
   240.0000      2.8429413E-04   8.792857    
   255.0000      2.9098880E-04   8.792857    
   270.0000      2.9993552E-04   8.792857    
   285.0000      3.0885317E-04   8.792857    
   300.0000      3.1526125E-04   8.792857    
   315.0000      3.1767818E-04   8.792857    
   330.0000      3.1629999E-04   8.792857    
   345.0000      3.1223716E-04   8.792857    
  0.0000000E+00  3.0660280E-04   8.792857    
  0.0000000E+00  2.4064425E-04   8.914286    
   15.00000      2.3610379E-04   8.914286    
   30.00000      2.3360409E-04   8.914286    
   45.00000      2.3427878E-04   8.914286    
   60.00000      2.3819452E-04   8.914286    
   75.00000      2.4458315E-04   8.914286    
   90.00000      2.5192741E-04   8.914286    
   105.0000      2.5784067E-04   8.914286    
   120.0000      2.6012197E-04   8.914286    
   135.0000      2.5781710E-04   8.914286    
   150.0000      2.5169001E-04   8.914286    
   165.0000      2.4283970E-04   8.914286    
   180.0000      2.3400382E-04   8.914286    
   195.0000      2.2670167E-04   8.914286    
   210.0000      2.2212052E-04   8.914286    
   225.0000      2.2077451E-04   8.914286    
   240.0000      2.2344530E-04   8.914286    
   255.0000      2.2896187E-04   8.914286    
   270.0000      2.3618773E-04   8.914286    
   285.0000      2.4327739E-04   8.914286    
   300.0000      2.4825361E-04   8.914286    
   315.0000      2.5002559E-04   8.914286    
   330.0000      2.4878536E-04   8.914286    
   345.0000      2.4536267E-04   8.914286    
  0.0000000E+00  2.4064425E-04   8.914286    
  0.0000000E+00  1.8766626E-04   9.035714    
   15.00000      1.8398442E-04   9.035714    
   30.00000      1.8194968E-04   9.035714    
   45.00000      1.8235114E-04   9.035714    
   60.00000      1.8518433E-04   9.035714    
   75.00000      1.8988020E-04   9.035714    
   90.00000      1.9530403E-04   9.035714    
   105.0000      1.9964101E-04   9.035714    
   120.0000      2.0122968E-04   9.035714    
   135.0000      1.9938889E-04   9.035714    
   150.0000      1.9451225E-04   9.035714    
   165.0000      1.8798946E-04   9.035714    
   180.0000      1.8148891E-04   9.035714    
   195.0000      1.7621036E-04   9.035714    
   210.0000      1.7301145E-04   9.035714    
   225.0000      1.7247623E-04   9.035714    
   240.0000      1.7468314E-04   9.035714    
   255.0000      1.7915707E-04   9.035714    
   270.0000      1.8490576E-04   9.035714    
   285.0000      1.9045688E-04   9.035714    
   300.0000      1.9426292E-04   9.035714    
   315.0000      1.9553055E-04   9.035714    
   330.0000      1.9442299E-04   9.035714    
   345.0000      1.9155776E-04   9.035714    
  0.0000000E+00  1.8766626E-04   9.035714    
  0.0000000E+00  1.4618241E-04   9.157143    
   15.00000      1.4321112E-04   9.157143    
   30.00000      1.4155685E-04   9.157143    
   45.00000      1.4175255E-04   9.157143    
   60.00000      1.4375721E-04   9.157143    
   75.00000      1.4716019E-04   9.157143    
   90.00000      1.5112780E-04   9.157143    
   105.0000      1.5428048E-04   9.157143    
   120.0000      1.5535270E-04   9.157143    
   135.0000      1.5390004E-04   9.157143    
   150.0000      1.5036759E-04   9.157143    
   165.0000      1.4548998E-04   9.157143    
   180.0000      1.4074417E-04   9.157143    
   195.0000      1.3694366E-04   9.157143    
   210.0000      1.3484403E-04   9.157143    
   225.0000      1.3469043E-04   9.157143    
   240.0000      1.3657114E-04   9.157143    
   255.0000      1.4015294E-04   9.157143    
   270.0000      1.4467453E-04   9.157143    
   285.0000      1.4897116E-04   9.157143    
   300.0000      1.5184934E-04   9.157143    
   315.0000      1.5273241E-04   9.157143    
   330.0000      1.5175086E-04   9.157143    
   345.0000      1.4936858E-04   9.157143    
  0.0000000E+00  1.4618241E-04   9.157143    
  0.0000000E+00  1.1277752E-04   9.278572    
   15.00000      1.1041458E-04   9.278572    
   30.00000      1.0908181E-04   9.278572    
   45.00000      1.0913136E-04   9.278572    
   60.00000      1.1051288E-04   9.278572    
   75.00000      1.1294898E-04   9.278572    
   90.00000      1.1582390E-04   9.278572    
   105.0000      1.1811494E-04   9.278572    
   120.0000      1.1887994E-04   9.278572    
   135.0000      1.1774733E-04   9.278572    
   150.0000      1.1505697E-04   9.278572    
   165.0000      1.1161185E-04   9.278572    
   180.0000      1.0827128E-04   9.278572    
   195.0000      1.0567333E-04   9.278572    
   210.0000      1.0428112E-04   9.278572    
   225.0000      1.0432355E-04   9.278572    
   240.0000      1.0587618E-04   9.278572    
   255.0000      1.0868848E-04   9.278572    
   270.0000      1.1218010E-04   9.278572    
   285.0000      1.1544336E-04   9.278572    
   300.0000      1.1757447E-04   9.278572    
   315.0000      1.1815962E-04   9.278572    
   330.0000      1.1730261E-04   9.278572    
   345.0000      1.1534862E-04   9.278572    
  0.0000000E+00  1.1277752E-04   9.278572    
  0.0000000E+00  8.5966487E-05   9.400000    
   15.00000      8.4117717E-05   9.400000    
   30.00000      8.3058592E-05   9.400000    
   45.00000      8.3015162E-05   9.400000    
   60.00000      8.3941391E-05   9.400000    
   75.00000      8.5654596E-05   9.400000    
   90.00000      8.7714703E-05   9.400000    
   105.0000      8.9373090E-05   9.400000    
   120.0000      8.9938469E-05   9.400000    
   135.0000      8.9146131E-05   9.400000    
   150.0000      8.7245469E-05   9.400000    
   165.0000      8.4826701E-05   9.400000    
   180.0000      8.2502462E-05   9.400000    
   195.0000      8.0723301E-05   9.400000    
   210.0000      7.9822254E-05   9.400000    
   225.0000      7.9962992E-05   9.400000    
   240.0000      8.1204096E-05   9.400000    
   255.0000      8.3361716E-05   9.400000    
   270.0000      8.5958316E-05   9.400000    
   285.0000      8.8325309E-05   9.400000    
   300.0000      8.9800429E-05   9.400000    
   315.0000      9.0181842E-05   9.400000    
   330.0000      8.9490371E-05   9.400000    
   345.0000      8.8005370E-05   9.400000    
  0.0000000E+00  8.5966487E-05   9.400000    
  0.0000000E+00  6.4506705E-05   9.521429    
   15.00000      6.3148931E-05   9.521429    
   30.00000      6.2321749E-05   9.521429    
   45.00000      6.2227584E-05   9.521429    
   60.00000      6.2829742E-05   9.521429    
   75.00000      6.4013351E-05   9.521429    
   90.00000      6.5471497E-05   9.521429    
   105.0000      6.6668166E-05   9.521429    
   120.0000      6.7100955E-05   9.521429    
   135.0000      6.6580302E-05   9.521429    
   150.0000      6.5285065E-05   9.521429    
   165.0000      6.3635613E-05   9.521429    
   180.0000      6.2058876E-05   9.521429    
   195.0000      6.0866343E-05   9.521429    
   210.0000      6.0292692E-05   9.521429    
   225.0000      6.0451926E-05   9.521429    
   240.0000      6.1388448E-05   9.521429    
   255.0000      6.2966508E-05   9.521429    
   270.0000      6.4845037E-05   9.521429    
   285.0000      6.6590117E-05   9.521429    
   300.0000      6.7668268E-05   9.521429    
   315.0000      6.7877569E-05   9.521429    
   330.0000      6.7275891E-05   9.521429    
   345.0000      6.6052795E-05   9.521429    
  0.0000000E+00  6.4506705E-05   9.521429    
  0.0000000E+00  4.7521731E-05   9.642858    
   15.00000      4.6479516E-05   9.642858    
   30.00000      4.5865982E-05   9.642858    
   45.00000      4.5766596E-05   9.642858    
   60.00000      4.6158948E-05   9.642858    
   75.00000      4.6991612E-05   9.642858    
   90.00000      4.8010326E-05   9.642858    
   105.0000      4.8869086E-05   9.642858    
   120.0000      4.9210084E-05   9.642858    
   135.0000      4.8897666E-05   9.642858    
   150.0000      4.8051523E-05   9.642858    
   165.0000      4.6962101E-05   9.642858    
   180.0000      4.5918099E-05   9.642858    
   195.0000      4.5133809E-05   9.642858    
   210.0000      4.4773227E-05   9.642858    
   225.0000      4.4917426E-05   9.642858    
   240.0000      4.5580426E-05   9.642858    
   255.0000      4.6733312E-05   9.642858    
   270.0000      4.8107311E-05   9.642858    
   285.0000      4.9327828E-05   9.642858    
   300.0000      5.0053532E-05   9.642858    
   315.0000      5.0147148E-05   9.642858    
   330.0000      4.9649825E-05   9.642858    
   345.0000      4.8699407E-05   9.642858    
  0.0000000E+00  4.7521731E-05   9.642858    
  0.0000000E+00  3.4205663E-05   9.764286    
   15.00000      3.3452972E-05   9.764286    
   30.00000      3.3003213E-05   9.764286    
   45.00000      3.2907043E-05   9.764286    
   60.00000      3.3148459E-05   9.764286    
   75.00000      3.3692006E-05   9.764286    
   90.00000      3.4402135E-05   9.764286    
   105.0000      3.5033911E-05   9.764286    
   120.0000      3.5303779E-05   9.764286    
   135.0000      3.5138823E-05   9.764286    
   150.0000      3.4613779E-05   9.764286    
   165.0000      3.3922050E-05   9.764286    
   180.0000      3.3252563E-05   9.764286    
   195.0000      3.2749831E-05   9.764286    
   210.0000      3.2509794E-05   9.764286    
   225.0000      3.2634209E-05   9.764286    
   240.0000      3.3126911E-05   9.764286    
   255.0000      3.3923505E-05   9.764286    
   270.0000      3.4861419E-05   9.764286    
   285.0000      3.5678626E-05   9.764286    
   300.0000      3.6143047E-05   9.764286    
   315.0000      3.6164365E-05   9.764286    
   330.0000      3.5772573E-05   9.764286    
   345.0000      3.5065048E-05   9.764286    
  0.0000000E+00  3.4205663E-05   9.764286    
  0.0000000E+00  2.3873788E-05   9.885715    
   15.00000      2.3358485E-05   9.885715    
   30.00000      2.3046578E-05   9.885715    
   45.00000      2.2966362E-05   9.885715    
   60.00000      2.3108463E-05   9.885715    
   75.00000      2.3455998E-05   9.885715    
   90.00000      2.3924278E-05   9.885715    
   105.0000      2.4347992E-05   9.885715    
   120.0000      2.4561014E-05   9.885715    
   135.0000      2.4496265E-05   9.885715    
   150.0000      2.4196554E-05   9.885715    
   165.0000      2.3784460E-05   9.885715    
   180.0000      2.3379056E-05   9.885715    
   195.0000      2.3075159E-05   9.885715    
   210.0000      2.2947279E-05   9.885715    
   225.0000      2.3035702E-05   9.885715    
   240.0000      2.3360162E-05   9.885715    
   255.0000      2.3878712E-05   9.885715    
   270.0000      2.4482944E-05   9.885715    
   285.0000      2.4998852E-05   9.885715    
   300.0000      2.5276291E-05   9.885715    
   315.0000      2.5258812E-05   9.885715    
   330.0000      2.4967138E-05   9.885715    
   345.0000      2.4467818E-05   9.885715    
  0.0000000E+00  2.3873788E-05   9.885715    
  0.0000000E+00  1.5983387E-05   10.00714    
   15.00000      1.5659849E-05   10.00714    
   30.00000      1.5463134E-05   10.00714    
   45.00000      1.5407626E-05   10.00714    
   60.00000      1.5488600E-05   10.00714    
   75.00000      1.5700316E-05   10.00714    
   90.00000      1.5994090E-05   10.00714    
   105.0000      1.6270025E-05   10.00714    
   120.0000      1.6423959E-05   10.00714    
   135.0000      1.6411925E-05   10.00714    
   150.0000      1.6255459E-05   10.00714    
   165.0000      1.6026959E-05   10.00714    
   180.0000      1.5796186E-05   10.00714    
   195.0000      1.5621112E-05   10.00714    
   210.0000      1.5547292E-05   10.00714    
   225.0000      1.5600393E-05   10.00714    
   240.0000      1.5793175E-05   10.00714    
   255.0000      1.6100375E-05   10.00714    
   270.0000      1.6428266E-05   10.00714    
   285.0000      1.6726075E-05   10.00714    
   300.0000      1.6876995E-05   10.00714    
   315.0000      1.6848506E-05   10.00714    
   330.0000      1.6653952E-05   10.00714    
   345.0000      1.6360425E-05   10.00714    
  0.0000000E+00  1.5983387E-05   10.00714    
  0.0000000E+00  1.0031468E-05   10.12857    
   15.00000      9.8575410E-06   10.12857    
   30.00000      9.7518650E-06   10.12857    
   45.00000      9.7210259E-06   10.12857    
   60.00000      9.7634766E-06   10.12857    
   75.00000      9.8785467E-06   10.12857    
   90.00000      1.0042480E-05   10.12857    
   105.0000      1.0202479E-05   10.12857    
   120.0000      1.0316282E-05   10.12857    
   135.0000      1.0325539E-05   10.12857    
   150.0000      1.0255939E-05   10.12857    
   165.0000      1.0144673E-05   10.12857    
   180.0000      1.0010870E-05   10.12857    
   195.0000      9.9200142E-06   10.12857    
   210.0000      9.8798228E-06   10.12857    
   225.0000      9.9048784E-06   10.12857    
   240.0000      1.0002091E-05   10.12857    
   255.0000      1.0158158E-05   10.12857    
   270.0000      1.0338049E-05   10.12857    
   285.0000      1.0485543E-05   10.12857    
   300.0000      1.0554286E-05   10.12857    
   315.0000      1.0528240E-05   10.12857    
   330.0000      1.0414798E-05   10.12857    
   345.0000      1.0236311E-05   10.12857    
  0.0000000E+00  1.0031468E-05   10.12857    
  0.0000000E+00  5.6995041E-06   10.25000    
   15.00000      5.6334939E-06   10.25000    
   30.00000      5.5928572E-06   10.25000    
   45.00000      5.5795481E-06   10.25000    
   60.00000      5.5933092E-06   10.25000    
   75.00000      5.6354052E-06   10.25000    
   90.00000      5.6985891E-06   10.25000    
   105.0000      5.7637408E-06   10.25000    
   120.0000      5.8081960E-06   10.25000    
   135.0000      5.8205869E-06   10.25000    
   150.0000      5.8023825E-06   10.25000    
   165.0000      5.7667307E-06   10.25000    
   180.0000      5.7264547E-06   10.25000    
   195.0000      5.6937215E-06   10.25000    
   210.0000      5.6779572E-06   10.25000    
   225.0000      5.6848239E-06   10.25000    
   240.0000      5.7171142E-06   10.25000    
   255.0000      5.7703996E-06   10.25000    
   270.0000      5.8321007E-06   10.25000    
   285.0000      5.8820319E-06   10.25000    
   300.0000      5.9034483E-06   10.25000    
   315.0000      5.8905639E-06   10.25000    
   330.0000      5.8458672E-06   10.25000    
   345.0000      5.7774610E-06   10.25000    
  0.0000000E+00  5.6995041E-06   10.25000    
