  0.0000000E+00  3.828954696655273E-002
   15.00000      3.500671684741974E-002
   30.00000      3.173992782831192E-002
   45.00000      2.872011065483093E-002
   60.00000      2.648359350860119E-002
   75.00000      2.494001574814320E-002
   90.00000      2.386368811130524E-002
   105.0000      2.323791570961475E-002
   120.0000      2.331293560564518E-002
   135.0000      2.409159950911999E-002
   150.0000      2.534058690071106E-002
   165.0000      2.689239569008350E-002
   180.0000      2.935892529785633E-002
   195.0000      3.289855271577835E-002
   210.0000      3.646893054246902E-002
   225.0000      3.942154720425606E-002
   240.0000      4.175677895545959E-002
   255.0000      4.335060343146324E-002
   270.0000      4.430536553263664E-002
   285.0000      4.466278105974197E-002
   300.0000      4.436169937252998E-002
   315.0000      4.379353299736977E-002
   330.0000      4.310839250683784E-002
   345.0000      4.141495749354362E-002
   360.0000      3.828954696655273E-002
   360.0000      3.940200805664062E-002
   375.0000      3.615497052669525E-002
   390.0000      3.289496526122093E-002
   405.0000      2.987132035195827E-002
   420.0000      2.758793532848358E-002
   435.0000      2.597998455166817E-002
   450.0000      2.484768070280552E-002
   465.0000      2.417573332786560E-002
   480.0000      2.420568652451038E-002
   495.0000      2.494671754539013E-002
   510.0000      2.617855183780193E-002
   525.0000      2.775876037776470E-002
   540.0000      3.024761937558651E-002
   555.0000      3.367207944393158E-002
   570.0000      3.694938495755196E-002
   585.0000      3.985105454921722E-002
   600.0000      4.221383854746819E-002
   615.0000      4.387896507978439E-002
   630.0000      4.491723328828812E-002
   645.0000      4.535618424415588E-002
   660.0000      4.512922838330269E-002
   675.0000      4.460290446877480E-002
   690.0000      4.390305280685425E-002
   705.0000      4.230153933167458E-002
   720.0000      3.940200805664062E-002
   720.0000      4.112719744443893E-002
   735.0000      3.802982717752457E-002
   750.0000      3.484503924846649E-002
   765.0000      3.183050081133842E-002
   780.0000      2.945651486515999E-002
   795.0000      2.771865017712116E-002
   810.0000      2.646594867110252E-002
   825.0000      2.568649500608444E-002
   840.0000      2.560596726834774E-002
   855.0000      2.624194696545601E-002
   870.0000      2.741399034857750E-002
   885.0000      2.899575792253017E-002
   900.0000      3.142267465591431E-002
   915.0000      3.448910266160965E-002
   930.0000      3.749082982540131E-002
   945.0000      4.029660299420357E-002
   960.0000      4.268031194806099E-002
   975.0000      4.444858431816101E-002
   990.0000      4.562293365597725E-002
   1005.000      4.621599987149239E-002
   1020.000      4.614585638046265E-002
   1035.000      4.572359845042229E-002
   1050.000      4.506298899650574E-002
   1065.000      4.362853243947029E-002
   1080.000      4.112719744443893E-002
   1080.000      4.298380762338638E-002
   1095.000      4.024680331349373E-002
   1110.000      3.723277524113655E-002
   1125.000      3.426868841052055E-002
   1140.000      3.178232535719872E-002
   1155.000      2.986314147710800E-002
   1170.000      2.843581512570381E-002
   1185.000      2.748695202171803E-002
   1200.000      2.721613273024559E-002
   1215.000      2.766252867877483E-002
   1230.000      2.870128303766251E-002
   1245.000      3.020717017352581E-002
   1260.000      3.240447863936424E-002
   1275.000      3.506722301244736E-002
   1290.000      3.779739513993263E-002
   1305.000      4.046710953116417E-002
   1320.000      4.285201057791710E-002
   1335.000      4.473463073372841E-002
   1350.000      4.607795923948288E-002
   1365.000      4.688312858343124E-002
   1380.000      4.704533517360687E-002
   1395.000      4.679626226425171E-002
   1410.000      4.624958336353302E-002
   1425.000      4.504485800862312E-002
   1440.000      4.298380762338638E-002
   1440.000      4.465080797672272E-002
   1455.000      4.237972199916840E-002
   1470.000      3.966860473155975E-002
   1485.000      3.683490306138992E-002
   1500.000      3.426395729184151E-002
   1515.000      3.216318786144257E-002
   1530.000      3.054353594779968E-002
   1545.000      2.939757890999317E-002
   1560.000      2.889450453221798E-002
   1575.000      2.908904477953911E-002
   1590.000      2.992831170558929E-002
   1605.000      3.127370402216911E-002
   1620.000      3.314219042658806E-002
   1635.000      3.544355183839798E-002
   1650.000      3.789660334587097E-002
   1665.000      4.039034247398376E-002
   1680.000      4.273676127195358E-002
   1695.000      4.471239075064659E-002
   1710.000      4.622039198875427E-002
   1725.000      4.725304618477821E-002
   1740.000      4.768323153257370E-002
   1755.000      4.764786362648010E-002
   1770.000      4.726788401603699E-002
   1785.000      4.631706327199936E-002
   1800.000      4.465080797672272E-002
   1800.000      4.589608311653137E-002
   1815.000      4.398099333047867E-002
   1830.000      4.163746908307076E-002
   1845.000      3.905435279011726E-002
   1860.000      3.648715093731880E-002
   1875.000      3.428319469094276E-002
   1890.000      3.252635151147842E-002
   1905.000      3.123062476515770E-002
   1920.000      3.053526207804680E-002
   1935.000      3.049704618752003E-002
   1950.000      3.113111294806004E-002
   1965.000      3.228120878338814E-002
   1980.000      3.386042639613152E-002
   1995.000      3.585413470864296E-002
   2010.000      3.804318234324455E-002
   2025.000      4.033242911100388E-002
   2040.000      4.258214682340622E-002
   2055.000      4.458431154489517E-002
   2070.000      4.619445651769638E-002
   2085.000      4.739642143249512E-002
   2100.000      4.805253818631172E-002
   2115.000      4.821223393082619E-002
   2130.000      4.798991233110428E-002
   2145.000      4.725394770503044E-002
   2160.000      4.589608311653137E-002
   2160.000      4.657493531703949E-002
   2175.000      4.488445818424225E-002
   2190.000      4.280167818069458E-002
   2205.000      4.043745622038841E-002
   2220.000      3.801823034882545E-002
   2235.000      3.586251288652420E-002
   2250.000      3.410054743289948E-002
   2265.000      3.277755901217461E-002
   2280.000      3.201797977089882E-002
   2295.000      3.186661377549171E-002
   2310.000      3.237748891115189E-002
   2325.000      3.338092565536499E-002
   2340.000      3.478372842073441E-002
   2355.000      3.655806928873062E-002
   2370.000      3.852904960513115E-002
   2385.000      4.061567783355713E-002
   2400.000      4.271731153130531E-002
   2415.000      4.465252161026001E-002
   2430.000      4.625403508543968E-002
   2445.000      4.749967157840729E-002
   2460.000      4.825608432292938E-002
   2475.000      4.851575195789337E-002
   2490.000      4.837203398346901E-002
   2505.000      4.775015264749527E-002
   2520.000      4.657493531703949E-002
   2520.000      4.667677357792854E-002
   2535.000      4.508904740214348E-002
   2550.000      4.316505417227745E-002
   2565.000      4.097476974129677E-002
   2580.000      3.873386234045029E-002
   2595.000      3.673123568296432E-002
   2610.000      3.511465340852737E-002
   2625.000      3.392939269542694E-002
   2640.000      3.327093273401260E-002
   2655.000      3.316967561841011E-002
   2670.000      3.368678316473961E-002
   2685.000      3.466345369815826E-002
   2700.000      3.600366413593292E-002
   2715.000      3.765414655208588E-002
   2730.000      3.946869820356369E-002
   2745.000      4.137885570526123E-002
   2760.000      4.330402985215187E-002
   2775.000      4.508483782410622E-002
   2790.000      4.655749723315239E-002
   2805.000      4.770119488239288E-002
   2820.000      4.839656502008438E-002
   2835.000      4.861697554588318E-002
   2850.000      4.843433946371078E-002
   2865.000      4.780240729451180E-002
   2880.000      4.667677357792854E-002
   2880.000      4.630608484148979E-002
   2895.000      4.474458843469620E-002
   2910.000      4.291676729917526E-002
   2925.000      4.087848588824272E-002
   2940.000      3.885132819414139E-002
   2955.000      3.708611056208611E-002
   2970.000      3.571500629186630E-002
   2985.000      3.477202355861664E-002
   3000.000      3.433143347501755E-002
   3015.000      3.441032022237778E-002
   3030.000      3.505006060004234E-002
   3045.000      3.609034046530724E-002
   3060.000      3.744247183203697E-002
   3075.000      3.903190791606903E-002
   3090.000      4.073452204465866E-002
   3105.000      4.249173775315285E-002
   3120.000      4.422522708773613E-002
   3135.000      4.578892514109612E-002
   3150.000      4.704105108976364E-002
   3165.000      4.796768352389336E-002
   3180.000      4.847018793225288E-002
   3195.000      4.853240400552750E-002
   3210.000      4.821116104722023E-002
   3225.000      4.747466370463371E-002
   3240.000      4.630608484148979E-002
   3240.000      4.563872516155243E-002
   3255.000      4.408386349678040E-002
   3270.000      4.233963415026665E-002
   3285.000      4.046484082937241E-002
   3300.000      3.868943825364113E-002
   3315.000      3.721296042203903E-002
   3330.000      3.613806515932083E-002
   3345.000      3.548181056976318E-002
   3360.000      3.530357778072357E-002
   3375.000      3.560827299952507E-002
   3390.000      3.640695288777351E-002
   3405.000      3.753847256302834E-002
   3420.000      3.892338275909424E-002
   3435.000      4.047204554080963E-002
   3450.000      4.208039119839668E-002
   3465.000      4.369317367672920E-002
   3480.000      4.522448778152466E-002
   3495.000      4.653818160295486E-002
   3510.000      4.752222821116447E-002
   3525.000      4.817276820540428E-002
   3540.000      4.841678589582443E-002
   3555.000      4.826252534985542E-002
   3570.000      4.775734990835190E-002
   3585.000      4.688032343983650E-002
   3600.000      4.563872516155243E-002
   3600.000      4.485997930169106E-002
   3615.000      4.333045333623886E-002
   3630.000      4.168808460235596E-002
   3645.000      4.000263661146164E-002
   3660.000      3.850005194544792E-002
   3675.000      3.732261806726456E-002
   3690.000      3.654143586754799E-002
   3705.000      3.615906462073326E-002
   3720.000      3.622581064701080E-002
   3735.000      3.673578053712845E-002
   3750.000      3.767273575067520E-002
   3765.000      3.887984156608582E-002
   3780.000      4.028460383415222E-002
   3795.000      4.178879410028458E-002
   3810.000      4.330526292324066E-002
   3825.000      4.477499797940254E-002
   3840.000      4.610260948538780E-002
   3855.000      4.716270044445992E-002
   3870.000      4.787249490618706E-002
   3885.000      4.823961108922958E-002
   3900.000      4.821949452161789E-002
   3915.000      4.784688726067543E-002
   3930.000      4.716318845748901E-002
   3945.000      4.615878313779831E-002
   3960.000      4.485997930169106E-002
   3960.000      4.410840198397636E-002
   3975.000      4.263399168848991E-002
   3990.000      4.111729189753532E-002
   4005.000      3.963867947459221E-002
   4020.000      3.840500861406326E-002
   4035.000      3.750350326299667E-002
   4050.000      3.697976469993591E-002
   4065.000      3.682705014944077E-002
   4080.000      3.709128126502037E-002
   4095.000      3.775814920663834E-002
   4110.000      3.879238292574883E-002
   4125.000      4.004516452550888E-002
   4140.000      4.144793748855591E-002
   4155.000      4.289883747696877E-002
   4170.000      4.432294145226479E-002
   4185.000      4.565309360623360E-002
   4200.000      4.678677022457123E-002
   4215.000      4.761040955781937E-002
   4230.000      4.806623980402946E-002
   4245.000      4.817393422126770E-002
   4260.000      4.791770130395889E-002
   4275.000      4.735569283366203E-002
   4290.000      4.652498289942741E-002
   4305.000      4.542939737439156E-002
   4320.000      4.410840198397636E-002
   4320.000      4.345871508121490E-002
   4335.000      4.206492751836777E-002
   4350.000      4.069003090262413E-002
   4365.000      3.942031040787697E-002
   4380.000      3.843284025788307E-002
   4395.000      3.776822984218597E-002
   4410.000      3.745428472757339E-002
   4425.000      3.747992962598801E-002
   4440.000      3.788986057043076E-002
   4455.000      3.866409882903099E-002
   4470.000      3.975629806518555E-002
   4485.000      4.102679714560509E-002
   4500.000      4.240877553820610E-002
   4515.000      4.379986971616745E-002
   4530.000      4.513278231024742E-002
   4545.000      4.633082821965218E-002
   4560.000      4.728766530752182E-002
   4575.000      4.790153354406357E-002
   4590.000      4.813492670655251E-002
   4605.000      4.801961779594421E-002
   4620.000      4.756678640842438E-002
   4635.000      4.685336351394653E-002
   4650.000      4.591495543718338E-002
   4665.000      4.476744309067726E-002
   4680.000      4.345871508121490E-002
   4680.000      4.294178634881973E-002
   4695.000      4.164567589759827E-002
   4710.000      4.041877388954163E-002
   4725.000      3.934762626886368E-002
   4740.000      3.857505694031715E-002
   4755.000      3.810505196452141E-002
   4770.000      3.795481845736504E-002
   4785.000      3.811237961053848E-002
   4800.000      3.862304985523224E-002
   4815.000      3.946360945701599E-002
   4830.000      4.058241099119186E-002
   4845.000      4.184860736131668E-002
   4860.000      4.319604486227036E-002
   4875.000      4.452354833483696E-002
   4890.000      4.576798155903816E-002
   4905.000      4.684371128678322E-002
   4920.000      4.764342308044434E-002
   4935.000      4.807633534073830E-002
   4950.000      4.812117293477058E-002
   4965.000      4.782082512974739E-002
   4980.000      4.721171781420708E-002
   4995.000      4.638499394059181E-002
   5010.000      4.537595808506012E-002
   5025.000      4.421082139015198E-002
   5040.000      4.294178634881973E-002
   5040.000      4.256785288453102E-002
   5055.000      4.137888923287392E-002
   5070.000      4.029826819896698E-002
   5085.000      3.940801694989204E-002
   5100.000      3.881683573126793E-002
   5115.000      3.850207850337029E-002
   5130.000      3.847536817193031E-002
   5145.000      3.872618824243546E-002
   5160.000      3.930125012993813E-002
   5175.000      4.017599672079086E-002
   5190.000      4.129724577069283E-002
   5205.000      4.254213720560074E-002
   5220.000      4.384489357471466E-002
   5235.000      4.510651156306267E-002
   5250.000      4.626571759581566E-002
   5265.000      4.722952097654343E-002
   5280.000      4.789178445935249E-002
   5295.000      4.817162454128265E-002
   5310.000      4.806036874651909E-002
   5325.000      4.761197790503502E-002
   5340.000      4.688424989581108E-002
   5355.000      4.597903788089752E-002
   5370.000      4.493191093206406E-002
   5385.000      4.377711191773415E-002
   5400.000      4.256785288453102E-002
   5400.000      4.233980551362038E-002
   5415.000      4.126188904047012E-002
   5430.000      4.032058641314507E-002
   5445.000      3.959006816148758E-002
   5460.000      3.914795815944672E-002
   5475.000      3.895374014973640E-002
   5490.000      3.901672363281250E-002
   5505.000      3.932921960949898E-002
   5520.000      3.993948921561241E-002
   5535.000      4.082303866744041E-002
   5550.000      4.192747920751572E-002
   5565.000      4.313722252845764E-002
   5580.000      4.438703879714012E-002
   5595.000      4.558072984218597E-002
   5610.000      4.665768146514893E-002
   5625.000      4.751958325505257E-002
   5640.000      4.806307703256607E-002
   5655.000      4.821572825312614E-002
   5670.000      4.797952994704247E-002
   5685.000      4.741785675287247E-002
   5700.000      4.660626873373985E-002
   5715.000      4.565399512648582E-002
   5730.000      4.459701478481293E-002
   5745.000      4.347504675388336E-002
   5760.000      4.233980551362038E-002
   5760.000      4.225893318653107E-002
   5775.000      4.129236191511154E-002
   5790.000      4.048043489456177E-002
   5805.000      3.988771885633469E-002
   5820.000      3.956500068306923E-002
   5835.000      3.946141526103020E-002
   5850.000      3.958578035235405E-002
   5865.000      3.993399441242218E-002
   5880.000      4.055549949407578E-002
   5895.000      4.142692312598228E-002
   5910.000      4.249811545014381E-002
   5925.000      4.366033896803856E-002
   5940.000      4.484942927956581E-002
   5955.000      4.597253724932671E-002
   5970.000      4.696932807564735E-002
   5985.000      4.773842170834541E-002
   6000.000      4.818022251129150E-002
   6015.000      4.823018237948418E-002
   6030.000      4.789857193827629E-002
   6045.000      4.725650697946548E-002
   6060.000      4.639345407485962E-002
   6075.000      4.542284086346626E-002
   6090.000      4.438078403472900E-002
   6105.000      4.331004619598389E-002
   6120.000      4.225893318653107E-002
   6120.000      4.232760891318321E-002
   6135.000      4.147075489163399E-002
   6150.000      4.077718406915665E-002
   6165.000      4.030110314488411E-002
   6180.000      4.007151722908020E-002
   6195.000      4.003307223320007E-002
   6210.000      4.019507393240929E-002
   6225.000      4.055720567703247E-002
   6240.000      4.116946831345558E-002
   6255.000      4.201040416955948E-002
   6270.000      4.303301870822906E-002
   6285.000      4.413546621799469E-002
   6300.000      4.525535553693771E-002
   6315.000      4.630386084318161E-002
   6330.000      4.722114279866219E-002
   6345.000      4.790512472391129E-002
   6360.000      4.826085269451141E-002
   6375.000      4.823109135031700E-002
   6390.000      4.783238470554352E-002
   6405.000      4.714151844382286E-002
   6420.000      4.625771567225456E-002
   6435.000      4.529559984803200E-002
   6450.000      4.429086670279503E-002
   6465.000      4.328700155019760E-002
   6480.000      4.232760891318321E-002
   6480.000      4.255120456218719E-002
   6495.000      4.180203378200531E-002
   6510.000      4.121622070670128E-002
   6525.000      4.083746671676636E-002
   6540.000      4.067840427160263E-002
   6555.000      4.068357869982719E-002
   6570.000      4.086314514279366E-002
   6585.000      4.122041165828705E-002
   6600.000      4.180499538779259E-002
   6615.000      4.259802401065826E-002
   6630.000      4.355636611580849E-002
   6645.000      4.458563029766083E-002
   6660.000      4.562606662511826E-002
   6675.000      4.659375548362732E-002
   6690.000      4.743010923266411E-002
   6705.000      4.803470522165298E-002
   6720.000      4.831846430897713E-002
   6735.000      4.823068529367447E-002
   6750.000      4.779244214296341E-002
   6765.000      4.708369076251984E-002
   6780.000      4.620907828211784E-002
   6795.000      4.528136923909187E-002
   6810.000      4.433507099747658E-002
   6825.000      4.341235384345055E-002
   6840.000      4.255120456218719E-002
   6840.000      4.293911531567574E-002
   6855.000      4.229658842086792E-002
   6870.000      4.180941730737686E-002
   6885.000      4.151147603988647E-002
   6900.000      4.140393808484077E-002
   6915.000      4.143460839986801E-002
   6930.000      4.161447659134865E-002
   6945.000      4.194999486207962E-002
   6960.000      4.248930886387825E-002
   6975.000      4.321662709116936E-002
   6990.000      4.409334063529968E-002
   7005.000      4.503350704908371E-002
   7020.000      4.598126187920570E-002
   7035.000      4.685875773429871E-002
   7050.000      4.760984703898430E-002
   7065.000      4.813842102885246E-002
   7080.000      4.836236312985420E-002
   7095.000      4.823725670576096E-002
   7110.000      4.778686910867691E-002
   7125.000      4.709137976169586E-002
   7140.000      4.625623673200607E-002
   7155.000      4.538908600807190E-002
   7170.000      4.452238604426384E-002
   7185.000      4.369512200355530E-002
   7200.000      4.293911531567574E-002
   7200.000      4.350878298282623E-002
   7215.000      4.297396168112755E-002
   7230.000      4.257898777723312E-002
   7245.000      4.234873130917549E-002
   7260.000      4.227728024125099E-002
   7275.000      4.231843352317810E-002
   7290.000      4.248360171914101E-002
   7305.000      4.278168454766273E-002
   7320.000      4.325785115361214E-002
   7335.000      4.389983788132668E-002
   7350.000      4.467433691024780E-002
   7365.000      4.550546780228615E-002
   7380.000      4.634272679686546E-002
   7395.000      4.711606353521347E-002
   7410.000      4.777335375547409E-002
   7425.000      4.822591319680214E-002
   7440.000      4.840002954006195E-002
   7455.000      4.825758561491966E-002
   7470.000      4.782310500741005E-002
   7485.000      4.717349633574486E-002
   7500.000      4.640987887978554E-002
   7515.000      4.563120752573013E-002
   7530.000      4.486682638525963E-002
   7545.000      4.415095224976540E-002
   7560.000      4.350878298282623E-002
   7560.000      4.428948462009430E-002
   7575.000      4.386696964502335E-002
   7590.000      4.356141760945320E-002
   7605.000      4.338964819908142E-002
   7620.000      4.334253817796707E-002
   7635.000      4.338213056325912E-002
   7650.000      4.351952299475670E-002
   7665.000      4.376503080129623E-002
   7680.000      4.415880143642426E-002
   7695.000      4.469246789813042E-002
   7710.000      4.533897712826729E-002
   7725.000      4.603486508131027E-002
   7740.000      4.673690348863602E-002
   7755.000      4.738526791334152E-002
   7770.000      4.793407768011093E-002
   7785.000      4.830588400363922E-002
   7800.000      4.843748733401299E-002
   7815.000      4.829737916588783E-002
   7830.000      4.790880903601646E-002
   7845.000      4.734111577272415E-002
   7860.000      4.668511450290680E-002
   7875.000      4.602674394845963E-002
   7890.000      4.539098963141441E-002
   7905.000      4.480576142668724E-002
   7920.000      4.428948462009430E-002
   7920.000      4.532987624406815E-002
   7935.000      4.502912983298302E-002
   7950.000      4.481496289372444E-002
   7965.000      4.469711333513260E-002
   7980.000      4.466657340526581E-002
   7995.000      4.469575732946396E-002
   8010.000      4.479427635669708E-002
   8025.000      4.497222602367401E-002
   8040.000      4.526191204786301E-002
   8055.000      4.565890505909920E-002
   8070.000      4.614364728331566E-002
   8085.000      4.666841775178909E-002
   8100.000      4.719991609454155E-002
   8115.000      4.769196733832359E-002
   8130.000      4.810809344053268E-002
   8145.000      4.838721826672554E-002
   8160.000      4.847997054457664E-002
   8175.000      4.836240038275719E-002
   8190.000      4.805397987365723E-002
   8205.000      4.761084541678429E-002
   8220.000      4.710606858134270E-002
   8235.000      4.660693556070328E-002
   8250.000      4.613253101706505E-002
   8265.000      4.570296034216881E-002
   8280.000      4.532987624406815E-002
   8280.000      4.671187326312065E-002
   8295.000      4.654877632856369E-002
   8310.000      4.643380269408226E-002
   8325.000      4.637080803513527E-002
   8340.000      4.635381326079369E-002
   8355.000      4.636774212121964E-002
   8370.000      4.641892388463020E-002
   8385.000      4.651470109820366E-002
   8400.000      4.667508602142334E-002
   8415.000      4.689903557300568E-002
   8430.000      4.717598110437393E-002
   8445.000      4.747859761118889E-002
   8460.000      4.778725653886795E-002
   8475.000      4.807459563016891E-002
   8490.000      4.831827431917191E-002
   8505.000      4.848117008805275E-002
   8520.000      4.853327944874763E-002
   8535.000      4.846033081412315E-002
   8550.000      4.827467724680901E-002
   8565.000      4.801122099161148E-002
   8580.000      4.771503061056137E-002
   8595.000      4.742656648159027E-002
   8610.000      4.715696349740028E-002
   8625.000      4.691699519753456E-002
   8640.000      4.671187326312065E-002
