  0.0000000E+00  1.749502681195736E-002
   15.00000      1.854963786900043E-002
   30.00000      1.960764639079571E-002
   45.00000      2.028463780879974E-002
   60.00000      2.067150548100471E-002
   75.00000      2.092979103326797E-002
   90.00000      2.100468426942825E-002
   105.0000      2.076109685003757E-002
   120.0000      2.013171464204788E-002
   135.0000      1.931487210094929E-002
   150.0000      1.848698034882545E-002
   165.0000      1.765366643667221E-002
   180.0000      1.695335470139980E-002
   195.0000      1.643735915422440E-002
   210.0000      1.581190526485443E-002
   225.0000      1.520593930035830E-002
   240.0000      1.484891120344400E-002
   255.0000      1.431811135262251E-002
   270.0000      1.375611592084169E-002
   285.0000      1.388479117304087E-002
   300.0000      1.451476477086544E-002
   315.0000      1.507910434156656E-002
   330.0000      1.579994149506092E-002
   345.0000      1.663152128458023E-002
   360.0000      1.749502681195736E-002
   360.0000      1.815340667963028E-002
   375.0000      1.919408515095711E-002
   390.0000      2.027812227606773E-002
   405.0000      2.105171792209148E-002
   420.0000      2.152074128389359E-002
   435.0000      2.184646017849445E-002
   450.0000      2.198768593370914E-002
   465.0000      2.181867137551308E-002
   480.0000      2.124819718301296E-002
   495.0000      2.045897953212261E-002
   510.0000      1.962662860751152E-002
   525.0000      1.877343654632568E-002
   540.0000      1.804185658693314E-002
   555.0000      1.749131269752979E-002
   570.0000      1.683964766561985E-002
   585.0000      1.622123271226883E-002
   600.0000      1.585472747683525E-002
   615.0000      1.532296184450388E-002
   630.0000      1.478891912847757E-002
   645.0000      1.490481756627560E-002
   660.0000      1.541110221296549E-002
   675.0000      1.586512662470341E-002
   690.0000      1.652852632105350E-002
   705.0000      1.732047088444233E-002
   720.0000      1.815340667963028E-002
   720.0000      1.908955723047256E-002
   735.0000      2.007615379989147E-002
   750.0000      2.114119939506054E-002
   765.0000      2.197549119591713E-002
   780.0000      2.255902066826820E-002
   795.0000      2.298798784613609E-002
   810.0000      2.323362603783607E-002
   825.0000      2.320632338523865E-002
   840.0000      2.278896607458591E-002
   855.0000      2.210489101707935E-002
   870.0000      2.133116312325001E-002
   885.0000      2.049880847334862E-002
   900.0000      1.974749937653542E-002
   915.0000      1.915897056460381E-002
   930.0000      1.847711019217968E-002
   945.0000      1.783164590597153E-002
   960.0000      1.742857322096825E-002
   975.0000      1.688418537378311E-002
   990.0000      1.636550389230251E-002
   1005.000      1.639022678136826E-002
   1020.000      1.667457818984985E-002
   1035.000      1.700827106833458E-002
   1050.000      1.757864840328693E-002
   1065.000      1.830729469656944E-002
   1080.000      1.908955723047256E-002
   1080.000      2.005106769502163E-002
   1095.000      2.095288410782814E-002
   1110.000      2.196807600557804E-002
   1125.000      2.283688448369503E-002
   1140.000      2.350325137376785E-002
   1155.000      2.401959523558617E-002
   1170.000      2.436810918152332E-002
   1185.000      2.448893338441849E-002
   1200.000      2.427534200251102E-002
   1215.000      2.379859797656536E-002
   1230.000      2.317530475556850E-002
   1245.000      2.243190445005894E-002
   1260.000      2.170091308653355E-002
   1275.000      2.109108120203018E-002
   1290.000      2.039443701505661E-002
   1305.000      1.971395313739777E-002
   1320.000      1.924504712224007E-002
   1335.000      1.867353729903698E-002
   1350.000      1.813604310154915E-002
   1365.000      1.796210184693336E-002
   1380.000      1.804634183645248E-002
   1395.000      1.824745349586010E-002
   1410.000      1.869497448205948E-002
   1425.000      1.933774724602699E-002
   1440.000      2.005106769502163E-002
   1440.000      2.097542025148869E-002
   1455.000      2.177593857049942E-002
   1470.000      2.271670848131180E-002
   1485.000      2.359479852020741E-002
   1500.000      2.431802637875080E-002
   1515.000      2.490150555968285E-002
   1530.000      2.533598057925701E-002
   1545.000      2.559040673077106E-002
   1560.000      2.557479031383991E-002
   1575.000      2.530065737664700E-002
   1590.000      2.485650591552258E-002
   1605.000      2.427350729703903E-002
   1620.000      2.361497469246387E-002
   1635.000      2.301413379609585E-002
   1650.000      2.233081683516502E-002
   1665.000      2.162165753543377E-002
   1680.000      2.106409706175327E-002
   1695.000      2.045323885977268E-002
   1710.000      1.986196450889111E-002
   1725.000      1.950785703957081E-002
   1740.000      1.941961795091629E-002
   1755.000      1.948830671608448E-002
   1770.000      1.979836076498032E-002
   1785.000      2.033959515392780E-002
   1800.000      2.097542025148869E-002
   1800.000      2.190333046019077E-002
   1815.000      2.261007577180862E-002
   1830.000      2.346661128103733E-002
   1845.000      2.432711236178875E-002
   1860.000      2.507652901113033E-002
   1875.000      2.569753490388393E-002
   1890.000      2.618320100009441E-002
   1905.000      2.652799896895885E-002
   1920.000      2.666510641574860E-002
   1935.000      2.655887044966221E-002
   1950.000      2.626943029463291E-002
   1965.000      2.582314051687717E-002
   1980.000      2.523852139711380E-002
   1995.000      2.465592510998249E-002
   2010.000      2.400161139667034E-002
   2025.000      2.328583225607872E-002
   2040.000      2.266893349587917E-002
   2055.000      2.203984372317791E-002
   2070.000      2.142513357102871E-002
   2085.000      2.095802687108517E-002
   2100.000      2.073997072875500E-002
   2115.000      2.070114389061928E-002
   2130.000      2.089099772274494E-002
   2145.000      2.133598737418652E-002
   2160.000      2.190333046019077E-002
   2160.000      2.290725335478783E-002
   2175.000      2.355250343680382E-002
   2190.000      2.433775924146175E-002
   2205.000      2.516106702387333E-002
   2220.000      2.590180374681950E-002
   2235.000      2.652173116803169E-002
   2250.000      2.701238170266151E-002
   2265.000      2.738629654049873E-002
   2280.000      2.759986370801926E-002
   2295.000      2.759397774934769E-002
   2310.000      2.740485407412052E-002
   2325.000      2.705128304660320E-002
   2340.000      2.652720734477043E-002
   2355.000      2.596645057201385E-002
   2370.000      2.534097060561180E-002
   2385.000      2.464044466614723E-002
   2400.000      2.400014363229275E-002
   2415.000      2.337151579558849E-002
   2430.000      2.276303991675377E-002
   2445.000      2.225282788276672E-002
   2460.000      2.196885831654072E-002
   2475.000      2.187388576567173E-002
   2490.000      2.199662104249001E-002
   2505.000      2.238120883703232E-002
   2520.000      2.290725335478783E-002
   2520.000      2.402405627071857E-002
   2535.000      2.464659698307514E-002
   2550.000      2.538721263408661E-002
   2565.000      2.616427466273308E-002
   2580.000      2.686379291117191E-002
   2595.000      2.744201943278313E-002
   2610.000      2.789142541587353E-002
   2625.000      2.823510207235813E-002
   2640.000      2.844509296119213E-002
   2655.000      2.846008539199829E-002
   2670.000      2.830373868346214E-002
   2685.000      2.798626758158207E-002
   2700.000      2.749542333185673E-002
   2715.000      2.695314586162567E-002
   2730.000      2.635145932435989E-002
   2745.000      2.567966468632221E-002
   2760.000      2.504885382950306E-002
   2775.000      2.444176189601421E-002
   2790.000      2.386513166129589E-002
   2805.000      2.337167970836163E-002
   2820.000      2.309050038456917E-002
   2835.000      2.300129272043705E-002
   2850.000      2.312577702105045E-002
   2865.000      2.350372634828091E-002
   2880.000      2.402405627071857E-002
   2880.000      2.522876672446728E-002
   2895.000      2.585468441247940E-002
   2910.000      2.656900323927402E-002
   2925.000      2.729326300323009E-002
   2940.000      2.792612649500370E-002
   2955.000      2.843027934432030E-002
   2970.000      2.880322001874447E-002
   2985.000      2.907283604145050E-002
   3000.000      2.921917848289013E-002
   3015.000      2.919304184615612E-002
   3030.000      2.901551313698292E-002
   3045.000      2.868938073515892E-002
   3060.000      2.820918150246143E-002
   3075.000      2.768299356102943E-002
   3090.000      2.710450999438763E-002
   3105.000      2.647272683680058E-002
   3120.000      2.587773092091084E-002
   3135.000      2.531253360211849E-002
   3150.000      2.478838711977005E-002
   3165.000      2.435365132987499E-002
   3180.000      2.412729524075985E-002
   3195.000      2.409337088465691E-002
   3210.000      2.427395805716515E-002
   3225.000      2.468798123300076E-002
   3240.000      2.522876672446728E-002
   3240.000      2.645461261272430E-002
   3255.000      2.709061093628407E-002
   3270.000      2.778089232742786E-002
   3285.000      2.844438515603542E-002
   3300.000      2.899559587240219E-002
   3315.000      2.940813265740871E-002
   3330.000      2.968563884496689E-002
   3345.000      2.985758706927299E-002
   3360.000      2.990994788706303E-002
   3375.000      2.981274947524071E-002
   3390.000      2.958863414824009E-002
   3405.000      2.923591993749142E-002
   3420.000      2.876111119985580E-002
   3435.000      2.825568430125713E-002
   3450.000      2.770775184035301E-002
   3465.000      2.712811529636383E-002
   3480.000      2.658680640161037E-002
   3495.000      2.607772126793861E-002
   3510.000      2.561900205910206E-002
   3525.000      2.526381611824036E-002
   3540.000      2.511651441454887E-002
   3555.000      2.516120299696922E-002
   3570.000      2.542057447135448E-002
   3585.000      2.588565275073051E-002
   3600.000      2.645461261272430E-002
   3600.000      2.763774618506432E-002
   3615.000      2.827737480401993E-002
   3630.000      2.893699705600739E-002
   3645.000      2.953464165329933E-002
   3660.000      3.000093810260296E-002
   3675.000      3.031912259757519E-002
   3690.000      3.049767389893532E-002
   3705.000      3.056689165532589E-002
   3720.000      3.052072599530220E-002
   3735.000      3.034977056086063E-002
   3750.000      3.007835522294044E-002
   3765.000      2.970340102910995E-002
   3780.000      2.924195490777493E-002
   3795.000      2.876657433807850E-002
   3810.000      2.826005034148693E-002
   3825.000      2.774203754961491E-002
   3840.000      2.726275287568569E-002
   3855.000      2.681519277393818E-002
   3870.000      2.642478048801422E-002
   3885.000      2.615049667656422E-002
   3900.000      2.608190290629864E-002
   3915.000      2.620420418679714E-002
   3930.000      2.653746865689754E-002
   3945.000      2.704665623605251E-002
   3960.000      2.763774618506432E-002
   3960.000      2.874843031167984E-002
   3975.000      2.938122116029263E-002
   3990.000      3.000342659652233E-002
   4005.000      3.053558990359306E-002
   4020.000      3.092223964631557E-002
   4035.000      3.115295432507992E-002
   4050.000      3.123933263123035E-002
   4065.000      3.121323324739933E-002
   4080.000      3.107908740639687E-002
   4095.000      3.084605187177658E-002
   4110.000      3.053913451731205E-002
   4125.000      3.015581145882607E-002
   4140.000      2.971919998526573E-002
   4155.000      2.928270213305950E-002
   4170.000      2.882634103298187E-002
   4185.000      2.837376110255718E-002
   4200.000      2.795696817338467E-002
   4215.000      2.756906673312187E-002
   4230.000      2.724160254001617E-002
   4245.000      2.703743986785412E-002
   4260.000      2.703395113348961E-002
   4275.000      2.721947431564331E-002
   4290.000      2.760853804647923E-002
   4305.000      2.814640104770660E-002
   4320.000      2.874843031167984E-002
   4320.000      2.978972531855106E-002
   4335.000      3.040619753301144E-002
   4350.000      3.098714165389538E-002
   4365.000      3.145794942975044E-002
   4380.000      3.177398070693016E-002
   4395.000      3.192817419767380E-002
   4410.000      3.193403035402298E-002
   4425.000      3.182598203420639E-002
   4440.000      3.162020444869995E-002
   4455.000      3.134115412831306E-002
   4470.000      3.101363219320774E-002
   4485.000      3.063628263771534E-002
   4500.000      3.023361973464489E-002
   4515.000      2.984194830060005E-002
   4530.000      2.944050543010235E-002
   4545.000      2.905208431184292E-002
   4560.000      2.869367972016335E-002
   4575.000      2.835958078503609E-002
   4590.000      2.808569185435772E-002
   4605.000      2.793678082525730E-002
   4620.000      2.798139676451683E-002
   4635.000      2.821221761405468E-002
   4650.000      2.863695286214352E-002
   4665.000      2.918795309960842E-002
   4680.000      2.978972531855106E-002
   4680.000      3.078146465122700E-002
   4695.000      3.137426078319550E-002
   4710.000      3.191249445080757E-002
   4725.000      3.232744336128235E-002
   4740.000      3.258245065808296E-002
   4755.000      3.267181664705276E-002
   4770.000      3.261026740074158E-002
   4785.000      3.243549168109894E-002
   4800.000      3.217533230781555E-002
   4815.000      3.186604008078575E-002
   4830.000      3.153159096837044E-002
   4845.000      3.117194399237633E-002
   4860.000      3.080933168530464E-002
   4875.000      3.046541474759579E-002
   4890.000      3.011970221996307E-002
   4905.000      2.979121357202530E-002
   4920.000      2.948516607284546E-002
   4935.000      2.919760905206203E-002
   4950.000      2.896719053387642E-002
   4965.000      2.885920554399490E-002
   4980.000      2.893629297614098E-002
   4995.000      2.919576317071915E-002
   5010.000      2.963852323591709E-002
   5025.000      3.018961288034916E-002
   5040.000      3.078146465122700E-002
   5040.000      3.174873813986778E-002
   5055.000      3.231225535273552E-002
   5070.000      3.280759602785110E-002
   5085.000      3.317217156291008E-002
   5100.000      3.337505459785461E-002
   5115.000      3.341074660420418E-002
   5130.000      3.329491242766380E-002
   5145.000      3.306869789958000E-002
   5160.000      3.277033939957619E-002
   5175.000      3.244514763355255E-002
   5190.000      3.211565315723419E-002
   5205.000      3.178239613771439E-002
   5220.000      3.146319463849068E-002
   5235.000      3.116769902408123E-002
   5250.000      3.087596409022808E-002
   5265.000      3.060174733400345E-002
   5280.000      3.034153953194618E-002
   5295.000      3.009326942265034E-002
   5310.000      2.989700064063072E-002
   5325.000      2.981771342456341E-002
   5340.000      2.991422824561596E-002
   5355.000      3.018817119300365E-002
   5370.000      3.063447028398514E-002
   5385.000      3.117499873042107E-002
   5400.000      3.174873813986778E-002
   5400.000      3.271796926856041E-002
   5415.000      3.324768692255020E-002
   5430.000      3.370045125484467E-002
   5445.000      3.401955217123032E-002
   5460.000      3.417819365859032E-002
   5475.000      3.417056426405907E-002
   5490.000      3.401310741901398E-002
   5505.000      3.375003486871719E-002
   5520.000      3.342866897583008E-002
   5535.000      3.310026973485947E-002
   5550.000      3.278562426567078E-002
   5565.000      3.248500451445580E-002
   5580.000      3.221066668629646E-002
   5595.000      3.196271881461143E-002
   5610.000      3.172175958752632E-002
   5625.000      3.149566426873207E-002
   5640.000      3.127501532435417E-002
   5655.000      3.105940483510494E-002
   5670.000      3.088927268981934E-002
   5685.000      3.082870319485664E-002
   5700.000      3.093399666249752E-002
   5715.000      3.121053986251354E-002
   5730.000      3.164845705032349E-002
   5745.000      3.216946497559547E-002
   5760.000      3.271796926856041E-002
   5760.000      3.371682390570641E-002
   5775.000      3.420878574252129E-002
   5790.000      3.461924940347672E-002
   5805.000      3.489701077342033E-002
   5820.000      3.501831740140915E-002
   5835.000      3.497691079974174E-002
   5850.000      3.478983044624329E-002
   5865.000      3.450399264693260E-002
   5880.000      3.417358919978142E-002
   5895.000      3.385323658585548E-002
   5910.000      3.356166556477547E-002
   5925.000      3.329808264970779E-002
   5940.000      3.306876495480537E-002
   5955.000      3.286651521921158E-002
   5970.000      3.267233446240425E-002
   5985.000      3.248838707804680E-002
   6000.000      3.230161964893341E-002
   6015.000      3.211298212409019E-002
   6030.000      3.196242451667786E-002
   6045.000      3.191262856125832E-002
   6060.000      3.201800957322121E-002
   6075.000      3.228709101676941E-002
   6090.000      3.270651772618294E-002
   6105.000      3.320010006427765E-002
   6120.000      3.371682390570641E-002
   6120.000      3.477560728788376E-002
   6135.000      3.522595390677452E-002
   6150.000      3.559401258826256E-002
   6165.000      3.583373874425888E-002
   6180.000      3.592371568083763E-002
   6195.000      3.585738688707352E-002
   6210.000      3.565221652388573E-002
   6225.000      3.535703197121620E-002
   6240.000      3.503052145242691E-002
   6255.000      3.472826257348061E-002
   6270.000      3.446660563349724E-002
   6285.000      3.424305096268654E-002
   6300.000      3.405803814530373E-002
   6315.000      3.389913216233253E-002
   6330.000      3.374736756086349E-002
   6345.000      3.360009193420410E-002
   6360.000      3.344237431883812E-002
   6375.000      3.327612206339836E-002
   6390.000      3.314006701111794E-002
   6405.000      3.309490159153938E-002
   6420.000      3.319327533245087E-002
   6435.000      3.344621509313583E-002
   6450.000      3.383824229240417E-002
   6465.000      3.429701179265976E-002
   6480.000      3.477560728788376E-002
   6480.000      3.592936322093010E-002
   6495.000      3.633395582437515E-002
   6510.000      3.665888682007790E-002
   6525.000      3.686298802495003E-002
   6540.000      3.692685440182686E-002
   6555.000      3.684386983513832E-002
   6570.000      3.663177043199539E-002
   6585.000      3.634009882807732E-002
   6600.000      3.602954372763634E-002
   6615.000      3.575439378619194E-002
   6630.000      3.552832826972008E-002
   6645.000      3.534669056534767E-002
   6660.000      3.520471602678299E-002
   6675.000      3.508631139993668E-002
   6690.000      3.497265279293060E-002
   6705.000      3.485723957419395E-002
   6720.000      3.472467139363289E-002
   6735.000      3.457747772336006E-002
   6750.000      3.445239737629890E-002
   6765.000      3.440739586949348E-002
   6780.000      3.449304401874542E-002
   6795.000      3.472223505377769E-002
   6810.000      3.507867828011513E-002
   6825.000      3.549536690115929E-002
   6840.000      3.592936322093010E-002
   6840.000      3.721987456083298E-002
   6855.000      3.757400065660477E-002
   6870.000      3.785424306988716E-002
   6885.000      3.802425041794777E-002
   6900.000      3.806653246283531E-002
   6915.000      3.797478973865509E-002
   6930.000      3.776667639613152E-002
   6945.000      3.749097511172295E-002
   6960.000      3.720774874091148E-002
   6975.000      3.696784377098083E-002
   6990.000      3.678199276328087E-002
   7005.000      3.664316609501839E-002
   7020.000      3.654228150844574E-002
   7035.000      3.646122291684151E-002
   7050.000      3.638147190213203E-002
   7065.000      3.629383817315102E-002
   7080.000      3.618358448147774E-002
   7095.000      3.605351969599724E-002
   7110.000      3.593758493661880E-002
   7125.000      3.588996827602386E-002
   7140.000      3.595845401287079E-002
   7155.000      3.615715354681015E-002
   7170.000      3.647020086646080E-002
   7185.000      3.683737665414810E-002
   7200.000      3.721987456083298E-002
   7200.000      3.870109468698502E-002
   7215.000      3.899919614195824E-002
   7230.000      3.923219814896584E-002
   7245.000      3.936876356601715E-002
   7260.000      3.939346596598625E-002
   7275.000      3.930068761110306E-002
   7290.000      3.910753130912781E-002
   7305.000      3.886012732982635E-002
   7320.000      3.861503675580025E-002
   7335.000      3.841753676533699E-002
   7350.000      3.827524557709694E-002
   7365.000      3.817892819643021E-002
   7380.000      3.811636567115784E-002
   7395.000      3.806895017623901E-002
   7410.000      3.801896423101425E-002
   7425.000      3.795570507645607E-002
   7440.000      3.786606341600418E-002
   7455.000      3.775278851389885E-002
   7470.000      3.764608502388000E-002
   7485.000      3.759500384330750E-002
   7500.000      3.764336183667183E-002
   7515.000      3.780573233962059E-002
   7530.000      3.806782513856888E-002
   7545.000      3.837762773036957E-002
   7560.000      3.870109468698502E-002
   7560.000      4.044548794627190E-002
   7575.000      4.068093746900558E-002
   7590.000      4.086306691169739E-002
   7605.000      4.096603766083717E-002
   7620.000      4.097686707973480E-002
   7635.000      4.089099168777466E-002
   7650.000      4.072417318820953E-002
   7665.000      4.051754623651505E-002
   7680.000      4.032088443636894E-002
   7695.000      4.017174616456032E-002
   7710.000      4.007460922002792E-002
   7725.000      4.001869633793831E-002
   7740.000      3.999020904302597E-002
   7755.000      3.997164219617844E-002
   7770.000      3.994689881801605E-002
   7785.000      3.990511223673820E-002
   7800.000      3.983556106686592E-002
   7815.000      3.974067419767380E-002
   7830.000      3.964575380086899E-002
   7845.000      3.959283977746964E-002
   7860.000      3.962003439664841E-002
   7875.000      3.974139317870140E-002
   7890.000      3.994524106383324E-002
   7905.000      4.018940404057503E-002
   7920.000      4.044548794627190E-002
   7920.000      4.255500808358192E-002
   7935.000      4.272014647722244E-002
   7950.000      4.284671321511269E-002
   7965.000      4.291535541415215E-002
   7980.000      4.291619360446930E-002
   7995.000      4.284603148698807E-002
   8010.000      4.271805286407471E-002
   8025.000      4.256522655487061E-002
   8040.000      4.242661967873573E-002
   8055.000      4.232982546091080E-002
   8070.000      4.227644577622414E-002
   8085.000      4.225557669997215E-002
   8100.000      4.225398600101471E-002
   8115.000      4.225716739892960E-002
   8130.000      4.225192964076996E-002
   8145.000      4.222876951098442E-002
   8160.000      4.218003898859024E-002
   8175.000      4.210759326815605E-002
   8190.000      4.203038290143013E-002
   8205.000      4.198081418871880E-002
   8220.000      4.198876768350601E-002
   8235.000      4.206634685397148E-002
   8250.000      4.220537468791008E-002
   8265.000      4.237537458539009E-002
   8280.000      4.255500808358192E-002
   8280.000      4.518023505806923E-002
   8295.000      4.526684060692787E-002
   8310.000      4.533255472779274E-002
   8325.000      4.536627605557442E-002
   8340.000      4.536217823624611E-002
   8355.000      4.531869292259216E-002
   8370.000      4.524431377649307E-002
   8385.000      4.515932872891426E-002
   8400.000      4.508710280060768E-002
   8415.000      4.504277557134628E-002
   8430.000      4.502599313855171E-002
   8445.000      4.502848163247108E-002
   8460.000      4.504080861806870E-002
   8475.000      4.505387321114540E-002
   8490.000      4.505942016839981E-002
   8505.000      4.505123198032379E-002
   8520.000      4.502528905868530E-002
   8535.000      4.498263821005821E-002
   8550.000      4.493403807282448E-002
   8565.000      4.489856213331223E-002
   8580.000      4.489415884017944E-002
   8595.000      4.492880403995514E-002
   8610.000      4.499836638569832E-002
   8625.000      4.508626833558083E-002
   8640.000      4.518023505806923E-002
