  0.0000000E+00   4561.86358687856        6.000000    
   15.00000       4253.59979504176        6.000000    
   30.00000       3834.48846459753        6.000000    
   45.00000       3437.35359138039        6.000000    
   60.00000       3112.23491898929        6.000000    
   75.00000       2881.89062728768        6.000000    
   90.00000       2729.95745070877        6.000000    
   105.0000       2638.70394430274        6.000000    
   120.0000       2594.74821871661        6.000000    
   135.0000       2586.89586475697        6.000000    
   150.0000       2623.18167440265        6.000000    
   165.0000       2707.94378234647        6.000000    
   180.0000       2826.57260601938        6.000000    
   195.0000       3012.03388859430        6.000000    
   210.0000       3278.81509117634        6.000000    
   225.0000       3546.80669785950        6.000000    
   240.0000       3777.93237274812        6.000000    
   255.0000       3985.30765278833        6.000000    
   270.0000       4174.90762483830        6.000000    
   285.0000       4354.88421721947        6.000000    
   300.0000       4507.95331570234        6.000000    
   315.0000       4590.51169074928        6.000000    
   330.0000       4611.54747041216        6.000000    
   345.0000       4620.93928593015        6.000000    
  0.0000000E+00   4561.86358687856        6.000000    
 
  0.0000000E+00   4275.99579224777        6.184783    
   15.00000       4023.60957948074        6.184783    
   30.00000       3641.86523532824        6.184783    
   45.00000       3274.13344568694        6.184783    
   60.00000       2973.42731354822        6.184783    
   75.00000       2761.23254931323        6.184783    
   90.00000       2622.65306596044        6.184783    
   105.0000       2540.64889241121        6.184783    
   120.0000       2503.13560362062        6.184783    
   135.0000       2499.65071651981        6.184783    
   150.0000       2536.59531714875        6.184783    
   165.0000       2619.10407462680        6.184783    
   180.0000       2735.82913183188        6.184783    
   195.0000       2913.12861114776        6.184783    
   210.0000       3149.33970110628        6.184783    
   225.0000       3373.82225715902        6.184783    
   240.0000       3575.50241574772        6.184783    
   255.0000       3758.72275603890        6.184783    
   270.0000       3927.45608725366        6.184783    
   285.0000       4087.86770054428        6.184783    
   300.0000       4225.47569715870        6.184783    
   315.0000       4301.68723057148        6.184783    
   330.0000       4322.16740811710        6.184783    
   345.0000       4328.74223910714        6.184783    
  0.0000000E+00   4275.99579224777        6.184783    
 
  0.0000000E+00   3985.92981670915        6.369565    
   15.00000       3805.22150948734        6.369565    
   30.00000       3495.64990774358        6.369565    
   45.00000       3175.19888561782        6.369565    
   60.00000       2904.64472490998        6.369565    
   75.00000       2707.43409373119        6.369565    
   90.00000       2575.48268745683        6.369565    
   105.0000       2494.93749879058        6.369565    
   120.0000       2456.17785807531        6.369565    
   135.0000       2449.89897497155        6.369565    
   150.0000       2480.72596226768        6.369565    
   165.0000       2553.45566724981        6.369565    
   180.0000       2659.73557038086        6.369565    
   195.0000       2813.91810654320        6.369565    
   210.0000       3001.24213528510        6.369565    
   225.0000       3180.20308960544        6.369565    
   240.0000       3349.32586983796        6.369565    
   255.0000       3506.68094668294        6.369565    
   270.0000       3653.43180666790        6.369565    
   285.0000       3793.64652305201        6.369565    
   300.0000       3917.07946197383        6.369565    
   315.0000       3991.25355127093        6.369565    
   330.0000       4017.08820749400        6.369565    
   345.0000       4025.75602768208        6.369565    
  0.0000000E+00   3985.92981670915        6.369565    
 
  0.0000000E+00   3681.32202237217        6.554348    
   15.00000       3564.31779940837        6.554348    
   30.00000       3342.12817463635        6.554348    
   45.00000       3084.25558123959        6.554348    
   60.00000       2850.42245071226        6.554348    
   75.00000       2668.88259313755        6.554348    
   90.00000       2541.29999100343        6.554348    
   105.0000       2458.48048529347        6.554348    
   120.0000       2414.36283402984        6.554348    
   135.0000       2400.86394692045        6.554348    
   150.0000       2419.80757332568        6.554348    
   165.0000       2476.50006912107        6.554348    
   180.0000       2563.45704573884        6.554348    
   195.0000       2684.43579542291        6.554348    
   210.0000       2822.94252049287        6.554348    
   225.0000       2961.84915938393        6.554348    
   240.0000       3098.75605347327        6.554348    
   255.0000       3229.97574181581        6.554348    
   270.0000       3354.39558206247        6.554348    
   285.0000       3474.08399063462        6.554348    
   300.0000       3583.55023217504        6.554348    
   315.0000       3657.15765868815        6.554348    
   330.0000       3690.29291716100        6.554348    
   345.0000       3704.08963048058        6.554348    
  0.0000000E+00   3681.32202237217        6.554348    
 
  0.0000000E+00   3366.27015217520        6.739130    
   15.00000       3298.75676506196        6.739130    
   30.00000       3152.23590784787        6.739130    
   45.00000       2962.74266503191        6.739130    
   60.00000       2773.76474770938        6.739130    
   75.00000       2612.72162950415        6.739130    
   90.00000       2491.97627110267        6.739130    
   105.0000       2408.23986338950        6.739130    
   120.0000       2358.53265350135        6.739130    
   135.0000       2336.59869685825        6.739130    
   150.0000       2342.22545080758        6.739130    
   165.0000       2379.85076853493        6.739130    
   180.0000       2443.51664810732        6.739130    
   195.0000       2529.81763487593        6.739130    
   210.0000       2629.49421117675        6.739130    
   225.0000       2734.21912128301        6.739130    
   240.0000       2841.40854842400        6.739130    
   255.0000       2947.65594260854        6.739130    
   270.0000       3050.46575024688        6.739130    
   285.0000       3149.99015865837        6.739130    
   300.0000       3244.80082558837        6.739130    
   315.0000       3316.02264116491        6.739130    
   330.0000       3354.81235040067        6.739130    
   345.0000       3373.72493438487        6.739130    
  0.0000000E+00   3366.27015217520        6.739130    
 
  0.0000000E+00   3054.50195892057        6.923913    
   15.00000       3018.45641018267        6.923913    
   30.00000       2927.64329712293        6.923913    
   45.00000       2794.53266674595        6.923913    
   60.00000       2649.40554151374        6.923913    
   75.00000       2515.82782309745        6.923913    
   90.00000       2409.30233959788        6.923913    
   105.0000       2330.43182405253        6.923913    
   120.0000       2279.49524477878        6.923913    
   135.0000       2252.79012109633        6.923913    
   150.0000       2248.26721170778        6.923913    
   165.0000       2269.35842853470        6.923913    
   180.0000       2312.32487506396        6.923913    
   195.0000       2371.27746415973        6.923913    
   210.0000       2442.20851668760        6.923913    
   225.0000       2519.69501668419        6.923913    
   240.0000       2601.57886793710        6.923913    
   255.0000       2685.43110582241        6.923913    
   270.0000       2768.34421556741        6.923913    
   285.0000       2848.89780143928        6.923913    
   300.0000       2927.90283906661        6.923913    
   315.0000       2992.50851822470        6.923913    
   330.0000       3032.27509108975        6.923913    
   345.0000       3053.12060841819        6.923913    
  0.0000000E+00   3054.50195892057        6.923913    
 
  0.0000000E+00   2766.34673516928        7.108696    
   15.00000       2745.19401092262        7.108696    
   30.00000       2686.40587351262        7.108696    
   45.00000       2594.51339770691        7.108696    
   60.00000       2486.91081525796        7.108696    
   75.00000       2380.41826603832        7.108696    
   90.00000       2291.77986953345        7.108696    
   105.0000       2224.41109144791        7.108696    
   120.0000       2179.05142895087        7.108696    
   135.0000       2153.33998837110        7.108696    
   150.0000       2144.75316964004        7.108696    
   165.0000       2156.98586949713        7.108696    
   180.0000       2185.57906286767        7.108696    
   195.0000       2227.07203182648        7.108696    
   210.0000       2278.62658202001        7.108696    
   225.0000       2336.41419027748        7.108696    
   240.0000       2398.76717868742        7.108696    
   255.0000       2464.13974093818        7.108696    
   270.0000       2529.78494909390        7.108696    
   285.0000       2593.43891044681        7.108696    
   300.0000       2656.52397297233        7.108696    
   315.0000       2710.39489154121        7.108696    
   330.0000       2745.36547175416        7.108696    
   345.0000       2763.49944598919        7.108696    
  0.0000000E+00   2766.34673516928        7.108696    
 
  0.0000000E+00   2514.82776758727        7.293478    
   15.00000       2497.47051648918        7.293478    
   30.00000       2453.90544123012        7.293478    
   45.00000       2386.63437821736        7.293478    
   60.00000       2306.16217375353        7.293478    
   75.00000       2225.62497603740        7.293478    
   90.00000       2157.46212043473        7.293478    
   105.0000       2104.52745105696        7.293478    
   120.0000       2068.74764073719        7.293478    
   135.0000       2048.69341294535        7.293478    
   150.0000       2042.25519523507        7.293478    
   165.0000       2051.27279868229        7.293478    
   180.0000       2072.73621747624        7.293478    
   195.0000       2104.52579420266        7.293478    
   210.0000       2144.03218282789        7.293478    
   225.0000       2188.62169209917        7.293478    
   240.0000       2237.03039144582        7.293478    
   255.0000       2288.06157264010        7.293478    
   270.0000       2339.40953992156        7.293478    
   285.0000       2388.77610796019        7.293478    
   300.0000       2437.08826837233        7.293478    
   315.0000       2477.94432599060        7.293478    
   330.0000       2503.92433781313        7.293478    
   345.0000       2515.60399043638        7.293478    
  0.0000000E+00   2514.82776758727        7.293478    
 
  0.0000000E+00   2297.18492911704        7.478261    
   15.00000       2278.67926394056        7.478261    
   30.00000       2241.78888877086        7.478261    
   45.00000       2189.25895205410        7.478261    
   60.00000       2128.09679586065        7.478261    
   75.00000       2068.52831911582        7.478261    
   90.00000       2019.04651610937        7.478261    
   105.0000       1981.55827739413        7.478261    
   120.0000       1957.42962974711        7.478261    
   135.0000       1945.06358325687        7.478261    
   150.0000       1943.04790707455        7.478261    
   165.0000       1952.76215926325        7.478261    
   180.0000       1971.64825549712        7.478261    
   195.0000       1998.26272270712        7.478261    
   210.0000       2030.29882103384        7.478261    
   225.0000       2065.94241825039        7.478261    
   240.0000       2104.24600183696        7.478261    
   255.0000       2144.26568234312        7.478261    
   270.0000       2183.82698889839        7.478261    
   285.0000       2221.06416325059        7.478261    
   300.0000       2256.17029067165        7.478261    
   315.0000       2284.00738051509        7.478261    
   330.0000       2299.60950590792        7.478261    
   345.0000       2303.45532725406        7.478261    
  0.0000000E+00   2297.18492911704        7.478261    
 
  0.0000000E+00   2102.92002491707        7.663043    
   15.00000       2082.66756666808        7.663043    
   30.00000       2049.79918775297        7.663043    
   45.00000       2007.56935736457        7.663043    
   60.00000       1961.28753034047        7.663043    
   75.00000       1918.58744421441        7.663043    
   90.00000       1884.70022644939        7.663043    
   105.0000       1860.57819436746        7.663043    
   120.0000       1846.77166055836        7.663043    
   135.0000       1841.62961994883        7.663043    
   150.0000       1844.34447210399        7.663043    
   165.0000       1855.69736881698        7.663043    
   180.0000       1873.48186715312        7.663043    
   195.0000       1896.68269909583        7.663043    
   210.0000       1923.32785853917        7.663043    
   225.0000       1952.26153263787        7.663043    
   240.0000       1982.70445695334        7.663043    
   255.0000       2013.72966746803        7.663043    
   270.0000       2043.46485534791        7.663043    
   285.0000       2070.46820732017        7.663043    
   300.0000       2094.27336700892        7.663043    
   315.0000       2110.74858964321        7.663043    
   330.0000       2117.06871955836        7.663043    
   345.0000       2113.99567077597        7.663043    
  0.0000000E+00   2102.92002491707        7.663043    
 
  0.0000000E+00   1925.24390540392        7.847826    
   15.00000       1904.54649869900        7.847826    
   30.00000       1875.76083827284        7.847826    
   45.00000       1842.20762991878        7.847826    
   60.00000       1807.79174201169        7.847826    
   75.00000       1778.28514301318        7.847826    
   90.00000       1756.46040955364        7.847826    
   105.0000       1742.57952422656        7.847826    
   120.0000       1736.52488415575        7.847826    
   135.0000       1736.77579141339        7.847826    
   150.0000       1742.91662356083        7.847826    
   165.0000       1755.20107338042        7.847826    
   180.0000       1771.79275140562        7.847826    
   195.0000       1791.95325727147        7.847826    
   210.0000       1814.06422169886        7.847826    
   225.0000       1837.44074254579        7.847826    
   240.0000       1861.36117909020        7.847826    
   255.0000       1884.93920678533        7.847826    
   270.0000       1906.61250939906        7.847826    
   285.0000       1925.26192906234        7.847826    
   300.0000       1940.00739043842        7.847826    
   315.0000       1947.72316807296        7.847826    
   330.0000       1947.15821387030        7.847826    
   345.0000       1939.26941753813        7.847826    
  0.0000000E+00   1925.24390540392        7.847826    
 
  0.0000000E+00   1763.41326751829        8.032609    
   15.00000       1743.83615921679        8.032609    
   30.00000       1719.39554496806        8.032609    
   45.00000       1693.20444819230        8.032609    
   60.00000       1668.23334798111        8.032609    
   75.00000       1648.56615128433        8.032609    
   90.00000       1635.43463507779        8.032609    
   105.0000       1628.67441789373        8.032609    
   120.0000       1627.75102308039        8.032609    
   135.0000       1631.38557068575        8.032609    
   150.0000       1639.35773843822        8.032609    
   165.0000       1651.56313852138        8.032609    
   180.0000       1666.53898370505        8.032609    
   195.0000       1683.73281345897        8.032609    
   210.0000       1701.86396616393        8.032609    
   225.0000       1720.53843719393        8.032609    
   240.0000       1739.05127650433        8.032609    
   255.0000       1756.61360391333        8.032609    
   270.0000       1771.94574245765        8.032609    
   285.0000       1784.14239914274        8.032609    
   300.0000       1792.17207316346        8.032609    
   315.0000       1793.84333122399        8.032609    
   330.0000       1788.90081221940        8.032609    
   345.0000       1778.35483693218        8.032609    
  0.0000000E+00   1763.41326751829        8.032609    
 
  0.0000000E+00   1618.20264819105        8.217392    
   15.00000       1600.58162594236        8.217392    
   30.00000       1580.40504101276        8.217392    
   45.00000       1560.32712864306        8.217392    
   60.00000       1542.57999766913        8.217392    
   75.00000       1529.93471931642        8.217392    
   90.00000       1522.71726530983        8.217392    
   105.0000       1520.54089028848        8.217392    
   120.0000       1522.66953601010        8.217392    
   135.0000       1528.08776099737        8.217392    
   150.0000       1536.64749831508        8.217392    
   165.0000       1548.05158959363        8.217392    
   180.0000       1561.17217028571        8.217392    
   195.0000       1575.58625393405        8.217392    
   210.0000       1590.30323742210        8.217392    
   225.0000       1605.08835380065        8.217392    
   240.0000       1619.25626480755        8.217392    
   255.0000       1632.14336141124        8.217392    
   270.0000       1642.70579426871        8.217392    
   285.0000       1650.18576946758        8.217392    
   300.0000       1653.58025017923        8.217392    
   315.0000       1651.46465515230        8.217392    
   330.0000       1644.20751204668        8.217392    
   345.0000       1632.78500098873        8.217392    
  0.0000000E+00   1618.20264819105        8.217392    
 
  0.0000000E+00   1489.09991778250        8.402174    
   15.00000       1473.78251913986        8.402174    
   30.00000       1457.43608783484        8.402174    
   45.00000       1442.22796398802        8.402174    
   60.00000       1429.81457161616        8.402174    
   75.00000       1421.99703019631        8.402174    
   90.00000       1418.61730237684        8.402174    
   105.0000       1419.19067418387        8.402174    
   120.0000       1422.92398960776        8.402174    
   135.0000       1429.03685009760        8.402174    
   150.0000       1437.39624106512        8.402174    
   165.0000       1447.62940381021        8.402174    
   180.0000       1458.88333453373        8.402174    
   195.0000       1470.83006822868        8.402174    
   210.0000       1482.71134247360        8.402174    
   225.0000       1494.36824266607        8.402174    
   240.0000       1505.15126910844        8.402174    
   255.0000       1514.52310351954        8.402174    
   270.0000       1521.62767207122        8.402174    
   285.0000       1525.81953482866        8.402174    
   300.0000       1526.21664195914        8.402174    
   315.0000       1522.04913283142        8.402174    
   330.0000       1513.86910356657        8.402174    
   345.0000       1502.56044682761        8.402174    
  0.0000000E+00   1489.09991778250        8.402174    
 
  0.0000000E+00   1374.41614316827        8.586957    
   15.00000       1361.39482652887        8.586957    
   30.00000       1348.29773598696        8.586957    
   45.00000       1336.85134518319        8.586957    
   60.00000       1328.26337192799        8.586957    
   75.00000       1323.66750682775        8.586957    
   90.00000       1322.66216302158        8.586957    
   105.0000       1324.74112092593        8.586957    
   120.0000       1329.13972386200        8.586957    
   135.0000       1335.26829357912        8.586957    
   150.0000       1342.99042010225        8.586957    
   165.0000       1351.92879554029        8.586957    
   180.0000       1361.44489863526        8.586957    
   195.0000       1371.28269578680        8.586957    
   210.0000       1380.86127251866        8.586957    
   225.0000       1390.05286378483        8.586957    
   240.0000       1398.25861760111        8.586957    
   255.0000       1405.05213901505        8.586957    
   270.0000       1409.72584558876        8.586957    
   285.0000       1411.72848652514        8.586957    
   300.0000       1410.38726267465        8.586957    
   315.0000       1405.24881379725        8.586957    
   330.0000       1396.98838401172        8.586957    
   345.0000       1386.41088254150        8.586957    
  0.0000000E+00   1374.41614316827        8.586957    
 
  0.0000000E+00   1272.08295581426        8.771739    
   15.00000       1261.17459363257        8.771739    
   30.00000       1250.74291200652        8.771739    
   45.00000       1242.14351662648        8.771739    
   60.00000       1236.23093997512        8.771739    
   75.00000       1233.72410529691        8.771739    
   90.00000       1234.09628664587        8.771739    
   105.0000       1236.86967878798        8.771739    
   120.0000       1241.35227469922        8.771739    
   135.0000       1247.10186768607        8.771739    
   150.0000       1253.97898853522        8.771739    
   165.0000       1261.63898068036        8.771739    
   180.0000       1269.60615341212        8.771739    
   195.0000       1277.67961040816        8.771739    
   210.0000       1285.41127715541        8.771739    
   225.0000       1292.68325281982        8.771739    
   240.0000       1298.95612957067        8.771739    
   255.0000       1303.89390513787        8.771739    
   270.0000       1306.90867569874        8.771739    
   285.0000       1307.55663601700        8.771739    
   300.0000       1305.27147193822        8.771739    
   315.0000       1299.87443479297        8.771739    
   330.0000       1292.05426622511        8.771739    
   345.0000       1282.51937641638        8.771739    
  0.0000000E+00   1272.08295581426        8.771739    
 
  0.0000000E+00   1180.18386909187        8.956522    
   15.00000       1171.14146700424        8.956522    
   30.00000       1162.85711495194        8.956522    
   45.00000       1156.37764218697        8.956522    
   60.00000       1152.31822821943        8.956522    
   75.00000       1151.10718274471        8.956522    
   90.00000       1152.19685438459        8.956522    
   105.0000       1155.16370378263        8.956522    
   120.0000       1159.40120084593        8.956522    
   135.0000       1164.56223606959        8.956522    
   150.0000       1170.50365555903        8.956522    
   165.0000       1176.97059855446        8.956522    
   180.0000       1183.58892005339        8.956522    
   195.0000       1190.20034529832        8.956522    
   210.0000       1196.45515916747        8.956522    
   225.0000       1202.23756116706        8.956522    
   240.0000       1207.07117320834        8.956522    
   255.0000       1210.69046449091        8.956522    
   270.0000       1212.60865254491        8.956522    
   285.0000       1212.45798031070        8.956522    
   300.0000       1209.77577207737        8.956522    
   315.0000       1204.56834582651        8.956522    
   330.0000       1197.47291066302        8.956522    
   345.0000       1189.10403031996        8.956522    
  0.0000000E+00   1180.18386909187        8.956522    
 
  0.0000000E+00   1097.07432112600        9.141304    
   15.00000       1089.64982187323        9.141304    
   30.00000       1083.08675825514        9.141304    
   45.00000       1078.17210518190        9.141304    
   60.00000       1075.39069351302        9.141304    
   75.00000       1074.95004903803        9.141304    
   90.00000       1076.34480046608        9.141304    
   105.0000       1079.18990515877        9.141304    
   120.0000       1082.96633141902        9.141304    
   135.0000       1087.43949492193        9.141304    
   150.0000       1092.48074290566        9.141304    
   165.0000       1097.85012580582        9.141304    
   180.0000       1103.30465582446        9.141304    
   195.0000       1108.70387036959        9.141304    
   210.0000       1113.77057542553        9.141304    
   225.0000       1118.39026982468        9.141304    
   240.0000       1122.14967323203        9.141304    
   255.0000       1124.83726514820        9.141304    
   270.0000       1126.05155275356        9.141304    
   285.0000       1125.47087159619        9.141304    
   300.0000       1122.75372193256        9.141304    
   315.0000       1117.99724918860        9.141304    
   330.0000       1111.76391750948        9.141304    
   345.0000       1104.58089073312        9.141304    
  0.0000000E+00   1097.07432112600        9.141304    
 
  0.0000000E+00   1021.20114717898        9.326087    
   15.00000       1015.16496806214        9.326087    
   30.00000       1009.96292254565        9.326087    
   45.00000       1006.23514229115        9.326087    
   60.00000       1004.31597426038        9.326087    
   75.00000       1004.29192461666        9.326087    
   90.00000       1005.70521360451        9.326087    
   105.0000       1008.24279772072        9.326087    
   120.0000       1011.48850895558        9.326087    
   135.0000       1015.26060619063        9.326087    
   150.0000       1019.44436515866        9.326087    
   165.0000       1023.85310026168        9.326087    
   180.0000       1028.29222858008        9.326087    
   195.0000       1032.67582500534        9.326087    
   210.0000       1036.77417978646        9.326087    
   225.0000       1040.47393645939        9.326087    
   240.0000       1043.42305512583        9.326087    
   255.0000       1045.45119195646        9.326087    
   270.0000       1046.21540474156        9.326087    
   285.0000       1045.45811843286        9.326087    
   300.0000       1042.93201988582        9.326087    
   315.0000       1038.76897229329        9.326087    
   330.0000       1033.44762884535        9.326087    
   345.0000       1027.41418933566        9.326087    
  0.0000000E+00   1021.20114717898        9.326087    
 
  0.0000000E+00   951.800362546485        9.510870    
   15.00000       946.960004575115        9.510870    
   30.00000       942.887419076967        9.510870    
   45.00000       940.063971861932        9.510870    
   60.00000       938.722916995837        9.510870    
   75.00000       938.880098743521        9.510870    
   90.00000       940.171385947937        9.510870    
   105.0000       942.328671840962        9.510870    
   120.0000       945.017899260005        9.510870    
   135.0000       948.105989612195        9.510870    
   150.0000       951.496696191632        9.510870    
   165.0000       955.048855026897        9.510870    
   180.0000       958.619832521880        9.510870    
   195.0000       962.131271520491        9.510870    
   210.0000       965.417832836477        9.510870    
   225.0000       968.366819567167        9.510870    
   240.0000       970.683995773120        9.510870    
   255.0000       972.232308833619        9.510870    
   270.0000       972.730902265180        9.510870    
   285.0000       971.961598714927        9.510870    
   300.0000       969.746330043881        9.510870    
   315.0000       966.233157387175        9.510870    
   330.0000       961.817716421223        9.510870    
   345.0000       956.857983562840        9.510870    
  0.0000000E+00   951.800362546485        9.510870    
 
  0.0000000E+00   887.990152443556        9.695652    
   15.00000       884.214022943459        9.695652    
   30.00000       881.086235051014        9.695652    
   45.00000       878.960716807155        9.695652    
   60.00000       878.013317256573        9.695652    
   75.00000       878.229952466916        9.695652    
   90.00000       879.315897337984        9.695652    
   105.0000       881.057708633688        9.695652    
   120.0000       883.196350463479        9.695652    
   135.0000       885.636177165058        9.695652    
   150.0000       888.300955020961        9.695652    
   165.0000       891.087251448685        9.695652    
   180.0000       893.891199784916        9.695652    
   195.0000       896.650453291953        9.695652    
   210.0000       899.225838073681        9.695652    
   225.0000       901.532921236427        9.695652    
   240.0000       903.328536746726        9.695652    
   255.0000       904.501602451668        9.695652    
   270.0000       904.826878859591        9.695652    
   285.0000       904.135262746563        9.695652    
   300.0000       902.300640140906        9.695652    
   315.0000       899.456786658696        9.695652    
   330.0000       895.918313090912        9.695652    
   345.0000       891.978775800608        9.695652    
  0.0000000E+00   887.990152443556        9.695652    
 
  0.0000000E+00   829.036204646543        9.880435    
   15.00000       826.207336018812        9.880435    
   30.00000       823.885290571347        9.880435    
   45.00000       822.332081954733        9.880435    
   60.00000       821.666207824178        9.880435    
   75.00000       821.863143431077        9.880435    
   90.00000       822.702119900457        9.880435    
   105.0000       824.021935717923        9.880435    
   120.0000       825.628672591621        9.880435    
   135.0000       827.461004448769        9.880435    
   150.0000       829.460327735619        9.880435    
   165.0000       831.553573671836        9.880435    
   180.0000       833.666177294559        9.880435    
   195.0000       835.749279152794        9.880435    
   210.0000       837.695918590796        9.880435    
   225.0000       839.430681025711        9.880435    
   240.0000       840.770131534695        9.880435    
   255.0000       841.633744913227        9.880435    
   270.0000       841.850707681356        9.880435    
   285.0000       841.293241315166        9.880435    
   300.0000       839.874032838075        9.880435    
   315.0000       837.702982940599        9.880435    
   330.0000       835.018498115302        9.880435    
   345.0000       832.041604918117        9.880435    
  0.0000000E+00   829.036204646543        9.880435    
 
  0.0000000E+00   774.271159102967        10.06522    
   15.00000       772.314208038045        10.06522    
   30.00000       770.711447731376        10.06522    
   45.00000       769.638250026375        10.06522    
   60.00000       769.174550629278        10.06522    
   75.00000       769.300615281944        10.06522    
   90.00000       769.866664064349        10.06522    
   105.0000       770.765378369142        10.06522    
   120.0000       771.869373178596        10.06522    
   135.0000       773.136025744072        10.06522    
   150.0000       774.525672239186        10.06522    
   165.0000       775.988263217692        10.06522    
   180.0000       777.470965053835        10.06522    
   195.0000       778.938687267541        10.06522    
   210.0000       780.311136788077        10.06522    
   225.0000       781.531342833493        10.06522    
   240.0000       782.469048914206        10.06522    
   255.0000       783.065590579700        10.06522    
   270.0000       783.204109203435        10.06522    
   285.0000       782.802099496949        10.06522    
   300.0000       781.803864788829        10.06522    
   315.0000       780.289226159029        10.06522    
   330.0000       778.422300144955        10.06522    
   345.0000       776.355049210903        10.06522    
  0.0000000E+00   774.271159102967        10.06522    
 
  0.0000000E+00   722.939279395784        10.25000    
   15.00000       721.768747207134        10.25000    
   30.00000       720.790096533514        10.25000    
   45.00000       720.106039453068        10.25000    
   60.00000       719.767741400882        10.25000    
   75.00000       719.770398025449        10.25000    
   90.00000       720.038007400942        10.25000    
   105.0000       720.519980629553        10.25000    
   120.0000       721.149881571052        10.25000    
   135.0000       721.904246779537        10.25000    
   150.0000       722.755363686554        10.25000    
   165.0000       723.664970541674        10.25000    
   180.0000       724.593969268337        10.25000    
   195.0000       725.512034227521        10.25000    
   210.0000       726.367061893107        10.25000    
   225.0000       727.121989824296        10.25000    
   240.0000       727.696877112205        10.25000    
   255.0000       728.058977120811        10.25000    
   270.0000       728.144386781597        10.25000    
   285.0000       727.912109887702        10.25000    
   300.0000       727.334772114985        10.25000    
   315.0000       726.459288108734        10.25000    
   330.0000       725.376495064658        10.25000    
   345.0000       724.169078959081        10.25000    
  0.0000000E+00   722.939279395784        10.25000    
 
