  0.0000000E+00  9.0999413E-07   6.000000    
   15.00000      7.8537039E-07   6.000000    
   30.00000      6.6674346E-07   6.000000    
   45.00000      5.6572003E-07   6.000000    
   60.00000      4.6228467E-07   6.000000    
   75.00000      4.0067656E-07   6.000000    
   90.00000      3.7551106E-07   6.000000    
   105.0000      3.9370727E-07   6.000000    
   120.0000      4.4606344E-07   6.000000    
   135.0000      5.3260391E-07   6.000000    
   150.0000      6.2900841E-07   6.000000    
   165.0000      7.3763476E-07   6.000000    
   180.0000      8.4898971E-07   6.000000    
   195.0000      9.5594646E-07   6.000000    
   210.0000      1.0882288E-06   6.000000    
   225.0000      1.2273453E-06   6.000000    
   240.0000      1.4447992E-06   6.000000    
   255.0000      1.6366267E-06   6.000000    
   270.0000      1.6239658E-06   6.000000    
   285.0000      1.6285051E-06   6.000000    
   300.0000      1.5828894E-06   6.000000    
   315.0000      1.4160220E-06   6.000000    
   330.0000      1.2288627E-06   6.000000    
   345.0000      1.0659904E-06   6.000000    
  0.0000000E+00  9.0999413E-07   6.000000    
 
  0.0000000E+00  1.0723631E-06   6.121428    
   15.00000      9.1684620E-07   6.121428    
   30.00000      7.7495412E-07   6.121428    
   45.00000      6.4744989E-07   6.121428    
   60.00000      5.3869184E-07   6.121428    
   75.00000      4.7068406E-07   6.121428    
   90.00000      4.4724899E-07   6.121428    
   105.0000      4.7614679E-07   6.121428    
   120.0000      5.4753644E-07   6.121428    
   135.0000      6.5275435E-07   6.121428    
   150.0000      7.8073407E-07   6.121428    
   165.0000      9.2635611E-07   6.121428    
   180.0000      1.0633681E-06   6.121428    
   195.0000      1.2152649E-06   6.121428    
   210.0000      1.3910126E-06   6.121428    
   225.0000      1.5820739E-06   6.121428    
   240.0000      1.8152842E-06   6.121428    
   255.0000      1.8100570E-06   6.121428    
   270.0000      1.7957479E-06   6.121428    
   285.0000      1.8006526E-06   6.121428    
   300.0000      1.8082022E-06   6.121428    
   315.0000      1.7514421E-06   6.121428    
   330.0000      1.4897995E-06   6.121428    
   345.0000      1.2714145E-06   6.121428    
  0.0000000E+00  1.0723631E-06   6.121428    
 
  0.0000000E+00  1.2736386E-06   6.242857    
   15.00000      1.0751330E-06   6.242857    
   30.00000      9.0729714E-07   6.242857    
   45.00000      7.5320690E-07   6.242857    
   60.00000      6.2743396E-07   6.242857    
   75.00000      5.5019558E-07   6.242857    
   90.00000      5.2962588E-07   6.242857    
   105.0000      5.7266368E-07   6.242857    
   120.0000      6.6617218E-07   6.242857    
   135.0000      8.0332819E-07   6.242857    
   150.0000      9.7282145E-07   6.242857    
   165.0000      1.1560551E-06   6.242857    
   180.0000      1.3392871E-06   6.242857    
   195.0000      1.5428011E-06   6.242857    
   210.0000      1.7764253E-06   6.242857    
   225.0000      2.0058819E-06   6.242857    
   240.0000      2.0473740E-06   6.242857    
   255.0000      2.0047721E-06   6.242857    
   270.0000      1.9874844E-06   6.242857    
   285.0000      1.9909662E-06   6.242857    
   300.0000      1.9977188E-06   6.242857    
   315.0000      2.0075397E-06   6.242857    
   330.0000      1.8161415E-06   6.242857    
   345.0000      1.5201787E-06   6.242857    
  0.0000000E+00  1.2736386E-06   6.242857    
 
  0.0000000E+00  1.5282162E-06   6.364286    
   15.00000      1.2788071E-06   6.364286    
   30.00000      1.0763137E-06   6.364286    
   45.00000      8.8811669E-07   6.364286    
   60.00000      7.3655326E-07   6.364286    
   75.00000      6.4981151E-07   6.364286    
   90.00000      6.2925238E-07   6.364286    
   105.0000      6.8695613E-07   6.364286    
   120.0000      8.0669076E-07   6.364286    
   135.0000      9.8224359E-07   6.364286    
   150.0000      1.1983130E-06   6.364286    
   165.0000      1.4332594E-06   6.364286    
   180.0000      1.6741598E-06   6.364286    
   195.0000      1.9448175E-06   6.364286    
   210.0000      2.2367351E-06   6.364286    
   225.0000      2.3325003E-06   6.364286    
   240.0000      2.2732850E-06   6.364286    
   255.0000      2.2264246E-06   6.364286    
   270.0000      2.2045617E-06   6.364286    
   285.0000      2.2046695E-06   6.364286    
   300.0000      2.2095353E-06   6.364286    
   315.0000      2.2174777E-06   6.364286    
   330.0000      2.2321121E-06   6.364286    
   345.0000      1.8327845E-06   6.364286    
  0.0000000E+00  1.5282162E-06   6.364286    
 
  0.0000000E+00  1.8621881E-06   6.485714    
   15.00000      1.5543022E-06   6.485714    
   30.00000      1.3047842E-06   6.485714    
   45.00000      1.0779290E-06   6.485714    
   60.00000      8.9361544E-07   6.485714    
   75.00000      7.8816362E-07   6.485714    
   90.00000      7.6220357E-07   6.485714    
   105.0000      8.2932303E-07   6.485714    
   120.0000      9.7353779E-07   6.485714    
   135.0000      1.1907198E-06   6.485714    
   150.0000      1.4564131E-06   6.485714    
   165.0000      1.7537752E-06   6.485714    
   180.0000      2.0625362E-06   6.485714    
   195.0000      2.4091082E-06   6.485714    
   210.0000      2.6817074E-06   6.485714    
   225.0000      2.5982281E-06   6.485714    
   240.0000      2.5332035E-06   6.485714    
   255.0000      2.4805611E-06   6.485714    
   270.0000      2.4521260E-06   6.485714    
   285.0000      2.4466879E-06   6.485714    
   300.0000      2.4483691E-06   6.485714    
   315.0000      2.4532728E-06   6.485714    
   330.0000      2.4781466E-06   6.485714    
   345.0000      2.2461829E-06   6.485714    
  0.0000000E+00  1.8621881E-06   6.485714    
 
  0.0000000E+00  2.3184130E-06   6.607143    
   15.00000      1.9400918E-06   6.607143    
   30.00000      1.6333710E-06   6.607143    
   45.00000      1.3591127E-06   6.607143    
   60.00000      1.1331958E-06   6.607143    
   75.00000      9.9883414E-07   6.607143    
   90.00000      9.5594442E-07   6.607143    
   105.0000      1.0209412E-06   6.607143    
   120.0000      1.1794504E-06   6.607143    
   135.0000      1.4275802E-06   6.607143    
   150.0000      1.7428158E-06   6.607143    
   165.0000      2.1024050E-06   6.607143    
   180.0000      2.4894607E-06   6.607143    
   195.0000      2.9151777E-06   6.607143    
   210.0000      2.9950977E-06   6.607143    
   225.0000      2.9048970E-06   6.607143    
   240.0000      2.8327775E-06   6.607143    
   255.0000      2.7727963E-06   6.607143    
   270.0000      2.7356616E-06   6.607143    
   285.0000      2.7223534E-06   6.607143    
   300.0000      2.7192716E-06   6.607143    
   315.0000      2.7201438E-06   6.607143    
   330.0000      2.7395142E-06   6.607143    
   345.0000      2.7847243E-06   6.607143    
  0.0000000E+00  2.3184130E-06   6.607143    
 
  0.0000000E+00  2.9597657E-06   6.728571    
   15.00000      2.4833880E-06   6.728571    
   30.00000      2.1090045E-06   6.728571    
   45.00000      1.7759706E-06   6.728571    
   60.00000      1.5007593E-06   6.728571    
   75.00000      1.3234310E-06   6.728571    
   90.00000      1.2484905E-06   6.728571    
   105.0000      1.2939811E-06   6.728571    
   120.0000      1.4501081E-06   6.728571    
   135.0000      1.7115549E-06   6.728571    
   150.0000      2.0627058E-06   6.728571    
   165.0000      2.4765563E-06   6.728571    
   180.0000      2.9371547E-06   6.728571    
   195.0000      3.4498041E-06   6.728571    
   210.0000      3.3536078E-06   6.728571    
   225.0000      3.2563948E-06   6.728571    
   240.0000      3.1761854E-06   6.728571    
   255.0000      3.1076474E-06   6.728571    
   270.0000      3.0600474E-06   6.728571    
   285.0000      3.0367205E-06   6.728571    
   300.0000      3.0272090E-06   6.728571    
   315.0000      3.0231665E-06   6.728571    
   330.0000      3.0356941E-06   6.728571    
   345.0000      3.0752599E-06   6.728571    
  0.0000000E+00  2.9597657E-06   6.728571    
 
  0.0000000E+00  3.4554016E-06   6.850000    
   15.00000      3.2476094E-06   6.850000    
   30.00000      2.7791671E-06   6.850000    
   45.00000      2.3767896E-06   6.850000    
   60.00000      2.0379732E-06   6.850000    
   75.00000      1.8048662E-06   6.850000    
   90.00000      1.6822858E-06   6.850000    
   105.0000      1.6881966E-06   6.850000    
   120.0000      1.8177416E-06   6.850000    
   135.0000      2.0720231E-06   6.850000    
   150.0000      2.4358953E-06   6.850000    
   165.0000      2.8854136E-06   6.850000    
   180.0000      3.4024674E-06   6.850000    
   195.0000      3.8673688E-06   6.850000    
   210.0000      3.7567704E-06   6.850000    
   225.0000      3.6528361E-06   6.850000    
   240.0000      3.5641153E-06   6.850000    
   255.0000      3.4864879E-06   6.850000    
   270.0000      3.4275940E-06   6.850000    
   285.0000      3.3928752E-06   6.850000    
   300.0000      3.3756371E-06   6.850000    
   315.0000      3.3661654E-06   6.850000    
   330.0000      3.3715596E-06   6.850000    
   345.0000      3.4031589E-06   6.850000    
  0.0000000E+00  3.4554016E-06   6.850000    
 
  0.0000000E+00  3.8194989E-06   6.971429    
   15.00000      3.8836752E-06   6.971429    
   30.00000      3.6957890E-06   6.971429    
   45.00000      3.1951456E-06   6.971429    
   60.00000      2.7802571E-06   6.971429    
   75.00000      2.4743717E-06   6.971429    
   90.00000      2.2865811E-06   6.971429    
   105.0000      2.2352517E-06   6.971429    
   120.0000      2.3180535E-06   6.971429    
   135.0000      2.5402746E-06   6.971429    
   150.0000      2.8911843E-06   6.971429    
   165.0000      3.3512140E-06   6.971429    
   180.0000      3.9005840E-06   6.971429    
   195.0000      4.3112177E-06   6.971429    
   210.0000      4.1992707E-06   6.971429    
   225.0000      4.0891618E-06   6.971429    
   240.0000      3.9921729E-06   6.971429    
   255.0000      3.9058173E-06   6.971429    
   270.0000      3.8361577E-06   6.971429    
   285.0000      3.7901227E-06   6.971429    
   300.0000      3.7648942E-06   6.971429    
   315.0000      3.7502400E-06   6.971429    
   330.0000      3.7493053E-06   6.971429    
   345.0000      3.7733623E-06   6.971429    
  0.0000000E+00  3.8194989E-06   6.971429    
 
  0.0000000E+00  4.2278971E-06   7.092857    
   15.00000      4.2889460E-06   7.092857    
   30.00000      4.3660621E-06   7.092857    
   45.00000      4.2616366E-06   7.092857    
   60.00000      3.7367179E-06   7.092857    
   75.00000      3.3438682E-06   7.092857    
   90.00000      3.0733511E-06   7.092857    
   105.0000      2.9480400E-06   7.092857    
   120.0000      2.9661862E-06   7.092857    
   135.0000      3.1363168E-06   7.092857    
   150.0000      3.4504478E-06   7.092857    
   165.0000      3.8999679E-06   7.092857    
   180.0000      4.4576404E-06   7.092857    
   195.0000      4.7857052E-06   7.092857    
   210.0000      4.6717719E-06   7.092857    
   225.0000      4.5559518E-06   7.092857    
   240.0000      4.4515368E-06   7.092857    
   255.0000      4.3577161E-06   7.092857    
   270.0000      4.2792631E-06   7.092857    
   285.0000      4.2238603E-06   7.092857    
   300.0000      4.1919984E-06   7.092857    
   315.0000      4.1735066E-06   7.092857    
   330.0000      4.1681878E-06   7.092857    
   345.0000      4.1866197E-06   7.092857    
  0.0000000E+00  4.2278971E-06   7.092857    
 
  0.0000000E+00  4.6811469E-06   7.214286    
   15.00000      4.7401945E-06   7.214286    
   30.00000      4.8172824E-06   7.214286    
   45.00000      4.9073483E-06   7.214286    
   60.00000      4.9128753E-06   7.214286    
   75.00000      4.3962841E-06   7.214286    
   90.00000      4.0292507E-06   7.214286    
   105.0000      3.8134756E-06   7.214286    
   120.0000      3.7533380E-06   7.214286    
   135.0000      3.8604699E-06   7.214286    
   150.0000      4.1275721E-06   7.214286    
   165.0000      4.5527331E-06   7.214286    
   180.0000      5.1024967E-06   7.214286    
   195.0000      5.2821356E-06   7.214286    
   210.0000      5.1645848E-06   7.214286    
   225.0000      5.0432982E-06   7.214286    
   240.0000      4.9328542E-06   7.214286    
   255.0000      4.8336578E-06   7.214286    
   270.0000      4.7496374E-06   7.214286    
   285.0000      4.6885798E-06   7.214286    
   300.0000      4.6531627E-06   7.214286    
   315.0000      4.6333403E-06   7.214286    
   330.0000      4.6267246E-06   7.214286    
   345.0000      4.6425289E-06   7.214286    
  0.0000000E+00  4.6811469E-06   7.214286    
 
  0.0000000E+00  5.1805537E-06   7.335714    
   15.00000      5.2402193E-06   7.335714    
   30.00000      5.3188096E-06   7.335714    
   45.00000      5.4112170E-06   7.335714    
   60.00000      5.5238684E-06   7.335714    
   75.00000      5.6176032E-06   7.335714    
   90.00000      5.1199227E-06   7.335714    
   105.0000      4.8029560E-06   7.335714    
   120.0000      4.6587734E-06   7.335714    
   135.0000      4.7011308E-06   7.335714    
   150.0000      4.9272676E-06   7.335714    
   165.0000      5.3287067E-06   7.335714    
   180.0000      5.8776818E-06   7.335714    
   195.0000      5.7959237E-06   7.335714    
   210.0000      5.6728486E-06   7.335714    
   225.0000      5.5464525E-06   7.335714    
   240.0000      5.4319680E-06   7.335714    
   255.0000      5.3302451E-06   7.335714    
   270.0000      5.2448131E-06   7.335714    
   285.0000      5.1832499E-06   7.335714    
   300.0000      5.1484180E-06   7.335714    
   315.0000      5.1302823E-06   7.335714    
   330.0000      5.1250067E-06   7.335714    
   345.0000      5.1415345E-06   7.335714    
  0.0000000E+00  5.1805537E-06   7.335714    
 
  0.0000000E+00  5.7320021E-06   7.457143    
   15.00000      5.7948105E-06   7.457143    
   30.00000      5.8768437E-06   7.457143    
   45.00000      5.9733593E-06   7.457143    
   60.00000      6.0911925E-06   7.457143    
   75.00000      6.2199842E-06   7.457143    
   90.00000      6.3344910E-06   7.457143    
   105.0000      5.8990190E-06   7.457143    
   120.0000      5.6730819E-06   7.457143    
   135.0000      5.6618114E-06   7.457143    
   150.0000      5.8668943E-06   7.457143    
   165.0000      6.2611907E-06   7.457143    
   180.0000      6.4499977E-06   7.457143    
   195.0000      6.3303605E-06   7.457143    
   210.0000      6.2005552E-06   7.457143    
   225.0000      6.0700331E-06   7.457143    
   240.0000      5.9542813E-06   7.457143    
   255.0000      5.8535798E-06   7.457143    
   270.0000      5.7710158E-06   7.457143    
   285.0000      5.7133370E-06   7.457143    
   300.0000      5.6833551E-06   7.457143    
   315.0000      5.6700042E-06   7.457143    
   330.0000      5.6692852E-06   7.457143    
   345.0000      5.6897188E-06   7.457143    
  0.0000000E+00  5.7320021E-06   7.457143    
 
  0.0000000E+00  6.3456496E-06   7.578571    
   15.00000      6.4137816E-06   7.578571    
   30.00000      6.5011027E-06   7.578571    
   45.00000      6.6035855E-06   7.578571    
   60.00000      6.7279339E-06   7.578571    
   75.00000      6.8625241E-06   7.578571    
   90.00000      6.9998046E-06   7.578571    
   105.0000      7.1122026E-06   7.578571    
   120.0000      6.8167651E-06   7.578571    
   135.0000      6.7756041E-06   7.578571    
   150.0000      6.9870202E-06   7.578571    
   165.0000      7.1376712E-06   7.578571    
   180.0000      7.0286610E-06   7.578571    
   195.0000      6.8979421E-06   7.578571    
   210.0000      6.7612773E-06   7.578571    
   225.0000      6.6282241E-06   7.578571    
   240.0000      6.5136760E-06   7.578571    
   255.0000      6.4170936E-06   7.578571    
   270.0000      6.3416960E-06   7.578571    
   285.0000      6.2926492E-06   7.578571    
   300.0000      6.2710333E-06   7.578571    
   315.0000      6.2648674E-06   7.578571    
   330.0000      6.2710164E-06   7.578571    
   345.0000      6.2978002E-06   7.578571    
  0.0000000E+00  6.3456496E-06   7.578571    
 
  0.0000000E+00  7.0344008E-06   7.700000    
   15.00000      7.1094769E-06   7.700000    
   30.00000      7.2035714E-06   7.700000    
   45.00000      7.3135443E-06   7.700000    
   60.00000      7.4452846E-06   7.700000    
   75.00000      7.5849989E-06   7.700000    
   90.00000      7.7236473E-06   7.700000    
   105.0000      7.8329313E-06   7.700000    
   120.0000      7.9023548E-06   7.700000    
   135.0000      7.9153069E-06   7.700000    
   150.0000      7.8740450E-06   7.700000    
   165.0000      7.7832519E-06   7.700000    
   180.0000      7.6576307E-06   7.700000    
   195.0000      7.5151452E-06   7.700000    
   210.0000      7.3725328E-06   7.700000    
   225.0000      7.2391217E-06   7.700000    
   240.0000      7.1288969E-06   7.700000    
   255.0000      7.0399014E-06   7.700000    
   270.0000      6.9752441E-06   7.700000    
   285.0000      6.9381508E-06   7.700000    
   300.0000      6.9273219E-06   7.700000    
   315.0000      6.9299654E-06   7.700000    
   330.0000      6.9445914E-06   7.700000    
   345.0000      6.9793796E-06   7.700000    
  0.0000000E+00  7.0344008E-06   7.700000    
 
  0.0000000E+00  7.8115036E-06   7.821429    
   15.00000      7.8945786E-06   7.821429    
   30.00000      7.9964821E-06   7.821429    
   45.00000      8.1149137E-06   7.821429    
   60.00000      8.2541783E-06   7.821429    
   75.00000      8.3978193E-06   7.821429    
   90.00000      8.5345837E-06   7.821429    
   105.0000      8.6343880E-06   7.821429    
   120.0000      8.6873888E-06   7.821429    
   135.0000      8.6765995E-06   7.821429    
   150.0000      8.6113396E-06   7.821429    
   165.0000      8.4978155E-06   7.821429    
   180.0000      8.3550058E-06   7.821429    
   195.0000      8.2012384E-06   7.821429    
   210.0000      8.0541231E-06   7.821429    
   225.0000      7.9224883E-06   7.821429    
   240.0000      7.8191333E-06   7.821429    
   255.0000      7.7404457E-06   7.821429    
   270.0000      7.6893175E-06   7.821429    
   285.0000      7.6664373E-06   7.821429    
   300.0000      7.6678843E-06   7.821429    
   315.0000      7.6803781E-06   7.821429    
   330.0000      7.7045433E-06   7.821429    
   345.0000      7.7483255E-06   7.821429    
  0.0000000E+00  7.8115036E-06   7.821429    
 
  0.0000000E+00  8.6892260E-06   7.942857    
   15.00000      8.7809058E-06   7.942857    
   30.00000      8.8912157E-06   7.942857    
   45.00000      9.0184740E-06   7.942857    
   60.00000      9.1646980E-06   7.942857    
   75.00000      9.3105882E-06   7.942857    
   90.00000      9.4426114E-06   7.942857    
   105.0000      9.5290652E-06   7.942857    
   120.0000      9.5615787E-06   7.942857    
   135.0000      9.5250780E-06   7.942857    
   150.0000      9.4341167E-06   7.942857    
   165.0000      9.2970713E-06   7.942857    
   180.0000      9.1373413E-06   7.942857    
   195.0000      8.9732121E-06   7.942857    
   210.0000      8.8231191E-06   7.942857    
   225.0000      8.6951213E-06   7.942857    
   240.0000      8.6007167E-06   7.942857    
   255.0000      8.5345282E-06   7.942857    
   270.0000      8.4990425E-06   7.942857    
   285.0000      8.4918775E-06   7.942857    
   300.0000      8.5065340E-06   7.942857    
   315.0000      8.5296151E-06   7.942857    
   330.0000      8.5640422E-06   7.942857    
   345.0000      8.6173532E-06   7.942857    
  0.0000000E+00  8.6892260E-06   7.942857    
 
  0.0000000E+00  9.6792055E-06   8.064285    
   15.00000      9.7797820E-06   8.064285    
   30.00000      9.8987448E-06   8.064285    
   45.00000      1.0034701E-05   8.064285    
   60.00000      1.0186812E-05   8.064285    
   75.00000      1.0333022E-05   8.064285    
   90.00000      1.0457670E-05   8.064285    
   105.0000      1.0527988E-05   8.064285    
   120.0000      1.0537573E-05   8.064285    
   135.0000      1.0473670E-05   8.064285    
   150.0000      1.0356150E-05   8.064285    
   165.0000      1.0195514E-05   8.064285    
   180.0000      1.0019434E-05   8.064285    
   195.0000      9.8459004E-06   8.064285    
   210.0000      9.6941794E-06   8.064285    
   225.0000      9.5713331E-06   8.064285    
   240.0000      9.4875522E-06   8.064285    
   255.0000      9.4356546E-06   8.064285    
   270.0000      9.4174775E-06   8.064285    
   285.0000      9.4271154E-06   8.064285    
   300.0000      9.4557017E-06   8.064285    
   315.0000      9.4900197E-06   8.064285    
   330.0000      9.5352570E-06   8.064285    
   345.0000      9.5983687E-06   8.064285    
  0.0000000E+00  9.6792055E-06   8.064285    
 
  0.0000000E+00  1.0793859E-05   8.185715    
   15.00000      1.0903455E-05   8.185715    
   30.00000      1.1031085E-05   8.185715    
   45.00000      1.1175271E-05   8.185715    
   60.00000      1.1331919E-05   8.185715    
   75.00000      1.1476473E-05   8.185715    
   90.00000      1.1591394E-05   8.185715    
   105.0000      1.1643394E-05   8.185715    
   120.0000      1.1628339E-05   8.185715    
   135.0000      1.1536033E-05   8.185715    
   150.0000      1.1391552E-05   8.185715    
   165.0000      1.1207485E-05   8.185715    
   180.0000      1.1015593E-05   8.185715    
   195.0000      1.0833461E-05   8.185715    
   210.0000      1.0681220E-05   8.185715    
   225.0000      1.0564755E-05   8.185715    
   240.0000      1.0493012E-05   8.185715    
   255.0000      1.0456960E-05   8.185715    
   270.0000      1.0457518E-05   8.185715    
   285.0000      1.0484893E-05   8.185715    
   300.0000      1.0528114E-05   8.185715    
   315.0000      1.0574334E-05   8.185715    
   330.0000      1.0630857E-05   8.185715    
   345.0000      1.0703921E-05   8.185715    
  0.0000000E+00  1.0793859E-05   8.185715    
 
  0.0000000E+00  1.2048027E-05   8.307143    
   15.00000      1.2166705E-05   8.307143    
   30.00000      1.2302898E-05   8.307143    
   45.00000      1.2454658E-05   8.307143    
   60.00000      1.2614380E-05   8.307143    
   75.00000      1.2755371E-05   8.307143    
   90.00000      1.2858506E-05   8.307143    
   105.0000      1.2890434E-05   8.307143    
   120.0000      1.2849443E-05   8.307143    
   135.0000      1.2728028E-05   8.307143    
   150.0000      1.2556284E-05   8.307143    
   165.0000      1.2348888E-05   8.307143    
   180.0000      1.2141539E-05   8.307143    
   195.0000      1.1951404E-05   8.307143    
   210.0000      1.1799537E-05   8.307143    
   225.0000      1.1690492E-05   8.307143    
   240.0000      1.1632060E-05   8.307143    
   255.0000      1.1613301E-05   8.307143    
   270.0000      1.1633927E-05   8.307143    
   285.0000      1.1679960E-05   8.307143    
   300.0000      1.1738599E-05   8.307143    
   315.0000      1.1797445E-05   8.307143    
   330.0000      1.1865724E-05   8.307143    
   345.0000      1.1948871E-05   8.307143    
  0.0000000E+00  1.2048027E-05   8.307143    
 
  0.0000000E+00  1.3460352E-05   8.428572    
   15.00000      1.3588186E-05   8.428572    
   30.00000      1.3732796E-05   8.428572    
   45.00000      1.3891396E-05   8.428572    
   60.00000      1.4052741E-05   8.428572    
   75.00000      1.4188392E-05   8.428572    
   90.00000      1.4277916E-05   8.428572    
   105.0000      1.4288277E-05   8.428572    
   120.0000      1.4220238E-05   8.428572    
   135.0000      1.4069045E-05   8.428572    
   150.0000      1.3869625E-05   8.428572    
   165.0000      1.3638806E-05   8.428572    
   180.0000      1.3416118E-05   8.428572    
   195.0000      1.3218376E-05   8.428572    
   210.0000      1.3067605E-05   8.428572    
   225.0000      1.2966908E-05   8.428572    
   240.0000      1.2923008E-05   8.428572    
   255.0000      1.2922957E-05   8.428572    
   270.0000      1.2964979E-05   8.428572    
   285.0000      1.3030652E-05   8.428572    
   300.0000      1.3105597E-05   8.428572    
   315.0000      1.3177868E-05   8.428572    
   330.0000      1.3258406E-05   8.428572    
   345.0000      1.3351812E-05   8.428572    
  0.0000000E+00  1.3460352E-05   8.428572    
 
  0.0000000E+00  1.5054300E-05   8.550000    
   15.00000      1.5191426E-05   8.550000    
   30.00000      1.5344323E-05   8.550000    
   45.00000      1.5509029E-05   8.550000    
   60.00000      1.5670612E-05   8.550000    
   75.00000      1.5799287E-05   8.550000    
   90.00000      1.5873557E-05   8.550000    
   105.0000      1.5860991E-05   8.550000    
   120.0000      1.5764814E-05   8.550000    
   135.0000      1.5583066E-05   8.550000    
   150.0000      1.5355352E-05   8.550000    
   165.0000      1.5100759E-05   8.550000    
   180.0000      1.4862617E-05   8.550000    
   195.0000      1.4657474E-05   8.550000    
   210.0000      1.4508398E-05   8.550000    
   225.0000      1.4416917E-05   8.550000    
   240.0000      1.4388766E-05   8.550000    
   255.0000      1.4408855E-05   8.550000    
   270.0000      1.4473636E-05   8.550000    
   285.0000      1.4560020E-05   8.550000    
   300.0000      1.4652277E-05   8.550000    
   315.0000      1.4738847E-05   8.550000    
   330.0000      1.4832207E-05   8.550000    
   345.0000      1.4936127E-05   8.550000    
  0.0000000E+00  1.5054300E-05   8.550000    
 
  0.0000000E+00  1.6859171E-05   8.671429    
   15.00000      1.7005808E-05   8.671429    
   30.00000      1.7166914E-05   8.671429    
   45.00000      1.7337039E-05   8.671429    
   60.00000      1.7497572E-05   8.671429    
   75.00000      1.7617771E-05   8.671429    
   90.00000      1.7675260E-05   8.671429    
   105.0000      1.7638451E-05   8.671429    
   120.0000      1.7512984E-05   8.671429    
   135.0000      1.7299713E-05   8.671429    
   150.0000      1.7042845E-05   8.671429    
   165.0000      1.6763863E-05   8.671429    
   180.0000      1.6509932E-05   8.671429    
   195.0000      1.6297436E-05   8.671429    
   210.0000      1.6150563E-05   8.671429    
   225.0000      1.6069143E-05   8.671429    
   240.0000      1.6057973E-05   8.671429    
   255.0000      1.6099668E-05   8.671429    
   270.0000      1.6188627E-05   8.671429    
   285.0000      1.6296886E-05   8.671429    
   300.0000      1.6407568E-05   8.671429    
   315.0000      1.6509388E-05   8.671429    
   330.0000      1.6616206E-05   8.671429    
   345.0000      1.6731003E-05   8.671429    
  0.0000000E+00  1.6859171E-05   8.671429    
 
  0.0000000E+00  1.8911436E-05   8.792857    
   15.00000      1.9067904E-05   8.792857    
   30.00000      1.9237201E-05   8.792857    
   45.00000      1.9412113E-05   8.792857    
   60.00000      1.9570411E-05   8.792857    
   75.00000      1.9680732E-05   8.792857    
   90.00000      1.9720001E-05   8.792857    
   105.0000      1.9657620E-05   8.792857    
   120.0000      1.9501605E-05   8.792857    
   135.0000      1.9255634E-05   8.792857    
   150.0000      1.8968507E-05   8.792857    
   165.0000      1.8664268E-05   8.792857    
   180.0000      1.8394030E-05   8.792857    
   195.0000      1.8174151E-05   8.792857    
   210.0000      1.8029978E-05   8.792857    
   225.0000      1.7959534E-05   8.792857    
   240.0000      1.7966671E-05   8.792857    
   255.0000      1.8031313E-05   8.792857    
   270.0000      1.8145818E-05   8.792857    
   285.0000      1.8277215E-05   8.792857    
   300.0000      1.8407532E-05   8.792857    
   315.0000      1.8525630E-05   8.792857    
   330.0000      1.8646639E-05   8.792857    
   345.0000      1.8772795E-05   8.792857    
  0.0000000E+00  1.8911436E-05   8.792857    
 
  0.0000000E+00  2.1256603E-05   8.914286    
   15.00000      2.1423300E-05   8.914286    
   30.00000      2.1600828E-05   8.914286    
   45.00000      2.1779962E-05   8.914286    
   60.00000      2.1934926E-05   8.914286    
   75.00000      2.2034063E-05   8.914286    
   90.00000      2.2053709E-05   8.914286    
   105.0000      2.1964392E-05   8.914286    
   120.0000      2.1776448E-05   8.914286    
   135.0000      2.1496402E-05   8.914286    
   150.0000      2.1177699E-05   8.914286    
   165.0000      2.0847141E-05   8.914286    
   180.0000      2.0559954E-05   8.914286    
   195.0000      2.0332507E-05   8.914286    
   210.0000      2.0191432E-05   8.914286    
   225.0000      2.0132811E-05   8.914286    
   240.0000      2.0159643E-05   8.914286    
   255.0000      2.0249094E-05   8.914286    
   270.0000      2.0390402E-05   8.914286    
   285.0000      2.0546036E-05   8.914286    
   300.0000      2.0697285E-05   8.914286    
   315.0000      2.0832760E-05   8.914286    
   330.0000      2.0968777E-05   8.914286    
   345.0000      2.1106896E-05   8.914286    
  0.0000000E+00  2.1256603E-05   8.914286    
 
  0.0000000E+00  2.3951927E-05   9.035714    
   15.00000      2.4129326E-05   9.035714    
   30.00000      2.4315166E-05   9.035714    
   45.00000      2.4498002E-05   9.035714    
   60.00000      2.4648605E-05   9.035714    
   75.00000      2.4735302E-05   9.035714    
   90.00000      2.4733956E-05   9.035714    
   105.0000      2.4616293E-05   9.035714    
   120.0000      2.4394949E-05   9.035714    
   135.0000      2.4079314E-05   9.035714    
   150.0000      2.3727573E-05   9.035714    
   165.0000      2.3369508E-05   9.035714    
   180.0000      2.3064578E-05   9.035714    
   195.0000      2.2829310E-05   9.035714    
   210.0000      2.2691682E-05   9.035714    
   225.0000      2.2645687E-05   9.035714    
   240.0000      2.2693464E-05   9.035714    
   255.0000      2.2809170E-05   9.035714    
   270.0000      2.2979220E-05   9.035714    
   285.0000      2.3160261E-05   9.035714    
   300.0000      2.3333771E-05   9.035714    
   315.0000      2.3487764E-05   9.035714    
   330.0000      2.3639688E-05   9.035714    
   345.0000      2.3790475E-05   9.035714    
  0.0000000E+00  2.3951927E-05   9.035714    
 
  0.0000000E+00  2.7078062E-05   9.157143    
   15.00000      2.7266778E-05   9.157143    
   30.00000      2.7461123E-05   9.157143    
   45.00000      2.7647242E-05   9.157143    
   60.00000      2.7792543E-05   9.157143    
   75.00000      2.7865583E-05   9.157143    
   90.00000      2.7841830E-05   9.157143    
   105.0000      2.7694319E-05   9.157143    
   120.0000      2.7437976E-05   9.157143    
   135.0000      2.7085091E-05   9.157143    
   150.0000      2.6698732E-05   9.157143    
   165.0000      2.6311714E-05   9.157143    
   180.0000      2.5988018E-05   9.157143    
   195.0000      2.5744375E-05   9.157143    
   210.0000      2.5610207E-05   9.157143    
   225.0000      2.5577276E-05   9.157143    
   240.0000      2.5646939E-05   9.157143    
   255.0000      2.5790252E-05   9.157143    
   270.0000      2.5991045E-05   9.157143    
   285.0000      2.6199983E-05   9.157143    
   300.0000      2.6397087E-05   9.157143    
   315.0000      2.6570797E-05   9.157143    
   330.0000      2.6739655E-05   9.157143    
   345.0000      2.6904003E-05   9.157143    
  0.0000000E+00  2.7078062E-05   9.157143    
 
  0.0000000E+00  3.0723295E-05   9.278572    
   15.00000      3.0923784E-05   9.278572    
   30.00000      3.1126652E-05   9.278572    
   45.00000      3.1315507E-05   9.278572    
   60.00000      3.1454507E-05   9.278572    
   75.00000      3.1512682E-05   9.278572    
   90.00000      3.1465210E-05   9.278572    
   105.0000      3.1286501E-05   9.278572    
   120.0000      3.0993764E-05   9.278572    
   135.0000      3.0602201E-05   9.278572    
   150.0000      3.0179892E-05   9.278572    
   165.0000      2.9762894E-05   9.278572    
   180.0000      2.9419904E-05   9.278572    
   195.0000      2.9167933E-05   9.278572    
   210.0000      2.9037903E-05   9.278572    
   225.0000      2.9019169E-05   9.278572    
   240.0000      2.9112191E-05   9.278572    
   255.0000      2.9284496E-05   9.278572    
   270.0000      2.9516834E-05   9.278572    
   285.0000      2.9754154E-05   9.278572    
   300.0000      2.9976021E-05   9.278572    
   315.0000      3.0170497E-05   9.278572    
   330.0000      3.0357205E-05   9.278572    
   345.0000      3.0535903E-05   9.278572    
  0.0000000E+00  3.0723295E-05   9.278572    
 
  0.0000000E+00  3.5011057E-05   9.400000    
   15.00000      3.5223558E-05   9.400000    
   30.00000      3.5434754E-05   9.400000    
   45.00000      3.5625391E-05   9.400000    
   60.00000      3.5756217E-05   9.400000    
   75.00000      3.5797886E-05   9.400000    
   90.00000      3.5725770E-05   9.400000    
   105.0000      3.5515182E-05   9.400000    
   120.0000      3.5185629E-05   9.400000    
   135.0000      3.4754885E-05   9.400000    
   150.0000      3.4295837E-05   9.400000    
   165.0000      3.3848279E-05   9.400000    
   180.0000      3.3485776E-05   9.400000    
   195.0000      3.3225628E-05   9.400000    
   210.0000      3.3100307E-05   9.400000    
   225.0000      3.3096592E-05   9.400000    
   240.0000      3.3213983E-05   9.400000    
   255.0000      3.3416236E-05   9.400000    
   270.0000      3.3680932E-05   9.400000    
   285.0000      3.3947330E-05   9.400000    
   300.0000      3.4194702E-05   9.400000    
   315.0000      3.4410670E-05   9.400000    
   330.0000      3.4615929E-05   9.400000    
   345.0000      3.4809691E-05   9.400000    
  0.0000000E+00  3.5011057E-05   9.400000    
 
  0.0000000E+00  4.0104860E-05   9.521429    
   15.00000      4.0328821E-05   9.521429    
   30.00000      4.0547242E-05   9.521429    
   45.00000      4.0738676E-05   9.521429    
   60.00000      4.0861953E-05   9.521429    
   75.00000      4.0887204E-05   9.521429    
   90.00000      4.0789520E-05   9.521429    
   105.0000      4.0546343E-05   9.521429    
   120.0000      4.0179359E-05   9.521429    
   135.0000      3.9709528E-05   9.521429    
   150.0000      3.9214625E-05   9.521429    
   165.0000      3.8736984E-05   9.521429    
   180.0000      3.8355553E-05   9.521429    
   195.0000      3.8087928E-05   9.521429    
   210.0000      3.7968082E-05   9.521429    
   225.0000      3.7980066E-05   9.521429    
   240.0000      3.8122325E-05   9.521429    
   255.0000      3.8354741E-05   9.521429    
   270.0000      3.8651753E-05   9.521429    
   285.0000      3.8947073E-05   9.521429    
   300.0000      3.9219904E-05   9.521429    
   315.0000      3.9457398E-05   9.521429    
   330.0000      3.9681217E-05   9.521429    
   345.0000      3.9889881E-05   9.521429    
  0.0000000E+00  4.0104860E-05   9.521429    
 
  0.0000000E+00  4.6230165E-05   9.642858    
   15.00000      4.6464738E-05   9.642858    
   30.00000      4.6689936E-05   9.642858    
   45.00000      4.6881327E-05   9.642858    
   60.00000      4.6994832E-05   9.642858    
   75.00000      4.7002268E-05   9.642858    
   90.00000      4.6879035E-05   9.642858    
   105.0000      4.6604266E-05   9.642858    
   120.0000      4.6201694E-05   9.642858    
   135.0000      4.5694931E-05   9.642858    
   150.0000      4.5166464E-05   9.642858    
   165.0000      4.4661901E-05   9.642858    
   180.0000      4.4263717E-05   9.642858    
   195.0000      4.3990323E-05   9.642858    
   210.0000      4.3877044E-05   9.642858    
   225.0000      4.3905115E-05   9.642858    
   240.0000      4.4071847E-05   9.642858    
   255.0000      4.4333250E-05   9.642858    
   270.0000      4.4660821E-05   9.642858    
   285.0000      4.4983270E-05   9.642858    
   300.0000      4.5280049E-05   9.642858    
   315.0000      4.5537916E-05   9.642858    
   330.0000      4.5779412E-05   9.642858    
   345.0000      4.6002318E-05   9.642858    
  0.0000000E+00  4.6230165E-05   9.642858    
 
  0.0000000E+00  5.3700744E-05   9.764286    
   15.00000      5.3943539E-05   9.764286    
   30.00000      5.4172157E-05   9.764286    
   45.00000      5.4360375E-05   9.764286    
   60.00000      5.4462511E-05   9.764286    
   75.00000      5.4451928E-05   9.764286    
   90.00000      5.4304746E-05   9.764286    
   105.0000      5.4001986E-05   9.764286    
   120.0000      5.3569118E-05   9.764286    
   135.0000      5.3031948E-05   9.764286    
   150.0000      5.2476418E-05   9.764286    
   165.0000      5.1950708E-05   9.764286    
   180.0000      5.1541483E-05   9.764286    
   195.0000      5.1266128E-05   9.764286    
   210.0000      5.1160951E-05   9.764286    
   225.0000      5.1204810E-05   9.764286    
   240.0000      5.1393774E-05   9.764286    
   255.0000      5.1680381E-05   9.764286    
   270.0000      5.2033669E-05   9.764286    
   285.0000      5.2378484E-05   9.764286    
   300.0000      5.2694999E-05   9.764286    
   315.0000      5.2969779E-05   9.764286    
   330.0000      5.3226533E-05   9.764286    
   345.0000      5.3461823E-05   9.764286    
  0.0000000E+00  5.3700744E-05   9.764286    
 
  0.0000000E+00  6.2963511E-05   9.885715    
   15.00000      6.3208208E-05   9.885715    
   30.00000      6.3434643E-05   9.885715    
   45.00000      6.3615262E-05   9.885715    
   60.00000      6.3704087E-05   9.885715    
   75.00000      6.3676562E-05   9.885715    
   90.00000      6.3510139E-05   9.885715    
   105.0000      6.3187981E-05   9.885715    
   120.0000      6.2736515E-05   9.885715    
   135.0000      6.2182924E-05   9.885715    
   150.0000      6.1614403E-05   9.885715    
   165.0000      6.1080333E-05   9.885715    
   180.0000      6.0669026E-05   9.885715    
   195.0000      6.0397997E-05   9.885715    
   210.0000      6.0303559E-05   9.885715    
   225.0000      6.0361996E-05   9.885715    
   240.0000      6.0568167E-05   9.885715    
   255.0000      6.0872222E-05   9.885715    
   270.0000      6.1241735E-05   9.885715    
   285.0000      6.1599821E-05   9.885715    
   300.0000      6.1927996E-05   9.885715    
   315.0000      6.2213039E-05   9.885715    
   330.0000      6.2478226E-05   9.885715    
   345.0000      6.2719795E-05   9.885715    
  0.0000000E+00  6.2963511E-05   9.885715    
 
  0.0000000E+00  7.4677184E-05   10.00714    
   15.00000      7.4911979E-05   10.00714    
   30.00000      7.5125696E-05   10.00714    
   45.00000      7.5291136E-05   10.00714    
   60.00000      7.5364638E-05   10.00714    
   75.00000      7.5324308E-05   10.00714    
   90.00000      7.5149852E-05   10.00714    
   105.0000      7.4826938E-05   10.00714    
   120.0000      7.4381234E-05   10.00714    
   135.0000      7.3839772E-05   10.00714    
   150.0000      7.3286930E-05   10.00714    
   165.0000      7.2770817E-05   10.00714    
   180.0000      7.2377341E-05   10.00714    
   195.0000      7.2123003E-05   10.00714    
   210.0000      7.2042523E-05   10.00714    
   225.0000      7.2111092E-05   10.00714    
   240.0000      7.2322524E-05   10.00714    
   255.0000      7.2626950E-05   10.00714    
   270.0000      7.2992254E-05   10.00714    
   285.0000      7.3343843E-05   10.00714    
   300.0000      7.3665557E-05   10.00714    
   315.0000      7.3945164E-05   10.00714    
   330.0000      7.4204989E-05   10.00714    
   345.0000      7.4440708E-05   10.00714    
  0.0000000E+00  7.4677184E-05   10.00714    
 
  0.0000000E+00  8.9838635E-05   10.12857    
   15.00000      9.0040361E-05   10.12857    
   30.00000      9.0221794E-05   10.12857    
   45.00000      9.0358953E-05   10.12857    
   60.00000      9.0414367E-05   10.12857    
   75.00000      9.0370639E-05   10.12857    
   90.00000      9.0210924E-05   10.12857    
   105.0000      8.9923924E-05   10.12857    
   120.0000      8.9531772E-05   10.12857    
   135.0000      8.9058092E-05   10.12857    
   150.0000      8.8576409E-05   10.12857    
   165.0000      8.8128581E-05   10.12857    
   180.0000      8.7789995E-05   10.12857    
   195.0000      8.7574997E-05   10.12857    
   210.0000      8.7513465E-05   10.12857    
   225.0000      8.7582128E-05   10.12857    
   240.0000      8.7774708E-05   10.12857    
   255.0000      8.8046523E-05   10.12857    
   270.0000      8.8369197E-05   10.12857    
   285.0000      8.8677472E-05   10.12857    
   300.0000      8.8958630E-05   10.12857    
   315.0000      8.9202636E-05   10.12857    
   330.0000      8.9429042E-05   10.12857    
   345.0000      8.9633788E-05   10.12857    
  0.0000000E+00  8.9838635E-05   10.12857    
 
  0.0000000E+00  1.1000877E-04   10.25000    
   15.00000      1.1013063E-04   10.25000    
   30.00000      1.1024108E-04   10.25000    
   45.00000      1.1032550E-04   10.25000    
   60.00000      1.1036100E-04   10.25000    
   75.00000      1.1033662E-04   10.25000    
   90.00000      1.1024081E-04   10.25000    
   105.0000      1.1006494E-04   10.25000    
   120.0000      1.0982132E-04   10.25000    
   135.0000      1.0952437E-04   10.25000    
   150.0000      1.0922034E-04   10.25000    
   165.0000      1.0893722E-04   10.25000    
   180.0000      1.0872359E-04   10.25000    
   195.0000      1.0858938E-04   10.25000    
   210.0000      1.0855373E-04   10.25000    
   225.0000      1.0860173E-04   10.25000    
   240.0000      1.0872846E-04   10.25000    
   255.0000      1.0890454E-04   10.25000    
   270.0000      1.0911056E-04   10.25000    
   285.0000      1.0930478E-04   10.25000    
   300.0000      1.0947903E-04   10.25000    
   315.0000      1.0962758E-04   10.25000    
   330.0000      1.0976365E-04   10.25000    
   345.0000      1.0988594E-04   10.25000    
  0.0000000E+00  1.1000877E-04   10.25000    
 
