  0.0000000E+00  8.718284093918768E+034   6.000000    
   15.00000      1.045833431110557E+035   6.000000    
   30.00000      1.251148584711124E+035   6.000000    
   45.00000      1.274576116855474E+035   6.000000    
   60.00000      1.152522485449293E+035   6.000000    
   75.00000      1.058824534744502E+035   6.000000    
   90.00000      1.095062921878000E+035   6.000000    
   105.0000      1.238903471956502E+035   6.000000    
   120.0000      1.426614598719030E+035   6.000000    
   135.0000      1.624662205644365E+035   6.000000    
   150.0000      1.867599007948685E+035   6.000000    
   165.0000      2.176387548216110E+035   6.000000    
   180.0000      2.405541084053097E+035   6.000000    
   195.0000      2.417138909077793E+035   6.000000    
   210.0000      2.293748942866656E+035   6.000000    
   225.0000      2.082958612390581E+035   6.000000    
   240.0000      1.847723292416620E+035   6.000000    
   255.0000      1.626674803113759E+035   6.000000    
   270.0000      1.379699679441264E+035   6.000000    
   285.0000      1.112693907810809E+035   6.000000    
   300.0000      9.638375013029249E+034   6.000000    
   315.0000      9.527766754165699E+034   6.000000    
   330.0000      9.449540999573327E+034   6.000000    
   345.0000      8.734432684949954E+034   6.000000    
  0.0000000E+00  8.718284093918768E+034   6.000000    
 
  0.0000000E+00  9.051346236371607E+034   6.121428    
   15.00000      1.081786089759504E+035   6.121428    
   30.00000      1.277604337070740E+035   6.121428    
   45.00000      1.291595491767005E+035   6.121428    
   60.00000      1.171716947620725E+035   6.121428    
   75.00000      1.088732060866323E+035   6.121428    
   90.00000      1.134594725361782E+035   6.121428    
   105.0000      1.283228881726423E+035   6.121428    
   120.0000      1.471207908887606E+035   6.121428    
   135.0000      1.669029925762476E+035   6.121428    
   150.0000      1.909929653531065E+035   6.121428    
   165.0000      2.205244731807275E+035   6.121428    
   180.0000      2.401975644975280E+035   6.121428    
   195.0000      2.396053449425066E+035   6.121428    
   210.0000      2.267250593088368E+035   6.121428    
   225.0000      2.058625242820152E+035   6.121428    
   240.0000      1.831157421554252E+035   6.121428    
   255.0000      1.624849203994796E+035   6.121428    
   270.0000      1.382315015975933E+035   6.121428    
   285.0000      1.122780841162196E+035   6.121428    
   300.0000      9.835654108622736E+034   6.121428    
   315.0000      9.757729982489912E+034   6.121428    
   330.0000      9.657139970693130E+034   6.121428    
   345.0000      8.974201586114182E+034   6.121428    
  0.0000000E+00  9.051346236371607E+034   6.121428    
 
  0.0000000E+00  9.615248661474571E+034   6.242857    
   15.00000      1.140822515274941E+035   6.242857    
   30.00000      1.317750962155432E+035   6.242857    
   45.00000      1.316428962210050E+035   6.242857    
   60.00000      1.202737798723535E+035   6.242857    
   75.00000      1.138879187077028E+035   6.242857    
   90.00000      1.200404597339693E+035   6.242857    
   105.0000      1.354879246146032E+035   6.242857    
   120.0000      1.540821411147383E+035   6.242857    
   135.0000      1.734988212989991E+035   6.242857    
   150.0000      1.968353186615334E+035   6.242857    
   165.0000      2.234558172217658E+035   6.242857    
   180.0000      2.377408135410454E+035   6.242857    
   195.0000      2.347849360769905E+035   6.242857    
   210.0000      2.211550883780060E+035   6.242857    
   225.0000      2.008051362094221E+035   6.242857    
   240.0000      1.794971094856687E+035   6.242857    
   255.0000      1.605720242043206E+035   6.242857    
   270.0000      1.377721004231596E+035   6.242857    
   285.0000      1.134784649836427E+035   6.242857    
   300.0000      1.013375871856790E+035   6.242857    
   315.0000      1.011033607589056E+035   6.242857    
   330.0000      9.980222172004972E+034   6.242857    
   345.0000      9.371487957383604E+034   6.242857    
  0.0000000E+00  9.615248661474571E+034   6.242857    
 
  0.0000000E+00  1.032069532670364E+035   6.364286    
   15.00000      1.210965389469342E+035   6.364286    
   30.00000      1.361831157782864E+035   6.364286    
   45.00000      1.343472212501052E+035   6.364286    
   60.00000      1.241238207823089E+035   6.364286    
   75.00000      1.202010293367458E+035   6.364286    
   90.00000      1.281222074082821E+035   6.364286    
   105.0000      1.438996753076106E+035   6.364286    
   120.0000      1.619210884878643E+035   6.364286    
   135.0000      1.804614076613237E+035   6.364286    
   150.0000      2.021800479328393E+035   6.364286    
   165.0000      2.243715866242960E+035   6.364286    
   180.0000      2.327445875030167E+035   6.364286    
   195.0000      2.272995046682962E+035   6.364286    
   210.0000      2.130370578222430E+035   6.364286    
   225.0000      1.935755928362235E+035   6.364286    
   240.0000      1.741466736729057E+035   6.364286    
   255.0000      1.570583457630039E+035   6.364286    
   270.0000      1.363289759092608E+035   6.364286    
   285.0000      1.145272972642177E+035   6.364286    
   300.0000      1.047282990389050E+035   6.364286    
   315.0000      1.051043586477584E+035   6.364286    
   330.0000      1.035848415889094E+035   6.364286    
   345.0000      9.871570167482591E+034   6.364286    
  0.0000000E+00  1.032069532670364E+035   6.364286    
 
  0.0000000E+00  1.108910034845229E+035   6.485714    
   15.00000      1.282062582626548E+035   6.485714    
   30.00000      1.402800714111178E+035   6.485714    
   45.00000      1.370024841165393E+035   6.485714    
   60.00000      1.284266266913302E+035   6.485714    
   75.00000      1.271905060697652E+035   6.485714    
   90.00000      1.366862505817154E+035   6.485714    
   105.0000      1.523637659412906E+035   6.485714    
   120.0000      1.692844992127696E+035   6.485714    
   135.0000      1.863819163452358E+035   6.485714    
   150.0000      2.055353731336753E+035   6.485714    
   165.0000      2.219785291577136E+035   6.485714    
   180.0000      2.252431807434044E+035   6.485714    
   195.0000      2.176128806691150E+035   6.485714    
   210.0000      2.030652849646287E+035   6.485714    
   225.0000      1.848806382990831E+035   6.485714    
   240.0000      1.675706575097473E+035   6.485714    
   255.0000      1.523601237899881E+035   6.485714    
   270.0000      1.340530569403798E+035   6.485714    
   285.0000      1.153722918728621E+035   6.485714    
   300.0000      1.081558921445821E+035   6.485714    
   315.0000      1.090812018554036E+035   6.485714    
   330.0000      1.075304839251173E+035   6.485714    
   345.0000      1.042990589819377E+035   6.485714    
  0.0000000E+00  1.108910034845229E+035   6.485714    
 
  0.0000000E+00  1.184550963811764E+035   6.607143    
   15.00000      1.346085596791263E+035   6.607143    
   30.00000      1.436272229589697E+035   6.607143    
   45.00000      1.394476317383550E+035   6.607143    
   60.00000      1.329082032690388E+035   6.607143    
   75.00000      1.342577585105949E+035   6.607143    
   90.00000      1.448549952954319E+035   6.607143    
   105.0000      1.598656884863724E+035   6.607143    
   120.0000      1.751949290641990E+035   6.607143    
   135.0000      1.902625499757668E+035   6.607143    
   150.0000      2.059734747304432E+035   6.607143    
   165.0000      2.164456657557892E+035   6.607143    
   180.0000      2.156281237631481E+035   6.607143    
   195.0000      2.063896215814734E+035   6.607143    
   210.0000      1.920116694711355E+035   6.607143    
   225.0000      1.754293939895303E+035   6.607143    
   240.0000      1.603172110765796E+035   6.607143    
   255.0000      1.469764244026646E+035   6.607143    
   270.0000      1.312102291967004E+035   6.607143    
   285.0000      1.160322665434899E+035   6.607143    
   300.0000      1.113359081405791E+035   6.607143    
   315.0000      1.126948530566740E+035   6.607143    
   330.0000      1.113803040490862E+035   6.607143    
   345.0000      1.100510668263472E+035   6.607143    
  0.0000000E+00  1.184550963811764E+035   6.607143    
 
  0.0000000E+00  1.252668817331698E+035   6.728571    
   15.00000      1.397427317962351E+035   6.728571    
   30.00000      1.460042843442612E+035   6.728571    
   45.00000      1.415742165589204E+035   6.728571    
   60.00000      1.372579659950116E+035   6.728571    
   75.00000      1.408158263633547E+035   6.728571    
   90.00000      1.518834011663186E+035   6.728571    
   105.0000      1.656722503430510E+035   6.728571    
   120.0000      1.789654248057760E+035   6.728571    
   135.0000      1.915105483078184E+035   6.728571    
   150.0000      2.031746887760265E+035   6.728571    
   165.0000      2.084058860989575E+035   6.728571    
   180.0000      2.045115171954603E+035   6.728571    
   195.0000      1.943281096634704E+035   6.728571    
   210.0000      1.805693868039863E+035   6.728571    
   225.0000      1.658040738982459E+035   6.728571    
   240.0000      1.528476624451430E+035   6.728571    
   255.0000      1.413334611099226E+035   6.728571    
   270.0000      1.281236736089273E+035   6.728571    
   285.0000      1.165056057232682E+035   6.728571    
   300.0000      1.140291264667045E+035   6.728571    
   315.0000      1.157099614976700E+035   6.728571    
   330.0000      1.149216031245280E+035   6.728571    
   345.0000      1.155654776807674E+035   6.728571    
  0.0000000E+00  1.252668817331698E+035   6.728571    
 
  0.0000000E+00  1.308213806863632E+035   6.850000    
   15.00000      1.433117302057599E+035   6.850000    
   30.00000      1.473489248330608E+035   6.850000    
   45.00000      1.432722077091544E+035   6.850000    
   60.00000      1.411486378575286E+035   6.850000    
   75.00000      1.463399341402315E+035   6.850000    
   90.00000      1.572261546202186E+035   6.850000    
   105.0000      1.693220635582862E+035   6.850000    
   120.0000      1.802701745764461E+035   6.850000    
   135.0000      1.899405163864542E+035   6.850000    
   150.0000      1.973933743537649E+035   6.850000    
   165.0000      1.985612817627718E+035   6.850000    
   180.0000      1.925492365844855E+035   6.850000    
   195.0000      1.820461109431459E+035   6.850000    
   210.0000      1.692734694379981E+035   6.850000    
   225.0000      1.564160787157830E+035   6.850000    
   240.0000      1.454905796780278E+035   6.850000    
   255.0000      1.357213758047080E+035   6.850000    
   270.0000      1.249915674766089E+035   6.850000    
   285.0000      1.167076849269626E+035   6.850000    
   300.0000      1.160372905888842E+035   6.850000    
   315.0000      1.179658975628083E+035   6.850000    
   330.0000      1.179505727384541E+035   6.850000    
   345.0000      1.204437434438018E+035   6.850000    
  0.0000000E+00  1.308213806863632E+035   6.850000    
 
  0.0000000E+00  1.347904309958642E+035   6.971429    
   15.00000      1.452142964524029E+035   6.971429    
   30.00000      1.476703433187238E+035   6.971429    
   45.00000      1.444113228464455E+035   6.971429    
   60.00000      1.442490872643663E+035   6.971429    
   75.00000      1.504361226945901E+035   6.971429    
   90.00000      1.605543391907235E+035   6.971429    
   105.0000      1.706324211446727E+035   6.971429    
   120.0000      1.790683517002881E+035   6.971429    
   135.0000      1.857130582127530E+035   6.971429    
   150.0000      1.894349176478117E+035   6.971429    
   165.0000      1.876079356623707E+035   6.971429    
   180.0000      1.803229165219877E+035   6.971429    
   195.0000      1.700175231398060E+035   6.971429    
   210.0000      1.584743757759877E+035   6.971429    
   225.0000      1.475053050477755E+035   6.971429    
   240.0000      1.384347627646639E+035   6.971429    
   255.0000      1.303096599331955E+035   6.971429    
   270.0000      1.218943361986611E+035   6.971429    
   285.0000      1.164982451012572E+035   6.971429    
   300.0000      1.171942703157477E+035   6.971429    
   315.0000      1.193420573319829E+035   6.971429    
   330.0000      1.202739935024319E+035   6.971429    
   345.0000      1.243368423271135E+035   6.971429    
  0.0000000E+00  1.347904309958642E+035   6.971429    
 
  0.0000000E+00  1.370111614678487E+035   7.092857    
   15.00000      1.454928001172611E+035   7.092857    
   30.00000      1.470058410840870E+035   7.092857    
   45.00000      1.448614986066135E+035   7.092857    
   60.00000      1.462882211262196E+035   7.092857    
   75.00000      1.528569828857512E+035   7.092857    
   90.00000      1.617586170082659E+035   7.092857    
   105.0000      1.696461482516258E+035   7.092857    
   120.0000      1.755459159227317E+035   7.092857    
   135.0000      1.792757899195419E+035   7.092857    
   150.0000      1.800523248874053E+035   7.092857    
   165.0000      1.761559575469629E+035   7.092857    
   180.0000      1.682870663939293E+035   7.092857    
   195.0000      1.585530541056360E+035   7.092857    
   210.0000      1.483703115262643E+035   7.092857    
   225.0000      1.391849946009058E+035   7.092857    
   240.0000      1.317696077835027E+035   7.092857    
   255.0000      1.251637725144175E+035   7.092857    
   270.0000      1.188273963490859E+035   7.092857    
   285.0000      1.157208514225798E+035   7.092857    
   300.0000      1.173846763022092E+035   7.092857    
   315.0000      1.197536747750986E+035   7.092857    
   330.0000      1.217085491231425E+035   7.092857    
   345.0000      1.269766785042876E+035   7.092857    
  0.0000000E+00  1.370111614678487E+035   7.092857    
 
  0.0000000E+00  1.374746847337120E+035   7.214286    
   15.00000      1.442719624719532E+035   7.214286    
   30.00000      1.453989580055744E+035   7.214286    
   45.00000      1.444947374166246E+035   7.214286    
   60.00000      1.470886699808896E+035   7.214286    
   75.00000      1.535153940141041E+035   7.214286    
   90.00000      1.609075418034270E+035   7.214286    
   105.0000      1.665742383011021E+035   7.214286    
   120.0000      1.700363637800026E+035   7.214286    
   135.0000      1.713216639722058E+035   7.214286    
   150.0000      1.698852827772287E+035   7.214286    
   165.0000      1.646806669104859E+035   7.214286    
   180.0000      1.567457226620011E+035   7.214286    
   195.0000      1.478293707697173E+035   7.214286    
   210.0000      1.390362339794590E+035   7.214286    
   225.0000      1.314767420157586E+035   7.214286    
   240.0000      1.255119564072301E+035   7.214286    
   255.0000      1.202806994777568E+035   7.214286    
   270.0000      1.157441423951384E+035   7.214286    
   285.0000      1.143790872482788E+035   7.214286    
   300.0000      1.166437635383280E+035   7.214286    
   315.0000      1.192416102682215E+035   7.214286    
   330.0000      1.221130492099179E+035   7.214286    
   345.0000      1.281999676190305E+035   7.214286    
  0.0000000E+00  1.374746847337120E+035   7.214286    
 
  0.0000000E+00  1.363835942174726E+035   7.335714    
   15.00000      1.418711676258107E+035   7.335714    
   30.00000      1.429500421577915E+035   7.335714    
   45.00000      1.432226894580280E+035   7.335714    
   60.00000      1.465732432443000E+035   7.335714    
   75.00000      1.524592744105345E+035   7.335714    
   90.00000      1.581976978611016E+035   7.335714    
   105.0000      1.617350143254610E+035   7.335714    
   120.0000      1.630921568023080E+035   7.335714    
   135.0000      1.624489082374327E+035   7.335714    
   150.0000      1.594362808749031E+035   7.335714    
   165.0000      1.535233579322823E+035   7.335714    
   180.0000      1.458838343140518E+035   7.335714    
   195.0000      1.379160549163308E+035   7.335714    
   210.0000      1.304657186605971E+035   7.335714    
   225.0000      1.243476177763969E+035   7.335714    
   240.0000      1.196359989347109E+035   7.335714    
   255.0000      1.156210791501177E+035   7.335714    
   270.0000      1.125887502526274E+035   7.335714    
   285.0000      1.124942007466033E+035   7.335714    
   300.0000      1.151044328592204E+035   7.335714    
   315.0000      1.179268393580961E+035   7.335714    
   330.0000      1.215285959437322E+035   7.335714    
   345.0000      1.280141035434656E+035   7.335714    
  0.0000000E+00  1.363835942174726E+035   7.335714    
 
  0.0000000E+00  1.340532277752890E+035   7.457143    
   15.00000      1.385708189529982E+035   7.457143    
   30.00000      1.397966975837918E+035   7.457143    
   45.00000      1.410049170938637E+035   7.457143    
   60.00000      1.447535549310974E+035   7.457143    
   75.00000      1.498320710332373E+035   7.457143    
   90.00000      1.538975237187369E+035   7.457143    
   105.0000      1.555737396948604E+035   7.457143    
   120.0000      1.552367450183125E+035   7.457143    
   135.0000      1.531300894815884E+035   7.457143    
   150.0000      1.490725721365078E+035   7.457143    
   165.0000      1.428977754699623E+035   7.457143    
   180.0000      1.357839477360094E+035   7.457143    
   195.0000      1.288075845003514E+035   7.457143    
   210.0000      1.226035519160355E+035   7.457143    
   225.0000      1.177359949523078E+035   7.457143    
   240.0000      1.140936712516604E+035   7.457143    
   255.0000      1.111309037586844E+035   7.457143    
   270.0000      1.093142885364449E+035   7.457143    
   285.0000      1.101054842230425E+035   7.457143    
   300.0000      1.128950251703558E+035   7.457143    
   315.0000      1.159205270962467E+035   7.457143    
   330.0000      1.200502048087470E+035   7.457143    
   345.0000      1.266095469263972E+035   7.457143    
  0.0000000E+00  1.340532277752890E+035   7.457143    
 
  0.0000000E+00  1.307652571126476E+035   7.578571    
   15.00000      1.345927208429364E+035   7.578571    
   30.00000      1.360526953589942E+035   7.578571    
   45.00000      1.379307903679155E+035   7.578571    
   60.00000      1.417211026125098E+035   7.578571    
   75.00000      1.458553132306852E+035   7.578571    
   90.00000      1.483978614647584E+035   7.578571    
   105.0000      1.485387987636618E+035   7.578571    
   120.0000      1.468834753021666E+035   7.578571    
   135.0000      1.437192620441434E+035   7.578571    
   150.0000      1.390387109180385E+035   7.578571    
   165.0000      1.329172078576663E+035   7.578571    
   180.0000      1.264571941838405E+035   7.578571    
   195.0000      1.204535294436784E+035   7.578571    
   210.0000      1.153717196230984E+035   7.578571    
   225.0000      1.115706651283482E+035   7.578571    
   240.0000      1.088303799786183E+035   7.578571    
   255.0000      1.067573481077542E+035   7.578571    
   270.0000      1.058920320834311E+035   7.578571    
   285.0000      1.072709043097457E+035   7.578571    
   300.0000      1.101316337244386E+035   7.578571    
   315.0000      1.133232379039810E+035   7.578571    
   330.0000      1.177877510100527E+035   7.578571    
   345.0000      1.241931318121518E+035   7.578571    
  0.0000000E+00  1.307652571126476E+035   7.578571    
 
  0.0000000E+00  1.267575124220388E+035   7.700000    
   15.00000      1.301075272682817E+035   7.700000    
   30.00000      1.318141357527689E+035   7.700000    
   45.00000      1.341170948734501E+035   7.700000    
   60.00000      1.376961315243693E+035   7.700000    
   75.00000      1.408559967846563E+035   7.700000    
   90.00000      1.420767944611606E+035   7.700000    
   105.0000      1.409919361508171E+035   7.700000    
   120.0000      1.383461643860655E+035   7.700000    
   135.0000      1.344632835725819E+035   7.700000    
   150.0000      1.294816099708919E+035   7.700000    
   165.0000      1.236229682745717E+035   7.700000    
   180.0000      1.178704052199912E+035   7.700000    
   195.0000      1.127812643031640E+035   7.700000    
   210.0000      1.086865912861466E+035   7.700000    
   225.0000      1.057823609157948E+035   7.700000    
   240.0000      1.037944397416755E+035   7.700000    
   255.0000      1.024570587466262E+035   7.700000    
   270.0000      1.023124856326908E+035   7.700000    
   285.0000      1.040560959423542E+035   7.700000    
   300.0000      1.069184364197135E+035   7.700000    
   315.0000      1.102268657820295E+035   7.700000    
   330.0000      1.148565196473286E+035   7.700000    
   345.0000      1.209626805007829E+035   7.700000    
  0.0000000E+00  1.267575124220388E+035   7.700000    
 
  0.0000000E+00  1.222228246493003E+035   7.821429    
   15.00000      1.252466327590076E+035   7.821429    
   30.00000      1.271667863406651E+035   7.821429    
   45.00000      1.296876376105254E+035   7.821429    
   60.00000      1.328968114810543E+035   7.821429    
   75.00000      1.351254384289599E+035   7.821429    
   90.00000      1.352406340666639E+035   7.821429    
   105.0000      1.332082756729147E+035   7.821429    
   120.0000      1.298503723546917E+035   7.821429    
   135.0000      1.255226972708275E+035   7.821429    
   150.0000      1.204764359491187E+035   7.821429    
   165.0000      1.150093654718875E+035   7.821429    
   180.0000      1.099667185407205E+035   7.821429    
   195.0000      1.057114938121280E+035   7.821429    
   210.0000      1.024690869798502E+035   7.821429    
   225.0000      1.003098257358756E+035   7.821429    
   240.0000      9.894202343039055E+034   7.821429    
   255.0000      9.819927870637534E+034   7.821429    
   270.0000      9.858220228092093E+034   7.821429    
   285.0000      1.005287413744594E+035   7.821429    
   300.0000      1.033475826649987E+035   7.821429    
   315.0000      1.067186409499927E+035   7.821429    
   330.0000      1.113749088653309E+035   7.821429    
   345.0000      1.170990259811782E+035   7.821429    
  0.0000000E+00  1.222228246493003E+035   7.821429    
 
  0.0000000E+00  1.173140871056132E+035   7.942857    
   15.00000      1.201122668680033E+035   7.942857    
   30.00000      1.221896329879566E+035   7.942857    
   45.00000      1.247654179138347E+035   7.942857    
   60.00000      1.275205295392733E+035   7.942857    
   75.00000      1.289057212404165E+035   7.942857    
   90.00000      1.281267428844123E+035   7.942857    
   105.0000      1.253891733593364E+035   7.942857    
   120.0000      1.215501677121880E+035   7.942857    
   135.0000      1.169928877229581E+035   7.942857    
   150.0000      1.120490567808310E+035   7.942857    
   165.0000      1.070428849140463E+035   7.942857    
   180.0000      1.026796961691827E+035   7.942857    
   195.0000      9.916752626866026E+034   7.942857    
   210.0000      9.664958599232780E+034   7.942857    
   225.0000      9.510214376438134E+034   7.942857    
   240.0000      9.423886916643699E+034   7.942857    
   255.0000      9.396557393719348E+034   7.942857    
   270.0000      9.471911370511273E+034   7.942857    
   285.0000      9.675413410758196E+034   7.942857    
   300.0000      9.949926847156049E+034   7.942857    
   315.0000      1.028791484395702E+035   7.942857    
   330.0000      1.074547971171993E+035   7.942857    
   345.0000      1.127591594085799E+035   7.942857    
  0.0000000E+00  1.173140871056132E+035   7.942857    
 
  0.0000000E+00  1.121507614301024E+035   8.064285    
   15.00000      1.147851282595732E+035   8.064285    
   30.00000      1.169557429921724E+035   8.064285    
   45.00000      1.194663721810250E+035   8.064285    
   60.00000      1.217381616458790E+035   8.064285    
   75.00000      1.223909624754289E+035   8.064285    
   90.00000      1.209132885441594E+035   8.064285    
   105.0000      1.176764389771853E+035   8.064285    
   120.0000      1.135445119435145E+035   8.064285    
   135.0000      1.089223700214416E+035   8.064285    
   150.0000      1.041934731211511E+035   8.064285    
   165.0000      9.967563618599033E+034   8.064285    
   180.0000      9.594198750310578E+034   8.064285    
   195.0000      9.307992308509096E+034   8.064285    
   210.0000      9.116946136807016E+034   8.064285    
   225.0000      9.011874508556874E+034   8.064285    
   240.0000      8.965992860471795E+034   8.064285    
   255.0000      8.974775457206637E+034   8.064285    
   270.0000      9.074786692991505E+034   8.064285    
   285.0000      9.279230079712453E+034   8.064285    
   300.0000      9.544253734446185E+034   8.064285    
   315.0000      9.878166650328148E+034   8.064285    
   330.0000      1.031980042940211E+035   8.064285    
   345.0000      1.080748419202834E+035   8.064285    
  0.0000000E+00  1.121507614301024E+035   8.064285    
 
  0.0000000E+00  1.068253248242727E+035   8.185715    
   15.00000      1.093298556778804E+035   8.185715    
   30.00000      1.115319260360975E+035   8.185715    
   45.00000      1.138951550082341E+035   8.185715    
   60.00000      1.156924585686699E+035   8.185715    
   75.00000      1.157321416832920E+035   8.185715    
   90.00000      1.137299189228921E+035   8.185715    
   105.0000      1.101656097443205E+035   8.185715    
   120.0000      1.058914770592361E+035   8.185715    
   135.0000      1.013274167237374E+035   8.185715    
   150.0000      9.688452177240668E+034   8.185715    
   165.0000      9.285411517131808E+034   8.185715    
   180.0000      8.969009710057260E+034   8.185715    
   195.0000      8.738826964750783E+034   8.185715    
   210.0000      8.598071488226633E+034   8.185715    
   225.0000      8.532826209176815E+034   8.185715    
   240.0000      8.518803865530612E+034   8.185715    
   255.0000      8.554524720236469E+034   8.185715    
   270.0000      8.669602827880783E+034   8.185715    
   285.0000      8.869650587469824E+034   8.185715    
   300.0000      9.123625487499148E+034   8.185715    
   315.0000      9.449155669672887E+034   8.185715    
   330.0000      9.869406329239639E+034   8.185715    
   345.0000      1.031538747414877E+035   8.185715    
  0.0000000E+00  1.068253248242727E+035   8.185715    
 
  0.0000000E+00  1.014089602244476E+035   8.307143    
   15.00000      1.037988243546864E+035   8.307143    
   30.00000      1.059781252526921E+035   8.307143    
   45.00000      1.081429174221044E+035   8.307143    
   60.00000      1.094991650358668E+035   8.307143    
   75.00000      1.090434586728208E+035   8.307143    
   90.00000      1.066678155837627E+035   8.307143    
   105.0000      1.029173053969575E+035   8.307143    
   120.0000      9.861980370913919E+034   8.307143    
   135.0000      9.420307734612550E+034   8.307143    
   150.0000      9.008662689608919E+034   8.307143    
   165.0000      8.652449959293940E+034   8.307143    
   180.0000      8.386662948543554E+034   8.307143    
   195.0000      8.204125503690646E+034   8.307143    
   210.0000      8.104472673697982E+034   8.307143    
   225.0000      8.070695341904897E+034   8.307143    
   240.0000      8.081226105350421E+034   8.307143    
   255.0000      8.136257852017071E+034   8.307143    
   270.0000      8.259134376910095E+034   8.307143    
   285.0000      8.451276082255952E+034   8.307143    
   300.0000      8.693013186944124E+034   8.307143    
   315.0000      9.006597487487668E+034   8.307143    
   330.0000      9.401946474523952E+034   8.307143    
   345.0000      9.808271857478122E+034   8.307143    
  0.0000000E+00  1.014089602244476E+035   8.307143    
 
  0.0000000E+00  9.595625546080892E+034   8.428572    
   15.00000      9.823476639772157E+034   8.428572    
   30.00000      1.003469839252806E+035   8.428572    
   45.00000      1.022866873129310E+035   8.428572    
   60.00000      1.032496657066872E+035   8.428572    
   75.00000      1.024088882168703E+035   8.428572    
   90.00000      9.978844184197629E+034   8.428572    
   105.0000      9.596642659534649E+034   8.428572    
   120.0000      9.173782834796461E+034   8.428572    
   135.0000      8.753113015812137E+034   8.428572    
   150.0000      8.375953725441367E+034   8.428572    
   165.0000      8.063561298750972E+034   8.428572    
   180.0000      7.842099169923686E+034   8.428572    
   195.0000      7.699590569199347E+034   8.428572    
   210.0000      7.633070309930102E+034   8.428572    
   225.0000      7.623709626012348E+034   8.428572    
   240.0000      7.652626868954832E+034   8.428572    
   255.0000      7.720728715127225E+034   8.428572    
   270.0000      7.845997225899002E+034   8.428572    
   285.0000      8.027998035151105E+034   8.428572    
   300.0000      8.256575399671091E+034   8.428572    
   315.0000      8.555396491597943E+034   8.428572    
   330.0000      8.923802763070146E+034   8.428572    
   345.0000      9.292961394420702E+034   8.428572    
  0.0000000E+00  9.595625546080892E+034   8.428572    
 
  0.0000000E+00  9.050896751176036E+034   8.550000    
   15.00000      9.267263637134241E+034   8.550000    
   30.00000      9.468376714668682E+034   8.550000    
   45.00000      9.638988099957094E+034   8.550000    
   60.00000      9.701432540983044E+034   8.550000    
   75.00000      9.588826331729151E+034   8.550000    
   90.00000      9.313080407032428E+034   8.550000    
   105.0000      8.932937442723398E+034   8.550000    
   120.0000      8.524016599184931E+034   8.550000    
   135.0000      8.128565036552642E+034   8.550000    
   150.0000      7.786196489518785E+034   8.550000    
   165.0000      7.514039976422211E+034   8.550000    
   180.0000      7.330926201749237E+034   8.550000    
   195.0000      7.221649123768803E+034   8.550000    
   210.0000      7.181417558504165E+034   8.550000    
   225.0000      7.190557339248458E+034   8.550000    
   240.0000      7.232697265614380E+034   8.550000    
   255.0000      7.308835805346094E+034   8.550000    
   270.0000      7.432550577688030E+034   8.550000    
   285.0000      7.603053031337720E+034   8.550000    
   300.0000      7.817759440470577E+034   8.550000    
   315.0000      8.099689911680699E+034   8.550000    
   330.0000      8.440196692393975E+034   8.550000    
   345.0000      8.774772213420376E+034   8.550000    
  0.0000000E+00  9.050896751176036E+034   8.550000    
 
  0.0000000E+00  8.509895026155718E+034   8.671429    
   15.00000      8.714096702258582E+034   8.671429    
   30.00000      8.902658678111082E+034   8.671429    
   45.00000      9.050345580754575E+034   8.671429    
   60.00000      9.084591615603740E+034   8.671429    
   75.00000      8.952252621273275E+034   8.671429    
   90.00000      8.671723118089518E+034   8.671429    
   105.0000      8.300951640955982E+034   8.671429    
   120.0000      7.911255628040307E+034   8.671429    
   135.0000      7.543670256100005E+034   8.671429    
   150.0000      7.235375247144584E+034   8.671429    
   165.0000      6.999645590235716E+034   8.671429    
   180.0000      6.849362058230123E+034   8.671429    
   195.0000      6.767336414605822E+034   8.671429    
   210.0000      6.747566102452602E+034   8.671429    
   225.0000      6.770268264751522E+034   8.671429    
   240.0000      6.821341077904831E+034   8.671429    
   255.0000      6.901510731311686E+034   8.671429    
   270.0000      7.020851669827381E+034   8.671429    
   285.0000      7.179094201683962E+034   8.671429    
   300.0000      7.379395415166291E+034   8.671429    
   315.0000      7.642911962796627E+034   8.671429    
   330.0000      7.955327294191821E+034   8.671429    
   345.0000      8.257796266762963E+034   8.671429    
  0.0000000E+00  8.509895026155718E+034   8.671429    
 
  0.0000000E+00  7.975042006341389E+034   8.792857    
   15.00000      8.166292879704304E+034   8.792857    
   30.00000      8.340690148809600E+034   8.792857    
   45.00000      8.466741807617922E+034   8.792857    
   60.00000      8.478287084581956E+034   8.792857    
   75.00000      8.333812938207062E+034   8.792857    
   90.00000      8.055792203276480E+034   8.792857    
   105.0000      7.700131810913480E+034   8.792857    
   120.0000      7.333530009023018E+034   8.792857    
   135.0000      6.995260956569295E+034   8.792857    
   150.0000      6.719703787839639E+034   8.792857    
   165.0000      6.516605545450086E+034   8.792857    
   180.0000      6.394163791395032E+034   8.792857    
   195.0000      6.334189691603862E+034   8.792857    
   210.0000      6.329955834359843E+034   8.792857    
   225.0000      6.362120749317541E+034   8.792857    
   240.0000      6.418591934881150E+034   8.792857    
   255.0000      6.499646671282951E+034   8.792857    
   270.0000      6.612648041835163E+034   8.792857    
   285.0000      6.758268830071385E+034   8.792857    
   300.0000      6.943784665173026E+034   8.792857    
   315.0000      7.187870982210139E+034   8.792857    
   330.0000      7.472519605616389E+034   8.792857    
   345.0000      7.745147962178847E+034   8.792857    
  0.0000000E+00  7.975042006341389E+034   8.792857    
 
  0.0000000E+00  7.448168183419529E+034   8.914286    
   15.00000      7.625717347886951E+034   8.914286    
   30.00000      7.785016516765619E+034   8.914286    
   45.00000      7.891242201118555E+034   8.914286    
   60.00000      7.885217034408356E+034   8.914286    
   75.00000      7.735063359742454E+034   8.914286    
   90.00000      7.465447664032895E+034   8.914286    
   105.0000      7.129338165450638E+034   8.914286    
   120.0000      6.788556164034139E+034   8.914286    
   135.0000      6.480230979457382E+034   8.914286    
   150.0000      6.235664600349644E+034   8.914286    
   165.0000      6.061588622953729E+034   8.914286    
   180.0000      5.962553049793183E+034   8.914286    
   195.0000      5.920154720847759E+034   8.914286    
   210.0000      5.927325293601997E+034   8.914286    
   225.0000      5.965569569540919E+034   8.914286    
   240.0000      6.024552437268313E+034   8.914286    
   255.0000      6.104054839339530E+034   8.914286    
   270.0000      6.209390846758534E+034   8.914286    
   285.0000      6.342292866691410E+034   8.914286    
   300.0000      6.512778502312852E+034   8.914286    
   315.0000      6.736829657653387E+034   8.914286    
   330.0000      6.994366375390372E+034   8.914286    
   345.0000      7.239168658491862E+034   8.914286    
  0.0000000E+00  7.448168183419529E+034   8.914286    
 
  0.0000000E+00  6.930644882284824E+034   9.035714    
   15.00000      7.093853587742834E+034   9.035714    
   30.00000      7.237652072777085E+034   9.035714    
   45.00000      7.326126554142972E+034   9.035714    
   60.00000      7.307172973216275E+034   9.035714    
   75.00000      7.156741948861976E+034   9.035714    
   90.00000      6.900236189891180E+034   9.035714    
   105.0000      6.587031491638147E+034   9.035714    
   120.0000      6.273942516969845E+034   9.035714    
   135.0000      5.995585993725485E+034   9.035714    
   150.0000      5.780089513646382E+034   9.035714    
   165.0000      5.631665342135767E+034   9.035714    
   180.0000      5.552146129929154E+034   9.035714    
   195.0000      5.523507435580843E+034   9.035714    
   210.0000      5.538641488786325E+034   9.035714    
   225.0000      5.580192093893095E+034   9.035714    
   240.0000      5.639352199158305E+034   9.035714    
   255.0000      5.715442187160869E+034   9.035714    
   270.0000      5.812260385905013E+034   9.035714    
   285.0000      5.932519410944333E+034   9.035714    
   300.0000      6.087848494401653E+034   9.035714    
   315.0000      6.291583295418730E+034   9.035714    
   330.0000      6.522857181735094E+034   9.035714    
   345.0000      6.741593355654386E+034   9.035714    
  0.0000000E+00  6.930644882284824E+034   9.035714    
 
  0.0000000E+00  6.423480188765609E+034   9.157143    
   15.00000      6.571856187632580E+034   9.157143    
   30.00000      6.700145961547872E+034   9.157143    
   45.00000      6.773023013283558E+034   9.157143    
   60.00000      6.745236360101453E+034   9.157143    
   75.00000      6.598979489255714E+034   9.157143    
   90.00000      6.359266563108647E+034   9.157143    
   105.0000      6.071476817702254E+034   9.157143    
   120.0000      5.787278333759302E+034   9.157143    
   135.0000      5.538495249633159E+034   9.157143    
   150.0000      5.350092933656022E+034   9.157143    
   165.0000      5.224259858664639E+034   9.157143    
   180.0000      5.160887847147794E+034   9.157143    
   195.0000      5.142785663903650E+034   9.157143    
   210.0000      5.163041368384568E+034   9.157143    
   225.0000      5.205644374037918E+034   9.157143    
   240.0000      5.263115146647139E+034   9.157143    
   255.0000      5.334398037948415E+034   9.157143    
   270.0000      5.422191411012663E+034   9.157143    
   285.0000      5.529993580207511E+034   9.157143    
   300.0000      5.670141840169168E+034   9.157143    
   315.0000      5.853526691843919E+034   9.157143    
   330.0000      6.059485297414311E+034   9.157143    
   345.0000      6.253678808522332E+034   9.157143    
  0.0000000E+00  6.423480188765609E+034   9.157143    
 
  0.0000000E+00  5.927381081154121E+034   9.278572    
   15.00000      6.060586291536288E+034   9.278572    
   30.00000      6.173636129094880E+034   9.278572    
   45.00000      6.233016430574887E+034   9.278572    
   60.00000      6.199928828511869E+034   9.278572    
   75.00000      6.061452524399676E+034   9.278572    
   90.00000      5.841389225323613E+034   9.278572    
   105.0000      5.580828000559932E+034   9.278572    
   120.0000      5.326195040872322E+034   9.278572    
   135.0000      5.106316283430934E+034   9.278572    
   150.0000      4.943062293268481E+034   9.278572    
   165.0000      4.837094169744085E+034   9.278572    
   180.0000      4.786985948886853E+034   9.278572    
   195.0000      4.776725320955470E+034   9.278572    
   210.0000      4.799777978616533E+034   9.278572    
   225.0000      4.841619806320217E+034   9.278572    
   240.0000      4.895928301868477E+034   9.278572    
   255.0000      4.961380220187736E+034   9.278572    
   270.0000      5.039889164672937E+034   9.278572    
   285.0000      5.135488123043138E+034   9.278572    
   300.0000      5.260517407588164E+034   9.278572    
   315.0000      5.423702600516992E+034   9.278572    
   330.0000      5.605327049200608E+034   9.278572    
   345.0000      5.776293565786466E+034   9.278572    
  0.0000000E+00  5.927381081154121E+034   9.278572    
 
  0.0000000E+00  5.442840613628861E+034   9.400000    
   15.00000      5.560684772450111E+034   9.400000    
   30.00000      5.658945801498560E+034   9.400000    
   45.00000      5.706790687346862E+034   9.400000    
   60.00000      5.671385607244106E+034   9.400000    
   75.00000      5.543560297972736E+034   9.400000    
   90.00000      5.345302656802899E+034   9.400000    
   105.0000      5.113213295665170E+034   9.400000    
   120.0000      4.888420670946813E+034   9.400000    
   135.0000      4.696607477723159E+034   9.400000    
   150.0000      4.556662426449910E+034   9.400000    
   165.0000      4.468168574018658E+034   9.400000    
   180.0000      4.428886141437908E+034   9.400000    
   195.0000      4.424239210523942E+034   9.400000    
   210.0000      4.448209678415279E+034   9.400000    
   225.0000      4.487850891594305E+034   9.400000    
   240.0000      4.537855397830043E+034   9.400000    
   255.0000      4.596747263166342E+034   9.400000    
   270.0000      4.665887914575672E+034   9.400000    
   285.0000      4.749577483146349E+034   9.400000    
   300.0000      4.859621614267156E+034   9.400000    
   315.0000      5.002889488928036E+034   9.400000    
   330.0000      5.161151150105594E+034   9.400000    
   345.0000      5.310029113949696E+034   9.400000    
  0.0000000E+00  5.442840613628861E+034   9.400000    
 
  0.0000000E+00  4.970187911665418E+034   9.521429    
   15.00000      5.072612894543051E+034   9.521429    
   30.00000      5.156642641940147E+034   9.521429    
   45.00000      5.194719919442406E+034   9.521429    
   60.00000      5.159462878461679E+034   9.521429    
   75.00000      5.044520176299819E+034   9.521429    
   90.00000      4.869634859417889E+034   9.521429    
   105.0000      4.666798542247231E+034   9.521429    
   120.0000      4.471818193171240E+034   9.521429    
   135.0000      4.307140140221563E+034   9.521429    
   150.0000      4.188812474957717E+034   9.521429    
   165.0000      4.115727623431621E+034   9.521429    
   180.0000      4.085236563762122E+034   9.521429    
   195.0000      4.084386421794031E+034   9.521429    
   210.0000      4.107778763411351E+034   9.521429    
   225.0000      4.144099016366582E+034   9.521429    
   240.0000      4.188936189022784E+034   9.521429    
   255.0000      4.240772489581079E+034   9.521429    
   270.0000      4.300584100441806E+034   9.521429    
   285.0000      4.372680591249028E+034   9.521429    
   300.0000      4.467932594749364E+034   9.521429    
   315.0000      4.591656550111828E+034   9.521429    
   330.0000      4.727488562384697E+034   9.521429    
   345.0000      4.855268629349279E+034   9.521429    
  0.0000000E+00  4.970187911665418E+034   9.521429    
 
  0.0000000E+00  4.509621515912342E+034   9.642858    
   15.00000      4.596681750239578E+034   9.642858    
   30.00000      4.667085522393452E+034   9.642858    
   45.00000      4.696938707576908E+034   9.642858    
   60.00000      4.663816203816799E+034   9.642858    
   75.00000      4.563436054911190E+034   9.642858    
   90.00000      4.412997563133316E+034   9.642858    
   105.0000      4.239821849858180E+034   9.642858    
   120.0000      4.074399691152209E+034   9.642858    
   135.0000      3.935891413729671E+034   9.642858    
   150.0000      3.837657953079015E+034   9.642858    
   165.0000      3.778225066512991E+034   9.642858    
   180.0000      3.754854316886598E+034   9.642858    
   195.0000      3.756344317402408E+034   9.642858    
   210.0000      3.777991826143255E+034   9.642858    
   225.0000      3.810143521322742E+034   9.642858    
   240.0000      3.849183627891391E+034   9.642858    
   255.0000      3.893653248065873E+034   9.642858    
   270.0000      3.944259671966564E+034   9.642858    
   285.0000      4.005090340855087E+034   9.642858    
   300.0000      4.085791046364824E+034   9.642858    
   315.0000      4.190403895824823E+034   9.642858    
   330.0000      4.304683962323435E+034   9.642858    
   345.0000      4.412235608703570E+034   9.642858    
  0.0000000E+00  4.509621515912342E+034   9.642858    
 
  0.0000000E+00  4.061234193251864E+034   9.764286    
   15.00000      4.133076517572658E+034   9.764286    
   30.00000      4.190463287380463E+034   9.764286    
   45.00000      4.213398361923729E+034   9.764286    
   60.00000      4.183960944961155E+034   9.764286    
   75.00000      4.099349138094441E+034   9.764286    
   90.00000      3.974021370731104E+034   9.764286    
   105.0000      3.830612332983226E+034   9.764286    
   120.0000      3.694328405667084E+034   9.764286    
   135.0000      3.581030725040937E+034   9.764286    
   150.0000      3.501545368174716E+034   9.764286    
   165.0000      3.454294434667625E+034   9.764286    
   180.0000      3.436698145724692E+034   9.764286    
   195.0000      3.439386801304858E+034   9.764286    
   210.0000      3.458405923996435E+034   9.764286    
   225.0000      3.485769003642627E+034   9.764286    
   240.0000      3.518577688252952E+034   9.764286    
   255.0000      3.555514381336075E+034   9.764286    
   270.0000      3.597095843124497E+034   9.764286    
   285.0000      3.646990956921734E+034   9.764286    
   300.0000      3.713418459297804E+034   9.764286    
   315.0000      3.799387701369523E+034   9.764286    
   330.0000      3.892935123526872E+034   9.764286    
   345.0000      3.981029303543509E+034   9.764286    
  0.0000000E+00  4.061234193251864E+034   9.764286    
 
  0.0000000E+00  3.625034274425686E+034   9.885715    
   15.00000      3.681879071695487E+034   9.885715    
   30.00000      3.726830569366838E+034   9.885715    
   45.00000      3.743915366391137E+034   9.885715    
   60.00000      3.719321737404497E+034   9.885715    
   75.00000      3.651277723314419E+034   9.885715    
   90.00000      3.551382088328805E+034   9.885715    
   105.0000      3.437602942323970E+034   9.885715    
   120.0000      3.329917927619567E+034   9.885715    
   135.0000      3.240905856993015E+034   9.885715    
   150.0000      3.178999946293073E+034   9.885715    
   165.0000      3.142724808268588E+034   9.885715    
   180.0000      3.129842892246309E+034   9.885715    
   195.0000      3.132863259629688E+034   9.885715    
   210.0000      3.148613154089818E+034   9.885715    
   225.0000      3.170761930956950E+034   9.885715    
   240.0000      3.197068260365288E+034   9.885715    
   255.0000      3.226419486908927E+034   9.885715    
   270.0000      3.259192369144167E+034   9.885715    
   285.0000      3.298480116188113E+034   9.885715    
   300.0000      3.350941034053555E+034   9.885715    
   315.0000      3.418751150876966E+034   9.885715    
   330.0000      3.492322066145652E+034   9.885715    
   345.0000      3.561649114463533E+034   9.885715    
  0.0000000E+00  3.625034274425686E+034   9.885715    
 
  0.0000000E+00  3.200958243624048E+034   10.00714    
   15.00000      3.243082536715530E+034   10.00714    
   30.00000      3.276136133599802E+034   10.00714    
   45.00000      3.288208524013948E+034   10.00714    
   60.00000      3.269268710849846E+034   10.00714    
   75.00000      3.218244565321879E+034   10.00714    
   90.00000      3.143816861693026E+034   10.00714    
   105.0000      3.059335569181108E+034   10.00714    
   120.0000      2.979626341093778E+034   10.00714    
   135.0000      2.914024584044770E+034   10.00714    
   150.0000      2.868701005200949E+034   10.00714    
   165.0000      2.842434955415468E+034   10.00714    
   180.0000      2.833460333869438E+034   10.00714    
   195.0000      2.836184270040325E+034   10.00714    
   210.0000      2.848232195347780E+034   10.00714    
   225.0000      2.864907317141553E+034   10.00714    
   240.0000      2.884577133460708E+034   10.00714    
   255.0000      2.906379683450909E+034   10.00714    
   270.0000      2.930582080504426E+034   10.00714    
   285.0000      2.959585270906030E+034   10.00714    
   300.0000      2.998407420757455E+034   10.00714    
   315.0000      3.048547308969643E+034   10.00714    
   330.0000      3.102833883701976E+034   10.00714    
   345.0000      3.154018013628418E+034   10.00714    
  0.0000000E+00  3.200958243624048E+034   10.00714    
 
  0.0000000E+00  2.788886030149632E+034   10.12857    
   15.00000      2.816609587077691E+034   10.12857    
   30.00000      2.838246281105493E+034   10.12857    
   45.00000      2.845928192035601E+034   10.12857    
   60.00000      2.833144653774619E+034   10.12857    
   75.00000      2.799296018221655E+034   10.12857    
   90.00000      2.750133744968535E+034   10.12857    
   105.0000      2.694461369727419E+034   10.12857    
   120.0000      2.642047395151116E+034   10.12857    
   135.0000      2.599040614205357E+034   10.12857    
   150.0000      2.569464116128289E+034   10.12857    
   165.0000      2.552455819120931E+034   10.12857    
   180.0000      2.546804716341997E+034   10.12857    
   195.0000      2.548811498168993E+034   10.12857    
   210.0000      2.556903250026373E+034   10.12857    
   225.0000      2.567986912970046E+034   10.12857    
   240.0000      2.581000595076618E+034   10.12857    
   255.0000      2.595361623739430E+034   10.12857    
   270.0000      2.611243437612743E+034   10.12857    
   285.0000      2.630277341729048E+034   10.12857    
   300.0000      2.655803637826962E+034   10.12857    
   315.0000      2.688757921543373E+034   10.12857    
   330.0000      2.724390802858304E+034   10.12857    
   345.0000      2.758001364716006E+034   10.12857    
  0.0000000E+00  2.788886030149632E+034   10.12857    
 
  0.0000000E+00  2.388652692300578E+034   10.25000    
   15.00000      2.402326848339979E+034   10.25000    
   30.00000      2.412965596113105E+034   10.25000    
   45.00000      2.416680978966536E+034   10.25000    
   60.00000      2.410287025565485E+034   10.25000    
   75.00000      2.393517086985770E+034   10.25000    
   90.00000      2.369218917125400E+034   10.25000    
   105.0000      2.341740309463815E+034   10.25000    
   120.0000      2.315902971388687E+034   10.25000    
   135.0000      2.294740521577060E+034   10.25000    
   150.0000      2.280225600991575E+034   10.25000    
   165.0000      2.271915890104001E+034   10.25000    
   180.0000      2.269200235815144E+034   10.25000    
   195.0000      2.270248915087252E+034   10.25000    
   210.0000      2.274283397158033E+034   10.25000    
   225.0000      2.279777750664364E+034   10.25000    
   240.0000      2.286211670418735E+034   10.25000    
   255.0000      2.293294056417778E+034   10.25000    
   270.0000      2.301110824185254E+034   10.25000    
   285.0000      2.310481792735009E+034   10.25000    
   300.0000      2.323065265216646E+034   10.25000    
   315.0000      2.339308613298451E+034   10.25000    
   330.0000      2.356860448143809E+034   10.25000    
   345.0000      2.373420169981191E+034   10.25000    
  0.0000000E+00  2.388652692300578E+034   10.25000    
 
