  0.0000000E+00   54.0795210167309        6.000000    
   22.50000       52.3770343920513        6.000000    
   45.00000       50.7116474252924        6.000000    
   67.50000       49.6069123002865        6.000000    
   90.00000       49.0289708571328        6.000000    
   112.5000       48.8601525206531        6.000000    
   135.0000       48.8648691309810        6.000000    
   157.5000       48.6742669375351        6.000000    
   180.0000       48.6360705514823        6.000000    
   202.5000       48.6751166847655        6.000000    
   225.0000       49.3276242512535        6.000000    
   247.5000       52.0564243320882        6.000000    
   270.0000       53.7356508969680        6.000000    
   292.5000       54.9490506426061        6.000000    
   315.0000       55.4521562289426        6.000000    
   337.5000       55.4060712522715        6.000000    
  0.0000000E+00   54.0795210167309        6.000000    
 
  0.0000000E+00   49.6568800824223        6.283333    
   22.50000       48.2553090004023        6.283333    
   45.00000       46.4089113619702        6.283333    
   67.50000       44.9735737348095        6.283333    
   90.00000       44.2797826721154        6.283333    
   112.5000       44.0836393809709        6.283333    
   135.0000       44.1519026343414        6.283333    
   157.5000       43.9560823516371        6.283333    
   180.0000       43.8639044547076        6.283333    
   202.5000       43.9943607359007        6.283333    
   225.0000       44.5422417935967        6.283333    
   247.5000       46.1125586776656        6.283333    
   270.0000       47.7833270792147        6.283333    
   292.5000       49.3279549982944        6.283333    
   315.0000       50.2254793705408        6.283333    
   337.5000       50.3684805529917        6.283333    
  0.0000000E+00   49.6568800824223        6.283333    
 
  0.0000000E+00   47.0779269182580        6.566667    
   22.50000       46.2984047614026        6.566667    
   45.00000       45.2993205984781        6.566667    
   67.50000       43.9891213416708        6.566667    
   90.00000       43.2511852317712        6.566667    
   112.5000       43.0039653314503        6.566667    
   135.0000       43.1507160141269        6.566667    
   157.5000       43.1013528378500        6.566667    
   180.0000       43.0977602761035        6.566667    
   202.5000       42.8796764054838        6.566667    
   225.0000       42.7131949321198        6.566667    
   247.5000       43.3313492173449        6.566667    
   270.0000       44.4214820065458        6.566667    
   292.5000       45.7781104134812        6.566667    
   315.0000       46.8429774288450        6.566667    
   337.5000       47.3168736942827        6.566667    
  0.0000000E+00   47.0779269182580        6.566667    
 
  0.0000000E+00   45.3936808163463        6.850000    
   22.50000       45.0663481757400        6.850000    
   45.00000       44.4720455438327        6.850000    
   67.50000       43.6600911511855        6.850000    
   90.00000       43.1273623154977        6.850000    
   112.5000       42.8680653948942        6.850000    
   135.0000       43.0083541576279        6.850000    
   157.5000       42.9792358182969        6.850000    
   180.0000       42.8233094657082        6.850000    
   202.5000       42.4923670227908        6.850000    
   225.0000       42.0433162560069        6.850000    
   247.5000       42.0062319667668        6.850000    
   270.0000       42.4641720826109        6.850000    
   292.5000       43.4152036380548        6.850000    
   315.0000       44.4505634379990        6.850000    
   337.5000       45.1910132844130        6.850000    
  0.0000000E+00   45.3936808163463        6.850000    
 
  0.0000000E+00   44.3536398219204        7.133333    
   22.50000       44.2428298162324        7.133333    
   45.00000       43.8305128539375        7.133333    
   67.50000       43.2451511244010        7.133333    
   90.00000       42.8579298187269        7.133333    
   112.5000       42.7179993582238        7.133333    
   135.0000       42.8783288446047        7.133333    
   157.5000       42.9137225634990        7.133333    
   180.0000       42.7381522165393        7.133333    
   202.5000       42.3729103403307        7.133333    
   225.0000       41.8474578114774        7.133333    
   247.5000       41.5414487134979        7.133333    
   270.0000       41.6487389077055        7.133333    
   292.5000       42.3037737485657        7.133333    
   315.0000       43.2080785810738        7.133333    
   337.5000       43.9855068464540        7.133333    
  0.0000000E+00   44.3536398219204        7.133333    
 
  0.0000000E+00   43.9724556147831        7.416667    
   22.50000       43.7723690272953        7.416667    
   45.00000       43.3460000192269        7.416667    
   67.50000       42.8990251946208        7.416667    
   90.00000       42.7247683902443        7.416667    
   112.5000       42.8120137875901        7.416667    
   135.0000       43.0415237969042        7.416667    
   157.5000       43.0372683868528        7.416667    
   180.0000       42.7606045951766        7.416667    
   202.5000       42.3052065525115        7.416667    
   225.0000       41.7742452338426        7.416667    
   247.5000       41.5031392850134        7.416667    
   270.0000       41.6626313006467        7.416667    
   292.5000       42.3349885654823        7.416667    
   315.0000       43.1561183523192        7.416667    
   337.5000       43.7727446884001        7.416667    
  0.0000000E+00   43.9724556147831        7.416667    
 
  0.0000000E+00   44.0442387724456        7.700000    
   22.50000       43.6505831117843        7.700000    
   45.00000       43.1904284769142        7.700000    
   67.50000       42.9198828109105        7.700000    
   90.00000       43.0165227324505        7.700000    
   112.5000       43.3253918659199        7.700000    
   135.0000       43.5513815046095        7.700000    
   157.5000       43.3976643214112        7.700000    
   180.0000       42.9664255005313        7.700000    
   202.5000       42.4322951734143        7.700000    
   225.0000       41.9842493052955        7.700000    
   247.5000       41.9280954531579        7.700000    
   270.0000       42.3414660193545        7.700000    
   292.5000       43.1421394058361        7.700000    
   315.0000       43.8408105982420        7.700000    
   337.5000       44.1630181162954        7.700000    
  0.0000000E+00   44.0442387724456        7.700000    
 
  0.0000000E+00   44.5315132375449        7.983334    
   22.50000       44.0084646361653        7.983334    
   45.00000       43.5712652874897        7.983334    
   67.50000       43.4823710197944        7.983334    
   90.00000       43.7953032676377        7.983334    
   112.5000       44.2300060964601        7.983334    
   135.0000       44.3914740155822        7.983334    
   157.5000       44.0940264862416        7.983334    
   180.0000       43.5601903568217        7.983334    
   202.5000       43.0191319678761        7.983334    
   225.0000       42.7067697247856        7.983334    
   247.5000       42.8781258088188        7.983334    
   270.0000       43.5048039001688        7.983334    
   292.5000       44.3577018842352        7.983334    
   315.0000       44.8820088853301        7.983334    
   337.5000       44.9149975364865        7.983334    
  0.0000000E+00   44.5315132375449        7.983334    
 
  0.0000000E+00   45.5451877342844        8.266666    
   22.50000       44.9642510381236        8.266666    
   45.00000       44.5667332460506        8.266666    
   67.50000       44.6072584572175        8.266666    
   90.00000       45.0439023646888        8.266666    
   112.5000       45.5309534877042        8.266666    
   135.0000       45.6341018963351        8.266666    
   157.5000       45.2598674887572        8.266666    
   180.0000       44.6892145596280        8.266666    
   202.5000       44.1796023822122        8.266666    
   225.0000       43.9902821476304        8.266666    
   247.5000       44.3150827951293        8.266666    
   270.0000       45.0599440303549        8.266666    
   292.5000       45.8937433154687        8.266666    
   315.0000       46.2597790024317        8.266666    
   337.5000       46.0888225524807        8.266666    
  0.0000000E+00   45.5451877342844        8.266666    
 
  0.0000000E+00   47.1955853012256        8.550000    
   22.50000       46.6007722884366        8.550000    
   45.00000       46.2383847367046        8.550000    
   67.50000       46.3511352871270        8.550000    
   90.00000       46.8402180011351        8.550000    
   112.5000       47.3432808855711        8.550000    
   135.0000       47.4100310393474        8.550000    
   157.5000       47.0139283461779        8.550000    
   180.0000       46.4564791332898        8.550000    
   202.5000       45.9993472611647        8.550000    
   225.0000       45.9030191350354        8.550000    
   247.5000       46.3096178339444        8.550000    
   270.0000       47.0902423435411        8.550000    
   292.5000       47.8741403175680        8.550000    
   315.0000       48.1204910580651        8.550000    
   337.5000       47.8219904450411        8.550000    
  0.0000000E+00   47.1955853012256        8.550000    
 
  0.0000000E+00   49.6602614436521        8.833333    
   22.50000       49.0754335832698        8.833333    
   45.00000       48.7402354918313        8.833333    
   67.50000       48.8840272347793        8.833333    
   90.00000       49.3823408410317        8.833333    
   112.5000       49.8778865073576        8.833333    
   135.0000       49.9279318760671        8.833333    
   157.5000       49.5441802846716        8.833333    
   180.0000       49.0302928735351        8.833333    
   202.5000       48.6341789529045        8.833333    
   225.0000       48.6052590002956        8.833333    
   247.5000       49.0441888418852        8.833333    
   270.0000       49.8143527567108        8.833333    
   292.5000       50.5302551605935        8.833333    
   315.0000       50.6884844340157        8.833333    
   337.5000       50.3200990975975        8.833333    
  0.0000000E+00   49.6602614436521        8.833333    
 
  0.0000000E+00   53.2475951797247        9.116667    
   22.50000       52.6883498140648        9.116667    
   45.00000       52.3750343226252        9.116667    
   67.50000       52.5239044147617        9.116667    
   90.00000       53.0016525541376        9.116667    
   112.5000       53.4749888461351        9.116667    
   135.0000       53.5209187331688        9.116667    
   157.5000       53.1732212297132        9.116667    
   180.0000       52.7197612333224        9.116667    
   202.5000       52.3871675478923        9.116667    
   225.0000       52.4068841865656        9.116667    
   247.5000       52.8465849038369        9.116667    
   270.0000       53.5743251040369        9.116667    
   292.5000       54.2131233170585        9.116667    
   315.0000       54.3057953541229        9.116667    
   337.5000       53.9056820804270        9.116667    
  0.0000000E+00   53.2475951797247        9.116667    
 
  0.0000000E+00   58.5297546840940        9.400000    
   22.50000       58.0082947036451        9.400000    
   45.00000       57.7161766886841        9.400000    
   67.50000       57.8551462180257        9.400000    
   90.00000       58.2938333058207        9.400000    
   112.5000       58.7340421606665        9.400000    
   135.0000       58.7821010221392        9.400000    
   157.5000       58.4831525264673        9.400000    
   180.0000       58.0985117199417        9.400000    
   202.5000       57.8287455069007        9.400000    
   225.0000       57.8826369262443        9.400000    
   247.5000       58.3017690017254        9.400000    
   270.0000       58.9657361514208        9.400000    
   292.5000       59.5218599272011        9.400000    
   315.0000       59.5651114469631        9.400000    
   337.5000       59.1601813294631        9.400000    
  0.0000000E+00   58.5297546840940        9.400000    
 
  0.0000000E+00   66.6297912342491        9.683333    
   22.50000       66.1619723481979        9.683333    
   45.00000       65.8970597559353        9.683333    
   67.50000       66.0174424996015        9.683333    
   90.00000       66.4020408444092        9.683333    
   112.5000       66.7954815686518        9.683333    
   135.0000       66.8456001535040        9.683333    
   157.5000       66.6008832809007        9.683333    
   180.0000       66.2881570868986        9.683333    
   202.5000       66.0778797054639        9.683333    
   225.0000       66.1514243426288        9.683333    
   247.5000       66.5307725159445        9.683333    
   270.0000       67.1114369282771        9.683333    
   292.5000       67.5794049094666        9.683333    
   315.0000       67.5883008788077        9.683333    
   337.5000       67.2050470774374        9.683333    
  0.0000000E+00   66.6297912342491        9.683333    
 
  0.0000000E+00   80.0862784993184        9.966667    
   22.50000       79.7074088403896        9.966667    
   45.00000       79.4897981747725        9.966667    
   67.50000       79.5830563972289        9.966667    
   90.00000       79.8880264041114        9.966667    
   112.5000       80.2028127922143        9.966667    
   135.0000       80.2437927971294        9.966667    
   157.5000       80.0523284502062        9.966667    
   180.0000       79.8095062594364        9.966667    
   202.5000       79.6489363020224        9.966667    
   225.0000       79.7165795698239        9.966667    
   247.5000       80.0245531047125        9.966667    
   270.0000       80.4900697748630        9.966667    
   292.5000       80.8619085661981        9.966667    
   315.0000       80.8646875461182        9.966667    
   337.5000       80.5535990077931        9.966667    
  0.0000000E+00   80.0862784993184        9.966667    
 
  0.0000000E+00   106.268293941265        10.25000    
   22.50000       106.103014680651        10.25000    
   45.00000       106.005869562455        10.25000    
   67.50000       106.045649955594        10.25000    
   90.00000       106.181195199854        10.25000    
   112.5000       106.297061823295        10.25000    
   135.0000       106.274689151521        10.25000    
   157.5000       106.114794300957        10.25000    
   180.0000       105.919312828921        10.25000    
   202.5000       105.763608589408        10.25000    
   225.0000       105.737692634336        10.25000    
   247.5000       105.874914587024        10.25000    
   270.0000       106.132524556195        10.25000    
   292.5000       106.398891424807        10.25000    
   315.0000       106.504370855508        10.25000    
   337.5000       106.447170621359        10.25000    
  0.0000000E+00   106.268293941265        10.25000    
 
