  0.0000000E+00   59.9871740956068        6.000000    
   22.50000       58.2803870742078        6.000000    
   45.00000       55.3636262199097        6.000000    
   67.50000       53.7940579770239        6.000000    
   90.00000       53.2150797456905        6.000000    
   112.5000       52.1761891535636        6.000000    
   135.0000       51.0332075532302        6.000000    
   157.5000       49.5470235192556        6.000000    
   180.0000       48.3823510343128        6.000000    
   202.5000       48.3324206279160        6.000000    
   225.0000       49.0861262971470        6.000000    
   247.5000       50.8083763416969        6.000000    
   270.0000       54.6997314552457        6.000000    
   292.5000       59.6130284217394        6.000000    
   315.0000       62.1408828372848        6.000000    
   337.5000       61.5654495350667        6.000000    
  0.0000000E+00   59.9871740956068        6.000000    
 
  0.0000000E+00   59.4029543764278        6.283333    
   22.50000       57.4373109894409        6.283333    
   45.00000       54.9921354843649        6.283333    
   67.50000       53.5502789380885        6.283333    
   90.00000       52.5994788542694        6.283333    
   112.5000       51.3903013235853        6.283333    
   135.0000       49.9335358560912        6.283333    
   157.5000       47.9315415375563        6.283333    
   180.0000       46.0340281685004        6.283333    
   202.5000       45.7160968596369        6.283333    
   225.0000       46.4781534252124        6.283333    
   247.5000       48.7128566195293        6.283333    
   270.0000       53.7037881153102        6.283333    
   292.5000       58.4132145355053        6.283333    
   315.0000       61.0231908654968        6.283333    
   337.5000       60.8590757851769        6.283333    
  0.0000000E+00   59.4029543764278        6.283333    
 
  0.0000000E+00   59.9808965961663        6.566667    
   22.50000       58.5084208063393        6.566667    
   45.00000       56.4370059913618        6.566667    
   67.50000       54.9040680830266        6.566667    
   90.00000       53.8130863564184        6.566667    
   112.5000       52.9394286658299        6.566667    
   135.0000       52.0775106709113        6.566667    
   157.5000       50.5360414903474        6.566667    
   180.0000       48.7749772797374        6.566667    
   202.5000       48.2544766834757        6.566667    
   225.0000       48.6262406736739        6.566667    
   247.5000       50.3270744165962        6.566667    
   270.0000       53.8881039143759        6.566667    
   292.5000       57.3107361223435        6.566667    
   315.0000       59.9819978919284        6.566667    
   337.5000       60.6487891253377        6.566667    
  0.0000000E+00   59.9808965961663        6.566667    
 
  0.0000000E+00   60.5721572430305        6.850000    
   22.50000       59.9194955305381        6.850000    
   45.00000       58.3869300772938        6.850000    
   67.50000       56.8319932623234        6.850000    
   90.00000       55.5254620448448        6.850000    
   112.5000       54.5941252380311        6.850000    
   135.0000       53.9179573087518        6.850000    
   157.5000       53.0548944083312        6.850000    
   180.0000       51.9747666319576        6.850000    
   202.5000       51.4918266577331        6.850000    
   225.0000       51.3774529084522        6.850000    
   247.5000       52.1152919334207        6.850000    
   270.0000       53.9865636811542        6.850000    
   292.5000       56.3627471566799        6.850000    
   315.0000       58.8816743866739        6.850000    
   337.5000       60.3216584284774        6.850000    
  0.0000000E+00   60.5721572430305        6.850000    
 
  0.0000000E+00   60.9976994220815        7.133333    
   22.50000       60.8372583221177        7.133333    
   45.00000       59.7102393280433        7.133333    
   67.50000       58.2955263319578        7.133333    
   90.00000       56.9585856383679        7.133333    
   112.5000       55.9488597595411        7.133333    
   135.0000       55.3080952040195        7.133333    
   157.5000       54.6778801688875        7.133333    
   180.0000       53.8369412835528        7.133333    
   202.5000       53.3692094841809        7.133333    
   225.0000       53.1115076496359        7.133333    
   247.5000       53.4864143360946        7.133333    
   270.0000       54.6891737783299        7.133333    
   292.5000       56.4267618701439        7.133333    
   315.0000       58.6146135954252        7.133333    
   337.5000       60.3019542788771        7.133333    
  0.0000000E+00   60.9976994220815        7.133333    
 
  0.0000000E+00   61.4166059493924        7.416667    
   22.50000       61.0789080650231        7.416667    
   45.00000       59.9333590687792        7.416667    
   67.50000       58.6402619920653        7.416667    
   90.00000       57.4838935805501        7.416667    
   112.5000       56.6386452703513        7.416667    
   135.0000       56.1099277129886        7.416667    
   157.5000       55.5450637769183        7.416667    
   180.0000       54.8261020539664        7.416667    
   202.5000       54.4606515692060        7.416667    
   225.0000       54.3252564908159        7.416667    
   247.5000       54.8256771572600        7.416667    
   270.0000       56.0378631069786        7.416667    
   292.5000       57.6508595747227        7.416667    
   315.0000       59.5844761166921        7.416667    
   337.5000       60.9710703720032        7.416667    
  0.0000000E+00   61.4166059493924        7.416667    
 
  0.0000000E+00   61.5672223902540        7.700000    
   22.50000       60.7583610247296        7.700000    
   45.00000       59.4787598681841        7.700000    
   67.50000       58.3553352650988        7.700000    
   90.00000       57.5054003690599        7.700000    
   112.5000       56.9711954226269        7.700000    
   135.0000       56.5927187429202        7.700000    
   157.5000       56.0676296918172        7.700000    
   180.0000       55.5052613960006        7.700000    
   202.5000       55.3389608035271        7.700000    
   225.0000       55.4810468435010        7.700000    
   247.5000       56.3246069825888        7.700000    
   270.0000       57.7498524628832        7.700000    
   292.5000       59.3801095672760        7.700000    
   315.0000       60.9803200220783        7.700000    
   337.5000       61.7262527017007        7.700000    
  0.0000000E+00   61.5672223902540        7.700000    
 
  0.0000000E+00   61.5161494004504        7.983334    
   22.50000       60.3474624211933        7.983334    
   45.00000       59.0466872029617        7.983334    
   67.50000       58.1336611539837        7.983334    
   90.00000       57.5816333822092        7.983334    
   112.5000       57.3343329726074        7.983334    
   135.0000       57.0859439916940        7.983334    
   157.5000       56.6483879886716        7.983334    
   180.0000       56.2894569582470        7.983334    
   202.5000       56.3380013377383        7.983334    
   225.0000       56.7519181205053        7.983334    
   247.5000       57.8757946947564        7.983334    
   270.0000       59.4102415071503        7.983334    
   292.5000       60.9599134477980        7.983334    
   315.0000       62.1177236393091        7.983334    
   337.5000       62.2119704509769        7.983334    
  0.0000000E+00   61.5161494004504        7.983334    
 
  0.0000000E+00   61.6324398208593        8.266666    
   22.50000       60.2674885976177        8.266666    
   45.00000       59.0177661228671        8.266666    
   67.50000       58.2787119853888        8.266666    
   90.00000       57.9489576899354        8.266666    
   112.5000       57.9223001150225        8.266666    
   135.0000       57.7952949667129        8.266666    
   157.5000       57.4949339683188        8.266666    
   180.0000       57.3403496547003        8.266666    
   202.5000       57.5590148664605        8.266666    
   225.0000       58.1572751195521        8.266666    
   247.5000       59.4153273938246        8.266666    
   270.0000       60.9297948673076        8.266666    
   292.5000       62.3251464244768        8.266666    
   315.0000       63.0662241044413        8.266666    
   337.5000       62.6781610410989        8.266666    
  0.0000000E+00   61.6324398208593        8.266666    
 
  0.0000000E+00   62.2058423781173        8.550000    
   22.50000       60.7533572491834        8.550000    
   45.00000       59.5747349749224        8.550000    
   67.50000       58.9541222785026        8.550000    
   90.00000       58.7717820276967        8.550000    
   112.5000       58.9067585713664        8.550000    
   135.0000       58.8967257999848        8.550000    
   157.5000       58.7576157304385        8.550000    
   180.0000       58.7857137331645        8.550000    
   202.5000       59.1266784146889        8.550000    
   225.0000       59.8280420802740        8.550000    
   247.5000       61.1104055947016        8.550000    
   270.0000       62.5311069883183        8.550000    
   292.5000       63.7506826784326        8.550000    
   315.0000       64.1558664635340        8.550000    
   337.5000       63.4522808414847        8.550000    
  0.0000000E+00   62.2058423781173        8.550000    
 
  0.0000000E+00   63.4922157274287        8.833333    
   22.50000       62.0198987653422        8.833333    
   45.00000       60.9138208299611        8.833333    
   67.50000       60.3670052982415        8.833333    
   90.00000       60.2749412263555        8.833333    
   112.5000       60.5243130757136        8.833333    
   135.0000       60.6227174723425        8.833333    
   157.5000       60.6465350811672        8.833333    
   180.0000       60.8299179679531        8.833333    
   202.5000       61.2571359150716        8.833333    
   225.0000       62.0049080401810        8.833333    
   247.5000       63.2459964617275        8.833333    
   270.0000       64.5378396016039        8.833333    
   292.5000       65.5831921584673        8.833333    
   315.0000       65.7326499659761        8.833333    
   337.5000       64.8373281180993        8.833333    
  0.0000000E+00   63.4922157274287        8.833333    
 
  0.0000000E+00   65.8216492979722        9.116667    
   22.50000       64.3766263832662        9.116667    
   45.00000       63.3428219210268        9.116667    
   67.50000       62.8421274579045        9.116667    
   90.00000       62.8011584880873        9.116667    
   112.5000       63.1270226566202        9.116667    
   135.0000       63.3194191959530        9.116667    
   157.5000       63.4910479924162        9.116667    
   180.0000       63.7996777124158        9.116667    
   202.5000       64.2847618921655        9.116667    
   225.0000       65.0396023559554        9.116667    
   247.5000       66.2010039712439        9.116667    
   270.0000       67.3480082942338        9.116667    
   292.5000       68.2283553119166        9.116667    
   315.0000       68.1901068321520        9.116667    
   337.5000       67.1930726901364        9.116667    
  0.0000000E+00   65.8216492979722        9.116667    
 
  0.0000000E+00   69.7482869564602        9.400000    
   22.50000       68.3729503722880        9.400000    
   45.00000       67.4180524768245        9.400000    
   67.50000       66.9525736710429        9.400000    
   90.00000       66.9376304051331        9.400000    
   112.5000       67.3061493218912        9.400000    
   135.0000       67.5698506397572        9.400000    
   157.5000       67.8585142077963        9.400000    
   180.0000       68.2564301822715        9.400000    
   202.5000       68.7709701047261        9.400000    
   225.0000       69.5006262660308        9.400000    
   247.5000       70.5557298241809        9.400000    
   270.0000       71.5497272769620        9.400000    
   292.5000       72.2764378667315        9.400000    
   315.0000       72.1104850568019        9.400000    
   337.5000       71.0852723945298        9.400000    
  0.0000000E+00   69.7482869564602        9.400000    
 
  0.0000000E+00   76.3154402580542        9.683333    
   22.50000       75.0654497203448        9.683333    
   45.00000       74.2113328159998        9.683333    
   67.50000       73.7860485368723        9.683333    
   90.00000       73.7788466459446        9.683333    
   112.5000       74.1487590336684        9.683333    
   135.0000       74.4443361406951        9.683333    
   157.5000       74.7960751702018        9.683333    
   180.0000       75.2314665530165        9.683333    
   202.5000       75.7363216957476        9.683333    
   225.0000       76.4046737401800        9.683333    
   247.5000       77.3255711234692        9.683333    
   270.0000       78.1598396654427        9.683333    
   292.5000       78.7466111653557        9.683333    
   315.0000       78.5191839794581        9.683333    
   337.5000       77.5463715611112        9.683333    
  0.0000000E+00   76.3154402580542        9.683333    
 
  0.0000000E+00   87.8336411639674        9.966667    
   22.50000       86.8191351764464        9.966667    
   45.00000       86.1229156528896        9.966667    
   67.50000       85.7605311135316        9.966667    
   90.00000       85.7295151832073        9.966667    
   112.5000       86.0151021955469        9.966667    
   135.0000       86.2519351951854        9.966667    
   157.5000       86.5523620963656        9.966667    
   180.0000       86.9245779423892        9.966667    
   202.5000       87.3423953785874        9.966667    
   225.0000       87.8862465644345        9.966667    
   247.5000       88.6228938933263        9.966667    
   270.0000       89.2894203973373        9.966667    
   292.5000       89.7640495357932        9.966667    
   315.0000       89.5930939751182        9.966667    
   337.5000       88.8197318341086        9.966667    
  0.0000000E+00   87.8336411639674        9.966667    
 
  0.0000000E+00   110.866461623215        10.25000    
   22.50000       110.431147044921        10.25000    
   45.00000       110.076857554689        10.25000    
   67.50000       109.833925190344        10.25000    
   90.00000       109.638405984164        10.25000    
   112.5000       109.526555387064        10.25000    
   135.0000       109.384103506585        10.25000    
   157.5000       109.265185721609        10.25000    
   180.0000       109.273036950565        10.25000    
   202.5000       109.373883748425        10.25000    
   225.0000       109.622162729229        10.25000    
   247.5000       110.042907751903        10.25000    
   270.0000       110.544199909745        10.25000    
   292.5000       111.018110882485        10.25000    
   315.0000       111.277795432697        10.25000    
   337.5000       111.164365722800        10.25000    
  0.0000000E+00   110.866461623215        10.25000    
 
