  0.0000000E+00   65.7324009823451        6.000000    
   22.50000       64.9630270783613        6.000000    
   45.00000       61.5648256677615        6.000000    
   67.50000       58.5527262442557        6.000000    
   90.00000       57.0407642827866        6.000000    
   112.5000       57.1665703755958        6.000000    
   135.0000       58.5106899451205        6.000000    
   157.5000       60.0266328918546        6.000000    
   180.0000       61.5119819328695        6.000000    
   202.5000       63.8465873888020        6.000000    
   225.0000       67.7488876017493        6.000000    
   247.5000       69.8591905008179        6.000000    
   270.0000       69.7976841508120        6.000000    
   292.5000       69.3054925990764        6.000000    
   315.0000       68.4048269333141        6.000000    
   337.5000       66.9227198847360        6.000000    
  0.0000000E+00   65.7324009823451        6.000000    
 
  0.0000000E+00   66.8407243858233        6.283333    
   22.50000       65.8912214297181        6.283333    
   45.00000       63.0485795114231        6.283333    
   67.50000       59.3747799495368        6.283333    
   90.00000       57.1761657823383        6.283333    
   112.5000       57.0272778944520        6.283333    
   135.0000       58.5773911431683        6.283333    
   157.5000       60.4638434685931        6.283333    
   180.0000       62.5583674126829        6.283333    
   202.5000       66.2326977508376        6.283333    
   225.0000       70.6467884061183        6.283333    
   247.5000       71.9188478897272        6.283333    
   270.0000       71.6554555442979        6.283333    
   292.5000       71.0433922155269        6.283333    
   315.0000       70.0374059908183        6.283333    
   337.5000       68.3449841608194        6.283333    
  0.0000000E+00   66.8407243858233        6.283333    
 
  0.0000000E+00   68.0114790283858        6.566667    
   22.50000       66.9252817672508        6.566667    
   45.00000       65.2866451529543        6.566667    
   67.50000       62.5214017279811        6.566667    
   90.00000       60.3050028803413        6.566667    
   112.5000       59.6571302215531        6.566667    
   135.0000       60.7422067863496        6.566667    
   157.5000       62.4399871290179        6.566667    
   180.0000       64.4570331658526        6.566667    
   202.5000       68.1957955126098        6.566667    
   225.0000       71.5154162705430        6.566667    
   247.5000       72.7092586682122        6.566667    
   270.0000       72.5345659021367        6.566667    
   292.5000       71.9568331062236        6.566667    
   315.0000       71.0695009082867        6.566667    
   337.5000       69.5470616665324        6.566667    
  0.0000000E+00   68.0114790283858        6.566667    
 
  0.0000000E+00   68.9342419704505        6.850000    
   22.50000       67.7004578782537        6.850000    
   45.00000       66.3955985192346        6.850000    
   67.50000       65.0073269067984        6.850000    
   90.00000       63.4206333070271        6.850000    
   112.5000       62.5636516928084        6.850000    
   135.0000       63.1130267790673        6.850000    
   157.5000       64.4131284200525        6.850000    
   180.0000       66.0580481263201        6.850000    
   202.5000       68.8752337447725        6.850000    
   225.0000       71.2839103184429        6.850000    
   247.5000       72.6608337538354        6.850000    
   270.0000       72.8200558959675        6.850000    
   292.5000       72.3955096812195        6.850000    
   315.0000       71.6777606476644        6.850000    
   337.5000       70.4107315720620        6.850000    
  0.0000000E+00   68.9342419704505        6.850000    
 
  0.0000000E+00   69.2106389429990        7.133333    
   22.50000       67.8464671267820        7.133333    
   45.00000       66.5706710381117        7.133333    
   67.50000       65.5442810511793        7.133333    
   90.00000       64.5901304412098        7.133333    
   112.5000       64.1770496681129        7.133333    
   135.0000       64.7783100428045        7.133333    
   157.5000       65.9523173000582        7.133333    
   180.0000       67.4065450358672        7.133333    
   202.5000       69.3733414080452        7.133333    
   225.0000       71.1726598606557        7.133333    
   247.5000       72.4359268270535        7.133333    
   270.0000       72.7430454965157        7.133333    
   292.5000       72.4146532190563        7.133333    
   315.0000       71.7371043074806        7.133333    
   337.5000       70.6040602098586        7.133333    
  0.0000000E+00   69.2106389429990        7.133333    
 
  0.0000000E+00   68.4890614563617        7.416667    
   22.50000       67.1099991319005        7.416667    
   45.00000       65.9381184563095        7.416667    
   67.50000       65.1534060721072        7.416667    
   90.00000       64.6926553996516        7.416667    
   112.5000       64.8729756421250        7.416667    
   135.0000       65.8887496956609        7.416667    
   157.5000       67.2562599879193        7.416667    
   180.0000       68.7677842158039        7.416667    
   202.5000       70.3324896900797        7.416667    
   225.0000       71.5457254513623        7.416667    
   247.5000       72.2968650766980        7.416667    
   270.0000       72.3239940894772        7.416667    
   292.5000       71.8573014162132        7.416667    
   315.0000       71.0344699868933        7.416667    
   337.5000       69.8582343435881        7.416667    
  0.0000000E+00   68.4890614563617        7.416667    
 
  0.0000000E+00   67.2506172035333        7.700000    
   22.50000       66.0066685456842        7.700000    
   45.00000       65.1341956480106        7.700000    
   67.50000       64.7769326368271        7.700000    
   90.00000       64.9586658581528        7.700000    
   112.5000       65.8666548970920        7.700000    
   135.0000       67.3379125508954        7.700000    
   157.5000       68.8364715868482        7.700000    
   180.0000       70.2024797603566        7.700000    
   202.5000       71.2277897447987        7.700000    
   225.0000       71.7623614317176        7.700000    
   247.5000       71.8868764401338        7.700000    
   270.0000       71.5087999897314        7.700000    
   292.5000       70.8213613160801        7.700000    
   315.0000       69.8257905866193        7.700000    
   337.5000       68.5848942287093        7.700000    
  0.0000000E+00   67.2506172035333        7.700000    
 
  0.0000000E+00   66.2541804715396        7.983334    
   22.50000       65.2594088641603        7.983334    
   45.00000       64.7855016044496        7.983334    
   67.50000       64.9470694706934        7.983334    
   90.00000       65.7863355521114        7.983334    
   112.5000       67.2842209567617        7.983334    
   135.0000       68.9751222865714        7.983334    
   157.5000       70.3627890054490        7.983334    
   180.0000       71.3265329712384        7.983334    
   202.5000       71.7296845175926        7.983334    
   225.0000       71.6662931873044        7.983334    
   247.5000       71.3033513414973        7.983334    
   270.0000       70.6440995700759        7.983334    
   292.5000       69.8085812315745        7.983334    
   315.0000       68.7202107702190        7.983334    
   337.5000       67.4866592956701        7.983334    
  0.0000000E+00   66.2541804715396        7.983334    
 
  0.0000000E+00   65.8780740233875        8.266666    
   22.50000       65.1667762977643        8.266666    
   45.00000       65.0879871092471        8.266666    
   67.50000       65.7334076538892        8.266666    
   90.00000       67.0986448068958        8.266666    
   112.5000       68.9409539464782        8.266666    
   135.0000       70.6257458891108        8.266666    
   157.5000       71.7525713972149        8.266666    
   180.0000       72.2543330415440        8.266666    
   202.5000       72.1360256658609        8.266666    
   225.0000       71.6419305467868        8.266666    
   247.5000       70.9582494286328        8.266666    
   270.0000       70.1343552490190        8.266666    
   292.5000       69.2289336392578        8.266666    
   315.0000       68.1305821021064        8.266666    
   337.5000       66.9633937283259        8.266666    
  0.0000000E+00   65.8780740233875        8.266666    
 
  0.0000000E+00   66.2779128460929        8.550000    
   22.50000       65.8446866358187        8.550000    
   45.00000       66.1158556596504        8.550000    
   67.50000       67.1549723128442        8.550000    
   90.00000       68.8745152089200        8.550000    
   112.5000       70.8515088424484        8.550000    
   135.0000       72.4024799663762        8.550000    
   157.5000       73.2327956834014        8.550000    
   180.0000       73.3341455014451        8.550000    
   202.5000       72.8370659158627        8.550000    
   225.0000       72.0547306361564        8.550000    
   247.5000       71.1670581472008        8.550000    
   270.0000       70.2497732523359        8.550000    
   292.5000       69.3228225747439        8.550000    
   315.0000       68.2631027204974        8.550000    
   337.5000       67.1948067197082        8.550000    
  0.0000000E+00   66.2779128460929        8.550000    
 
  0.0000000E+00   67.6095581745062        8.833333    
   22.50000       67.4299796203948        8.833333    
   45.00000       67.9880220836638        8.833333    
   67.50000       69.3111104315150        8.833333    
   90.00000       71.2216537818906        8.833333    
   112.5000       73.1843305374813        8.833333    
   135.0000       74.5452071698785        8.833333    
   157.5000       75.1031545923272        8.833333    
   180.0000       74.8998972549478        8.833333    
   202.5000       74.1505321929396        8.833333    
   225.0000       73.1877170421140        8.833333    
   247.5000       72.1774843405201        8.833333    
   270.0000       71.2132200490866        8.833333    
   292.5000       70.2956979605991        8.833333    
   315.0000       69.3027848217581        8.833333    
   337.5000       68.3512260467212        8.833333    
  0.0000000E+00   67.6095581745062        8.833333    
 
  0.0000000E+00   70.1091758760136        9.116667    
   22.50000       70.1440265158194        9.116667    
   45.00000       70.9114844819449        9.116667    
   67.50000       72.3994157478844        9.116667    
   90.00000       74.3561557406110        9.116667    
   112.5000       76.2030084932950        9.116667    
   135.0000       77.3584050936820        9.116667    
   157.5000       77.6936438210783        9.116667    
   180.0000       77.2843127462151        9.116667    
   202.5000       76.3893103554717        9.116667    
   225.0000       75.3325829085679        9.116667    
   247.5000       74.2654981382965        9.116667    
   270.0000       73.2932437114923        9.116667    
   292.5000       72.4106856484489        9.116667    
   315.0000       71.5042507875325        9.116667    
   337.5000       70.6798123772891        9.116667    
  0.0000000E+00   70.1091758760136        9.116667    
 
  0.0000000E+00   74.1789070003990        9.400000    
   22.50000       74.3715505566035        9.400000    
   45.00000       75.2523074909129        9.400000    
   67.50000       76.7739672943735        9.400000    
   90.00000       78.6429878663084        9.400000    
   112.5000       80.2981117668771        9.400000    
   135.0000       81.2514761532124        9.400000    
   157.5000       81.4259854506379        9.400000    
   180.0000       80.9103481511304        9.400000    
   202.5000       79.9706361066958        9.400000    
   225.0000       78.9040651779148        9.400000    
   247.5000       77.8462845118536        9.400000    
   270.0000       76.9082435185497        9.400000    
   292.5000       76.0880353289008        9.400000    
   315.0000       75.2857516427898        9.400000    
   337.5000       74.5940114130619        9.400000    
  0.0000000E+00   74.1789070003990        9.400000    
 
  0.0000000E+00   80.5290342418264        9.683333    
   22.50000       80.7931106879810        9.683333    
   45.00000       81.6554165250049        9.683333    
   67.50000       83.0479911864126        9.683333    
   90.00000       84.6820935222711        9.683333    
   112.5000       86.0721046564985        9.683333    
   135.0000       86.8377098827026        9.683333    
   157.5000       86.9307540161878        9.683333    
   180.0000       86.4276759692556        9.683333    
   202.5000       85.5636634043005        9.683333    
   225.0000       84.5917937599257        9.683333    
   247.5000       83.6281836991436        9.683333    
   270.0000       82.7811665635276        9.683333    
   292.5000       82.0582960073064        9.683333    
   315.0000       81.3796293352984        9.683333    
   337.5000       80.8208310825435        9.683333    
  0.0000000E+00   80.5290342418264        9.683333    
 
  0.0000000E+00   90.5372267078786        9.966667    
   22.50000       90.7153413283074        9.966667    
   45.00000       91.3372798281708        9.966667    
   67.50000       92.3459465815975        9.966667    
   90.00000       93.5318762154084        9.966667    
   112.5000       94.5546223637730        9.966667    
   135.0000       95.1605706811422        9.966667    
   157.5000       95.2997628635507        9.966667    
   180.0000       94.9986465567727        9.966667    
   202.5000       94.4072373023838        9.966667    
   225.0000       93.7053455982559        9.966667    
   247.5000       92.9771469576616        9.966667    
   270.0000       92.3138836967463        9.966667    
   292.5000       91.7410247772353        9.966667    
   315.0000       91.2110757544054        9.966667    
   337.5000       90.7747787642257        9.966667    
  0.0000000E+00   90.5372267078786        9.966667    
 
  0.0000000E+00   107.288299471040        10.25000    
   22.50000       107.004669168237        10.25000    
   45.00000       106.890571154528        10.25000    
   67.50000       106.979659604731        10.25000    
   90.00000       107.291361438475        10.25000    
   112.5000       107.747581200855        10.25000    
   135.0000       108.263708405020        10.25000    
   157.5000       108.729108099584        10.25000    
   180.0000       109.047297990894        10.25000    
   202.5000       109.172892267934        10.25000    
   225.0000       109.141318663571        10.25000    
   247.5000       108.963074930281        10.25000    
   270.0000       108.677090396049        10.25000    
   292.5000       108.352222001537        10.25000    
   315.0000       108.011182493994        10.25000    
   337.5000       107.653999176158        10.25000    
  0.0000000E+00   107.288299471040        10.25000    
 
