  0.0000000E+00   80.5577752494261        6.000000    
   15.00000       79.4513461460101        6.000000    
   30.00000       78.1968743415693        6.000000    
   45.00000       77.0470342854511        6.000000    
   60.00000       76.1265314128449        6.000000    
   75.00000       75.5614807454583        6.000000    
   90.00000       75.3200500031984        6.000000    
   105.0000       75.3321433896820        6.000000    
   120.0000       75.4942298453774        6.000000    
   135.0000       75.6677361816799        6.000000    
   150.0000       75.7969116331706        6.000000    
   165.0000       75.8594407372174        6.000000    
   180.0000       75.8356622063559        6.000000    
   195.0000       75.8196465985132        6.000000    
   210.0000       75.8621773627309        6.000000    
   225.0000       76.0040197289359        6.000000    
   240.0000       76.3463200109039        6.000000    
   255.0000       77.0007488876277        6.000000    
   270.0000       77.9103170739690        6.000000    
   285.0000       79.1028336609965        6.000000    
   300.0000       80.5480283089961        6.000000    
   315.0000       81.5770094819638        6.000000    
   330.0000       81.7373614512817        6.000000    
   345.0000       81.3678015877918        6.000000    
  0.0000000E+00   80.5577752494261        6.000000    
 
  0.0000000E+00   89.0552777071481        6.121428    
   15.00000       87.2657068054911        6.121428    
   30.00000       85.1658695556739        6.121428    
   45.00000       83.1770796988878        6.121428    
   60.00000       81.6006035197265        6.121428    
   75.00000       80.6246139119365        6.121428    
   90.00000       80.2082440874038        6.121428    
   105.0000       80.2687741006077        6.121428    
   120.0000       80.5955048393535        6.121428    
   135.0000       80.9494318633750        6.121428    
   150.0000       81.2089930395090        6.121428    
   165.0000       81.3281237321457        6.121428    
   180.0000       81.2908825750139        6.121428    
   195.0000       81.2173370404035        6.121428    
   210.0000       81.2299415894336        6.121428    
   225.0000       81.4178593135132        6.121428    
   240.0000       81.9723773823481        6.121428    
   255.0000       83.0786853884495        6.121428    
   270.0000       84.6422654357601        6.121428    
   285.0000       86.6838987651630        6.121428    
   300.0000       88.9956921385941        6.121428    
   315.0000       90.4659975624310        6.121428    
   330.0000       90.6409214641075        6.121428    
   345.0000       90.1793149585211        6.121428    
  0.0000000E+00   89.0552777071481        6.121428    
 
  0.0000000E+00   95.4591659623401        6.242857    
   15.00000       93.3171502144505        6.242857    
   30.00000       90.6569588474482        6.242857    
   45.00000       88.1048871189579        6.242857    
   60.00000       86.0845306897918        6.242857    
   75.00000       84.8562990526383        6.242857    
   90.00000       84.3659475685379        6.242857    
   105.0000       84.4991835995893        6.242857    
   120.0000       84.9880315885993        6.242857    
   135.0000       85.5051056340709        6.242857    
   150.0000       85.8861532158593        6.242857    
   165.0000       86.0338224838765        6.242857    
   180.0000       85.9553169322397        6.242857    
   195.0000       85.7931073968002        6.242857    
   210.0000       85.7379887444871        6.242857    
   225.0000       85.9389027089722        6.242857    
   240.0000       86.6493547934822        6.242857    
   255.0000       88.0809851931957        6.242857    
   270.0000       90.1208766732129        6.242857    
   285.0000       92.7185006572654        6.242857    
   300.0000       95.4305101765216        6.242857    
   315.0000       96.9207781005448        6.242857    
   330.0000       97.1317018336951        6.242857    
   345.0000       96.6263611063446        6.242857    
  0.0000000E+00   95.4591659623401        6.242857    
 
  0.0000000E+00   100.032510370432        6.364286    
   15.00000       97.7901774685464        6.364286    
   30.00000       94.7866926633867        6.364286    
   45.00000       91.8874045055770        6.364286    
   60.00000       89.6094583820326        6.364286    
   75.00000       88.2735327167048        6.364286    
   90.00000       87.8087281654999        6.364286    
   105.0000       88.0612221265125        6.364286    
   120.0000       88.7063692174333        6.364286    
   135.0000       89.3566660309247        6.364286    
   150.0000       89.8103265333024        6.364286    
   165.0000       89.9415401167298        6.364286    
   180.0000       89.7836875913508        6.364286    
   195.0000       89.5229316479118        6.364286    
   210.0000       89.3857839095884        6.364286    
   225.0000       89.5855050435273        6.364286    
   240.0000       90.4225565035779        6.364286    
   255.0000       92.0960052332952        6.364286    
   270.0000       94.4799537790177        6.364286    
   285.0000       97.3931265325728        6.364286    
   300.0000       100.126352074837        6.364286    
   315.0000       101.547032582577        6.364286    
   330.0000       101.786115186919        6.364286    
   345.0000       101.241224968935        6.364286    
  0.0000000E+00   100.032510370432        6.364286    
 
  0.0000000E+00   103.174458307337        6.485714    
   15.00000       100.928480849797        6.485714    
   30.00000       97.7551891441631        6.485714    
   45.00000       94.6784685702026        6.485714    
   60.00000       92.3073810443841        6.485714    
   75.00000       90.9814850982750        6.485714    
   90.00000       90.6291485537989        6.485714    
   105.0000       91.0390481528051        6.485714    
   120.0000       91.8285336789411        6.485714    
   135.0000       92.5731648343913        6.485714    
   150.0000       93.0414443278635        6.485714    
   165.0000       93.1051058353337        6.485714    
   180.0000       92.8436303743959        6.485714    
   195.0000       92.4651533565687        6.485714    
   210.0000       92.2405858976884        6.485714    
   225.0000       92.4367596033168        6.485714    
   240.0000       93.3824526313204        6.485714    
   255.0000       95.2442983129167        6.485714    
   270.0000       97.8457117547522        6.485714    
   285.0000       100.861425112502        6.485714    
   300.0000       103.440456857035        6.485714    
   315.0000       104.824817069749        6.485714    
   330.0000       105.069348333156        6.485714    
   345.0000       104.466519153501        6.485714    
  0.0000000E+00   103.174458307337        6.485714    
 
  0.0000000E+00   105.218040637539        6.607143    
   15.00000       102.959508732916        6.607143    
   30.00000       99.7688060386068        6.607143    
   45.00000       96.6496895423876        6.607143    
   60.00000       94.3204222913908        6.607143    
   75.00000       93.1083202418908        6.607143    
   90.00000       92.9243757465902        6.607143    
   105.0000       93.5148552313896        6.607143    
   120.0000       94.4279840878471        6.607143    
   135.0000       95.2227049241375        6.607143    
   150.0000       95.6585677576681        6.607143    
   165.0000       95.6087563469132        6.607143    
   180.0000       95.2093929636886        6.607143    
   195.0000       94.6979467321755        6.607143    
   210.0000       94.3831592096438        6.607143    
   225.0000       94.5843868737063        6.607143    
   240.0000       95.6197098233068        6.607143    
   255.0000       97.6036158140080        6.607143    
   270.0000       100.301422184545        6.607143    
   285.0000       103.280212216361        6.607143    
   300.0000       105.754935717886        6.607143    
   315.0000       107.104538971991        6.607143    
   330.0000       107.321712495248        6.607143    
   345.0000       106.631589077864        6.607143    
  0.0000000E+00   105.218040637539        6.607143    
 
  0.0000000E+00   106.417205485171        6.728571    
   15.00000       104.111804301562        6.728571    
   30.00000       101.014076052627        6.728571    
   45.00000       97.9650706676761        6.728571    
   60.00000       95.7779384326260        6.728571    
   75.00000       94.7561678404947        6.728571    
   90.00000       94.7837976877056        6.728571    
   105.0000       95.5530017769945        6.728571    
   120.0000       96.5698863186568        6.728571    
   135.0000       97.3706544017083        6.728571    
   150.0000       97.7212650146590        6.728571    
   165.0000       97.5185028412136        6.728571    
   180.0000       96.9532634586845        6.728571    
   195.0000       96.2987066784716        6.728571    
   210.0000       95.8976804705233        6.728571    
   225.0000       96.0968198474074        6.728571    
   240.0000       97.1906330235523        6.728571    
   255.0000       99.2257710853926        6.728571    
   270.0000       101.967272208659        6.728571    
   285.0000       104.927526505891        6.728571    
   300.0000       107.328949243883        6.728571    
   315.0000       108.631747202319        6.728571    
   330.0000       108.785674961035        6.728571    
   345.0000       107.977384749673        6.728571    
  0.0000000E+00   106.417205485171        6.728571    
 
  0.0000000E+00   106.965118679070        6.850000    
   15.00000       104.595914764603        6.850000    
   30.00000       101.645780493598        6.850000    
   45.00000       98.7608868861986        6.850000    
   60.00000       96.7858292925595        6.850000    
   75.00000       96.0047484905191        6.850000    
   90.00000       96.2654007779964        6.850000    
   105.0000       97.2058338379542        6.850000    
   120.0000       98.2939287179163        6.850000    
   135.0000       99.0589724865657        6.850000    
   150.0000       99.2801238615298        6.850000    
   165.0000       98.8937343662509        6.850000    
   180.0000       98.1486982566824        6.850000    
   195.0000       97.3423272942830        6.850000    
   210.0000       96.8479723775999        6.850000    
   225.0000       97.0272738840142        6.850000    
   240.0000       98.1415367461422        6.850000    
   255.0000       100.238152064568        6.850000    
   270.0000       103.039456818281        6.850000    
   285.0000       105.994782190990        6.850000    
   300.0000       108.338691240473        6.850000    
   315.0000       109.577537835713        6.850000    
   330.0000       109.635379552479        6.850000    
   345.0000       108.683550080323        6.850000    
  0.0000000E+00   106.965118679070        6.850000    
 
  0.0000000E+00   107.011873782292        6.971429    
   15.00000       104.578956799423        6.971429    
   30.00000       101.782635601269        6.971429    
   45.00000       99.1420689134059        6.971429    
   60.00000       97.4246654083469        6.971429    
   75.00000       96.9123493767261        6.971429    
   90.00000       97.4095853623547        6.971429    
   105.0000       98.5033658150318        6.971429    
   120.0000       99.6296422527991        6.971429    
   135.0000       100.322542370034        6.971429    
   150.0000       100.380432239747        6.971429    
   165.0000       99.7953600989529        6.971429    
   180.0000       98.8562297833198        6.971429    
   195.0000       97.8885677956826        6.971429    
   210.0000       97.2876267961365        6.971429    
   225.0000       97.4430059760426        6.971429    
   240.0000       98.6086485688086        6.971429    
   255.0000       100.785414025113        6.971429    
   270.0000       103.655519830571        6.971429    
   285.0000       106.613941306703        6.971429    
   300.0000       108.905923916257        6.971429    
   315.0000       110.063636248111        6.971429    
   330.0000       109.999638037675        6.971429    
   345.0000       108.888184643157        6.971429    
  0.0000000E+00   107.011873782292        6.971429    
 
  0.0000000E+00   106.676480930892        7.092857    
   15.00000       104.190696944479        7.092857    
   30.00000       101.532716981874        7.092857    
   45.00000       99.1859797876090        7.092857    
   60.00000       97.7582718409144        7.092857    
   75.00000       97.5198773333170        7.092857    
   90.00000       98.2445041212870        7.092857    
   105.0000       99.4680443773709        7.092857    
   120.0000       100.601919125021        7.092857    
   135.0000       101.193619966496        7.092857    
   150.0000       101.070723299716        7.092857    
   165.0000       100.274013198954        7.092857    
   180.0000       99.1301175992210        7.092857    
   195.0000       97.9900423536194        7.092857    
   210.0000       97.3051581036488        7.092857    
   225.0000       97.4676380942437        7.092857    
   240.0000       98.7024506634795        7.092857    
   255.0000       100.972749465742        7.092857    
   270.0000       103.913906739768        7.092857    
   285.0000       106.878248355884        7.092857    
   300.0000       109.117963923734        7.092857    
   315.0000       110.180320168741        7.092857    
   330.0000       109.977718806518        7.092857    
   345.0000       108.700873641127        7.092857    
  0.0000000E+00   106.676480930892        7.092857    
 
  0.0000000E+00   106.050922959735        7.214286    
   15.00000       103.527994117338        7.214286    
   30.00000       100.999752273684        7.214286    
   45.00000       98.9464108875678        7.214286    
   60.00000       97.8273501550733        7.214286    
   75.00000       97.8606655986853        7.214286    
   90.00000       98.7911609872108        7.214286    
   105.0000       100.119305154334        7.214286    
   120.0000       101.239141606996        7.214286    
   135.0000       101.709057882804        7.214286    
   150.0000       101.391789827157        7.214286    
   165.0000       100.376018156270        7.214286    
   180.0000       99.0190410451665        7.214286    
   195.0000       97.7391039789095        7.214286    
   210.0000       97.0056959424480        7.214286    
   225.0000       97.1961446484446        7.214286    
   240.0000       98.5096888452073        7.214286    
   255.0000       100.875138995106        7.214286    
   270.0000       103.886200770159        7.214286    
   285.0000       106.855948612053        7.214286    
   300.0000       109.040474460077        7.214286    
   315.0000       109.997808945202        7.214286    
   330.0000       109.648951674161        7.214286    
   345.0000       108.210205320857        7.214286    
  0.0000000E+00   106.050922959735        7.214286    
 
  0.0000000E+00   105.211635933886        7.335714    
   15.00000       102.668389570802        7.335714    
   30.00000       100.263702583214        7.335714    
   45.00000       98.4672587552037        7.335714    
   60.00000       97.6604020587220        7.335714    
   75.00000       97.9559913208829        7.335714    
   90.00000       99.0716423353794        7.335714    
   105.0000       100.480509362865        7.335714    
   120.0000       101.565706109402        7.335714    
   135.0000       101.900477795038        7.335714    
   150.0000       101.382150737357        7.335714    
   165.0000       100.143914899914        7.335714    
   180.0000       98.6090999981658        7.335714    
   195.0000       97.2275659397391        7.335714    
   210.0000       96.4711778609702        7.335714    
   225.0000       96.7020715849123        7.335714    
   240.0000       98.0968209069324        7.335714    
   255.0000       100.552999594182        7.335714    
   270.0000       103.626125366151        7.335714    
   285.0000       106.596943957505        7.335714    
   300.0000       108.722650416627        7.335714    
   315.0000       109.570263165414        7.335714    
   330.0000       109.075610749812        7.335714    
   345.0000       107.485757882214        7.335714    
  0.0000000E+00   105.211635933886        7.335714    
 
  0.0000000E+00   104.219295868491        7.457143    
   15.00000       101.671223895239        7.457143    
   30.00000       99.3841468365150        7.457143    
   45.00000       97.8115308449833        7.457143    
   60.00000       97.2776518269039        7.457143    
   75.00000       97.8228410707842        7.457143    
   90.00000       99.1024770517859        7.457143    
   105.0000       100.571089251264        7.457143    
   120.0000       101.606294709460        7.457143    
   135.0000       101.798624284307        7.457143    
   150.0000       101.078429771831        7.457143    
   165.0000       99.6544365790359        7.457143    
   180.0000       97.9800872852091        7.457143    
   195.0000       96.5269732216986        7.457143    
   210.0000       95.7653286378583        7.457143    
   225.0000       96.0426455843720        7.457143    
   240.0000       97.5156034744977        7.457143    
   255.0000       100.053738028315        7.457143    
   270.0000       103.178607821828        7.457143    
   285.0000       106.144526532728        7.457143    
   300.0000       108.208447257395        7.457143    
   315.0000       108.946167470981        7.457143    
   330.0000       108.312405236611        7.457143    
   345.0000       106.586963149741        7.457143    
  0.0000000E+00   104.219295868491        7.457143    
 
  0.0000000E+00   103.121580322564        7.578571    
   15.00000       100.581919165603        7.578571    
   30.00000       98.4059245049632        7.578571    
   45.00000       97.0278027264367        7.578571    
   60.00000       96.7236983898511        7.578571    
   75.00000       97.4765310442484        7.578571    
   90.00000       98.9002128885968        7.578571    
   105.0000       100.411121274624        7.578571    
   120.0000       101.385637431629        7.578571    
   135.0000       101.440615186518        7.578571    
   150.0000       100.550746015564        7.578571    
   165.0000       98.9761090556702        7.578571    
   180.0000       97.1942580321864        7.578571    
   195.0000       95.6929187766514        7.578571    
   210.0000       94.9378286651963        7.578571    
   225.0000       95.2628501992312        7.578571    
   240.0000       96.8072258616239        7.578571    
   255.0000       99.4157755422079        7.578571    
   270.0000       102.580701351688        7.578571    
   285.0000       105.535047215351        7.578571    
   300.0000       107.535352997854        7.578571    
   315.0000       108.166671806995        7.578571    
   330.0000       107.404823787489        7.578571    
   345.0000       105.561922619389        7.578571    
  0.0000000E+00   103.121580322564        7.578571    
 
  0.0000000E+00   101.955623491276        7.700000    
   15.00000       99.4351636988748        7.700000    
   30.00000       97.3631583707670        7.700000    
   45.00000       96.1534172455203        7.700000    
   60.00000       96.0414474578871        7.700000    
   75.00000       96.9632200580461        7.700000    
   90.00000       98.4990885424676        7.700000    
   105.0000       100.035897087589        7.700000    
   120.0000       100.951495832262        7.700000    
   135.0000       100.887797443529        7.700000    
   150.0000       99.8573107003145        7.700000    
   165.0000       98.1624435882033        7.700000    
   180.0000       96.2998306673250        7.700000    
   195.0000       94.7683893045002        7.700000    
   210.0000       94.0273915927057        7.700000    
   225.0000       94.3982385722676        7.700000    
   240.0000       96.0049018277056        7.700000    
   255.0000       98.6708371537873        7.700000    
   270.0000       101.863609451770        7.700000    
   285.0000       104.799628951066        7.700000    
   300.0000       106.735678071124        7.700000    
   315.0000       107.266737355018        7.700000    
   330.0000       106.390460428466        7.700000    
   345.0000       104.449183069355        7.700000    
  0.0000000E+00   101.955623491276        7.700000    
 
  0.0000000E+00   100.750823247305        7.821429    
   15.00000       98.2581151635200        7.821429    
   30.00000       96.2827801256072        7.821429    
   45.00000       95.2183166447650        7.821429    
   60.00000       95.2659345272837        7.821429    
   75.00000       96.3236120409396        7.821429    
   90.00000       97.9450485153162        7.821429    
   105.0000       99.4949803267657        7.821429    
   120.0000       100.354865406415        7.821429    
   135.0000       100.189931978872        7.821429    
   150.0000       99.0447049725711        7.821429    
   165.0000       97.2558620577881        7.821429    
   180.0000       95.3347895324763        7.821429    
   195.0000       93.7873463622526        7.821429    
   210.0000       93.0650237396409        7.821429    
   225.0000       93.4778779696103        7.821429    
   240.0000       95.1365148904803        7.821429    
   255.0000       97.8463043321285        7.821429    
   270.0000       101.054793140714        7.821429    
   285.0000       103.966000512616        7.821429    
   300.0000       105.838130747667        7.821429    
   315.0000       106.276718908971        7.821429    
   330.0000       105.300880947937        7.821429    
   345.0000       103.280056053042        7.821429    
  0.0000000E+00   100.750823247305        7.821429    
 
  0.0000000E+00   99.5309343069606        7.942857    
   15.00000       97.0726615048498        7.942857    
   30.00000       95.1868299369818        7.942857    
   45.00000       94.2474057478149        7.942857    
   60.00000       94.4266762186829        7.942857    
   75.00000       95.5921964149746        7.942857    
   90.00000       97.2770163254895        7.942857    
   105.0000       98.8301071068725        7.942857    
   120.0000       99.6382336064426        7.942857    
   135.0000       99.3879776541994        7.942857    
   150.0000       98.1507708665613        7.942857    
   165.0000       96.2905395029126        7.942857    
   180.0000       94.3296280431067        7.942857    
   195.0000       92.7772370243110        7.942857    
   210.0000       92.0762107586904        7.942857    
   225.0000       92.5262224689737        7.942857    
   240.0000       94.2261761172540        7.942857    
   255.0000       96.9664691916231        7.942857    
   270.0000       100.179015547931        7.942857    
   285.0000       103.059359920792        7.942857    
   300.0000       104.868598296939        7.942857    
   315.0000       105.223307168479        7.942857    
   330.0000       104.162934355146        7.942857    
   345.0000       102.080365142492        7.942857    
  0.0000000E+00   99.5309343069606        7.942857    
 
  0.0000000E+00   98.3155780685122        8.064285    
   15.00000       95.8969653723478        8.064285    
   30.00000       94.0939209614024        8.064285    
   45.00000       93.2619928539809        8.064285    
   60.00000       93.5490905309419        8.064285    
   75.00000       94.7986884557023        8.064285    
   90.00000       96.5283954064516        8.064285    
   105.0000       98.0768052657896        8.064285    
   120.0000       98.8373695352923        8.064285    
   135.0000       98.5160361687500        8.064285    
   150.0000       97.2066825300540        8.064285    
   165.0000       95.2944530507176        8.064285    
   180.0000       93.3092939928223        8.064285    
   195.0000       91.7607253077757        8.064285    
   210.0000       91.0823658768448        8.064285    
   225.0000       91.5642679945066        8.064285    
   240.0000       93.2950880664802        8.064285    
   255.0000       96.0531405340399        8.064285    
   270.0000       99.2587796041630        8.064285    
   285.0000       102.102700068017        8.064285    
   300.0000       103.850489463751        8.064285    
   315.0000       104.130092031820        8.064285    
   330.0000       102.999676508080        8.064285    
   345.0000       100.871731517331        8.064285    
  0.0000000E+00   98.3155780685122        8.064285    
 
  0.0000000E+00   97.1214819306701        8.185715    
   15.00000       94.7466676523932        8.185715    
   30.00000       93.0203389820049        8.185715    
   45.00000       92.2808453611098        8.185715    
   60.00000       92.6555416547140        8.185715    
   75.00000       93.9691115587296        8.185715    
   90.00000       95.7282343060506        8.185715    
   105.0000       97.2656981536099        8.185715    
   120.0000       97.9827976552425        8.185715    
   135.0000       97.6029601671859        8.185715    
   150.0000       96.2386383355891        8.185715    
   165.0000       94.2910542895789        8.185715    
   180.0000       92.2947670426011        8.185715    
   195.0000       90.7570861368828        8.185715    
   210.0000       90.1019933621580        8.185715    
   225.0000       90.6104914428701        8.185715    
   240.0000       92.3622549855856        8.185715    
   255.0000       95.1261524821749        8.185715    
   270.0000       98.3147116401590        8.185715    
   285.0000       101.117127940017        8.185715    
   300.0000       102.805106977723        8.185715    
   315.0000       103.018139056296        8.185715    
   330.0000       101.831236189470        8.185715    
   345.0000       99.6726934005916        8.185715    
  0.0000000E+00   97.1214819306701        8.185715    
 
  0.0000000E+00   95.9636155291463        8.307143    
   15.00000       93.6359594445303        8.307143    
   30.00000       91.9810159035086        8.307143    
   45.00000       91.3211248550908        8.307143    
   60.00000       91.7662878101886        8.307143    
   75.00000       93.1267999826096        8.307143    
   90.00000       94.9023235669469        8.307143    
   105.0000       96.4237314918377        8.307143    
   120.0000       97.1011648616525        8.307143    
   135.0000       96.6738143599546        8.307143    
   150.0000       95.2693642721179        8.307143    
   165.0000       93.3007405140999        8.307143    
   180.0000       91.3044396171151        8.307143    
   195.0000       89.7834379332182        8.307143    
   210.0000       89.1517575236292        8.307143    
   225.0000       89.6817536519896        8.307143    
   240.0000       91.4452199798169        8.307143    
   255.0000       94.2039590115370        8.307143    
   270.0000       97.3660698707415        8.307143    
   285.0000       100.122339885028        8.307143    
   300.0000       101.752183574065        8.307143    
   315.0000       101.906693683792        8.307143    
   330.0000       100.675733856215        8.307143    
   345.0000       98.4997921590739        8.307143    
  0.0000000E+00   95.9636155291463        8.307143    
 
  0.0000000E+00   94.8559355497013        8.428572    
   15.00000       92.5782701017569        8.428572    
   30.00000       90.9901512996384        8.428572    
   45.00000       90.3989954902042        8.428572    
   60.00000       90.9001204992365        8.428572    
   75.00000       92.2931004601141        8.428572    
   90.00000       94.0739863686664        8.428572    
   105.0000       95.5750668338351        8.428572    
   120.0000       96.2162336319206        8.428572    
   135.0000       95.7509288571984        8.428572    
   150.0000       94.3191785258578        8.428572    
   165.0000       92.3418835025033        8.428572    
   180.0000       90.3550722895436        8.428572    
   195.0000       88.8555926363244        8.428572    
   210.0000       88.2472193918291        8.428572    
   225.0000       88.7939204719150        8.428572    
   240.0000       90.5605663586565        8.428572    
   255.0000       93.3040313667883        8.428572    
   270.0000       96.4310732160417        8.428572    
   285.0000       99.1369231697340        8.428572    
   300.0000       100.710229380755        8.428572    
   315.0000       100.813650900430        8.428572    
   330.0000       99.5498985962905        8.428572    
   345.0000       97.3682963099126        8.428572    
  0.0000000E+00   94.8559355497013        8.428572    
 
  0.0000000E+00   93.8122620608343        8.550000    
   15.00000       91.5870938418540        8.550000    
   30.00000       90.0619988109193        8.550000    
   45.00000       89.5304171941099        8.550000    
   60.00000       90.0752007296090        8.550000    
   75.00000       91.4882703354790        8.550000    
   90.00000       93.2650490033262        8.550000    
   105.0000       94.7421266763556        8.550000    
   120.0000       95.3499919357946        8.550000    
   135.0000       94.8550362715635        8.550000    
   150.0000       93.4071243815988        8.550000    
   165.0000       91.4319298429555        8.550000    
   180.0000       89.4628340853974        8.550000    
   195.0000       87.9890194371928        8.550000    
   210.0000       87.4037256280895        8.550000    
   225.0000       87.9626777935238        8.550000    
   240.0000       89.7246571702785        8.550000    
   255.0000       92.4435299166880        8.550000    
   270.0000       95.5275262452861        8.550000    
   285.0000       98.1789643982339        8.550000    
   300.0000       99.6971750766232        8.550000    
   315.0000       99.7562834090718        8.550000    
   330.0000       98.4698928763184        8.550000    
   345.0000       96.2930833673969        8.550000    
  0.0000000E+00   93.8122620608343        8.550000    
 
  0.0000000E+00   92.8471094203660        8.671429    
   15.00000       90.6767891011701        8.671429    
   30.00000       89.2116480744381        8.671429    
   45.00000       88.7319455000724        8.671429    
   60.00000       89.3099040110173        8.671429    
   75.00000       90.7323756237555        8.671429    
   90.00000       92.4967978581739        8.671429    
   105.0000       93.9466043507563        8.671429    
   120.0000       94.5237004365870        8.671429    
   135.0000       94.0063270458796        8.671429    
   150.0000       92.5520061500713        8.671429    
   165.0000       90.5884048205778        8.671429    
   180.0000       88.6442638164485        8.671429    
   195.0000       87.1997521112014        8.671429    
   210.0000       86.6372780337750        8.671429    
   225.0000       87.2043551836270        8.671429    
   240.0000       88.9544089480622        8.671429    
   255.0000       91.6400301367762        8.671429    
   270.0000       94.6735093853290        8.671429    
   285.0000       97.2667219947684        8.671429    
   300.0000       98.7310624978261        8.671429    
   315.0000       98.7519841781449        8.671429    
   330.0000       97.4521134463254        8.671429    
   345.0000       95.2894761561540        8.671429    
  0.0000000E+00   92.8471094203660        8.671429    
 
  0.0000000E+00   91.9765848412541        8.792857    
   15.00000       89.8634613060943        8.792857    
   30.00000       88.4559086842177        8.792857    
   45.00000       88.0216436753630        8.792857    
   60.00000       88.6237778689212        8.792857    
   75.00000       90.0462951837659        8.792857    
   90.00000       91.7910260037390        8.792857    
   105.0000       93.2105404239101        8.792857    
   120.0000       93.7589849017360        8.792857    
   135.0000       93.2255389571050        8.792857    
   150.0000       91.7734621183570        8.792857    
   165.0000       89.8299632201483        8.792857    
   180.0000       87.9172853259539        8.792857    
   195.0000       86.5053708740284        8.792857    
   210.0000       85.9654737718221        8.792857    
   225.0000       86.5368675410948        8.792857    
   240.0000       88.2681984747307        8.792857    
   255.0000       90.9123920988122        8.792857    
   270.0000       93.8882141186933        8.792857    
   285.0000       96.4194404798189        8.792857    
   300.0000       97.8308654876160        8.792857    
   315.0000       97.8191187367408        8.792857    
   330.0000       96.5140793537316        8.792857    
   345.0000       94.3741483876517        8.792857    
  0.0000000E+00   91.9765848412541        8.792857    
 
  0.0000000E+00   91.2195915260053        8.914286    
   15.00000       89.1661634244083        8.914286    
   30.00000       87.8145225692912        8.914286    
   45.00000       87.4203247678115        8.914286    
   60.00000       88.0388210258658        8.914286    
   75.00000       89.4530307747583        8.914286    
   90.00000       91.1713675898968        8.914286    
   105.0000       92.5576698648117        8.914286    
   120.0000       93.0791870908842        8.914286    
   135.0000       92.5353001250319        8.914286    
   150.0000       91.0932935746801        8.914286    
   165.0000       89.1777049253194        8.914286    
   180.0000       87.3025167577435        8.914286    
   195.0000       85.9263096351044        8.914286    
   210.0000       85.4088082284237        8.914286    
   225.0000       85.9809767283067        8.914286    
   240.0000       87.6870966400574        8.914286    
   255.0000       90.2819602409340        8.914286    
   270.0000       93.1931085283459        8.914286    
   285.0000       95.6584910566273        8.914286    
   300.0000       97.0176275641804        8.914286    
   315.0000       96.9781818972623        8.914286    
   330.0000       95.6756140527208        8.914286    
   345.0000       93.5663243429708        8.914286    
  0.0000000E+00   91.2195915260053        8.914286    
 
  0.0000000E+00   90.5993620145358        9.035714    
   15.00000       88.6084452435386        9.035714    
   30.00000       87.3117369965907        9.035714    
   45.00000       86.9531543422500        9.035714    
   60.00000       87.5811134793325        9.035714    
   75.00000       88.9793546414362        9.035714    
   90.00000       90.6649522548083        9.035714    
   105.0000       92.0150736221590        9.035714    
   120.0000       92.5110097438669        9.035714    
   135.0000       91.9617678872629        9.035714    
   150.0000       90.5371006927454        9.035714    
   165.0000       88.6568205467334        9.035714    
   180.0000       86.8249255787214        9.035714    
   195.0000       85.4875236492905        9.035714    
   210.0000       84.9923557083513        9.035714    
   225.0000       85.5619173301881        9.035714    
   240.0000       87.2364634351112        9.035714    
   255.0000       89.7741158307270        9.035714    
   270.0000       92.6134432573201        9.035714    
   285.0000       95.0088421159068        9.035714    
   300.0000       96.3159202720489        9.035714    
   315.0000       96.2532679515270        9.035714    
   330.0000       94.9603389318210        9.035714    
   345.0000       92.8892956402750        9.035714    
  0.0000000E+00   90.5993620145358        9.035714    
 
  0.0000000E+00   90.1457853205243        9.157143    
   15.00000       88.2207126188294        9.157143    
   30.00000       86.9786954681110        9.157143    
   45.00000       86.6520684945346        9.157143    
   60.00000       87.2832497528590        9.157143    
   75.00000       88.6582405025047        9.157143    
   90.00000       90.3048227076677        9.157143    
   105.0000       91.6155797004753        9.157143    
   120.0000       92.0869054313704        9.157143    
   135.0000       91.5370155811853        9.157143    
   150.0000       90.1366792482368        9.157143    
   165.0000       88.2990122070181        9.157143    
   180.0000       86.5162778765187        9.157143    
   195.0000       85.2209576463753        9.157143    
   210.0000       84.7482456372179        9.157143    
   225.0000       85.3118342073687        9.157143    
   240.0000       86.9483485078681        9.157143    
   255.0000       89.4206230090449        9.157143    
   270.0000       92.1805383067500        9.157143    
   285.0000       94.5012978247722        9.157143    
   300.0000       95.7560603190465        9.157143    
   315.0000       95.6742958871600        9.157143    
   330.0000       94.3979282781472        9.157143    
   345.0000       92.3727126144471        9.157143    
  0.0000000E+00   90.1457853205243        9.157143    
 
  0.0000000E+00   89.8983935234744        9.278572    
   15.00000       88.0432771134531        9.278572    
   30.00000       86.8565392676386        9.278572    
   45.00000       86.5589068394156        9.278572    
   60.00000       87.1874773952207        9.278572    
   75.00000       88.5319818717754        9.278572    
   90.00000       90.1330224758774        9.278572    
   105.0000       91.4008138246386        9.278572    
   120.0000       91.8481086423189        9.278572    
   135.0000       91.3020731724794        9.278572    
   150.0000       89.9330928828506        9.278572    
   165.0000       88.1456028940984        9.278572    
   180.0000       86.4182881434425        9.278572    
   195.0000       85.1687232413399        9.278572    
   210.0000       84.7187898244005        9.278572    
   225.0000       85.2729827949181        9.278572    
   240.0000       86.8646318603531        9.278572    
   255.0000       89.2626819674364        9.278572    
   270.0000       91.9347368395444        9.278572    
   285.0000       94.1753665758110        9.278572    
   300.0000       95.3769308414358        9.278572    
   315.0000       95.2798303946375        9.278572    
   330.0000       94.0269678752954        9.278572    
   345.0000       92.0555042506369        9.278572    
  0.0000000E+00   89.8983935234744        9.278572    
 
  0.0000000E+00   89.9125951279373        9.400000    
   15.00000       88.1326741622063        9.400000    
   30.00000       87.0027817478228        9.400000    
   45.00000       86.7318058082055        9.400000    
   60.00000       87.3520665951365        9.400000    
   75.00000       88.6585028839026        9.400000    
   90.00000       90.2068233910647        9.400000    
   105.0000       91.4273667313617        9.400000    
   120.0000       91.8507795839666        9.400000    
   135.0000       91.3130905858375        9.400000    
   150.0000       89.9828932786997        9.400000    
   165.0000       88.2538382696664        9.400000    
   180.0000       86.5889738447083        9.400000    
   195.0000       85.3894769501418        9.400000    
   210.0000       84.9629364353054        9.400000    
   225.0000       85.5041115705099        9.400000    
   240.0000       87.0433220816982        9.400000    
   255.0000       89.3571087249096        9.400000    
   270.0000       91.9314600239132        9.400000    
   285.0000       94.0852208653343        9.400000    
   300.0000       95.2319047199361        9.400000    
   315.0000       95.1230326813245        9.400000    
   330.0000       93.9009836007347        9.400000    
   345.0000       91.9920088165771        9.400000    
  0.0000000E+00   89.9125951279373        9.400000    
 
  0.0000000E+00   90.2688218780713        9.521429    
   15.00000       88.5709690389780        9.521429    
   30.00000       87.5007099957350        9.521429    
   45.00000       87.2546163328202        9.521429    
   60.00000       87.8606610274501        9.521429    
   75.00000       89.1205764532934        9.521429    
   90.00000       90.6078059972595        9.521429    
   105.0000       91.7757624756831        9.521429    
   120.0000       92.1749350096719        9.521429    
   135.0000       91.6503226691263        9.521429    
   150.0000       90.3672305505808        9.521429    
   165.0000       88.7061548010334        9.521429    
   180.0000       87.1120803810616        9.521429    
   195.0000       85.9679584385028        9.521429    
   210.0000       85.5658081082952        9.521429    
   225.0000       86.0899242116948        9.521429    
   240.0000       87.5678626721756        9.521429    
   255.0000       89.7854210757552        9.521429    
   270.0000       92.2500593913138        9.521429    
   285.0000       94.3083647198003        9.521429    
   300.0000       95.3974295058347        9.521429    
   315.0000       95.2802832197199        9.521429    
   330.0000       94.0972015380020        9.521429    
   345.0000       92.2609253011847        9.521429    
  0.0000000E+00   90.2688218780713        9.521429    
 
  0.0000000E+00   91.0892715043264        9.642858    
   15.00000       89.4827557008332        9.642858    
   30.00000       88.4765229665003        9.642858    
   45.00000       88.2540412188636        9.642858    
   60.00000       88.8392867031840        9.642858    
   75.00000       90.0426159528384        9.642858    
   90.00000       91.4584014791906        9.642858    
   105.0000       92.5668159191108        9.642858    
   120.0000       92.9407540642062        9.642858    
   135.0000       92.4345359392855        9.642858    
   150.0000       91.2084763427114        9.642858    
   165.0000       89.6270683552750        9.642858    
   180.0000       88.1142059047754        9.642858    
   195.0000       87.0322664448917        9.642858    
   210.0000       86.6560042192560        9.642858    
   225.0000       87.1582627987248        9.642858    
   240.0000       88.5640571953127        9.642858    
   255.0000       90.6704057278681        9.642858    
   270.0000       93.0100065245971        9.642858    
   285.0000       94.9615295030961        9.642858    
   300.0000       95.9888001121654        9.642858    
   315.0000       95.8670306798735        9.642858    
   330.0000       94.7326370901300        9.642858    
   345.0000       92.9817290190514        9.642858    
  0.0000000E+00   91.0892715043264        9.642858    
 
  0.0000000E+00   92.5692659206569        9.764286    
   15.00000       91.0669699109620        9.764286    
   30.00000       90.1313739794420        9.764286    
   45.00000       89.9316519076225        9.764286    
   60.00000       90.4880989898645        9.764286    
   75.00000       91.6219922597193        9.764286    
   90.00000       92.9527498228849        9.764286    
   105.0000       93.9921602526757        9.764286    
   120.0000       94.3390232557906        9.764286    
   135.0000       93.8576524035330        9.764286    
   150.0000       92.7012729687719        9.764286    
   165.0000       91.2147091263748        9.764286    
   180.0000       89.7967565476628        9.764286    
   195.0000       88.7860715556639        9.764286    
   210.0000       88.4378423865196        9.764286    
   225.0000       88.9121184496055        9.764286    
   240.0000       90.2316073480046        9.764286    
   255.0000       92.2070141031661        9.764286    
   270.0000       94.4011205919342        9.764286    
   285.0000       96.2303988779406        9.764286    
   300.0000       97.1897182796594        9.764286    
   315.0000       97.0675250844432        9.764286    
   330.0000       95.9942738024291        9.764286    
   345.0000       94.3454307004739        9.764286    
  0.0000000E+00   92.5692659206569        9.764286    
 
  0.0000000E+00   95.0424164288826        9.885715    
   15.00000       93.6628617515069        9.885715    
   30.00000       92.8076969463784        9.885715    
   45.00000       92.6300781593731        9.885715    
   60.00000       93.1470042005529        9.885715    
   75.00000       94.1938189509364        9.885715    
   90.00000       95.4206180911883        9.885715    
   105.0000       96.3775602202438        9.885715    
   120.0000       96.6943199337232        9.885715    
   135.0000       96.2463269458175        9.885715    
   150.0000       95.1768724220356        9.885715    
   165.0000       93.8060424457920        9.885715    
   180.0000       92.5019158544915        9.885715    
   195.0000       91.5750128419939        9.885715    
   210.0000       91.2577566832233        9.885715    
   225.0000       91.6955682960309        9.885715    
   240.0000       92.9091849729062        9.885715    
   255.0000       94.7262709140100        9.885715    
   270.0000       96.7462859577550        9.885715    
   285.0000       98.4314200133617        9.885715    
   300.0000       99.3137230814399        9.885715    
   315.0000       99.1966160322017        9.885715    
   330.0000       98.2018430475958        9.885715    
   345.0000       96.6786218885684        9.885715    
  0.0000000E+00   95.0424164288826        9.885715    
 
  0.0000000E+00   99.1303462391541        10.00714    
   15.00000       97.9012568988156        10.00714    
   30.00000       97.1410001492720        10.00714    
   45.00000       96.9843170953186        10.00714    
   60.00000       97.4456422147321        10.00714    
   75.00000       98.3791466126773        10.00714    
   90.00000       99.4738249238799        10.00714    
   105.0000       100.328161493818        10.00714    
   120.0000       100.610085222720        10.00714    
   135.0000       100.207923074558        10.00714    
   150.0000       99.2507293410672        10.00714    
   165.0000       98.0262665709806        10.00714    
   180.0000       96.8634157187515        10.00714    
   195.0000       96.0381173681572        10.00714    
   210.0000       95.7554933856978        10.00714    
   225.0000       96.1438429376770        10.00714    
   240.0000       97.2226005215613        10.00714    
   255.0000       98.8411175492978        10.00714    
   270.0000       100.645048178821        10.00714    
   285.0000       102.153858792924        10.00714    
   300.0000       102.946000274346        10.00714    
   315.0000       102.842638237246        10.00714    
   330.0000       101.952792115357        10.00714    
   345.0000       100.590903901458        10.00714    
  0.0000000E+00   99.1303462391541        10.00714    
 
  0.0000000E+00   106.143023205090        10.12857    
   15.00000       105.107660358740        10.12857    
   30.00000       104.463249612434        10.12857    
   45.00000       104.323144251351        10.12857    
   60.00000       104.701201329625        10.12857    
   75.00000       105.478552630950        10.12857    
   90.00000       106.395971066682        10.12857    
   105.0000       107.115894787545        10.12857    
   120.0000       107.355944949513        10.12857    
   135.0000       107.020031458123        10.12857    
   150.0000       106.215507118423        10.12857    
   165.0000       105.185374483797        10.12857    
   180.0000       104.205475335162        10.12857    
   195.0000       103.507391316857        10.12857    
   210.0000       103.262491780861        10.12857    
   225.0000       103.578803103357        10.12857    
   240.0000       104.476252924615        10.12857    
   255.0000       105.833283963516        10.12857    
   270.0000       107.356389918061        10.12857    
   285.0000       108.640164479013        10.12857    
   300.0000       109.324087482480        10.12857    
   315.0000       109.251443771815        10.12857    
   330.0000       108.511777188771        10.12857    
   345.0000       107.370331176792        10.12857    
  0.0000000E+00   106.143023205090        10.12857    
 
  0.0000000E+00   119.414450032623        10.25000    
   15.00000       118.640967987417        10.25000    
   30.00000       118.137145188192        10.25000    
   45.00000       117.993555015392        10.25000    
   60.00000       118.230480935090        10.25000    
   75.00000       118.772564227592        10.25000    
   90.00000       119.434038166727        10.25000    
   105.0000       119.967208554193        10.25000    
   120.0000       120.157188220332        10.25000    
   135.0000       119.926650722154        10.25000    
   150.0000       119.345531880003        10.25000    
   165.0000       118.589240284917        10.25000    
   180.0000       117.855687841977        10.25000    
   195.0000       117.317412644521        10.25000    
   210.0000       117.104025279595        10.25000    
   225.0000       117.301075307889        10.25000    
   240.0000       117.935247837370        10.25000    
   255.0000       118.927094518816        10.25000    
   270.0000       120.067913902305        10.25000    
   285.0000       121.055887908432        10.25000    
   300.0000       121.615441302190        10.25000    
   315.0000       121.618017589337        10.25000    
   330.0000       121.119738684647        10.25000    
   345.0000       120.308468562435        10.25000    
  0.0000000E+00   119.414450032623        10.25000    
 
