  0.0000000E+00  2.211740922461305E+036   6.000000    
   15.00000      2.166556049522704E+036   6.000000    
   30.00000      2.125180013465979E+036   6.000000    
   45.00000      2.094234286235099E+036   6.000000    
   60.00000      2.076425150476847E+036   6.000000    
   75.00000      2.072873350018304E+036   6.000000    
   90.00000      2.079412909313191E+036   6.000000    
   105.0000      2.091877585971095E+036   6.000000    
   120.0000      2.104246445422571E+036   6.000000    
   135.0000      2.111761831509290E+036   6.000000    
   150.0000      2.112065604347193E+036   6.000000    
   165.0000      2.104110708399127E+036   6.000000    
   180.0000      2.092493028071183E+036   6.000000    
   195.0000      2.082186212352184E+036   6.000000    
   210.0000      2.078162508887921E+036   6.000000    
   225.0000      2.084732287297946E+036   6.000000    
   240.0000      2.105837146818526E+036   6.000000    
   255.0000      2.139290408516863E+036   6.000000    
   270.0000      2.183684276206565E+036   6.000000    
   285.0000      2.230799404859423E+036   6.000000    
   300.0000      2.268933591184254E+036   6.000000    
   315.0000      2.287219984804290E+036   6.000000    
   330.0000      2.281159794485664E+036   6.000000    
   345.0000      2.253087014968213E+036   6.000000    
  0.0000000E+00  2.211740922461305E+036   6.000000    
 
  0.0000000E+00  2.177361631361599E+036   6.121428    
   15.00000      2.133581241059829E+036   6.121428    
   30.00000      2.093447381329441E+036   6.121428    
   45.00000      2.063361793704738E+036   6.121428    
   60.00000      2.045939772720786E+036   6.121428    
   75.00000      2.042327913747453E+036   6.121428    
   90.00000      2.048756516618695E+036   6.121428    
   105.0000      2.060961258371840E+036   6.121428    
   120.0000      2.073061445831527E+036   6.121428    
   135.0000      2.080469337783025E+036   6.121428    
   150.0000      2.080917368908659E+036   6.121428    
   165.0000      2.073434864116311E+036   6.121428    
   180.0000      2.062328629428894E+036   6.121428    
   195.0000      2.052423027944435E+036   6.121428    
   210.0000      2.048659432900104E+036   6.121428    
   225.0000      2.055121636332076E+036   6.121428    
   240.0000      2.075666740374013E+036   6.121428    
   255.0000      2.108369855685742E+036   6.121428    
   270.0000      2.151032286039984E+036   6.121428    
   285.0000      2.195839129990415E+036   6.121428    
   300.0000      2.232001134322276E+036   6.121428    
   315.0000      2.249477696232605E+036   6.121428    
   330.0000      2.243938091772186E+036   6.121428    
   345.0000      2.217086145778101E+036   6.121428    
  0.0000000E+00  2.177361631361599E+036   6.121428    
 
  0.0000000E+00  2.117884156758381E+036   6.242857    
   15.00000      2.076546037311239E+036   6.242857    
   30.00000      2.038468326097727E+036   6.242857    
   45.00000      2.009620579031220E+036   6.242857    
   60.00000      1.992649025867360E+036   6.242857    
   75.00000      1.988768566019084E+036   6.242857    
   90.00000      1.994747470718401E+036   6.242857    
   105.0000      2.006400774461683E+036   6.242857    
   120.0000      2.018129183433171E+036   6.242857    
   135.0000      2.025488074167392E+036   6.242857    
   150.0000      2.026280521694176E+036   6.242857    
   165.0000      2.019610034618820E+036   6.242857    
   180.0000      2.009293732888601E+036   6.242857    
   195.0000      1.999951816619455E+036   6.242857    
   210.0000      1.996337985199751E+036   6.242857    
   225.0000      2.002310576447580E+036   6.242857    
   240.0000      2.021639388198758E+036   6.242857    
   255.0000      2.052416645922833E+036   6.242857    
   270.0000      2.091998012645553E+036   6.242857    
   285.0000      2.133392365064212E+036   6.242857    
   300.0000      2.166644117305778E+036   6.242857    
   315.0000      2.183340800058198E+036   6.242857    
   330.0000      2.179052544889895E+036   6.242857    
   345.0000      2.154759899592364E+036   6.242857    
  0.0000000E+00  2.117884156758381E+036   6.242857    
 
  0.0000000E+00  2.040902185165675E+036   6.364286    
   15.00000      2.002818415792937E+036   6.364286    
   30.00000      1.967181222270245E+036   6.364286    
   45.00000      1.939750381625634E+036   6.364286    
   60.00000      1.923093652423930E+036   6.364286    
   75.00000      1.918638483237106E+036   6.364286    
   90.00000      1.923763428416667E+036   6.364286    
   105.0000      1.934580970144355E+036   6.364286    
   120.0000      1.945821572799707E+036   6.364286    
   135.0000      1.953219997322866E+036   6.364286    
   150.0000      1.954576283268089E+036   6.364286    
   165.0000      1.948997125383010E+036   6.364286    
   180.0000      1.939691649271946E+036   6.364286    
   195.0000      1.930987179446323E+036   6.364286    
   210.0000      1.927309968185541E+036   6.364286    
   225.0000      1.932387913337861E+036   6.364286    
   240.0000      1.949583851769412E+036   6.364286    
   255.0000      1.977319394778670E+036   6.364286    
   270.0000      2.012788093960962E+036   6.364286    
   285.0000      2.049871900072448E+036   6.364286    
   300.0000      2.080077674851104E+036   6.364286    
   315.0000      2.096545941958271E+036   6.364286    
   330.0000      2.094524278644241E+036   6.364286    
   345.0000      2.073871445400622E+036   6.364286    
  0.0000000E+00  2.040902185165675E+036   6.364286    
 
  0.0000000E+00  1.952356643426398E+036   6.485714    
   15.00000      1.918158453760400E+036   6.485714    
   30.00000      1.885227528055170E+036   6.485714    
   45.00000      1.859170466883890E+036   6.485714    
   60.00000      1.842707421608443E+036   6.485714    
   75.00000      1.837394261471265E+036   6.485714    
   90.00000      1.841304874999807E+036   6.485714    
   105.0000      1.851017546356623E+036   6.485714    
   120.0000      1.861662092972639E+036   6.485714    
   135.0000      1.869153412967219E+036   6.485714    
   150.0000      1.871249264557794E+036   6.485714    
   165.0000      1.866954550040680E+036   6.485714    
   180.0000      1.858842673553858E+036   6.485714    
   195.0000      1.850839620051672E+036   6.485714    
   210.0000      1.846909281536471E+036   6.485714    
   225.0000      1.850549611131376E+036   6.485714    
   240.0000      1.864829994146430E+036   6.485714    
   255.0000      1.888605510506465E+036   6.485714    
   270.0000      1.919164490486228E+036   6.485714    
   285.0000      1.951883882899927E+036   6.485714    
   300.0000      1.979551805006917E+036   6.485714    
   315.0000      1.996039031399731E+036   6.485714    
   330.0000      1.996762797002537E+036   6.485714    
   345.0000      1.980734921677147E+036   6.485714    
  0.0000000E+00  1.952356643426398E+036   6.485714    
 
  0.0000000E+00  1.856849667755156E+036   6.607143    
   15.00000      1.826907427741226E+036   6.607143    
   30.00000      1.796864829403856E+036   6.607143    
   45.00000      1.772199421924783E+036   6.607143    
   60.00000      1.755838866669054E+036   6.607143    
   75.00000      1.749497545504957E+036   6.607143    
   90.00000      1.751963315839425E+036   6.607143    
   105.0000      1.760371880808859E+036   6.607143    
   120.0000      1.770318342308172E+036   6.607143    
   135.0000      1.777890346160843E+036   6.607143    
   150.0000      1.780808434050791E+036   6.607143    
   165.0000      1.777909402664454E+036   6.607143    
   180.0000      1.771139538911720E+036   6.607143    
   195.0000      1.763774417640335E+036   6.607143    
   210.0000      1.759382504762211E+036   6.607143    
   225.0000      1.761189220721458E+036   6.607143    
   240.0000      1.772003118205596E+036   6.607143    
   255.0000      1.791318862451040E+036   6.607143    
   270.0000      1.817182302171806E+036   6.607143    
   285.0000      1.845919812906501E+036   6.607143    
   300.0000      1.871296214763057E+036   6.607143    
   315.0000      1.887778620858505E+036   6.607143    
   330.0000      1.891244013567004E+036   6.607143    
   345.0000      1.880046061198164E+036   6.607143    
  0.0000000E+00  1.856849667755156E+036   6.607143    
 
  0.0000000E+00  1.757705743623213E+036   6.728571    
   15.00000      1.732234866574921E+036   6.728571    
   30.00000      1.705274949014799E+036   6.728571    
   45.00000      1.682066143885887E+036   6.728571    
   60.00000      1.665830815648427E+036   6.728571    
   75.00000      1.658503458470502E+036   6.728571    
   90.00000      1.659484799910747E+036   6.728571    
   105.0000      1.666499874299395E+036   6.728571    
   120.0000      1.675653999438241E+036   6.728571    
   135.0000      1.683222867815503E+036   6.728571    
   150.0000      1.686942823291777E+036   6.728571    
   165.0000      1.685412822500102E+036   6.728571    
   180.0000      1.679905840481449E+036   6.728571    
   195.0000      1.673083950694132E+036   6.728571    
   210.0000      1.668069436958525E+036   6.728571    
   225.0000      1.667823860446189E+036   6.728571    
   240.0000      1.675163547916036E+036   6.728571    
   255.0000      1.690347223487844E+036   6.728571    
   270.0000      1.712013190531698E+036   6.728571    
   285.0000      1.737077855254058E+036   6.728571    
   300.0000      1.760284153867209E+036   6.728571    
   315.0000      1.776610360088448E+036   6.728571    
   330.0000      1.782336503176482E+036   6.728571    
   345.0000      1.775613979579449E+036   6.728571    
  0.0000000E+00  1.757705743623213E+036   6.728571    
 
  0.0000000E+00  1.657250678756085E+036   6.850000    
   15.00000      1.636467219316530E+036   6.850000    
   30.00000      1.612675205192101E+036   6.850000    
   45.00000      1.591136838857571E+036   6.850000    
   60.00000      1.575226851364640E+036   6.850000    
   75.00000      1.567151067595786E+036   6.850000    
   90.00000      1.566805825965541E+036   6.850000    
   105.0000      1.572477965999897E+036   6.850000    
   120.0000      1.580787748652971E+036   6.850000    
   135.0000      1.588267000798023E+036   6.850000    
   150.0000      1.592539211224182E+036   6.850000    
   165.0000      1.592107318204616E+036   6.850000    
   180.0000      1.587641584541723E+036   6.850000    
   195.0000      1.581192375632244E+036   6.850000    
   210.0000      1.575487729593753E+036   6.850000    
   225.0000      1.573435276474638E+036   6.850000    
   240.0000      1.577885606630147E+036   6.850000    
   255.0000      1.589604697627020E+036   6.850000    
   270.0000      1.607587089844843E+036   6.850000    
   285.0000      1.629323659181577E+036   6.850000    
   300.0000      1.650399379222244E+036   6.850000    
   315.0000      1.666280489433891E+036   6.850000    
   330.0000      1.673579124198652E+036   6.850000    
   345.0000      1.670390779120615E+036   6.850000    
  0.0000000E+00  1.657250678756085E+036   6.850000    
 
  0.0000000E+00  1.557423168877215E+036   6.971429    
   15.00000      1.540879699322286E+036   6.971429    
   30.00000      1.520593841136953E+036   6.971429    
   45.00000      1.501012878039150E+036   6.971429    
   60.00000      1.485818075434296E+036   6.971429    
   75.00000      1.477418213955060E+036   6.971429    
   90.00000      1.476114485285464E+036   6.971429    
   105.0000      1.480639624996795E+036   6.971429    
   120.0000      1.488076257649002E+036   6.971429    
   135.0000      1.495239060784527E+036   6.971429    
   150.0000      1.499712933862148E+036   6.971429    
   165.0000      1.499938610742464E+036   6.971429    
   180.0000      1.496123355894123E+036   6.971429    
   195.0000      1.489848630742850E+036   6.971429    
   210.0000      1.483693465203660E+036   6.971429    
   225.0000      1.480491811809440E+036   6.971429    
   240.0000      1.482865752981828E+036   6.971429    
   255.0000      1.491827399210464E+036   6.971429    
   270.0000      1.506740505249102E+036   6.971429    
   285.0000      1.525545206231237E+036   6.971429    
   300.0000      1.544501932225857E+036   6.971429    
   315.0000      1.559555922874614E+036   6.971429    
   330.0000      1.567623240209367E+036   6.971429    
   345.0000      1.566860000886168E+036   6.971429    
  0.0000000E+00  1.557423168877215E+036   6.971429    
 
  0.0000000E+00  1.459991036300522E+036   7.092857    
   15.00000      1.446797168840431E+036   7.092857    
   30.00000      1.429912828469569E+036   7.092857    
   45.00000      1.412787405368778E+036   7.092857    
   60.00000      1.398797328163597E+036   7.092857    
   75.00000      1.390618014134685E+036   7.092857    
   90.00000      1.388846252711724E+036   7.092857    
   105.0000      1.392517149769730E+036   7.092857    
   120.0000      1.399102916895638E+036   7.092857    
   135.0000      1.405692852204886E+036   7.092857    
   150.0000      1.409930400120476E+036   7.092857    
   165.0000      1.410253750942810E+036   7.092857    
   180.0000      1.406640689588614E+036   7.092857    
   195.0000      1.400581517011471E+036   7.092857    
   210.0000      1.394471955432856E+036   7.092857    
   225.0000      1.390731619854594E+036   7.092857    
   240.0000      1.391785296866027E+036   7.092857    
   255.0000      1.398763729161277E+036   7.092857    
   270.0000      1.411278634880073E+036   7.092857    
   285.0000      1.427584482799822E+036   7.092857    
   300.0000      1.444452523123636E+036   7.092857    
   315.0000      1.458289874551745E+036   7.092857    
   330.0000      1.466330193234029E+036   7.092857    
   345.0000      1.466896052383510E+036   7.092857    
  0.0000000E+00  1.459991036300522E+036   7.092857    
 
  0.0000000E+00  1.366401289025779E+036   7.214286    
   15.00000      1.355609900099070E+036   7.214286    
   30.00000      1.341594371340298E+036   7.214286    
   45.00000      1.327148398254698E+036   7.214286    
   60.00000      1.314986591653558E+036   7.214286    
   75.00000      1.307556398719296E+036   7.214286    
   90.00000      1.305814323687901E+036   7.214286    
   105.0000      1.308953638118430E+036   7.214286    
   120.0000      1.314748303065905E+036   7.214286    
   135.0000      1.320531144263362E+036   7.214286    
   150.0000      1.324092747190433E+036   7.214286    
   165.0000      1.324028690656161E+036   7.214286    
   180.0000      1.320471518898848E+036   7.214286    
   195.0000      1.314790675495692E+036   7.214286    
   210.0000      1.308976540911035E+036   7.214286    
   225.0000      1.305183364908817E+036   7.214286    
   240.0000      1.305597936725892E+036   7.214286    
   255.0000      1.311324180298107E+036   7.214286    
   270.0000      1.322084526117357E+036   7.214286    
   285.0000      1.336320018204898E+036   7.214286    
   300.0000      1.351173422553228E+036   7.214286    
   315.0000      1.363485549978853E+036   7.214286    
   330.0000      1.370837864153837E+036   7.214286    
   345.0000      1.371805324176951E+036   7.214286    
  0.0000000E+00  1.366401289025779E+036   7.214286    
 
  0.0000000E+00  1.277699133928636E+036   7.335714    
   15.00000      1.268546819611218E+036   7.335714    
   30.00000      1.256802244314276E+036   7.335714    
   45.00000      1.244835156396012E+036   7.335714    
   60.00000      1.234820428912984E+036   7.335714    
   75.00000      1.228694963304429E+036   7.335714    
   90.00000      1.227375233074648E+036   7.335714    
   105.0000      1.230258068397022E+036   7.335714    
   120.0000      1.235332017279126E+036   7.335714    
   135.0000      1.240140141507003E+036   7.335714    
   150.0000      1.242772514631742E+036   7.335714    
   165.0000      1.242193367311911E+036   7.335714    
   180.0000      1.238645813769719E+036   7.335714    
   195.0000      1.233312294837529E+036   7.335714    
   210.0000      1.227941841776088E+036   7.335714    
   225.0000      1.224442789893265E+036   7.335714    
   240.0000      1.224736392325481E+036   7.335714    
   255.0000      1.229791570496890E+036   7.335714    
   270.0000      1.239327046046601E+036   7.335714    
   285.0000      1.251867787056207E+036   7.335714    
   300.0000      1.264825799006256E+036   7.335714    
   315.0000      1.275440756586601E+036   7.335714    
   330.0000      1.281663036395224E+036   7.335714    
   345.0000      1.282374545316792E+036   7.335714    
  0.0000000E+00  1.277699133928636E+036   7.335714    
 
  0.0000000E+00  1.194488380832180E+036   7.457143    
   15.00000      1.186442995663194E+036   7.457143    
   30.00000      1.176484038618423E+036   7.457143    
   45.00000      1.166644756033446E+036   7.457143    
   60.00000      1.158714068049972E+036   7.457143    
   75.00000      1.154162481362007E+036   7.457143    
   90.00000      1.153603328332089E+036   7.457143    
   105.0000      1.156414404814406E+036   7.457143    
   120.0000      1.160835448132990E+036   7.457143    
   135.0000      1.164671259473997E+036   7.457143    
   150.0000      1.166389411509405E+036   7.457143    
   165.0000      1.165269481888433E+036   7.457143    
   180.0000      1.161637880726015E+036   7.457143    
   195.0000      1.156610085110247E+036   7.457143    
   210.0000      1.151749072869832E+036   7.457143    
   225.0000      1.148739087466400E+036   7.457143    
   240.0000      1.149230543384520E+036   7.457143    
   255.0000      1.153998177800074E+036   7.457143    
   270.0000      1.162684432625355E+036   7.457143    
   285.0000      1.173830680780517E+036   7.457143    
   300.0000      1.185051776669479E+036   7.457143    
   315.0000      1.193946861180620E+036   7.457143    
   330.0000      1.198834013074717E+036   7.457143    
   345.0000      1.198921119565233E+036   7.457143    
  0.0000000E+00  1.194488380832180E+036   7.457143    
 
  0.0000000E+00  1.117007703765340E+036   7.578571    
   15.00000      1.109746481146002E+036   7.578571    
   30.00000      1.101218306329429E+036   7.578571    
   45.00000      1.093176043035309E+036   7.578571    
   60.00000      1.087093707426708E+036   7.578571    
   75.00000      1.084045292271875E+036   7.578571    
   90.00000      1.084347573771475E+036   7.578571    
   105.0000      1.087258655171356E+036   7.578571    
   120.0000      1.091152281450862E+036   7.578571    
   135.0000      1.094145231647385E+036   7.578571    
   150.0000      1.095024843857924E+036   7.578571    
   165.0000      1.093369947947669E+036   7.578571    
   180.0000      1.089625497555564E+036   7.578571    
   195.0000      1.084876399295451E+036   7.578571    
   210.0000      1.080535109513379E+036   7.578571    
   225.0000      1.078085749134131E+036   7.578571    
   240.0000      1.078919489991067E+036   7.578571    
   255.0000      1.083600810100092E+036   7.578571    
   270.0000      1.091665042114043E+036   7.578571    
   285.0000      1.101637696814746E+036   7.578571    
   300.0000      1.111299015355944E+036   7.578571    
   315.0000      1.118567442583293E+036   7.578571    
   330.0000      1.122106961355456E+036   7.578571    
   345.0000      1.121439504490102E+036   7.578571    
  0.0000000E+00  1.117007703765340E+036   7.578571    
 
  0.0000000E+00  1.045200138946922E+036   7.700000    
   15.00000      1.038554021318285E+036   7.700000    
   30.00000      1.031209873062131E+036   7.700000    
   45.00000      1.024680957208090E+036   7.700000    
   60.00000      1.020175049547266E+036   7.700000    
   75.00000      1.018443077563815E+036   7.700000    
   90.00000      1.019539802673589E+036   7.700000    
   105.0000      1.022597056032715E+036   7.700000    
   120.0000      1.026071483702788E+036   7.700000    
   135.0000      1.028349663823889E+036   7.700000    
   150.0000      1.028504687277656E+036   7.700000    
   165.0000      1.026382126945139E+036   7.700000    
   180.0000      1.022548246359413E+036   7.700000    
   195.0000      1.018068249083242E+036   7.700000    
   210.0000      1.014226810460405E+036   7.700000    
   225.0000      1.012329321294592E+036   7.700000    
   240.0000      1.013529642373227E+036   7.700000    
   255.0000      1.018194656667288E+036   7.700000    
   270.0000      1.025751787030470E+036   7.700000    
   285.0000      1.034705854019302E+036   7.700000    
   300.0000      1.042984979964607E+036   7.700000    
   315.0000      1.048789196303990E+036   7.700000    
   330.0000      1.051093908252941E+036   7.700000    
   345.0000      1.049701995901722E+036   7.700000    
  0.0000000E+00  1.045200138946922E+036   7.700000    
 
  0.0000000E+00  9.788134527830842E+035   7.821429    
   15.00000      9.727078926928769E+035   7.821429    
   30.00000      9.663760390190601E+035   7.821429    
   45.00000      9.611226668205668E+035   7.821429    
   60.00000      9.579281751088254E+035   7.821429    
   75.00000      9.572863128491695E+035   7.821429    
   90.00000      9.590358746046772E+035   7.821429    
   105.0000      9.622059851003348E+035   7.821429    
   120.0000      9.653196892147589E+035   7.821429    
   135.0000      9.669941987557025E+035   7.821429    
   150.0000      9.665512135844651E+035   7.821429    
   165.0000      9.640601981192765E+035   7.821429    
   180.0000      9.601899009295070E+035   7.821429    
   195.0000      9.559828593860269E+035   7.821429    
   210.0000      9.526089045182899E+035   7.821429    
   225.0000      9.512123203078431E+035   7.821429    
   240.0000      9.527363252524824E+035   7.821429    
   255.0000      9.573773604997544E+035   7.821429    
   270.0000      9.644712623519745E+035   7.821429    
   285.0000      9.725147485357174E+035   7.821429    
   300.0000      9.795782183739113E+035   7.821429    
   315.0000      9.841098347154162E+035   7.821429    
   330.0000      9.853564391990350E+035   7.821429    
   345.0000      9.833575870459493E+035   7.821429    
  0.0000000E+00  9.788134527830842E+035   7.821429    
 
  0.0000000E+00  9.174830590369887E+035   7.942857    
   15.00000      9.118906328930713E+035   7.942857    
   30.00000      9.064441775618261E+035   7.942857    
   45.00000      9.022651278709352E+035   7.942857    
   60.00000      9.001399199993862E+035   7.942857    
   75.00000      9.003604188821055E+035   7.942857    
   90.00000      9.025971257964684E+035   7.942857    
   105.0000      9.058104714256529E+035   7.942857    
   120.0000      9.085911794125643E+035   7.942857    
   135.0000      9.097570008746447E+035   7.942857    
   150.0000      9.088403694495323E+035   7.942857    
   165.0000      9.060892178594419E+035   7.942857    
   180.0000      9.022467154129158E+035   7.942857    
   195.0000      8.983230430820215E+035   7.942857    
   210.0000      8.953803153379955E+035   7.942857    
   225.0000      8.944164771960239E+035   7.942857    
   240.0000      8.961918568112001E+035   7.942857    
   255.0000      9.007642093624150E+035   7.942857    
   270.0000      9.074016949449223E+035   7.942857    
   285.0000      9.146140133263742E+035   7.942857    
   300.0000      9.206135441041190E+035   7.942857    
   315.0000      9.240673136401344E+035   7.942857    
   330.0000      9.244526123547629E+035   7.942857    
   345.0000      9.219980315778529E+035   7.942857    
  0.0000000E+00  9.174830590369887E+035   7.942857    
 
  0.0000000E+00  8.607903853352125E+035   8.064285    
   15.00000      8.556998101207913E+035   8.064285    
   30.00000      8.510355044151336E+035   8.064285    
   45.00000      8.477571234611442E+035   8.064285    
   60.00000      8.464868709549888E+035   8.064285    
   75.00000      8.473603083687062E+035   8.064285    
   90.00000      8.499240231579903E+035   8.064285    
   105.0000      8.531044642045183E+035   8.064285    
   120.0000      8.555681609179197E+035   8.064285    
   135.0000      8.563089602357243E+035   8.064285    
   150.0000      8.550339432493249E+035   8.064285    
   165.0000      8.521261884019886E+035   8.064285    
   180.0000      8.483739200368731E+035   8.064285    
   195.0000      8.447437879660285E+035   8.064285    
   210.0000      8.421949096613969E+035   8.064285    
   225.0000      8.415922088355839E+035   8.064285    
   240.0000      8.435399595933758E+035   8.064285    
   255.0000      8.479881378006697E+035   8.064285    
   270.0000      8.541627089126713E+035   8.064285    
   285.0000      8.606090598844306E+035   8.064285    
   300.0000      8.656819882628441E+035   8.064285    
   315.0000      8.682413840759900E+035   8.064285    
   330.0000      8.679555788576421E+035   8.064285    
   345.0000      8.651964807051387E+035   8.064285    
  0.0000000E+00  8.607903853352125E+035   8.064285    
 
  0.0000000E+00  8.083012786155216E+035   8.185715    
   15.00000      8.037011678460944E+035   8.185715    
   30.00000      7.997277666774181E+035   8.185715    
   45.00000      7.971982546679075E+035   8.185715    
   60.00000      7.965972947427849E+035   8.185715    
   75.00000      7.979416488181457E+035   8.185715    
   90.00000      8.006929601012716E+035   8.185715    
   105.0000      8.037741962882305E+035   8.185715    
   120.0000      8.059361985261475E+035   8.185715    
   135.0000      8.063275016253884E+035   8.185715    
   150.0000      8.047967415151399E+035   8.185715    
   165.0000      8.018234839946220E+035   8.185715    
   180.0000      7.982145763316859E+035   8.185715    
   195.0000      7.948834415237004E+035   8.185715    
   210.0000      7.926906352653516E+035   8.185715    
   225.0000      7.923808665810510E+035   8.185715    
   240.0000      7.944272585191872E+035   8.185715    
   255.0000      7.986995752929703E+035   8.185715    
   270.0000      8.044051896131289E+035   8.185715    
   285.0000      8.101452614661058E+035   8.185715    
   300.0000      8.144157638448601E+035   8.185715    
   315.0000      8.162459547936760E+035   8.185715    
   330.0000      8.154588936685433E+035   8.185715    
   345.0000      8.125290018591861E+035   8.185715    
  0.0000000E+00  8.083012786155216E+035   8.185715    
 
  0.0000000E+00  7.595907711710644E+035   8.307143    
   15.00000      7.554636065550408E+035   8.307143    
   30.00000      7.520971123360082E+035   8.307143    
   45.00000      7.501836358285898E+035   8.307143    
   60.00000      7.500941205811762E+035   8.307143    
   75.00000      7.517573289164421E+035   8.307143    
   90.00000      7.545827828171011E+035   8.307143    
   105.0000      7.575144365887642E+035   8.307143    
   120.0000      7.593935251167513E+035   8.307143    
   135.0000      7.595037060278530E+035   8.307143    
   150.0000      7.578056596761211E+035   8.307143    
   165.0000      7.548424768282929E+035   8.307143    
   180.0000      7.514177843199099E+035   8.307143    
   195.0000      7.483847368648616E+035   8.307143    
   210.0000      7.465104118538044E+035   8.307143    
   225.0000      7.464319043048219E+035   8.307143    
   240.0000      7.485136517768603E+035   8.307143    
   255.0000      7.525685896743696E+035   8.307143    
   270.0000      7.578056207788781E+035   8.307143    
   285.0000      7.628972808106673E+035   8.307143    
   300.0000      7.664771239743212E+035   8.307143    
   315.0000      7.677223979231559E+035   8.307143    
   330.0000      7.665784980381599E+035   8.307143    
   345.0000      7.635876555126080E+035   8.307143    
  0.0000000E+00  7.595907711710644E+035   8.307143    
 
  0.0000000E+00  7.142583277161751E+035   8.428572    
   15.00000      7.105799421611697E+035   8.428572    
   30.00000      7.077424759486637E+035   8.428572    
   45.00000      7.063296196200427E+035   8.428572    
   60.00000      7.066195572285132E+035   8.428572    
   75.00000      7.084782236313333E+035   8.428572    
   90.00000      7.112897534365077E+035   8.428572    
   105.0000      7.140374987279748E+035   8.428572    
   120.0000      7.156561114990540E+035   8.428572    
   135.0000      7.155463533247600E+035   8.428572    
   150.0000      7.137552108268574E+035   8.428572    
   165.0000      7.108620496506323E+035   8.428572    
   180.0000      7.076502212257284E+035   8.428572    
   195.0000      7.049083324027801E+035   8.428572    
   210.0000      7.033158727433455E+035   8.428572    
   225.0000      7.034146232039235E+035   8.428572    
   240.0000      7.054801612167906E+035   8.428572    
   255.0000      7.092878075540568E+035   8.428572    
   270.0000      7.140641960073623E+035   8.428572    
   285.0000      7.185641154260019E+035   8.428572    
   300.0000      7.215530742630027E+035   8.428572    
   315.0000      7.223369010809489E+035   8.428572    
   330.0000      7.209551248209795E+035   8.428572    
   345.0000      7.179892261793092E+035   8.428572    
  0.0000000E+00  7.142583277161751E+035   8.428572    
 
  0.0000000E+00  6.719362743255713E+035   8.550000    
   15.00000      6.686775409258792E+035   8.550000    
   30.00000      6.662975610482020E+035   8.550000    
   45.00000      6.652861063926407E+035   8.550000    
   60.00000      6.658467422207066E+035   8.550000    
   75.00000      6.678029476023640E+035   8.550000    
   90.00000      6.705346750837079E+035   8.550000    
   105.0000      6.730778111653382E+035   8.550000    
   120.0000      6.744607386517743E+035   8.550000    
   135.0000      6.741848985293972E+035   8.550000    
   150.0000      6.723614951019672E+035   8.550000    
   165.0000      6.695841461919683E+035   8.550000    
   180.0000      6.666031855565854E+035   8.550000    
   195.0000      6.641407885210899E+035   8.550000    
   210.0000      6.627953515574288E+035   8.550000    
   225.0000      6.630250931425607E+035   8.550000    
   240.0000      6.650339242457494E+035   8.550000    
   255.0000      6.685749963319147E+035   8.550000    
   270.0000      6.729051506821412E+035   8.550000    
   285.0000      6.768681296305285E+035   8.550000    
   300.0000      6.793543937694540E+035   8.550000    
   315.0000      6.797808731116248E+035   8.550000    
   330.0000      6.782571106983001E+035   8.550000    
   345.0000      6.753808592646136E+035   8.550000    
  0.0000000E+00  6.719362743255713E+035   8.550000    
 
  0.0000000E+00  6.322931750756990E+035   8.671429    
   15.00000      6.294221447211200E+035   8.671429    
   30.00000      6.274348701629620E+035   8.671429    
   45.00000      6.267404910268706E+035   8.671429    
   60.00000      6.274834234661807E+035   8.671429    
   75.00000      6.294609143790546E+035   8.671429    
   90.00000      6.320652389639366E+035   8.671429    
   105.0000      6.343936536227406E+035   8.671429    
   120.0000      6.355665226126635E+035   8.671429    
   135.0000      6.351712467814879E+035   8.671429    
   150.0000      6.333644570649219E+035   8.671429    
   165.0000      6.307366148110442E+035   8.671429    
   180.0000      6.279959098276140E+035   8.671429    
   195.0000      6.257980855965147E+035   8.671429    
   210.0000      6.246672464722161E+035   8.671429    
   225.0000      6.249890014873527E+035   8.671429    
   240.0000      6.269102809242598E+035   8.671429    
   255.0000      6.301742963702423E+035   8.671429    
   270.0000      6.340772948924086E+035   8.671429    
   285.0000      6.375553282356474E+035   8.671429    
   300.0000      6.396160873706451E+035   8.671429    
   315.0000      6.397719837276827E+035   8.671429    
   330.0000      6.381822401768209E+035   8.671429    
   345.0000      6.354427273779372E+035   8.671429    
  0.0000000E+00  6.322931750756990E+035   8.671429    
 
  0.0000000E+00  5.950341703898899E+035   8.792857    
   15.00000      5.925179577511229E+035   8.792857    
   30.00000      5.908655911473553E+035   8.792857    
   45.00000      5.904174196634529E+035   8.792857    
   60.00000      5.912717406551768E+035   8.792857    
   75.00000      5.932121892810479E+035   8.792857    
   90.00000      5.956560523394057E+035   8.792857    
   105.0000      5.977674102710866E+035   8.792857    
   120.0000      5.987554316315593E+035   8.792857    
   135.0000      5.982805310291760E+035   8.792857    
   150.0000      5.965288003798193E+035   8.792857    
   165.0000      5.940741837971290E+035   8.792857    
   180.0000      5.915764895225653E+035   8.792857    
   195.0000      5.896264129160844E+035   8.792857    
   210.0000      5.886805985615744E+035   8.792857    
   225.0000      5.890620348774138E+035   8.792857    
   240.0000      5.908730157050979E+035   8.792857    
   255.0000      5.938563513559717E+035   8.792857    
   270.0000      5.973541414371379E+035   8.792857    
   285.0000      6.003956599858432E+035   8.792857    
   300.0000      6.020978561661466E+035   8.792857    
   315.0000      6.020547701713541E+035   8.792857    
   330.0000      6.004583734039167E+035   8.792857    
   345.0000      5.978885566323363E+035   8.792857    
  0.0000000E+00  5.950341703898899E+035   8.792857    
 
  0.0000000E+00  5.598992749982761E+035   8.914286    
   15.00000      5.577054997383940E+035   8.914286    
   30.00000      5.563371728678363E+035   8.914286    
   45.00000      5.560762783771902E+035   8.914286    
   60.00000      5.569858556560483E+035   8.914286    
   75.00000      5.588457242806761E+035   8.914286    
   90.00000      5.611073637923100E+035   8.914286    
   105.0000      5.630047697456595E+035   8.914286    
   120.0000      5.638318428769913E+035   8.914286    
   135.0000      5.633105963475485E+035   8.914286    
   150.0000      5.616434788660701E+035   8.914286    
   165.0000      5.593777958795258E+035   8.914286    
   180.0000      5.571209750636373E+035   8.914286    
   195.0000      5.554010024537783E+035   8.914286    
   210.0000      5.546137037655959E+035   8.914286    
   225.0000      5.550284148159823E+035   8.914286    
   240.0000      5.567130237216292E+035   8.914286    
   255.0000      5.594171370097325E+035   8.914286    
   270.0000      5.625330292606757E+035   8.914286    
   285.0000      5.651824424490106E+035   8.914286    
   300.0000      5.665836467472539E+035   8.914286    
   315.0000      5.664001172980170E+035   8.914286    
   330.0000      5.648426449162975E+035   8.914286    
   345.0000      5.624644014280921E+035   8.914286    
  0.0000000E+00  5.598992749982761E+035   8.914286    
 
  0.0000000E+00  5.266606018885809E+035   9.035714    
   15.00000      5.247583934319483E+035   9.035714    
   30.00000      5.236298743067567E+035   9.035714    
   45.00000      5.235077343108929E+035   9.035714    
   60.00000      5.244286798005031E+035   9.035714    
   75.00000      5.261769885266430E+035   9.035714    
   90.00000      5.282432439436640E+035   9.035714    
   105.0000      5.299333994326458E+035   9.035714    
   120.0000      5.306215348412323E+035   9.035714    
   135.0000      5.300806139544905E+035   9.035714    
   150.0000      5.285202877920397E+035   9.035714    
   165.0000      5.264529684910169E+035   9.035714    
   180.0000      5.244314389770235E+035   9.035714    
   195.0000      5.229239255583342E+035   9.035714    
   210.0000      5.222717090039030E+035   9.035714    
   225.0000      5.226984101382484E+035   9.035714    
   240.0000      5.242459156080257E+035   9.035714    
   255.0000      5.266759001522522E+035   9.035714    
   270.0000      5.294335214594892E+035   9.035714    
   285.0000      5.317310471900803E+035   9.035714    
   300.0000      5.328804002622329E+035   9.035714    
   315.0000      5.326038518138387E+035   9.035714    
   330.0000      5.311196918480758E+035   9.035714    
   345.0000      5.289463839343215E+035   9.035714    
  0.0000000E+00  5.266606018885809E+035   9.035714    
 
  0.0000000E+00  4.951201241359368E+035   9.157143    
   15.00000      4.934808575750796E+035   9.157143    
   30.00000      4.925541966001003E+035   9.157143    
   45.00000      4.925313231051869E+035   9.157143    
   60.00000      4.934298265167921E+035   9.157143    
   75.00000      4.950440685867749E+035   9.157143    
   90.00000      4.969081571886081E+035   9.157143    
   105.0000      4.983999406221363E+035   9.157143    
   120.0000      4.989689478639707E+035   9.157143    
   135.0000      4.984306572282891E+035   9.157143    
   150.0000      4.969932759369922E+035   9.157143    
   165.0000      4.951289416103197E+035   9.157143    
   180.0000      4.933348757880806E+035   9.157143    
   195.0000      4.920228117626581E+035   9.157143    
   210.0000      4.914852529287018E+035   9.157143    
   225.0000      4.919069882721229E+035   9.157143    
   240.0000      4.933107383173239E+035   9.157143    
   255.0000      4.954741908903897E+035   9.157143    
   270.0000      4.978967067986093E+035   9.157143    
   285.0000      4.998782721714759E+035   9.157143    
   300.0000      5.008173074209546E+035   9.157143    
   315.0000      5.004857183889087E+035   9.157143    
   330.0000      4.991002375582756E+035   9.157143    
   345.0000      4.971388482977183E+035   9.157143    
  0.0000000E+00  4.951201241359368E+035   9.157143    
 
  0.0000000E+00  4.651047149250395E+035   9.278572    
   15.00000      4.637023754404488E+035   9.278572    
   30.00000      4.629453399027101E+035   9.278572    
   45.00000      4.629898936250733E+035   9.278572    
   60.00000      4.638402606043800E+035   9.278572    
   75.00000      4.653050071576570E+035   9.278572    
   90.00000      4.669647528504981E+035   9.278572    
   105.0000      4.682681595710668E+035   9.278572    
   120.0000      4.687355263833395E+035   9.278572    
   135.0000      4.682177969891174E+035   9.278572    
   150.0000      4.669147166945259E+035   9.278572    
   165.0000      4.652544374180636E+035   9.278572    
   180.0000      4.636786974220769E+035   9.278572    
   195.0000      4.625461099683513E+035   9.278572    
   210.0000      4.621056001408914E+035   9.278572    
   225.0000      4.625090271653179E+035   9.278572    
   240.0000      4.637654729645889E+035   9.278572    
   255.0000      4.656715326761921E+035   9.278572    
   270.0000      4.677810902074424E+035   9.278572    
   285.0000      4.694784798143786E+035   9.278572    
   300.0000      4.702420570420369E+035   9.278572    
   315.0000      4.698855464423501E+035   9.278572    
   330.0000      4.686169780191148E+035   9.278572    
   345.0000      4.668698401309713E+035   9.278572    
  0.0000000E+00  4.651047149250395E+035   9.278572    
 
  0.0000000E+00  4.364636699023251E+035   9.400000    
   15.00000      4.352750314055108E+035   9.400000    
   30.00000      4.346605369281286E+035   9.400000    
   45.00000      4.347471274314743E+035   9.400000    
   60.00000      4.355301976549019E+035   9.400000    
   75.00000      4.368356085847492E+035   9.400000    
   90.00000      4.382920657619656E+035   9.400000    
   105.0000      4.394174433910839E+035   9.400000    
   120.0000      4.397983356860596E+035   9.400000    
   135.0000      4.393151766107661E+035   9.400000    
   150.0000      4.381539281130129E+035   9.400000    
   165.0000      4.366962223673832E+035   9.400000    
   180.0000      4.353290711615821E+035   9.400000    
   195.0000      4.343612901328178E+035   9.400000    
   210.0000      4.340028364007683E+035   9.400000    
   225.0000      4.343776541068455E+035   9.400000    
   240.0000      4.354856083855430E+035   9.400000    
   255.0000      4.371441903279283E+035   9.400000    
   270.0000      4.389614706831453E+035   9.400000    
   285.0000      4.404025176054197E+035   9.400000    
   300.0000      4.410196531225985E+035   9.400000    
   315.0000      4.406618154069083E+035   9.400000    
   330.0000      4.395227928449029E+035   9.400000    
   345.0000      4.379889463496314E+035   9.400000    
  0.0000000E+00  4.364636699023251E+035   9.400000    
 
  0.0000000E+00  4.090659017514465E+035   9.521429    
   15.00000      4.080705688949458E+035   9.521429    
   30.00000      4.075761230645950E+035   9.521429    
   45.00000      4.076847696923623E+035   9.521429    
   60.00000      4.083866216948584E+035   9.521429    
   75.00000      4.095270579846894E+035   9.521429    
   90.00000      4.107834467463345E+035   9.521429    
   105.0000      4.117409544750330E+035   9.521429    
   120.0000      4.120483001254872E+035   9.521429    
   135.0000      4.116104201352540E+035   9.521429    
   150.0000      4.105955132387637E+035   9.521429    
   165.0000      4.093371427748645E+035   9.521429    
   180.0000      4.081687781817267E+035   9.521429    
   195.0000      4.073525943058744E+035   9.521429    
   210.0000      4.070636074888266E+035   9.521429    
   225.0000      4.074020554635186E+035   9.521429    
   240.0000      4.083620649033014E+035   9.521429    
   255.0000      4.097832970971570E+035   9.521429    
   270.0000      4.113272224293864E+035   9.521429    
   285.0000      4.125360308151386E+035   9.521429    
   300.0000      4.130306385467624E+035   9.521429    
   315.0000      4.126896728936779E+035   9.521429    
   330.0000      4.116884814609938E+035   9.521429    
   345.0000      4.103647362936730E+035   9.521429    
  0.0000000E+00  4.090659017514465E+035   9.521429    
 
  0.0000000E+00  3.827969678276264E+035   9.642858    
   15.00000      3.819773138711865E+035   9.642858    
   30.00000      3.815844770579061E+035   9.642858    
   45.00000      3.816997055842702E+035   9.642858    
   60.00000      3.823105741052730E+035   9.642858    
   75.00000      3.832834833895481E+035   9.642858    
   90.00000      3.843443718815787E+035   9.642858    
   105.0000      3.851436106416152E+035   9.642858    
   120.0000      3.853882402783091E+035   9.642858    
   135.0000      3.850036055214279E+035   9.642858    
   150.0000      3.841372193639766E+035   9.642858    
   165.0000      3.830738202109138E+035   9.642858    
   180.0000      3.820947645793909E+035   9.642858    
   195.0000      3.814184994552356E+035   9.642858    
   210.0000      3.811885641454641E+035   9.642858    
   225.0000      3.814849677325134E+035   9.642858    
   240.0000      3.822987879203320E+035   9.642858    
   255.0000      3.834926026645504E+035   9.642858    
   270.0000      3.847801881563721E+035   9.642858    
   285.0000      3.857773890366151E+035   9.642858    
   300.0000      3.861689517109075E+035   9.642858    
   315.0000      3.858586266727300E+035   9.642858    
   330.0000      3.850002267183130E+035   9.642858    
   345.0000      3.838819864888444E+035   9.642858    
  0.0000000E+00  3.827969678276264E+035   9.642858    
 
  0.0000000E+00  3.575565258114206E+035   9.764286    
   15.00000      3.568975679159292E+035   9.764286    
   30.00000      3.565914555441364E+035   9.764286    
   45.00000      3.567015310837850E+035   9.764286    
   60.00000      3.572149153828115E+035   9.764286    
   75.00000      3.580199623564540E+035   9.764286    
   90.00000      3.588906526044348E+035   9.764286    
   105.0000      3.595404241643047E+035   9.764286    
   120.0000      3.597312391592118E+035   9.764286    
   135.0000      3.594055507220490E+035   9.764286    
   150.0000      3.586881121334422E+035   9.764286    
   165.0000      3.578146850644396E+035   9.764286    
   180.0000      3.570160580325666E+035   9.764286    
   195.0000      3.564695709868613E+035   9.764286    
   210.0000      3.562902139035682E+035   9.764286    
   225.0000      3.565405900844521E+035   9.764286    
   240.0000      3.572107701938899E+035   9.764286    
   255.0000      3.581866090651305E+035   9.764286    
   270.0000      3.592329108488413E+035   9.764286    
   285.0000      3.600359317992904E+035   9.764286    
   300.0000      3.603400932016986E+035   9.764286    
   315.0000      3.600705533946561E+035   9.764286    
   330.0000      3.593574003887359E+035   9.764286    
   345.0000      3.584392871856029E+035   9.764286    
  0.0000000E+00  3.575565258114206E+035   9.764286    
 
  0.0000000E+00  3.332561384522515E+035   9.885715    
   15.00000      3.327453738698393E+035   9.885715    
   30.00000      3.325142059568776E+035   9.885715    
   45.00000      3.326104885471070E+035   9.885715    
   60.00000      3.330224293592365E+035   9.885715    
   75.00000      3.336608275202312E+035   9.885715    
   90.00000      3.343469039561250E+035   9.885715    
   105.0000      3.348550671696345E+035   9.885715    
   120.0000      3.349992188574782E+035   9.885715    
   135.0000      3.347363175409592E+035   9.885715    
   150.0000      3.341669725238322E+035   9.885715    
   165.0000      3.334782552300621E+035   9.885715    
   180.0000      3.328519531145693E+035   9.885715    
   195.0000      3.324266026295262E+035   9.885715    
   210.0000      3.322910705745981E+035   9.885715    
   225.0000      3.324927988955292E+035   9.885715    
   240.0000      3.330223635132614E+035   9.885715    
   255.0000      3.337889726824090E+035   9.885715    
   270.0000      3.346070975805489E+035   9.885715    
   285.0000      3.352304356049938E+035   9.885715    
   300.0000      3.354595194797638E+035   9.885715    
   315.0000      3.352379538813992E+035   9.885715    
   330.0000      3.346706470485014E+035   9.885715    
   345.0000      3.339469634657327E+035   9.885715    
  0.0000000E+00  3.332561384522515E+035   9.885715    
 
  0.0000000E+00  3.098173031593527E+035   10.00714    
   15.00000      3.094445275144942E+035   10.00714    
   30.00000      3.092792308856473E+035   10.00714    
   45.00000      3.093556425187639E+035   10.00714    
   60.00000      3.096641473870324E+035   10.00714    
   75.00000      3.101381522288334E+035   10.00714    
   90.00000      3.106451578263394E+035   10.00714    
   105.0000      3.110185545435142E+035   10.00714    
   120.0000      3.111216212763223E+035   10.00714    
   135.0000      3.109238270884805E+035   10.00714    
   150.0000      3.105008145206517E+035   10.00714    
   165.0000      3.099915566527200E+035   10.00714    
   180.0000      3.095303609236722E+035   10.00714    
   195.0000      3.092189381292770E+035   10.00714    
   210.0000      3.091219952774927E+035   10.00714    
   225.0000      3.092735502620391E+035   10.00714    
   240.0000      3.096657602718876E+035   10.00714    
   255.0000      3.102310571009912E+035   10.00714    
   270.0000      3.108322108308615E+035   10.00714    
   285.0000      3.112876949750337E+035   10.00714    
   300.0000      3.114511526957624E+035   10.00714    
   315.0000      3.112823409764923E+035   10.00714    
   330.0000      3.108601281043378E+035   10.00714    
   345.0000      3.103251897036824E+035   10.00714    
  0.0000000E+00  3.098173031593527E+035   10.00714    
 
  0.0000000E+00  2.871698210195338E+035   10.12857    
   15.00000      2.869269411444028E+035   10.12857    
   30.00000      2.868208043402381E+035   10.12857    
   45.00000      2.868733953197218E+035   10.12857    
   60.00000      2.870779921601727E+035   10.12857    
   75.00000      2.873905256720543E+035   10.12857    
   90.00000      2.877237388094009E+035   10.12857    
   105.0000      2.879681701165274E+035   10.12857    
   120.0000      2.880343244692526E+035   10.12857    
   135.0000      2.879027168556921E+035   10.12857    
   150.0000      2.876236560418187E+035   10.12857    
   165.0000      2.872888130062049E+035   10.12857    
   180.0000      2.869864434073643E+035   10.12857    
   195.0000      2.867830888718426E+035   10.12857    
   210.0000      2.867208373218652E+035   10.12857    
   225.0000      2.868215755635718E+035   10.12857    
   240.0000      2.870797551228951E+035   10.12857    
   255.0000      2.874507528096743E+035   10.12857    
   270.0000      2.878443151152813E+035   10.12857    
   285.0000      2.881413521495065E+035   10.12857    
   300.0000      2.882461444929986E+035   10.12857    
   315.0000      2.881328972213172E+035   10.12857    
   330.0000      2.878540588307485E+035   10.12857    
   345.0000      2.875024222477197E+035   10.12857    
  0.0000000E+00  2.871698210195338E+035   10.12857    
 
  0.0000000E+00  2.652504012111618E+035   10.25000    
   15.00000      2.651312516404858E+035   10.25000    
   30.00000      2.650796314158609E+035   10.25000    
   45.00000      2.651062352142027E+035   10.25000    
   60.00000      2.652076356646335E+035   10.25000    
   75.00000      2.653620188131330E+035   10.25000    
   90.00000      2.655263109807111E+035   10.25000    
   105.0000      2.656465496441584E+035   10.25000    
   120.0000      2.656787104763456E+035   10.25000    
   135.0000      2.656133530025886E+035   10.25000    
   150.0000      2.654754553143749E+035   10.25000    
   165.0000      2.653103135406377E+035   10.25000    
   180.0000      2.651614385170800E+035   10.25000    
   195.0000      2.650615507178897E+035   10.25000    
   210.0000      2.650312758696689E+035   10.25000    
   225.0000      2.650812715819413E+035   10.25000    
   240.0000      2.652086911033267E+035   10.25000    
   255.0000      2.653914707995888E+035   10.25000    
   270.0000      2.655850906780131E+035   10.25000    
   285.0000      2.657308907794341E+035   10.25000    
   300.0000      2.657818085509366E+035   10.25000    
   315.0000      2.657253138865284E+035   10.25000    
   330.0000      2.655874446095649E+035   10.25000    
   345.0000      2.654140505671523E+035   10.25000    
  0.0000000E+00  2.652504012111618E+035   10.25000    
 
