  0.0000000E+00  2.727322782311122E+036
   15.00000      2.659233529096747E+036
   30.00000      2.591129301833516E+036
   45.00000      2.531143886008661E+036
   60.00000      2.484874424481776E+036
   75.00000      2.455643938082791E+036
   90.00000      2.439904388057773E+036
   105.0000      2.433019816526629E+036
   120.0000      2.429309538872839E+036
   135.0000      2.425941611868068E+036
   150.0000      2.418200208702362E+036
   165.0000      2.413447653142623E+036
   180.0000      2.410356392132340E+036
   195.0000      2.418054483095797E+036
   210.0000      2.439743276267161E+036
   225.0000      2.476682876296530E+036
   240.0000      2.529403074223055E+036
   255.0000      2.599651622324625E+036
   270.0000      2.677812183394446E+036
   285.0000      2.752974640224168E+036
   300.0000      2.804564114479964E+036
   315.0000      2.831292765254326E+036
   330.0000      2.822439155376689E+036
   345.0000      2.784477290260549E+036
   360.0000      2.727322782311122E+036
   360.0000      2.692590817642541E+036
   375.0000      2.627504221106298E+036
   390.0000      2.561771135946216E+036
   405.0000      2.503682962160082E+036
   420.0000      2.458561987128684E+036
   435.0000      2.429654405786682E+036
   450.0000      2.413995420725677E+036
   465.0000      2.406974635115449E+036
   480.0000      2.403134128584308E+036
   495.0000      2.399784920671630E+036
   510.0000      2.392362304983399E+036
   525.0000      2.387768840021476E+036
   540.0000      2.385028051225603E+036
   555.0000      2.392466416730548E+036
   570.0000      2.413635945658219E+036
   585.0000      2.449427569194441E+036
   600.0000      2.500602604934785E+036
   615.0000      2.567830900902611E+036
   630.0000      2.641160069460395E+036
   645.0000      2.709647372063536E+036
   660.0000      2.759502837120096E+036
   675.0000      2.786138457479929E+036
   690.0000      2.781404317320815E+036
   705.0000      2.746798295060145E+036
   720.0000      2.692590817642541E+036
   720.0000      2.634071663508010E+036
   735.0000      2.574180404402615E+036
   750.0000      2.512520618278047E+036
   765.0000      2.457587919062983E+036
   780.0000      2.414263267157001E+036
   795.0000      2.385802124450916E+036
   810.0000      2.370007583470819E+036
   825.0000      2.362603008832888E+036
   840.0000      2.358465733775879E+036
   855.0000      2.355126939616693E+036
   870.0000      2.348178496306177E+036
   885.0000      2.343886172458062E+036
   900.0000      2.341361996188042E+036
   915.0000      2.348198078117220E+036
   930.0000      2.367997405920969E+036
   945.0000      2.401546877399052E+036
   960.0000      2.449435572368783E+036
   975.0000      2.511218964068778E+036
   990.0000      2.576879823485686E+036
   1005.000      2.637159235142030E+036
   1020.000      2.684392513043584E+036
   1035.000      2.710989683504885E+036
   1050.000      2.710888533487094E+036
   1065.000      2.682919338240948E+036
   1080.000      2.634071663508010E+036
   1080.000      2.559592421965829E+036
   1095.000      2.506367720642841E+036
   1110.000      2.450156467062092E+036
   1125.000      2.399090996173034E+036
   1140.000      2.357967718350679E+036
   1155.000      2.329941637187400E+036
   1170.000      2.313704131017325E+036
   1185.000      2.305602847722337E+036
   1200.000      2.300942292438164E+036
   1215.000      2.297536137505887E+036
   1230.000      2.291096694614036E+036
   1245.000      2.287112222874710E+036
   1260.000      2.284638059415103E+036
   1275.000      2.290524775595704E+036
   1290.000      2.308186296043037E+036
   1305.000      2.338322921371439E+036
   1320.000      2.381315721126313E+036
   1335.000      2.435746262400432E+036
   1350.000      2.492672905492163E+036
   1365.000      2.545804703216817E+036
   1380.000      2.589843767207605E+036
   1395.000      2.616425480235669E+036
   1410.000      2.620969785647231E+036
   1425.000      2.600936099536857E+036
   1440.000      2.559592421965829E+036
   1440.000      2.474398572825678E+036
   1455.000      2.428966943501212E+036
   1470.000      2.379093877290953E+036
   1485.000      2.332425323987994E+036
   1500.000      2.293677081166926E+036
   1515.000      2.266122132906287E+036
   1530.000      2.249183551987032E+036
   1545.000      2.240114598993855E+036
   1560.000      2.234700376317597E+036
   1575.000      2.231106583968535E+036
   1590.000      2.225144081078801E+036
   1605.000      2.221342204008416E+036
   1620.000      2.218818341986607E+036
   1635.000      2.223351582250513E+036
   1650.000      2.238221776706487E+036
   1665.000      2.264018663951556E+036
   1680.000      2.300752405543724E+036
   1695.000      2.346789809424148E+036
   1710.000      2.395904600699067E+036
   1725.000      2.442653958911429E+036
   1740.000      2.483350659163088E+036
   1755.000      2.509956110033825E+036
   1770.000      2.518772926134689E+036
   1785.000      2.506411778303292E+036
   1800.000      2.474398572825678E+036
   1800.000      2.381714917056559E+036
   1815.000      2.344885267325269E+036
   1830.000      2.301914824585762E+036
   1845.000      2.260086328361122E+036
   1860.000      2.223927351182606E+036
   1875.000      2.196882490276668E+036
   1890.000      2.179187470649849E+036
   1905.000      2.169042598392683E+036
   1920.000      2.162736043191328E+036
   1935.000      2.158881474444060E+036
   1950.000      2.153281977573410E+036
   1965.000      2.149534799574312E+036
   1980.000      2.146802831024919E+036
   1995.000      2.149745904736768E+036
   2010.000      2.161362544895224E+036
   2025.000      2.182125846733066E+036
   2040.000      2.212111876180592E+036
   2055.000      2.249947083612343E+036
   2070.000      2.292045825111333E+036
   2085.000      2.333092149352121E+036
   2100.000      2.370477375676511E+036
   2115.000      2.397006394671235E+036
   2130.000      2.409450959409877E+036
   2145.000      2.404335052986891E+036
   2160.000      2.381714917056559E+036
   2160.000      2.283728633844748E+036
   2175.000      2.255886008877356E+036
   2190.000      2.220036160116950E+036
   2205.000      2.183270047045292E+036
   2220.000      2.149985289951012E+036
   2235.000      2.123759224420597E+036
   2250.000      2.105489715759856E+036
   2265.000      2.094344508647972E+036
   2280.000      2.087129092911344E+036
   2295.000      2.082910819153940E+036
   2310.000      2.077556463187923E+036
   2325.000      2.073757842362101E+036
   2340.000      2.070738662284188E+036
   2355.000      2.071975846187567E+036
   2370.000      2.080160649646689E+036
   2385.000      2.095755030865289E+036
   2400.000      2.119163576982492E+036
   2415.000      2.149844876040755E+036
   2430.000      2.185581147799280E+036
   2445.000      2.221500299754785E+036
   2460.000      2.255619443570693E+036
   2475.000      2.281742282704687E+036
   2490.000      2.296920132464929E+036
   2505.000      2.297878259424560E+036
   2520.000      2.283728633844748E+036
   2520.000      2.182500516486570E+036
   2535.000      2.162801249194952E+036
   2550.000      2.134124162020302E+036
   2565.000      2.102464648736795E+036
   2580.000      2.072333878445800E+036
   2595.000      2.047395662754012E+036
   2610.000      2.028991031944573E+036
   2625.000      2.017145647591450E+036
   2640.000      2.009179231893059E+036
   2655.000      2.004556726315230E+036
   2670.000      1.999330188157998E+036
   2685.000      1.995422078572636E+036
   2700.000      1.992048816225787E+036
   2715.000      1.991688617858519E+036
   2730.000      1.996556729596918E+036
   2745.000      2.007507621410849E+036
   2760.000      2.025400373597201E+036
   2775.000      2.050002328212755E+036
   2790.000      2.080123657966478E+036
   2805.000      2.111445141311368E+036
   2820.000      2.142324258001107E+036
   2835.000      2.167514147282870E+036
   2850.000      2.184294393202124E+036
   2865.000      2.189689547667192E+036
   2880.000      2.182500516486570E+036
   2880.000      2.079764000698072E+036
   2895.000      2.066709496270322E+036
   2910.000      2.044633140484432E+036
   2925.000      2.017988129832774E+036
   2940.000      1.991208605051216E+036
   2955.000      1.968035766234068E+036
   2970.000      1.950100024147538E+036
   2985.000      1.938034421398212E+036
   3000.000      1.929633052107271E+036
   3015.000      1.924659807059321E+036
   3030.000      1.919493685084965E+036
   3045.000      1.915423443635651E+036
   3060.000      1.911677142424495E+036
   3075.000      1.909889239997265E+036
   3090.000      1.912066592783628E+036
   3105.000      1.919408889664160E+036
   3120.000      1.933121233619855E+036
   3135.000      1.952878822055868E+036
   3150.000      1.978278985117051E+036
   3165.000      2.005558277402206E+036
   3180.000      2.033249247411541E+036
   3195.000      2.056910300660975E+036
   3210.000      2.074065806454868E+036
   3225.000      2.082083093636839E+036
   3240.000      2.079764000698072E+036
   3240.000      1.977381342081182E+036
   3255.000      1.968862122572902E+036
   3270.000      1.952200974418140E+036
   3285.000      1.930354368407986E+036
   3300.000      1.906976861002381E+036
   3315.000      1.885956530446417E+036
   3330.000      1.869085145348712E+036
   3345.000      1.857373201366812E+036
   3360.000      1.848939415209231E+036
   3375.000      1.843781164310755E+036
   3390.000      1.838645076952249E+036
   3405.000      1.834362488451514E+036
   3420.000      1.830226131056896E+036
   3435.000      1.827391432428663E+036
   3450.000      1.827808147095056E+036
   3465.000      1.832851241296144E+036
   3480.000      1.843641200442440E+036
   3495.000      1.859851041908401E+036
   3510.000      1.881517394407776E+036
   3525.000      1.905348908255029E+036
   3540.000      1.929968664950005E+036
   3555.000      1.951574999380818E+036
   3570.000      1.967978793586820E+036
   3585.000      1.976911256461086E+036
   3600.000      1.977381342081182E+036
   3600.000      1.876858257788492E+036
   3615.000      1.870935997531901E+036
   3630.000      1.858015630032103E+036
   3645.000      1.840249124163114E+036
   3660.000      1.820382664689224E+036
   3675.000      1.801778782923570E+036
   3690.000      1.786460871131383E+036
   3705.000      1.775590064505820E+036
   3720.000      1.767519601077428E+036
   3735.000      1.762364591439983E+036
   3750.000      1.757250143182952E+036
   3765.000      1.752753320893159E+036
   3780.000      1.748339116431292E+036
   3795.000      1.745067326849160E+036
   3810.000      1.744735892788662E+036
   3825.000      1.748531316987677E+036
   3840.000      1.757522020292254E+036
   3855.000      1.771358419400272E+036
   3870.000      1.790227267388336E+036
   3885.000      1.811180484177622E+036
   3900.000      1.832897636427590E+036
   3915.000      1.852075922324395E+036
   3930.000      1.866855505791675E+036
   3945.000      1.875341616656209E+036
   3960.000      1.876858257788492E+036
   3960.000      1.779125454256598E+036
   3975.000      1.774340304342506E+036
   3990.000      1.763736694807277E+036
   4005.000      1.748987689970469E+036
   4020.000      1.732334210328420E+036
   4035.000      1.716416464875916E+036
   4050.000      1.702988420324416E+036
   4065.000      1.693301790214315E+036
   4080.000      1.685905770959147E+036
   4095.000      1.680933607612035E+036
   4110.000      1.675874263429568E+036
   4125.000      1.671301150916032E+036
   4140.000      1.666970581397061E+036
   4155.000      1.663834437381617E+036
   4170.000      1.663416690259551E+036
   4185.000      1.666765153740110E+036
   4200.000      1.674816485826592E+036
   4215.000      1.687179876957753E+036
   4230.000      1.703977651855863E+036
   4245.000      1.722511439876633E+036
   4260.000      1.741506602112327E+036
   4275.000      1.758058503177381E+036
   4290.000      1.770662999396820E+036
   4305.000      1.777795982041475E+036
   4320.000      1.779125454256598E+036
   4320.000      1.684627581133890E+036
   4335.000      1.680052022534452E+036
   4350.000      1.670772229102505E+036
   4365.000      1.658184645994139E+036
   4380.000      1.644185983342629E+036
   4395.000      1.630878466521767E+036
   4410.000      1.619575707858961E+036
   4425.000      1.611295281320303E+036
   4440.000      1.604773863742262E+036
   4455.000      1.600132291396544E+036
   4470.000      1.595287310608257E+036
   4485.000      1.590957433249142E+036
   4500.000      1.586992449556243E+036
   4515.000      1.584312522096068E+036
   4530.000      1.584224351416539E+036
   4545.000      1.587621957018480E+036
   4560.000      1.595257388479087E+036
   4575.000      1.606693770119070E+036
   4590.000      1.621886773256771E+036
   4605.000      1.638315698023953E+036
   4620.000      1.654762833143867E+036
   4635.000      1.668657445279638E+036
   4650.000      1.678853852089795E+036
   4665.000      1.684179155485905E+036
   4680.000      1.684627581133890E+036
   4680.000      1.593494649322355E+036
   4695.000      1.588670651544807E+036
   4710.000      1.580144363157823E+036
   4725.000      1.569152863206891E+036
   4740.000      1.557341563514089E+036
   4755.000      1.546367462668336E+036
   4770.000      1.537146130650285E+036
   4785.000      1.530359558629886E+036
   4800.000      1.524854912498566E+036
   4815.000      1.520746025293269E+036
   4830.000      1.516313076000985E+036
   4845.000      1.512412024302987E+036
   4860.000      1.508963516812057E+036
   4875.000      1.506901958038444E+036
   4890.000      1.507328495419286E+036
   4905.000      1.510986790199706E+036
   4920.000      1.518429768836705E+036
   4935.000      1.529183033545131E+036
   4950.000      1.543006506612154E+036
   4965.000      1.557532067527298E+036
   4980.000      1.571609595931813E+036
   4995.000      1.582959798863888E+036
   5010.000      1.590773093681180E+036
   5025.000      1.594192510838752E+036
   5040.000      1.593494649322355E+036
   5040.000      1.505744237084621E+036
   5055.000      1.500544005821652E+036
   5070.000      1.492518231583298E+036
   5085.000      1.482799164302185E+036
   5100.000      1.472833332849587E+036
   5115.000      1.463903479294909E+036
   5130.000      1.456595198477128E+036
   5145.000      1.451257767879172E+036
   5160.000      1.446816928207400E+036
   5175.000      1.443343000694851E+036
   5190.000      1.439436852538475E+036
   5205.000      1.436060414787268E+036
   5220.000      1.433184577542823E+036
   5235.000      1.431769240279386E+036
   5250.000      1.432717872648008E+036
   5265.000      1.436642479870745E+036
   5280.000      1.443911889458167E+036
   5295.000      1.454031202502545E+036
   5310.000      1.466581558990596E+036
   5325.000      1.479350282174456E+036
   5340.000      1.491257507281266E+036
   5355.000      1.500283860472000E+036
   5370.000      1.505915550778019E+036
   5385.000      1.507567726212320E+036
   5400.000      1.505744237084621E+036
   5400.000      1.421373219497520E+036
   5415.000      1.415858313311324E+036
   5430.000      1.408270046392620E+036
   5445.000      1.399652919839939E+036
   5460.000      1.391283091414444E+036
   5475.000      1.384128568558536E+036
   5490.000      1.378512436007212E+036
   5505.000      1.374495343173951E+036
   5520.000      1.371068935219932E+036
   5535.000      1.368243701171435E+036
   5550.000      1.364901664762491E+036
   5565.000      1.362066029245165E+036
   5580.000      1.359744152643363E+036
   5595.000      1.358911330241787E+036
   5610.000      1.360285905160155E+036
   5625.000      1.364373385013656E+036
   5640.000      1.371389004941713E+036
   5655.000      1.380836583312142E+036
   5670.000      1.392157598881992E+036
   5685.000      1.403304711725452E+036
   5700.000      1.413263825366558E+036
   5715.000      1.420249892360574E+036
   5730.000      1.423996753751873E+036
   5745.000      1.424146162785407E+036
   5760.000      1.421373219497520E+036
   5760.000      1.340363915420954E+036
   5775.000      1.334676931366286E+036
   5790.000      1.327549665682440E+036
   5805.000      1.319938894283700E+036
   5820.000      1.312967716318828E+036
   5835.000      1.307340949207137E+036
   5850.000      1.303178384641387E+036
   5865.000      1.300309806879089E+036
   5880.000      1.297788412750363E+036
   5895.000      1.295566228374498E+036
   5910.000      1.292768274906581E+036
   5925.000      1.290435755519730E+036
   5940.000      1.288604979831024E+036
   5955.000      1.288247129531693E+036
   5970.000      1.289913838146538E+036
   5985.000      1.294029254456960E+036
   6000.000      1.300689095115073E+036
   6015.000      1.309412692259589E+036
   6030.000      1.319546057864706E+036
   6045.000      1.329212874059114E+036
   6060.000      1.337457767241872E+036
   6075.000      1.342708224613343E+036
   6090.000      1.344897521459184E+036
   6105.000      1.343850978238072E+036
   6120.000      1.340363915420954E+036
   6120.000      1.262666644734536E+036
   6135.000      1.256963398079821E+036
   6150.000      1.250342113014322E+036
   6165.000      1.243667465031471E+036
   6180.000      1.237922930847981E+036
   6195.000      1.233595468646067E+036
   6210.000      1.230651263216856E+036
   6225.000      1.228746513548116E+036
   6240.000      1.226994832280906E+036
   6255.000      1.225300255502733E+036
   6270.000      1.222994194933660E+036
   6285.000      1.221101271630715E+036
   6300.000      1.219682293793005E+036
   6315.000      1.219683744306151E+036
   6330.000      1.221513023548765E+036
   6345.000      1.225534294113059E+036
   6360.000      1.231754669919775E+036
   6375.000      1.239721437117482E+036
   6390.000      1.248725034494204E+036
   6405.000      1.257059063239747E+036
   6420.000      1.263820803776419E+036
   6435.000      1.267630949723937E+036
   6450.000      1.268578152967618E+036
   6465.000      1.266632708351975E+036
   6480.000      1.262666644734536E+036
   6480.000      1.188192465348874E+036
   6495.000      1.182608273772856E+036
   6510.000      1.176527926314070E+036
   6525.000      1.170721269736824E+036
   6540.000      1.166044822779704E+036
   6555.000      1.162807636523729E+036
   6570.000      1.160863127364759E+036
   6585.000      1.159744396558440E+036
   6600.000      1.158625108186531E+036
   6615.000      1.157374438851282E+036
   6630.000      1.155495839437137E+036
   6645.000      1.153972852325519E+036
   6660.000      1.152887217259028E+036
   6675.000      1.153143518610829E+036
   6690.000      1.155028723046554E+036
   6705.000      1.158863426625483E+036
   6720.000      1.164591554803899E+036
   6735.000      1.171796316039816E+036
   6750.000      1.179744722998549E+036
   6765.000      1.186893770546607E+036
   6780.000      1.192389543158725E+036
   6795.000      1.195028010076161E+036
   6810.000      1.195014892006473E+036
   6825.000      1.192431949804206E+036
   6840.000      1.188192465348874E+036
   6840.000      1.116819434993426E+036
   6855.000      1.111457861801199E+036
   6870.000      1.105933436902939E+036
   6885.000      1.100921896138096E+036
   6900.000      1.097165492722729E+036
   6915.000      1.094830386693325E+036
   6930.000      1.093690334736613E+036
   6945.000      1.093197163196622E+036
   6960.000      1.092583922588576E+036
   6975.000      1.091697191893986E+036
   6990.000      1.090181184900245E+036
   7005.000      1.088962651446189E+036
   7020.000      1.088140689616232E+036
   7035.000      1.088565649839353E+036
   7050.000      1.090427030876954E+036
   7065.000      1.094013590993461E+036
   7080.000      1.099226006295021E+036
   7095.000      1.105687667735329E+036
   7110.000      1.112666391344283E+036
   7125.000      1.118772759524765E+036
   7140.000      1.123199801654535E+036
   7155.000      1.124901653205406E+036
   7170.000      1.124168706660090E+036
   7185.000      1.121165792095911E+036
   7200.000      1.116819434993426E+036
   7200.000      1.048404382325250E+036
   7215.000      1.043337710595000E+036
   7230.000      1.038364924905747E+036
   7245.000      1.034071591826115E+036
   7260.000      1.031098270667210E+036
   7275.000      1.029498659212171E+036
   7290.000      1.028993351894778E+036
   7305.000      1.028986307821773E+036
   7320.000      1.028768745470399E+036
   7335.000      1.028174714873814E+036
   7350.000      1.026961509238228E+036
   7365.000      1.025990109451987E+036
   7380.000      1.025373246341370E+036
   7395.000      1.025899377538479E+036
   7410.000      1.027681372055476E+036
   7425.000      1.030984057206713E+036
   7440.000      1.035680157582325E+036
   7455.000      1.041434721097935E+036
   7470.000      1.047533831075094E+036
   7485.000      1.052730381170199E+036
   7500.000      1.056263778638202E+036
   7515.000      1.057229897862330E+036
   7530.000      1.055976896031729E+036
   7545.000      1.052729022396396E+036
   7560.000      1.048404382325250E+036
   7560.000      9.827939761835466E+035
   7575.000      9.780682976313677E+035
   7590.000      9.736280971977602E+035
   7605.000      9.699750562920150E+035
   7620.000      9.676600930237584E+035
   7635.000      9.666506155483391E+035
   7650.000      9.666350124962442E+035
   7665.000      9.669954865238592E+035
   7680.000      9.670797483727620E+035
   7695.000      9.667170481933801E+035
   7710.000      9.657538374288594E+035
   7725.000      9.649811612571309E+035
   7740.000      9.645216136450961E+035
   7755.000      9.650979447528957E+035
   7770.000      9.667645070673520E+035
   7785.000      9.697672056930346E+035
   7800.000      9.739624312324239E+035
   7815.000      9.790563580807660E+035
   7830.000      9.843654947636416E+035
   7845.000      9.887734724610272E+035
   7860.000      9.915662372073776E+035
   7875.000      9.919657575777532E+035
   7890.000      9.903559081490007E+035
   7905.000      9.870009188354206E+035
   7920.000      9.827939761835466E+035
   7920.000      9.198324733718915E+035
   7935.000      9.154736623511635E+035
   7950.000      9.115371781866406E+035
   7965.000      9.084484947824972E+035
   7980.000      9.066800780951038E+035
   7995.000      9.061353409413716E+035
   8010.000      9.064868442843683E+035
   8025.000      9.071151472449541E+035
   8040.000      9.074225131715240E+035
   8055.000      9.072391198884272E+035
   8070.000      9.064803018540979E+035
   8085.000      9.058662636028285E+035
   8100.000      9.055258104023532E+035
   8115.000      9.061150334191741E+035
   8130.000      9.076450300406657E+035
   8145.000      9.103456911743185E+035
   8160.000      9.140658307123433E+035
   8175.000      9.185508352368987E+035
   8190.000      9.231558051767916E+035
   8205.000      9.268839494738737E+035
   8220.000      9.290682591020050E+035
   8235.000      9.290421140514759E+035
   8250.000      9.272072644940245E+035
   8265.000      9.238520969593141E+035
   8280.000      9.198324733718915E+035
   8280.000      8.593668078772357E+035
   8295.000      8.553858962474109E+035
   8310.000      8.519186360130829E+035
   8325.000      8.493225847074008E+035
   8340.000      8.480018756656296E+035
   8355.000      8.478147198228807E+035
   8370.000      8.484305142943524E+035
   8385.000      8.492434937533105E+035
   8400.000      8.497084476864636E+035
   8415.000      8.496606411270836E+035
   8430.000      8.490673702758561E+035
   8445.000      8.485792078704199E+035
   8460.000      8.483277522456070E+035
   8475.000      8.489034783431464E+035
   8490.000      8.502867762334978E+035
   8505.000      8.526929509857636E+035
   8520.000      8.559697910107164E+035
   8535.000      8.598990767910270E+035
   8550.000      8.638797499241316E+035
   8565.000      8.670242404216776E+035
   8580.000      8.687131968918317E+035
   8595.000      8.683778517848741E+035
   8610.000      8.664235700222753E+035
   8625.000      8.631501129055727E+035
   8640.000      8.593668078772357E+035
   8640.000      8.012495473140291E+035
   8655.000      7.976470950815675E+035
   8670.000      7.946121206622621E+035
   8685.000      7.924425988516818E+035
   8700.000      7.914832987718777E+035
   8715.000      7.915629119528587E+035
   8730.000      7.923573496827153E+035
   8745.000      7.932860721011435E+035
   8760.000      7.938544020920081E+035
   8775.000      7.939056755617191E+035
   8790.000      7.934452086354985E+035
   8805.000      7.930564279417966E+035
   8820.000      7.928706180002472E+035
   8835.000      7.934149756086060E+035
   8850.000      7.946492788752470E+035
   8865.000      7.967746958136357E+035
   8880.000      7.996428206282194E+035
   8895.000      8.030684939455763E+035
   8910.000      8.064976509868810E+035
   8925.000      8.091425712395818E+035
   8940.000      8.104321405104745E+035
   8955.000      8.098831165024944E+035
   8970.000      8.078932240432176E+035
   8985.000      8.047633468889653E+035
   9000.000      8.012495473140291E+035
   9000.000      7.453405227662129E+035
   9015.000      7.421100105945342E+035
   9030.000      7.394702114973443E+035
   9045.000      7.376675016109490E+035
   9060.000      7.369951021054574E+035
   9075.000      7.372651431922066E+035
   9090.000      7.381673522027415E+035
   9105.000      7.391550318594061E+035
   9120.000      7.397821455500100E+035
   9135.000      7.399022196883038E+035
   9150.000      7.395472265418952E+035
   9165.000      7.392366220037035E+035
   9180.000      7.390986168247089E+035
   9195.000      7.396002339077209E+035
   9210.000      7.406886006694931E+035
   9225.000      7.425505842673225E+035
   9240.000      7.450450876125342E+035
   9255.000      7.480164547713258E+035
   9270.000      7.509592890931497E+035
   9285.000      7.531773904810896E+035
   9300.000      7.541483459069998E+035
   9315.000      7.534633921316032E+035
   9330.000      7.515038542329203E+035
   9345.000      7.485635693066677E+035
   9360.000      7.453405227662129E+035
   9360.000      6.915076544041934E+035
   9375.000      6.886380519319334E+035
   9390.000      6.863576931186674E+035
   9405.000      6.848687430709573E+035
   9420.000      6.844195982910671E+035
   9435.000      6.848164212937646E+035
   9450.000      6.857681885032558E+035
   9465.000      6.867683926076044E+035
   9480.000      6.874178784212365E+035
   9495.000      6.875818477461303E+035
   9510.000      6.873097557203754E+035
   9525.000      6.870605447779035E+035
   9540.000      6.869569479401188E+035
   9555.000      6.874092959051550E+035
   9570.000      6.883582214964467E+035
   9585.000      6.899757838992188E+035
   9600.000      6.921306775480689E+035
   9615.000      6.946931902036913E+035
   9630.000      6.972072487060745E+035
   9645.000      6.990608690593321E+035
   9660.000      6.997806456154731E+035
   9675.000      6.990225289806930E+035
   9690.000      6.971447321788983E+035
   9705.000      6.944275791368979E+035
   9720.000      6.915076544041934E+035
   9720.000      6.396271785840286E+035
   9735.000      6.371048523359612E+035
   9750.000      6.351505709371209E+035
   9765.000      6.339289368793097E+035
   9780.000      6.336492456364155E+035
   9795.000      6.341202564359966E+035
   9810.000      6.350741760056363E+035
   9825.000      6.360492844708484E+035
   9840.000      6.366916956968336E+035
   9855.000      6.368793038875680E+035
   9870.000      6.366717018568239E+035
   9885.000      6.364707847729063E+035
   9900.000      6.363917468890297E+035
   9915.000      6.367918103770422E+035
   9930.000      6.376097749886834E+035
   9945.000      6.390022333995647E+035
   9960.000      6.408493763907243E+035
   9975.000      6.430440382016789E+035
   9990.000      6.451794411448419E+035
   10005.00      6.467214808894236E+035
   10020.00      6.472458944938062E+035
   10035.00      6.464648227369177E+035
   10050.00      6.447083135065842E+035
   10065.00      6.422380964493717E+035
   10080.00      6.396271785840286E+035
   10080.00      5.895837099399349E+035
   10095.00      5.873938047770577E+035
   10110.00      5.857352069459267E+035
   10125.00      5.847408008131114E+035
   10140.00      5.845856078874574E+035
   10155.00      5.850878145224273E+035
   10170.00      5.860057147156823E+035
   10185.00      5.869256247141677E+035
   10200.00      5.875374556304765E+035
   10215.00      5.877324632252758E+035
   10230.00      5.875745474301017E+035
   10245.00      5.874118610723689E+035
   10260.00      5.873503215759085E+035
   10275.00      5.876975398741657E+035
   10290.00      5.883939314155823E+035
   10305.00      5.895799448243406E+035
   10320.00      5.911483833507816E+035
   10335.00      5.930115035732875E+035
   10350.00      5.948113500506837E+035
   10365.00      5.960862478573062E+035
   10380.00      5.964610413105934E+035
   10395.00      5.956967153122110E+035
   10410.00      5.940914351541792E+035
   10425.00      5.918843861183399E+035
   10440.00      5.895837099399349E+035
   10440.00      5.412699969759662E+035
   10455.00      5.393974157499162E+035
   10470.00      5.380073833730617E+035
   10485.00      5.372060939976727E+035
   10500.00      5.371383323658923E+035
   10515.00      5.376370654905308E+035
   10530.00      5.384886679371822E+035
   10545.00      5.393296972833496E+035
   10560.00      5.398925189575520E+035
   10575.00      5.400821564211629E+035
   10590.00      5.399622339628751E+035
   10605.00      5.398302020992861E+035
   10620.00      5.397812647430500E+035
   10635.00      5.400767060097880E+035
   10650.00      5.406610404268358E+035
   10665.00      5.416579620564801E+035
   10680.00      5.429735626130775E+035
   10695.00      5.445367404706123E+035
   10710.00      5.460376138765653E+035
   10725.00      5.470822822896993E+035
   10740.00      5.473445005655261E+035
   10755.00      5.466278493232896E+035
   10770.00      5.451959605202126E+035
   10785.00      5.432624504632782E+035
   10800.00      5.412699969759662E+035
   10800.00      4.945865601252955E+035
   10815.00      4.930166368857328E+035
   10830.00      4.918714264083039E+035
   10845.00      4.912346644118776E+035
   10860.00      4.912242989393817E+035
   10875.00      4.916920918297664E+035
   10890.00      4.924538703570822E+035
   10905.00      4.931978284239667E+035
   10920.00      4.936975579306326E+035
   10935.00      4.938720536963976E+035
   10950.00      4.937811058701964E+035
   10965.00      4.936741828263526E+035
   10980.00      4.936346150242047E+035
   10995.00      4.938802970849868E+035
   11010.00      4.943616715071049E+035
   11025.00      4.951851389670812E+035
   11040.00      4.962704312630605E+035
   11055.00      4.975606918758350E+035
   11070.00      4.987932088143330E+035
   11085.00      4.996379071633664E+035
   11100.00      4.998171085261673E+035
   11115.00      4.991717494153311E+035
   11130.00      4.979291218020222E+035
   11145.00      4.962750094012947E+035
   11160.00      4.945865601252955E+035
   11160.00      4.494410878321825E+035
   11175.00      4.481600331708637E+035
   11190.00      4.472392356605162E+035
   11205.00      4.467434510504036E+035
   11220.00      4.467666910621123E+035
   11235.00      4.471823038170168E+035
   11250.00      4.478365112845100E+035
   11265.00      4.484699085272223E+035
   11280.00      4.488961861889742E+035
   11295.00      4.490483552359876E+035
   11310.00      4.489796542718434E+035
   11325.00      4.488939475580243E+035
   11340.00      4.488617810002612E+035
   11355.00      4.490601570226279E+035
   11370.00      4.494468834811455E+035
   11385.00      4.501105861782711E+035
   11400.00      4.509847541628806E+035
   11415.00      4.520247798090931E+035
   11430.00      4.530141441879967E+035
   11445.00      4.536832795352356E+035
   11460.00      4.538025937873274E+035
   11475.00      4.532460554224870E+035
   11490.00      4.522034733443804E+035
   11505.00      4.508311634685402E+035
   11520.00      4.494410878321825E+035
   11520.00      4.057480931717287E+035
   11535.00      4.047432728606323E+035
   11550.00      4.040296928559816E+035
   11565.00      4.036559150379774E+035
   11580.00      4.036942952265137E+035
   11595.00      4.040418492652717E+035
   11610.00      4.045756708872000E+035
   11625.00      4.050890311755128E+035
   11640.00      4.054346790314881E+035
   11655.00      4.055595570090057E+035
   11670.00      4.055083217950136E+035
   11685.00      4.054412642461202E+035
   11700.00      4.054154565021812E+035
   11715.00      4.055692603765461E+035
   11730.00      4.058686374781932E+035
   11745.00      4.063842163997118E+035
   11760.00      4.070631990467729E+035
   11775.00      4.078716304844957E+035
   11790.00      4.086381865378243E+035
   11805.00      4.091510463957495E+035
   11820.00      4.092281002683410E+035
   11835.00      4.087728470372621E+035
   11850.00      4.079369889492325E+035
   11865.00      4.068462589977505E+035
   11880.00      4.057480931717287E+035
   11880.00      3.634282661758068E+035
   11895.00      3.626883442192273E+035
   11910.00      3.621677993571183E+035
   11925.00      3.619011555432360E+035
   11940.00      3.619408985643920E+035
   11955.00      3.622091320616741E+035
   11970.00      3.626139693084932E+035
   11985.00      3.630012448639636E+035
   12000.00      3.632618064129025E+035
   12015.00      3.633563382279496E+035
   12030.00      3.633194462356178E+035
   12045.00      3.632695402304716E+035
   12060.00      3.632497290996576E+035
   12075.00      3.633616820313010E+035
   12090.00      3.635798715802354E+035
   12105.00      3.639569166411013E+035
   12120.00      3.644535817270482E+035
   12135.00      3.650453560103244E+035
   12150.00      3.656051291169809E+035
   12165.00      3.659765350638579E+035
   12180.00      3.660242502269985E+035
   12195.00      3.656785343454010E+035
   12210.00      3.650527636532400E+035
   12225.00      3.642414044274581E+035
   12240.00      3.634282661758068E+035
   12240.00      3.224080644213060E+035
   12255.00      3.219230574906866E+035
   12270.00      3.215841474051650E+035
   12285.00      3.214134090854963E+035
   12300.00      3.214448616567556E+035
   12315.00      3.216264853253061E+035
   12330.00      3.218973410045245E+035
   12345.00      3.221554104636881E+035
   12360.00      3.223287537991762E+035
   12375.00      3.223915206280569E+035
   12390.00      3.223672608032004E+035
   12405.00      3.223338765838810E+035
   12420.00      3.223201980014360E+035
   12435.00      3.223928041803383E+035
   12450.00      3.225347891208900E+035
   12465.00      3.227809047806001E+035
   12480.00      3.231052617052426E+035
   12495.00      3.234919500862226E+035
   12510.00      3.238571337716562E+035
   12525.00      3.240980232067440E+035
   12540.00      3.241253032669238E+035
   12555.00      3.238938715597305E+035
   12570.00      3.234788732478415E+035
   12585.00      3.229431833819260E+035
   12600.00      3.224080644213060E+035
   12600.00      2.826193072560573E+035
   12615.00      2.823805792775151E+035
   12630.00      2.822144440697417E+035
   12645.00      2.821316115633376E+035
   12660.00      2.821487067602668E+035
   12675.00      2.822398417857119E+035
   12690.00      2.823747872640864E+035
   12705.00      2.825030198032436E+035
   12720.00      2.825889934685750E+035
   12735.00      2.826199745898564E+035
   12750.00      2.826078355946190E+035
   12765.00      2.825910476730115E+035
   12780.00      2.825839959050581E+035
   12795.00      2.826194471134893E+035
   12810.00      2.826890431413147E+035
   12825.00      2.828099561834086E+035
   12840.00      2.829693895818681E+035
   12855.00      2.831595297279875E+035
   12870.00      2.833389310403982E+035
   12885.00      2.834568710676283E+035
   12900.00      2.834691924945790E+035
   12915.00      2.833538750018370E+035
   12930.00      2.831481710593099E+035
   12945.00      2.828833393430011E+035
   12960.00      2.826193072560573E+035
