  0.0000000E+00  4.908447712659836E-002
   22.50000      4.507417604327202E-002
   45.00000      4.141177609562874E-002
   67.50000      3.882741928100586E-002
   90.00000      4.100782051682472E-002
   112.5000      4.701124504208565E-002
   135.0000      5.613019689917564E-002
   157.5000      6.600024551153183E-002
   180.0000      7.322826236486435E-002
   202.5000      7.841373980045319E-002
   225.0000      8.525215089321136E-002
   247.5000      8.964823931455612E-002
   270.0000      8.258746564388275E-002
   292.5000      7.131882756948471E-002
   315.0000      6.306710094213486E-002
   337.5000      5.528998374938965E-002
   360.0000      4.908447712659836E-002
   360.0000      4.742266982793808E-002
   382.5000      4.360718280076981E-002
   405.0000      4.011412337422371E-002
   427.5000      3.769057616591454E-002
   450.0000      3.834998980164528E-002
   472.5000      4.312730208039284E-002
   495.0000      5.113086476922035E-002
   517.5000      6.001969426870346E-002
   540.0000      6.662197411060333E-002
   562.5000      7.150723785161972E-002
   585.0000      7.783379405736923E-002
   607.5000      8.131068944931030E-002
   630.0000      7.448421418666840E-002
   652.5000      6.638407707214355E-002
   675.0000      5.983853712677956E-002
   697.5000      5.306637287139893E-002
   720.0000      4.742266982793808E-002
   720.0000      4.704663902521133E-002
   742.5000      4.335441812872887E-002
   765.0000      4.009248316287994E-002
   787.5000      3.757863119244576E-002
   810.0000      3.718240186572075E-002
   832.5000      3.942640498280525E-002
   855.0000      4.471389949321747E-002
   877.5000      5.149640887975693E-002
   900.0000      5.703115090727806E-002
   922.5000      6.130125746130943E-002
   945.0000      6.692337989807129E-002
   967.5000      7.044352591037750E-002
   990.0000      6.676083058118820E-002
   1012.500      6.233298406004906E-002
   1035.000      5.771357938647270E-002
   1057.500      5.218774080276489E-002
   1080.000      4.704663902521133E-002
   1080.000      4.804195463657379E-002
   1102.500      4.436049610376358E-002
   1125.000      4.131606593728065E-002
   1147.500      3.871777281165123E-002
   1170.000      3.743625432252884E-002
   1192.500      3.776709735393524E-002
   1215.000      3.988765925168991E-002
   1237.500      4.377277940511703E-002
   1260.000      4.780629277229309E-002
   1282.500      5.121947079896927E-002
   1305.000      5.583332106471062E-002
   1327.500      6.004317477345467E-002
   1350.000      6.075045093894005E-002
   1372.500      5.929860845208168E-002
   1395.000      5.669197440147400E-002
   1417.500      5.265538021922112E-002
   1440.000      4.804195463657379E-002
   1440.000      4.840017110109329E-002
   1462.500      4.486508667469025E-002
   1485.000      4.206927865743637E-002
   1507.500      3.968663141131401E-002
   1530.000      3.822083398699760E-002
   1552.500      3.772937133908272E-002
   1575.000      3.820308297872543E-002
   1597.500      4.028579220175743E-002
   1620.000      4.308271035552025E-002
   1642.500      4.575285315513611E-002
   1665.000      4.934023320674896E-002
   1687.500      5.340956896543503E-002
   1710.000      5.590046942234039E-002
   1732.500      5.629128962755203E-002
   1755.000      5.513924360275269E-002
   1777.500      5.235214903950691E-002
   1800.000      4.840017110109329E-002
   1800.000      4.665883257985115E-002
   1822.500      4.353496059775352E-002
   1845.000      4.114070534706116E-002
   1867.500      3.927823901176453E-002
   1890.000      3.828357160091400E-002
   1912.500      3.795952349901199E-002
   1935.000      3.827001899480820E-002
   1957.500      3.982052952051163E-002
   1980.000      4.193507507443428E-002
   2002.500      4.413679614663124E-002
   2025.000      4.703003168106079E-002
   2047.500      5.038999021053314E-002
   2070.000      5.276162549853325E-002
   2092.500      5.341765284538269E-002
   2115.000      5.256144329905510E-002
   2137.500      5.013731122016907E-002
   2160.000      4.665883257985115E-002
   2160.000      4.391866177320480E-002
   2182.500      4.131914302706718E-002
   2205.000      3.943574056029320E-002
   2227.500      3.828397020697594E-002
   2250.000      3.806525841355324E-002
   2272.500      3.839841857552528E-002
   2295.000      3.921857848763466E-002
   2317.500      4.075968265533447E-002
   2340.000      4.244967550039291E-002
   2362.500      4.424291476607323E-002
   2385.000      4.648274555802345E-002
   2407.500      4.889564961194992E-002
   2430.000      5.045553669333458E-002
   2452.500      5.067786574363708E-002
   2475.000      4.952340945601463E-002
   2497.500      4.702476412057877E-002
   2520.000      4.391866177320480E-002
   2520.000      4.150023683905602E-002
   2542.500      3.936183080077171E-002
   2565.000      3.798057511448860E-002
   2587.500      3.753955289721489E-002
   2610.000      3.808403015136719E-002
   2632.500      3.910486027598381E-002
   2655.000      4.037921875715256E-002
   2677.500      4.179973155260086E-002
   2700.000      4.302849993109703E-002
   2722.500      4.430574551224709E-002
   2745.000      4.582183808088303E-002
   2767.500      4.736176133155823E-002
   2790.000      4.825060814619064E-002
   2812.500      4.812306165695190E-002
   2835.000      4.672611504793167E-002
   2857.500      4.423530027270317E-002
   2880.000      4.150023683905602E-002
   2880.000      3.961290419101715E-002
   2902.500      3.783157840371132E-002
   2925.000      3.687948361039162E-002
   2947.500      3.702212870121002E-002
   2970.000      3.816644847393036E-002
   2992.500      3.969420865178108E-002
   3015.000      4.116867855191231E-002
   3037.500      4.230777546763420E-002
   3060.000      4.305320978164673E-002
   3082.500      4.378841444849968E-002
   3105.000      4.466081038117409E-002
   3127.500      4.558326303958893E-002
   3150.000      4.610520973801613E-002
   3172.500      4.583895578980446E-002
   3195.000      4.437988623976707E-002
   3217.500      4.201995208859444E-002
   3240.000      3.961290419101715E-002
   3240.000      3.801392763853073E-002
   3262.500      3.651224449276924E-002
   3285.000      3.590356186032295E-002
   3307.500      3.647791221737862E-002
   3330.000      3.803746774792671E-002
   3352.500      3.986993804574013E-002
   3375.000      4.134652391076088E-002
   3397.500      4.214575141668320E-002
   3420.000      4.245327413082123E-002
   3442.500      4.271509870886803E-002
   3465.000      4.310125857591629E-002
   3487.500      4.363987967371941E-002
   3510.000      4.400069639086723E-002
   3532.500      4.372588172554970E-002
   3555.000      4.232075437903404E-002
   3577.500      4.014616832137108E-002
   3600.000      3.801392763853073E-002
   3600.000      3.645892068743706E-002
   3622.500      3.518142178654671E-002
   3645.000      3.483487293124199E-002
   3667.500      3.570015728473663E-002
   3690.000      3.750700876116753E-002
   3712.500      3.947066515684128E-002
   3735.000      4.082969203591347E-002
   3757.500      4.130308330059052E-002
   3780.000      4.125540703535080E-002
   3802.500      4.115406796336174E-002
   3825.000      4.121137782931328E-002
   3847.500      4.153050482273102E-002
   3870.000      4.184277728199959E-002
   3892.500      4.162162914872169E-002
   3915.000      4.032960161566734E-002
   3937.500      3.835663944482803E-002
   3960.000      3.645892068743706E-002
   3960.000      3.474183380603790E-002
   3982.500      3.364984691143036E-002
   4005.000      3.349087759852409E-002
   4027.500      3.451987355947495E-002
   4050.000      3.642289713025093E-002
   4072.500      3.837523236870766E-002
   4095.000      3.955294936895370E-002
   4117.500      3.975112363696098E-002
   4140.000      3.944486752152443E-002
   4162.500      3.909878060221672E-002
   4185.000      3.895897790789604E-002
   4207.500      3.916752710938454E-002
   4230.000      3.948610275983810E-002
   4252.500      3.934432566165924E-002
   4275.000      3.819584473967552E-002
   4297.500      3.643004596233368E-002
   4320.000      3.474183380603790E-002
   4320.000      3.265055641531944E-002
   4342.500      3.171930089592934E-002
   4365.000      3.168096020817757E-002
   4387.500      3.275643661618233E-002
   4410.000      3.461503982543945E-002
   4432.500      3.643528744578362E-002
   4455.000      3.740037977695465E-002
   4477.500      3.738833218812943E-002
   4500.000      3.692160546779633E-002
   4522.500      3.644207864999771E-002
   4545.000      3.621017560362816E-002
   4567.500      3.637732937932014E-002
   4590.000      3.672389686107635E-002
   4612.500      3.666920587420464E-002
   4635.000      3.568481653928757E-002
   4657.500      3.413586318492889E-002
   4680.000      3.265055641531944E-002
   4680.000      2.990964613854885E-002
   4702.500      2.912991866469383E-002
   4725.000      2.915358170866966E-002
   4747.500      3.016253747045994E-002
   4770.000      3.183721750974655E-002
   4792.500      3.341315314173698E-002
   4815.000      3.414844349026680E-002
   4837.500      3.399452939629555E-002
   4860.000      3.346323221921921E-002
   4882.500      3.295210748910904E-002
   4905.000      3.271004185080528E-002
   4927.500      3.287624940276146E-002
   4950.000      3.325060755014420E-002
   4972.500      3.328111395239830E-002
   4995.000      3.248329088091850E-002
   5017.500      3.117600269615650E-002
   5040.000      2.990964613854885E-002
   5040.000      2.605269849300385E-002
   5062.500      2.543906122446060E-002
   5085.000      2.547635510563850E-002
   5107.500      2.630126476287842E-002
   5130.000      2.763848006725311E-002
   5152.500      2.884992025792599E-002
   5175.000      2.933998778462410E-002
   5197.500      2.911562472581863E-002
   5220.000      2.861707471311092E-002
   5242.500      2.816893905401230E-002
   5265.000      2.797957696020603E-002
   5287.500      2.815888822078705E-002
   5310.000      2.853715047240257E-002
   5332.500      2.864065021276474E-002
   5355.000      2.806265465915203E-002
   5377.500      2.705102227628231E-002
   5400.000      2.605269849300385E-002
   5400.000      2.014371193945408E-002
   5422.500      1.975416764616966E-002
   5445.000      1.977142877876759E-002
   5467.500      2.027585171163082E-002
   5490.000      2.108398452401161E-002
   5512.500      2.178440988063812E-002
   5535.000      2.201483584940434E-002
   5557.500      2.181026712059975E-002
   5580.000      2.146070450544357E-002
   5602.500      2.117248624563217E-002
   5625.000      2.107811532914639E-002
   5647.500      2.124227024614811E-002
   5670.000      2.155087701976299E-002
   5692.500      2.168563939630985E-002
   5715.000      2.137560769915581E-002
   5737.500      2.076547965407372E-002
   5760.000      2.014371193945408E-002
