  0.0000000E+00   31705.4604819227        6.000000    
   22.50000       32241.5743822444        6.000000    
   45.00000       33850.0601176038        6.000000    
   67.50000       35601.9637985660        6.000000    
   90.00000       37621.9105653007        6.000000    
   112.5000       40346.0762227924        6.000000    
   135.0000       43377.2716779533        6.000000    
   157.5000       45382.5620506019        6.000000    
   180.0000       45931.6735932591        6.000000    
   202.5000       44989.1981805881        6.000000    
   225.0000       43317.7761406987        6.000000    
   247.5000       41966.6547189831        6.000000    
   270.0000       40586.8618121785        6.000000    
   292.5000       38046.8022367228        6.000000    
   315.0000       35077.0524038430        6.000000    
   337.5000       32787.0654427527        6.000000    
  0.0000000E+00   31705.4604819227        6.000000    
 
  0.0000000E+00   28343.0776430560        6.283333    
   22.50000       28732.7440744241        6.283333    
   45.00000       29885.2228380924        6.283333    
   67.50000       31154.7830716951        6.283333    
   90.00000       32651.1002492203        6.283333    
   112.5000       34663.8127841907        6.283333    
   135.0000       36783.9536979642        6.283333    
   157.5000       38240.2063225825        6.283333    
   180.0000       38692.5051239131        6.283333    
   202.5000       38027.1069835505        6.283333    
   225.0000       36776.9566652616        6.283333    
   247.5000       35764.3746301394        6.283333    
   270.0000       34874.2110198719        6.283333    
   292.5000       33079.2620074658        6.283333    
   315.0000       30870.2363953665        6.283333    
   337.5000       29139.4727946965        6.283333    
  0.0000000E+00   28343.0776430560        6.283333    
 
  0.0000000E+00   24448.6955824166        6.566667    
   22.50000       24451.6198805213        6.566667    
   45.00000       24996.4160908849        6.566667    
   67.50000       25716.0949023462        6.566667    
   90.00000       26628.1221756035        6.566667    
   112.5000       27863.8983536439        6.566667    
   135.0000       29222.4789031178        6.566667    
   157.5000       30287.4706496030        6.566667    
   180.0000       30806.0775657130        6.566667    
   202.5000       30609.9875693784        6.566667    
   225.0000       29927.5258551393        6.566667    
   247.5000       29279.1190067529        6.566667    
   270.0000       28770.4114455763        6.566667    
   292.5000       27784.6394053060        6.566667    
   315.0000       26402.2938300666        6.566667    
   337.5000       25172.3553427274        6.566667    
  0.0000000E+00   24448.6955824166        6.566667    
 
  0.0000000E+00   20574.8929818938        6.850000    
   22.50000       20298.2505139925        6.850000    
   45.00000       20381.6446522439        6.850000    
   67.50000       20675.2997288074        6.850000    
   90.00000       21142.7916226445        6.850000    
   112.5000       21821.0480766744        6.850000    
   135.0000       22635.8813935489        6.850000    
   157.5000       23370.8979195058        6.850000    
   180.0000       23876.7331823158        6.850000    
   202.5000       24003.8080334581        6.850000    
   225.0000       23767.4403561814        6.850000    
   247.5000       23421.1473667186        6.850000    
   270.0000       23178.2935767014        6.850000    
   292.5000       22757.3282005301        6.850000    
   315.0000       22027.1088702398        6.850000    
   337.5000       21213.2688862874        6.850000    
  0.0000000E+00   20574.8929818938        6.850000    
 
  0.0000000E+00   16935.3478683847        7.133333    
   22.50000       16604.6406263591        7.133333    
   45.00000       16501.2847948167        7.133333    
   67.50000       16592.9751546396        7.133333    
   90.00000       16849.2890728222        7.133333    
   112.5000       17253.0746483536        7.133333    
   135.0000       17746.3262354807        7.133333    
   157.5000       18201.3023376319        7.133333    
   180.0000       18551.0755121693        7.133333    
   202.5000       18717.0185042098        7.133333    
   225.0000       18665.8577301731        7.133333    
   247.5000       18504.3289937094        7.133333    
   270.0000       18413.0881416807        7.133333    
   292.5000       18274.1947964891        7.133333    
   315.0000       17928.2057553030        7.133333    
   337.5000       17427.5678067682        7.133333    
  0.0000000E+00   16935.3478683847        7.133333    
 
  0.0000000E+00   13722.7831307316        7.416667    
   22.50000       13466.9441669261        7.416667    
   45.00000       13379.2723124271        7.416667    
   67.50000       13462.2685584745        7.416667    
   90.00000       13689.1948430800        7.416667    
   112.5000       14008.0859692453        7.416667    
   135.0000       14337.8990691576        7.416667    
   157.5000       14591.8656520267        7.416667    
   180.0000       14758.0172155659        7.416667    
   202.5000       14817.4582979261        7.416667    
   225.0000       14767.6609577751        7.416667    
   247.5000       14681.2154402596        7.416667    
   270.0000       14664.9515759461        7.416667    
   292.5000       14622.2999631220        7.416667    
   315.0000       14419.4224197148        7.416667    
   337.5000       14078.6039285297        7.416667    
  0.0000000E+00   13722.7831307316        7.416667    
 
  0.0000000E+00   11032.3294079273        7.700000    
   22.50000       10876.9363354030        7.700000    
   45.00000       10866.2456199026        7.700000    
   67.50000       11001.1306757375        7.700000    
   90.00000       11246.9361275481        7.700000    
   112.5000       11524.9281529146        7.700000    
   135.0000       11739.4279801728        7.700000    
   157.5000       11840.7985212185        7.700000    
   180.0000       11857.2255935613        7.700000    
   202.5000       11810.0920015307        7.700000    
   225.0000       11731.8187375950        7.700000    
   247.5000       11684.6845265486        7.700000    
   270.0000       11706.4848195920        7.700000    
   292.5000       11688.2740454052        7.700000    
   315.0000       11534.9369782721        7.700000    
   337.5000       11281.4132600984        7.700000    
  0.0000000E+00   11032.3294079273        7.700000    
 
  0.0000000E+00   8821.80564188527        7.983334    
   22.50000       8740.90809605630        7.983334    
   45.00000       8783.95763976006        7.983334    
   67.50000       8947.25966459484        7.983334    
   90.00000       9189.33035615750        7.983334    
   112.5000       9417.19202356059        7.983334    
   135.0000       9536.96506765828        7.983334    
   157.5000       9531.20764664907        7.983334    
   180.0000       9453.89705671776        7.983334    
   202.5000       9350.48148686806        7.983334    
   225.0000       9269.26533924200        7.983334    
   247.5000       9254.43468222022        7.983334    
   270.0000       9298.33405406839        7.983334    
   292.5000       9294.24030266544        7.983334    
   315.0000       9178.40559410177        7.983334    
   337.5000       8991.01355854149        7.983334    
  0.0000000E+00   8821.80564188527        7.983334    
 
  0.0000000E+00   7032.12293215185        8.266666    
   22.50000       6992.67484330798        8.266666    
   45.00000       7056.80149210564        8.266666    
   67.50000       7219.30273713589        8.266666    
   90.00000       7436.47166748749        8.266666    
   112.5000       7613.29316331461        8.266666    
   135.0000       7666.33141330602        8.266666    
   157.5000       7599.70226463042        8.266666    
   180.0000       7479.58493392618        8.266666    
   202.5000       7361.88792288025        8.266666    
   225.0000       7294.14824282429        8.266666    
   247.5000       7302.78224941784        8.266666    
   270.0000       7359.34498415365        8.266666    
   292.5000       7369.39748009673        8.266666    
   315.0000       7287.00093327115        8.266666    
   337.5000       7149.04043832636        8.266666    
  0.0000000E+00   7032.12293215185        8.266666    
 
  0.0000000E+00   5593.80028621883        8.550000    
   22.50000       5574.80267515613        8.550000    
   45.00000       5641.30828988399        8.550000    
   67.50000       5788.03819483520        8.550000    
   90.00000       5972.64641328524        8.550000    
   112.5000       6106.09850275675        8.550000    
   135.0000       6118.08257568055        8.550000    
   157.5000       6024.81791106732        8.550000    
   180.0000       5894.95457611332        8.550000    
   202.5000       5784.40302550987        8.550000    
   225.0000       5733.95979272119        8.550000    
   247.5000       5756.92553033576        8.550000    
   270.0000       5818.47824950968        8.550000    
   292.5000       5838.68737042032        8.550000    
   315.0000       5781.44830079659        8.550000    
   337.5000       5678.00248943100        8.550000    
  0.0000000E+00   5593.80028621883        8.550000    
 
  0.0000000E+00   4432.95710289155        8.833333    
   22.50000       4423.56640020986        8.833333    
   45.00000       4484.02543050637        8.833333    
   67.50000       4609.36827822864        8.833333    
   90.00000       4760.92270693950        8.833333    
   112.5000       4860.06217258632        8.833333    
   135.0000       4849.66641301084        8.833333    
   157.5000       4751.39474432968        8.833333    
   180.0000       4629.65490011144        8.833333    
   202.5000       4535.24735248596        8.833333    
   225.0000       4500.40214984801        8.833333    
   247.5000       4530.24158973259        8.833333    
   270.0000       4590.69798307949        8.833333    
   292.5000       4615.66021455182        8.833333    
   315.0000       4575.39881220678        8.833333    
   337.5000       4496.04719196956        8.833333    
  0.0000000E+00   4432.95710289155        8.833333    
 
  0.0000000E+00   3489.44873828948        9.116667    
   22.50000       3484.43827178844        9.116667    
   45.00000       3535.47094567336        9.116667    
   67.50000       3638.01654410107        9.116667    
   90.00000       3758.57148454940        9.116667    
   112.5000       3831.12273603995        9.116667    
   135.0000       3810.80450728025        9.116667    
   157.5000       3720.16511257090        9.116667    
   180.0000       3615.56888483646        9.116667    
   202.5000       3539.89475098994        9.116667    
   225.0000       3517.33838600974        9.116667    
   247.5000       3548.51665620515        9.116667    
   270.0000       3603.39991730541        9.116667    
   292.5000       3628.47100486468        9.116667    
   315.0000       3599.42010280330        9.116667    
   337.5000       3537.80409704808        9.116667    
  0.0000000E+00   3489.44873828948        9.116667    
 
  0.0000000E+00   2716.81327916719        9.400000    
   22.50000       2713.79477855109        9.400000    
   45.00000       2754.30285126214        9.400000    
   67.50000       2834.33889711025        9.400000    
   90.00000       2926.52202701295        9.400000    
   112.5000       2978.37834207565        9.400000    
   135.0000       2956.09148614652        9.400000    
   157.5000       2880.13298875193        9.400000    
   180.0000       2796.53485647931        9.400000    
   202.5000       2739.25965784093        9.400000    
   225.0000       2725.62993455553        9.400000    
   247.5000       2754.17132376177        9.400000    
   270.0000       2800.38937750846        9.400000    
   292.5000       2822.48812048177        9.400000    
   315.0000       2801.13220413764        9.400000    
   337.5000       2753.72571368921        9.400000    
  0.0000000E+00   2716.81327916719        9.400000    
 
  0.0000000E+00   2080.13825183966        9.683333    
   22.50000       2078.18850048161        9.683333    
   45.00000       2108.07719566172        9.683333    
   67.50000       2166.55016021143        9.683333    
   90.00000       2232.90496791603        9.683333    
   112.5000       2268.34530868789        9.683333    
   135.0000       2248.89080994109        9.683333    
   157.5000       2191.07702084067        9.683333    
   180.0000       2129.57201626876        9.683333    
   202.5000       2089.13486177008        9.683333    
   225.0000       2081.50930306890        9.683333    
   247.5000       2104.72142708577        9.683333    
   270.0000       2140.35290161469        9.683333    
   292.5000       2157.61467423752        9.683333    
   315.0000       2142.10097464934        9.683333    
   337.5000       2107.14649320680        9.683333    
  0.0000000E+00   2080.13825183966        9.683333    
 
  0.0000000E+00   1553.26995174784        9.966667    
   22.50000       1552.10531712031        9.966667    
   45.00000       1571.80581046356        9.966667    
   67.50000       1610.02719492812        9.966667    
   90.00000       1652.94534590973        9.966667    
   112.5000       1675.08016120583        9.966667    
   135.0000       1661.15097915926        9.966667    
   157.5000       1622.67524132769        9.966667    
   180.0000       1582.66556447436        9.966667    
   202.5000       1557.11308272707        9.966667    
   225.0000       1553.21319226039        9.966667    
   247.5000       1569.34043765665        9.966667    
   270.0000       1593.30956444651        9.966667    
   292.5000       1604.83688358934        9.966667    
   315.0000       1594.37878306065        9.966667    
   337.5000       1571.08601845443        9.966667    
  0.0000000E+00   1553.26995174784        9.966667    
 
  0.0000000E+00   1116.27155880106        10.25000    
   22.50000       1115.81673702351        10.25000    
   45.00000       1125.93085713033        10.25000    
   67.50000       1145.36175560978        10.25000    
   90.00000       1167.09753020478        10.25000    
   112.5000       1178.22508656971        10.25000    
   135.0000       1171.10526713369        10.25000    
   157.5000       1151.75062875725        10.25000    
   180.0000       1131.79959008640        10.25000    
   202.5000       1119.15878602900        10.25000    
   225.0000       1117.31851204485        10.25000    
   247.5000       1125.43804860217        10.25000    
   270.0000       1137.43592194814        10.25000    
   292.5000       1143.03117122251        10.25000    
   315.0000       1137.38188902891        10.25000    
   337.5000       1125.31949545492        10.25000    
  0.0000000E+00   1116.27155880106        10.25000    
 
