  0.0000000E+00   139.086818472679        6.000000    
   15.00000       140.621534654699        6.000000    
   30.00000       143.390764601557        6.000000    
   45.00000       147.104570766801        6.000000    
   60.00000       151.406027797048        6.000000    
   75.00000       155.988802748514        6.000000    
   90.00000       160.979853290307        6.000000    
   105.0000       165.997189262608        6.000000    
   120.0000       170.468338439809        6.000000    
   135.0000       174.008357701719        6.000000    
   150.0000       175.613670760115        6.000000    
   165.0000       175.578577822210        6.000000    
   180.0000       174.013980425863        6.000000    
   195.0000       171.343115403660        6.000000    
   210.0000       168.599163327230        6.000000    
   225.0000       166.103864156557        6.000000    
   240.0000       163.653844542111        6.000000    
   255.0000       161.171052775432        6.000000    
   270.0000       158.542228927213        6.000000    
   285.0000       154.589079705232        6.000000    
   300.0000       148.609009608371        6.000000    
   315.0000       143.618941478219        6.000000    
   330.0000       140.255115381595        6.000000    
   345.0000       138.978684502543        6.000000    
  0.0000000E+00   139.086818472679        6.000000    
 
  0.0000000E+00   116.384638958443        6.121428    
   15.00000       118.067236390876        6.121428    
   30.00000       120.896109848980        6.121428    
   45.00000       124.426155940221        6.121428    
   60.00000       128.339636162666        6.121428    
   75.00000       132.392186320374        6.121428    
   90.00000       136.659560801022        6.121428    
   105.0000       140.845750774270        6.121428    
   120.0000       144.572498589971        6.121428    
   135.0000       147.534375330590        6.121428    
   150.0000       148.879141406159        6.121428    
   165.0000       148.885513661208        6.121428    
   180.0000       147.524852373981        6.121428    
   195.0000       145.235275481465        6.121428    
   210.0000       142.789303744574        6.121428    
   225.0000       140.401364196094        6.121428    
   240.0000       137.821926530105        6.121428    
   255.0000       135.053926431820        6.121428    
   270.0000       132.202054414885        6.121428    
   285.0000       128.433632464885        6.121428    
   300.0000       123.813621657064        6.121428    
   315.0000       120.186209387080        6.121428    
   330.0000       117.364327200704        6.121428    
   345.0000       116.026700007863        6.121428    
  0.0000000E+00   116.384638958443        6.121428    
 
  0.0000000E+00   99.4758206645399        6.242857    
   15.00000       101.108757347871        6.242857    
   30.00000       103.777630713465        6.242857    
   45.00000       107.025443652758        6.242857    
   60.00000       110.493613031643        6.242857    
   75.00000       114.058055506087        6.242857    
   90.00000       117.759497868239        6.242857    
   105.0000       121.356353976978        6.242857    
   120.0000       124.517877673741        6.242857    
   135.0000       126.973040675229        6.242857    
   150.0000       128.009956106740        6.242857    
   165.0000       127.935609277785        6.242857    
   180.0000       126.632840289858        6.242857    
   195.0000       124.566864479468        6.242857    
   210.0000       122.298283700266        6.242857    
   225.0000       119.939555711344        6.242857    
   240.0000       117.348408495454        6.242857    
   255.0000       114.595345853213        6.242857    
   270.0000       111.852089668082        6.242857    
   285.0000       108.694677265727        6.242857    
   300.0000       105.645815370095        6.242857    
   315.0000       103.016031822411        6.242857    
   330.0000       100.754341271176        6.242857    
   345.0000       99.2644883379159        6.242857    
  0.0000000E+00   99.4758206645399        6.242857    
 
  0.0000000E+00   85.8318760955454        6.364286    
   15.00000       87.2783856102192        6.364286    
   30.00000       89.6956651431978        6.364286    
   45.00000       92.5834639076085        6.364286    
   60.00000       95.6184492705291        6.364286    
   75.00000       98.7173169495898        6.364286    
   90.00000       101.930910576066        6.364286    
   105.0000       105.030491053150        6.364286    
   120.0000       107.727561977447        6.364286    
   135.0000       109.745724231053        6.364286    
   150.0000       110.515290880519        6.364286    
   165.0000       110.329519869623        6.364286    
   180.0000       109.032514580698        6.364286    
   195.0000       107.075743828395        6.364286    
   210.0000       104.910291914543        6.364286    
   225.0000       102.589977705274        6.364286    
   240.0000       100.082552819117        6.364286    
   255.0000       97.5093557334949        6.364286    
   270.0000       95.1434000109411        6.364286    
   285.0000       92.9303554170577        6.364286    
   300.0000       90.9968531231027        6.364286    
   315.0000       89.1263922140933        6.364286    
   330.0000       87.3622094043453        6.364286    
   345.0000       85.9734543544261        6.364286    
  0.0000000E+00   85.8318760955454        6.364286    
 
  0.0000000E+00   74.6086339657901        6.485714    
   15.00000       75.7462180021439        6.485714    
   30.00000       77.8526781315082        6.485714    
   45.00000       80.3368374745750        6.485714    
   60.00000       82.9484964128708        6.485714    
   75.00000       85.6215612787264        6.485714    
   90.00000       88.4092621207337        6.485714    
   105.0000       91.0870049014768        6.485714    
   120.0000       93.3932953461312        6.485714    
   135.0000       95.0392784623783        6.485714    
   150.0000       95.5893775119107        6.485714    
   165.0000       95.2689932650525        6.485714    
   180.0000       93.9560138879560        6.485714    
   195.0000       92.0884006676221        6.485714    
   210.0000       90.0072267678390        6.485714    
   225.0000       87.7769391800258        6.485714    
   240.0000       85.4400668338516        6.485714    
   255.0000       83.2321074623538        6.485714    
   270.0000       81.4776735002705        6.485714    
   285.0000       80.1285095478785        6.485714    
   300.0000       78.8981424290142        6.485714    
   315.0000       77.5800827278445        6.485714    
   330.0000       76.2165167979017        6.485714    
   345.0000       75.0077991758359        6.485714    
  0.0000000E+00   74.6086339657901        6.485714    
 
  0.0000000E+00   65.2889108418340        6.607143    
   15.00000       66.0401926777681        6.607143    
   30.00000       67.7915900626453        6.607143    
   45.00000       69.8706378284084        6.607143    
   60.00000       72.0817094895071        6.607143    
   75.00000       74.3871734920313        6.607143    
   90.00000       76.8069293660196        6.607143    
   105.0000       79.1282857567474        6.607143    
   120.0000       81.1047370566552        6.607143    
   135.0000       82.4396803858013        6.607143    
   150.0000       82.7912872790663        6.607143    
   165.0000       82.3549240147642        6.607143    
   180.0000       81.0391652370047        6.607143    
   195.0000       79.2670904719842        6.607143    
   210.0000       77.2897757991893        6.607143    
   225.0000       75.2029198046441        6.607143    
   240.0000       73.1628389747500        6.607143    
   255.0000       71.4786063210869        6.607143    
   270.0000       70.3543287551433        6.607143    
   285.0000       69.5644484098325        6.607143    
   300.0000       68.8015102062106        6.607143    
   315.0000       67.8753839793303        6.607143    
   330.0000       66.8160256572451        6.607143    
   345.0000       65.7865598704172        6.607143    
  0.0000000E+00   65.2889108418340        6.607143    
 
  0.0000000E+00   57.4211394599320        6.728571    
   15.00000       57.8214053820591        6.728571    
   30.00000       59.1974238120654        6.728571    
   45.00000       60.8935441387655        6.728571    
   60.00000       62.7425944302529        6.728571    
   75.00000       64.7245053574052        6.728571    
   90.00000       66.8322607322415        6.728571    
   105.0000       68.8544876272082        6.728571    
   120.0000       70.5515950920414        6.728571    
   135.0000       71.6285123022886        6.728571    
   150.0000       71.8253524507425        6.728571    
   165.0000       71.3014011421104        6.728571    
   180.0000       70.0120726237794        6.728571    
   195.0000       68.3409707850460        6.728571    
   210.0000       66.5066151191603        6.728571    
   225.0000       64.6512511480805        6.728571    
   240.0000       63.0276731965608        6.728571    
   255.0000       61.8551105463145        6.728571    
   270.0000       61.1711653202732        6.728571    
   285.0000       60.7573802242618        6.728571    
   300.0000       60.3075489437702        6.728571    
   315.0000       59.6545096485485        6.728571    
   330.0000       58.8180880114982        6.728571    
   345.0000       57.9405179737529        6.728571    
  0.0000000E+00   57.4211394599320        6.728571    
 
  0.0000000E+00   50.6933100254866        6.850000    
   15.00000       50.8448202205027        6.850000    
   30.00000       51.8296560215495        6.850000    
   45.00000       53.1807254451021        6.850000    
   60.00000       54.7114156298626        6.850000    
   75.00000       56.4170679377911        6.850000    
   90.00000       58.2619892968114        6.850000    
   105.0000       60.0332910513981        6.850000    
   120.0000       61.4943892193427        6.850000    
   135.0000       62.3614033167610        6.850000    
   150.0000       62.4411903626765        6.850000    
   165.0000       61.8655752341058        6.850000    
   180.0000       60.6233794841960        6.850000    
   195.0000       59.0846429037936        6.850000    
   210.0000       57.4443016523421        6.850000    
   225.0000       55.9101513860038        6.850000    
   240.0000       54.6751406027951        6.850000    
   255.0000       53.8769234687699        6.850000    
   270.0000       53.5084271359914        6.850000    
   285.0000       53.3456838998132        6.850000    
   300.0000       53.1041179721272        6.850000    
   315.0000       52.6383552517953        6.850000    
   330.0000       51.9621329219227        6.850000    
   345.0000       51.2049569143046        6.850000    
  0.0000000E+00   50.6933100254866        6.850000    
 
  0.0000000E+00   44.8832187907809        6.971429    
   15.00000       44.8715054607094        6.971429    
   30.00000       45.4990741430063        6.971429    
   45.00000       46.5401498303667        6.971429    
   60.00000       47.8060576850258        6.971429    
   75.00000       49.2767953692232        6.971429    
   90.00000       50.9002166892173        6.971429    
   105.0000       52.4599162395020        6.971429    
   120.0000       53.7219373336739        6.971429    
   135.0000       54.4219878966175        6.971429    
   150.0000       54.4206637314495        6.971429    
   165.0000       53.8185317520449        6.971429    
   180.0000       52.6590525389347        6.971429    
   195.0000       51.2860008344926        6.971429    
   210.0000       49.9022830131985        6.971429    
   225.0000       48.6526341345561        6.971429    
   240.0000       47.7127359581948        6.971429    
   255.0000       47.1947717094278        6.971429    
   270.0000       47.0478138017255        6.971429    
   285.0000       47.0495806993957        6.971429    
   300.0000       46.9442215668819        6.971429    
   315.0000       46.6050530443091        6.971429    
   330.0000       46.0431179123143        6.971429    
   345.0000       45.3788778537910        6.971429    
  0.0000000E+00   44.8832187907809        6.971429    
 
  0.0000000E+00   39.8266870801481        7.092857    
   15.00000       39.7061493652689        7.092857    
   30.00000       40.0589887860972        7.092857    
   45.00000       40.8230495330144        7.092857    
   60.00000       41.8635991814789        7.092857    
   75.00000       43.1411154862616        7.092857    
   90.00000       44.5759281499779        7.092857    
   105.0000       45.9557118977133        7.092857    
   120.0000       47.0502244063934        7.092857    
   135.0000       47.6177136658137        7.092857    
   150.0000       47.5611647415387        7.092857    
   165.0000       46.9674007269358        7.092857    
   180.0000       45.9227336517862        7.092857    
   195.0000       44.7584256876587        7.092857    
   210.0000       43.5838234907367        7.092857    
   225.0000       42.5637596601882        7.092857    
   240.0000       41.8569115048589        7.092857    
   255.0000       41.5426813658895        7.092857    
   270.0000       41.5450947578968        7.092857    
   285.0000       41.6514868003234        7.092857    
   300.0000       41.6330646084264        7.092857    
   315.0000       41.3785081146461        7.092857    
   330.0000       40.8986216477275        7.092857    
   345.0000       40.3060992986506        7.092857    
  0.0000000E+00   39.8266870801481        7.092857    
 
  0.0000000E+00   35.4028516318402        7.214286    
   15.00000       35.2087554558649        7.214286    
   30.00000       35.3791605246614        7.214286    
   45.00000       35.9020913279023        7.214286    
   60.00000       36.7506927670627        7.214286    
   75.00000       37.8615753627329        7.214286    
   90.00000       39.1342394405640        7.214286    
   105.0000       40.3586752506635        7.214286    
   120.0000       41.3119849465352        7.214286    
   135.0000       41.7788151604131        7.214286    
   150.0000       41.6946437459444        7.214286    
   165.0000       41.1398493899740        7.214286    
   180.0000       40.2464599072048        7.214286    
   195.0000       39.2415938253394        7.214286    
   210.0000       38.2404837882924        7.214286    
   225.0000       37.4086556681549        7.214286    
   240.0000       36.8828953720453        7.214286    
   255.0000       36.7157675987781        7.214286    
   270.0000       36.8163372309355        7.214286    
   285.0000       36.9846253748760        7.214286    
   300.0000       37.0177208689074        7.214286    
   315.0000       36.8190686970937        7.214286    
   330.0000       36.3992823540768        7.214286    
   345.0000       35.8634574664288        7.214286    
  0.0000000E+00   35.4028516318402        7.214286    
 
  0.0000000E+00   31.5129237717301        7.335714    
   15.00000       31.2707280791140        7.335714    
   30.00000       31.3182524697989        7.335714    
   45.00000       31.6747478930997        7.335714    
   60.00000       32.3502265574038        7.335714    
   75.00000       33.3152208658136        7.335714    
   90.00000       34.4455786860036        7.335714    
   105.0000       35.5348640511709        7.335714    
   120.0000       36.3695800183108        7.335714    
   135.0000       36.7626393701330        7.335714    
   150.0000       36.6754456866129        7.335714    
   165.0000       36.1903563171856        7.335714    
   180.0000       35.4107466231066        7.335714    
   195.0000       34.5380011740340        7.335714    
   210.0000       33.6835095397109        7.335714    
   225.0000       33.0051878700964        7.335714    
   240.0000       32.6181517641635        7.335714    
   255.0000       32.5542300686420        7.335714    
   270.0000       32.7158408687489        7.335714    
   285.0000       32.9181416361600        7.335714    
   300.0000       32.9807728480827        7.335714    
   315.0000       32.8193962533258        7.335714    
   330.0000       32.4452475752706        7.335714    
   345.0000       31.9556714083534        7.335714    
  0.0000000E+00   31.5129237717301        7.335714    
 
  0.0000000E+00   28.0785665275623        7.457143    
   15.00000       27.8073886398073        7.457143    
   30.00000       27.7737137649256        7.457143    
   45.00000       28.0181001363034        7.457143    
   60.00000       28.5662058393395        7.457143    
   75.00000       29.3952251827092        7.457143    
   90.00000       30.3982484130341        7.457143    
   105.0000       31.3686955713359        7.457143    
   120.0000       32.1042899680415        7.457143    
   135.0000       32.4494622049647        7.457143    
   150.0000       32.3747230228773        7.457143    
   165.0000       31.9401958893924        7.457143    
   180.0000       31.2564042449323        7.457143    
   195.0000       30.4957438396699        7.457143    
   210.0000       29.7656191323195        7.457143    
   225.0000       29.2116675373495        7.457143    
   240.0000       28.9294129729274        7.457143    
   255.0000       28.9356331195091        7.457143    
   270.0000       29.1319534340028        7.457143    
   285.0000       29.3492338027928        7.457143    
   300.0000       29.4269176296455        7.457143    
   315.0000       29.2908500983628        7.457143    
   330.0000       28.9529912436194        7.457143    
   345.0000       28.5028126128719        7.457143    
  0.0000000E+00   28.0785665275623        7.457143    
 
  0.0000000E+00   25.0359359321096        7.578571    
   15.00000       24.7503347415706        7.578571    
   30.00000       24.6648149074594        7.578571    
   45.00000       24.8324572521296        7.578571    
   60.00000       25.2882579096222        7.578571    
   75.00000       26.0132862498748        7.578571    
   90.00000       26.9014614071687        7.578571    
   105.0000       27.7664333541566        7.578571    
   120.0000       28.4206438035256        7.578571    
   135.0000       28.7225105117539        7.578571    
   150.0000       28.6517912555068        7.578571    
   165.0000       28.2616174703417        7.578571    
   180.0000       27.6602665761656        7.578571    
   195.0000       26.9959927572242        7.578571    
   210.0000       26.3713899581697        7.578571    
   225.0000       25.9176028108172        7.578571    
   240.0000       25.7134292733564        7.578571    
   255.0000       25.7653479817153        7.578571    
   270.0000       25.9780394449427        7.578571    
   285.0000       26.1977521572157        7.578571    
   300.0000       26.2812699127193        7.578571    
   315.0000       26.1630305993354        7.578571    
   330.0000       25.8555069967208        7.578571    
   345.0000       25.4403320908473        7.578571    
  0.0000000E+00   25.0359359321096        7.578571    
 
  0.0000000E+00   22.3321289494546        7.700000    
   15.00000       22.0431123784306        7.700000    
   30.00000       21.9263596456561        7.700000    
   45.00000       22.0413307566266        7.700000    
   60.00000       22.4269276072394        7.700000    
   75.00000       23.0660712320826        7.700000    
   90.00000       23.8573372930095        7.700000    
   105.0000       24.6293199793674        7.700000    
   120.0000       25.2095705766621        7.700000    
   135.0000       25.4728417888401        7.700000    
   150.0000       25.4053185324290        7.700000    
   165.0000       25.0552617196617        7.700000    
   180.0000       24.5258486493418        7.700000    
   195.0000       23.9451535332653        7.700000    
   210.0000       23.4099972977954        7.700000    
   225.0000       23.0365184145977        7.700000    
   240.0000       22.8897740673399        7.700000    
   255.0000       22.9696379820455        7.700000    
   270.0000       23.1861870638062        7.700000    
   285.0000       23.4002977805369        7.700000    
   300.0000       23.4839643199701        7.700000    
   315.0000       23.3789959912698        7.700000    
   330.0000       23.0980251767399        7.700000    
   345.0000       22.7150527456297        7.700000    
  0.0000000E+00   22.3321289494546        7.700000    
 
  0.0000000E+00   19.9228263247934        7.821429    
   15.00000       19.6385234217779        7.821429    
   30.00000       19.5048919010685        7.821429    
   45.00000       19.5835686444654        7.821429    
   60.00000       19.9140729536669        7.821429    
   75.00000       20.4803143483055        7.821429    
   90.00000       21.1866422129649        7.821429    
   105.0000       21.8757900603771        7.821429    
   120.0000       22.3904183295005        7.821429    
   135.0000       22.6203022754539        7.821429    
   150.0000       22.5562212273034        7.821429    
   165.0000       22.2429733173965        7.821429    
   180.0000       21.7768701190412        7.821429    
   195.0000       21.2689945358390        7.821429    
   210.0000       20.8096023563411        7.821429    
   225.0000       20.5003890353216        7.821429    
   240.0000       20.3953838578442        7.821429    
   255.0000       20.4905634576445        7.821429    
   270.0000       20.7026764670650        7.821429    
   285.0000       20.9062629832155        7.821429    
   300.0000       20.9867294710698        7.821429    
   315.0000       20.8923031770065        7.821429    
   330.0000       20.6354097293299        7.821429    
   345.0000       20.2827661860979        7.821429    
  0.0000000E+00   19.9228263247934        7.821429    
 
  0.0000000E+00   17.7705447059897        7.942857    
   15.00000       17.4967548713495        7.942857    
   30.00000       17.3561214156884        7.942857    
   45.00000       17.4096609097879        7.942857    
   60.00000       17.6956173930688        7.942857    
   75.00000       18.1986231176053        7.942857    
   90.00000       18.8294878136196        7.942857    
   105.0000       19.4444641809471        7.942857    
   120.0000       19.9008725348896        7.942857    
   135.0000       20.1020412581239        7.942857    
   150.0000       20.0419851724107        7.942857    
   165.0000       19.7626437009680        7.942857    
   180.0000       19.3525139649290        7.942857    
   195.0000       18.9082543364120        7.942857    
   210.0000       18.5130542264343        7.942857    
   225.0000       18.2553101638815        7.942857    
   240.0000       18.1803117413417        7.942857    
   255.0000       18.2820240339277        7.942857    
   270.0000       18.4844232281699        7.942857    
   285.0000       18.6746794611316        7.942857    
   300.0000       18.7501127660773        7.942857    
   315.0000       18.6646004512124        7.942857    
   330.0000       18.4300509975725        7.942857    
   345.0000       18.1063406478418        7.942857    
  0.0000000E+00   17.7705447059897        7.942857    
 
  0.0000000E+00   15.8433419555675        8.064285    
   15.00000       15.5840131257700        8.064285    
   30.00000       15.4430621389803        8.064285    
   45.00000       15.4790926201839        8.064285    
   60.00000       15.7280613205466        8.064285    
   75.00000       16.1753275164236        8.064285    
   90.00000       16.7385164668464        8.064285    
   105.0000       17.2868232343629        8.064285    
   120.0000       17.6915169057637        8.064285    
   135.0000       17.8679999999147        8.064285    
   150.0000       17.8125308915935        8.064285    
   165.0000       17.5643723050550        8.064285    
   180.0000       17.2038491014166        8.064285    
   195.0000       16.8152655209637        8.064285    
   210.0000       16.4745369130801        8.064285    
   225.0000       16.2581620063006        8.064285    
   240.0000       16.2045200649375        8.064285    
   255.0000       16.3068151794902        8.064285    
   270.0000       16.4963401689319        8.064285    
   285.0000       16.6718721238850        8.064285    
   300.0000       16.7413975342217        8.064285    
   315.0000       16.6638078661817        8.064285    
   330.0000       16.4502646521791        8.064285    
   345.0000       16.1542933676133        8.064285    
  0.0000000E+00   15.8433419555675        8.064285    
 
  0.0000000E+00   14.1138516763123        8.185715    
   15.00000       13.8714948833724        8.185715    
   30.00000       13.7346479479952        8.185715    
   45.00000       13.7584152633611        8.185715    
   60.00000       13.9759898777872        8.185715    
   75.00000       14.3735620656882        8.185715    
   90.00000       14.8756816084315        8.185715    
   105.0000       15.3638882220385        8.185715    
   120.0000       15.7225497992335        8.185715    
   135.0000       15.8777423432381        8.185715    
   150.0000       15.8272518553212        8.185715    
   165.0000       15.6076546245980        8.185715    
   180.0000       15.2911487376433        8.185715    
   195.0000       14.9513684944245        8.185715    
   210.0000       14.6569972921034        8.185715    
   225.0000       14.4740789531238        8.185715    
   240.0000       14.4354943456385        8.185715    
   255.0000       14.5344732613104        8.185715    
   270.0000       14.7094265460954        8.185715    
   285.0000       14.8697656165402        8.185715    
   300.0000       14.9330965320994        8.185715    
   315.0000       14.8627874604343        8.185715    
   330.0000       14.6691052613599        8.185715    
   345.0000       14.3997267681222        8.185715    
  0.0000000E+00   14.1138516763123        8.185715    
 
  0.0000000E+00   12.5585710560326        8.307143    
   15.00000       12.3346069351651        8.307143    
   30.00000       12.2046917424030        8.307143    
   45.00000       12.2198312451490        8.307143    
   60.00000       12.4102942024327        8.307143    
   75.00000       12.7632194077732        8.307143    
   90.00000       13.2100125048730        8.307143    
   105.0000       13.6439212744721        8.307143    
   120.0000       13.9615027949056        8.307143    
   135.0000       14.0982283555355        8.307143    
   150.0000       14.0528982934179        8.307143    
   165.0000       13.8593367595567        8.307143    
   180.0000       13.5819161336584        8.307143    
   195.0000       13.2849866518543        8.307143    
   210.0000       13.0302281162135        8.307143    
   225.0000       12.8745955415062        8.307143    
   240.0000       12.8465346720242        8.307143    
   255.0000       12.9397611777166        8.307143    
   270.0000       13.0994384636091        8.307143    
   285.0000       13.2447083011668        8.307143    
   300.0000       13.3019053262221        8.307143    
   315.0000       13.2384131829971        8.307143    
   330.0000       13.0635256174597        8.307143    
   345.0000       12.8195629153617        8.307143    
  0.0000000E+00   12.5585710560326        8.307143    
 
  0.0000000E+00   11.1572260010654        8.428572    
   15.00000       10.9522674139769        8.428572    
   30.00000       10.8309973639840        8.428572    
   45.00000       10.8400525900089        8.428572    
   60.00000       11.0067948263680        8.428572    
   75.00000       11.3194031235974        8.428572    
   90.00000       11.7159466867087        8.428572    
   105.0000       12.1007102283031        8.428572    
   120.0000       12.3815236344028        8.428572    
   135.0000       12.5021163730079        8.428572    
   150.0000       12.4619393614386        8.428572    
   165.0000       12.2920043207513        8.428572    
   180.0000       12.0493111531057        8.428572    
   195.0000       11.7900794695631        8.428572    
   210.0000       11.5693396373313        8.428572    
   225.0000       11.4361878918480        8.428572    
   240.0000       11.4154235005868        8.428572    
   255.0000       11.5014879431605        8.428572    
   270.0000       11.6458442793687        8.428572    
   285.0000       11.7765346035219        8.428572    
   300.0000       11.8278512391864        8.428572    
   315.0000       11.7707951419375        8.428572    
   330.0000       11.6136627232689        8.428572    
   345.0000       11.3938831793131        8.428572    
  0.0000000E+00   11.1572260010654        8.428572    
 
  0.0000000E+00   9.89228364698543        8.550000    
   15.00000       9.70636115152540        8.550000    
   30.00000       9.59467684855251        8.550000    
   45.00000       9.59944552406402        8.550000    
   60.00000       9.74523331358117        8.550000    
   75.00000       10.0213148526091        8.550000    
   90.00000       10.3721483410741        8.550000    
   105.0000       10.7123632282521        8.550000    
   120.0000       10.9601703285189        8.550000    
   135.0000       11.0665588601004        8.550000    
   150.0000       11.0313747380380        8.550000    
   165.0000       10.8827951056685        8.550000    
   180.0000       10.6709789286956        8.550000    
   195.0000       10.4449821098087        8.550000    
   210.0000       10.2536302711112        8.550000    
   225.0000       10.1392148074485        8.550000    
   240.0000       10.1234773605882        8.550000    
   255.0000       10.2016798766031        8.550000    
   270.0000       10.3310964141101        8.550000    
   285.0000       10.4479117048784        8.550000    
   300.0000       10.4936979609808        8.550000    
   315.0000       10.4427263851125        8.550000    
   330.0000       10.3023120162728        8.550000    
   345.0000       10.1054291923569        8.550000    
  0.0000000E+00   9.89228364698543        8.550000    
 
  0.0000000E+00   8.74854779301600        8.671429    
   15.00000       8.58128287193933        8.671429    
   30.00000       8.47959486166781        8.671429    
   45.00000       8.48136178553406        8.671429    
   60.00000       8.60851153112060        8.671429    
   75.00000       8.85143351806776        8.671429    
   90.00000       9.16064742530487        8.671429    
   105.0000       9.46042856280402        8.671429    
   120.0000       9.67851960208368        8.671429    
   135.0000       9.77230320642677        8.671429    
   150.0000       9.74184348715092        8.671429    
   165.0000       9.61250402499305        8.671429    
   180.0000       9.42816053877609        8.671429    
   195.0000       9.23153517219583        8.671429    
   210.0000       9.06570454061553        8.671429    
   225.0000       8.96712750189719        8.671429    
   240.0000       8.95483988964540        8.671429    
   255.0000       9.02496027090523        8.671429    
   270.0000       9.14008142041775        8.671429    
   285.0000       9.24384057107139        8.671429    
   300.0000       9.28448562209383        8.671429    
   315.0000       9.23925388388539        8.671429    
   330.0000       9.11452064775511        8.671429    
   345.0000       8.93920669796261        8.671429    
  0.0000000E+00   8.74854779301600        8.671429    
 
  0.0000000E+00   7.71279633668871        8.792857    
   15.00000       7.56353345110450        8.792857    
   30.00000       7.47189316866973        8.792857    
   45.00000       7.47158724225930        8.792857    
   60.00000       7.58207890783195        8.792857    
   75.00000       7.79485994242648        8.792857    
   90.00000       8.06615584681701        8.792857    
   105.0000       8.32919625403352        8.792857    
   120.0000       8.52045947232608        8.792857    
   135.0000       8.60297307980907        8.792857    
   150.0000       8.57689932320701        8.792857    
   165.0000       8.46485130213401        8.792857    
   180.0000       8.30498892363884        8.792857    
   195.0000       8.13440985762636        8.792857    
   210.0000       7.99088845165203        8.792857    
   225.0000       7.90583495128743        8.792857    
   240.0000       7.89591727395318        8.792857    
   255.0000       7.95805210385496        8.792857    
   270.0000       8.05967439529747        8.792857    
   285.0000       8.15124503223728        8.792857    
   300.0000       8.18714245747591        8.792857    
   315.0000       8.14730226208696        8.792857    
   330.0000       8.03721904570175        8.792857    
   345.0000       7.88212770223525        8.792857    
  0.0000000E+00   7.71279633668871        8.792857    
 
  0.0000000E+00   6.77350124550192        8.914286    
   15.00000       6.64140717423867        8.914286    
   30.00000       6.55962808246348        8.914286    
   45.00000       6.55792774501862        8.914286    
   60.00000       6.65348025147166        8.914286    
   75.00000       6.83884454776623        8.914286    
   90.00000       7.07558223460431        8.914286    
   105.0000       7.30520507992360        8.914286    
   120.0000       7.47218640993236        8.914286    
   135.0000       7.54455440806414        8.914286    
   150.0000       7.52249040121865        8.914286    
   165.0000       7.42596178774368        8.914286    
   180.0000       7.28795445175922        8.914286    
   195.0000       7.14055503834440        8.914286    
   210.0000       7.01667209315078        8.914286    
   225.0000       6.94325409135312        8.914286    
   240.0000       6.93497909291754        8.914286    
   255.0000       6.98942623448517        8.914286    
   270.0000       7.07842265053705        8.914286    
   285.0000       7.15867899662583        8.914286    
   300.0000       7.19020853017261        8.914286    
   315.0000       7.15540777086004        8.914286    
   330.0000       7.05895775384496        8.914286    
   345.0000       6.92274423123392        8.914286    
  0.0000000E+00   6.77350124550192        8.914286    
 
  0.0000000E+00   5.92057135752349        9.035714    
   15.00000       5.80470784028508        9.035714    
   30.00000       5.73244982336591        9.035714    
   45.00000       5.72985528553880        9.035714    
   60.00000       5.81197818885768        9.035714    
   75.00000       5.97239282937556        9.035714    
   90.00000       6.17762640938523        9.035714    
   105.0000       6.37682849309868        9.035714    
   120.0000       6.52178164854240        9.035714    
   135.0000       6.58496117146198        9.035714    
   150.0000       6.56651707773632        9.035714    
   165.0000       6.48390585654885        9.035714    
   180.0000       6.36544771524222        9.035714    
   195.0000       6.23874139295190        9.035714    
   210.0000       6.13225097788171        9.035714    
   225.0000       6.06893484742850        9.035714    
   240.0000       6.06182354398748        9.035714    
   255.0000       6.10900191106492        9.035714    
   270.0000       6.18627149867306        9.035714    
   285.0000       6.25606806539246        9.035714    
   300.0000       6.28358539470100        9.035714    
   315.0000       6.25346951420235        9.035714    
   330.0000       6.16965978857202        9.035714    
   345.0000       6.05100065669530        9.035714    
  0.0000000E+00   5.92057135752349        9.035714    
 
  0.0000000E+00   5.14482328233036        9.157143    
   15.00000       5.04419865754232        9.157143    
   30.00000       4.98103095469365        9.157143    
   45.00000       4.97792039733372        9.157143    
   60.00000       5.04795739166095        9.157143    
   75.00000       5.18566634930599        9.157143    
   90.00000       5.36217548842156        9.157143    
   105.0000       5.53365559586830        9.157143    
   120.0000       5.65857416453609        9.157143    
   135.0000       5.71337685373247        9.157143    
   150.0000       5.69815417092788        9.157143    
   165.0000       5.62799250159011        9.157143    
   180.0000       5.52703061371726        9.157143    
   195.0000       5.41883846521576        9.157143    
   210.0000       5.32777901756706        9.157143    
   225.0000       5.27344205454890        9.157143    
   240.0000       5.26720321516226        9.157143    
   255.0000       5.30761094151360        9.157143    
   270.0000       5.37405500464350        9.157143    
   285.0000       5.43421454072684        9.157143    
   300.0000       5.45804674786959        9.157143    
   315.0000       5.43225872483001        9.157143    
   330.0000       5.36012174314535        9.157143    
   345.0000       5.25772164615181        9.157143    
  0.0000000E+00   5.14482328233036        9.157143    
 
  0.0000000E+00   4.43893428621953        9.278572    
   15.00000       4.35254077064836        9.278572    
   30.00000       4.29797288991448        9.278572    
   45.00000       4.29462203399009        9.278572    
   60.00000       4.35376421305970        9.278572    
   75.00000       4.47080663244492        9.278572    
   90.00000       4.62112137022280        9.278572    
   105.0000       4.76733398845314        9.278572    
   120.0000       4.87401511567961        9.278572    
   135.0000       4.92116284729642        9.278572    
   150.0000       4.90879506083534        9.278572    
   165.0000       4.84978185656897        9.278572    
   180.0000       4.76448961044460        9.278572    
   195.0000       4.67287642186045        9.278572    
   210.0000       4.59563387432998        9.278572    
   225.0000       4.54931033962614        9.278572    
   240.0000       4.54374990205581        9.278572    
   255.0000       4.57789563158265        9.278572    
   270.0000       4.63437653352880        9.278572    
   285.0000       4.68567399418644        9.278572    
   300.0000       4.70612277884189        9.278572    
   315.0000       4.68431957482006        9.278572    
   330.0000       4.62293664109067        9.278572    
   345.0000       4.53555716943714        9.278572    
  0.0000000E+00   4.43893428621953        9.278572    
 
  0.0000000E+00   3.79604221359875        9.400000    
   15.00000       3.72288157928607        9.400000    
   30.00000       3.67639681886087        9.400000    
   45.00000       3.67301142314077        9.400000    
   60.00000       3.72232266597698        9.400000    
   75.00000       3.82054952741114        9.400000    
   90.00000       3.94698122697592        9.400000    
   105.0000       4.07015234177727        9.400000    
   120.0000       4.16020811023553        9.400000    
   135.0000       4.20033746163976        9.400000    
   150.0000       4.19048181166128        9.400000    
   165.0000       4.14145382458491        9.400000    
   180.0000       4.07022991529285        9.400000    
   195.0000       3.99351732535612        9.400000    
   210.0000       3.92868179174884        9.400000    
   225.0000       3.88955931865688        9.400000    
   240.0000       3.88456225302433        9.400000    
   255.0000       3.91295784589664        9.400000    
   270.0000       3.96029792230238        9.400000    
   285.0000       4.00346028290954        9.400000    
   300.0000       4.02080064008363        9.400000    
   315.0000       4.00264996628653        9.400000    
   330.0000       3.95114694608601        9.400000    
   345.0000       3.87760602297285        9.400000    
  0.0000000E+00   3.79604221359875        9.400000    
 
  0.0000000E+00   3.21002887592180        9.521429    
   15.00000       3.14913009706511        9.521429    
   30.00000       3.11020379239233        9.521429    
   45.00000       3.10693353247654        9.521429    
   60.00000       3.14736960663898        9.521429    
   75.00000       3.22847155896169        9.521429    
   90.00000       3.33312486219813        9.521429    
   105.0000       3.43527485565663        9.521429    
   120.0000       3.51015712232563        9.521429    
   135.0000       3.54383533032868        9.521429    
   150.0000       3.53617762643174        9.521429    
   165.0000       3.49609775139624        9.521429    
   180.0000       3.43752612773357        9.521429    
   195.0000       3.37423925684141        9.521429    
   210.0000       3.32058932668869        9.521429    
   225.0000       3.28798078493908        9.521429    
   240.0000       3.28348393219409        9.521429    
   255.0000       3.30662768589767        9.521429    
   270.0000       3.34560110225831        9.521429    
   285.0000       3.38130511360138        9.521429    
   300.0000       3.39578666256823        9.521429    
   315.0000       3.38096963566038        9.521429    
   330.0000       3.33852065995847        9.521429    
   345.0000       3.27769865991058        9.521429    
  0.0000000E+00   3.21002887592180        9.521429    
 
  0.0000000E+00   2.67544709172960        9.642858    
   15.00000       2.62587810997600        9.642858    
   30.00000       2.59399278888280        9.642858    
   45.00000       2.59095048407292        9.642858    
   60.00000       2.62336998244802        9.642858    
   75.00000       2.68888461796078        9.642858    
   90.00000       2.77367791243612        9.642858    
   105.0000       2.85664327329940        9.642858    
   120.0000       2.91766399838493        9.642858    
   135.0000       2.94540131462996        9.642858    
   150.0000       2.93965794488377        9.642858    
   165.0000       2.90760390986434        9.642858    
   180.0000       2.86043170565613        9.642858    
   195.0000       2.80927079518793        9.642858    
   210.0000       2.76574075053450        9.642858    
   225.0000       2.73905608831767        9.642858    
   240.0000       2.73502868504883        9.642858    
   255.0000       2.75339511783665        9.642858    
   270.0000       2.78472437150169        9.642858    
   285.0000       2.81360130890095        9.642858    
   300.0000       2.82546946223224        9.642858    
   315.0000       2.81368204084794        9.642858    
   330.0000       2.77949979108526        9.642858    
   345.0000       2.73032942744700        9.642858    
  0.0000000E+00   2.67544709172960        9.642858    
 
  0.0000000E+00   2.18746261492456        9.764286    
   15.00000       2.14833362325359        9.764286    
   30.00000       2.12298333349379        9.764286    
   45.00000       2.12024853943643        9.764286    
   60.00000       2.14542476536643        9.764286    
   75.00000       2.19675375099266        9.764286    
   90.00000       2.26343757068949        9.764286    
   105.0000       2.32889028695792        9.764286    
   120.0000       2.37723796869097        9.764286    
   135.0000       2.39949365306350        9.764286    
   150.0000       2.39540405040060        9.764286    
   165.0000       2.37055404939035        9.764286    
   180.0000       2.33367313298267        9.764286    
   195.0000       2.29349256536934        9.764286    
   210.0000       2.25915234239972        9.764286    
   225.0000       2.23788792086599        9.764286    
   240.0000       2.23433124634531        9.764286    
   255.0000       2.24836520237790        9.764286    
   270.0000       2.27272027128243        9.764286    
   285.0000       2.29533711729999        9.764286    
   300.0000       2.30475293098404        9.764286    
   315.0000       2.29570950711789        9.764286    
   330.0000       2.26908879642128        9.764286    
   345.0000       2.23060461702645        9.764286    
  0.0000000E+00   2.18746261492456        9.764286    
 
  0.0000000E+00   1.74167739742105        9.885715    
   15.00000       1.71216162923845        9.885715    
   30.00000       1.69287115033595        9.885715    
   45.00000       1.69050528498949        9.885715    
   60.00000       1.70913596612711        9.885715    
   75.00000       1.74755309134192        9.885715    
   90.00000       1.79771961445854        9.885715    
   105.0000       1.84717954946543        9.885715    
   120.0000       1.88393530126717        9.885715    
   135.0000       1.90113979803263        9.885715    
   150.0000       1.89849925055699        9.885715    
   165.0000       1.88013436414571        9.885715    
   180.0000       1.85255711846871        9.885715    
   195.0000       1.82233070158838        9.885715    
   210.0000       1.79633824561553        9.885715    
   225.0000       1.78001736647111        9.885715    
   240.0000       1.77690128239391        9.885715    
   255.0000       1.78701484992854        9.885715    
   270.0000       1.80501342353694        9.885715    
   285.0000       1.82191004963324        9.885715    
   300.0000       1.82908174952612        9.885715    
   315.0000       1.82251587099455        9.885715    
   330.0000       1.80277397556684        9.885715    
   345.0000       1.77404838517825        9.885715    
  0.0000000E+00   1.74167739742105        9.885715    
 
  0.0000000E+00   1.33419964841563        10.00714    
   15.00000       1.31351095048954        10.00714    
   30.00000       1.29982201035576        10.00714    
   45.00000       1.29786772416619        10.00714    
   60.00000       1.31058763864207        10.00714    
   75.00000       1.33726031041891        10.00714    
   90.00000       1.37236677105206        10.00714    
   105.0000       1.40722021598817        10.00714    
   120.0000       1.43336317032655        10.00714    
   135.0000       1.44589686707624        10.00714    
   150.0000       1.44450001409975        10.00714    
   165.0000       1.43197250033071        10.00714    
   180.0000       1.41282555991016        10.00714    
   195.0000       1.39164972582231        10.00714    
   210.0000       1.37327353919807        10.00714    
   225.0000       1.36150117370095        10.00714    
   240.0000       1.35884256747458        10.00714    
   255.0000       1.36541745078266        10.00714    
   270.0000       1.37762995264065        10.00714    
   285.0000       1.38929370095598        10.00714    
   300.0000       1.39438693351262        10.00714    
   315.0000       1.39004294796663        10.00714    
   330.0000       1.37654614100982        10.00714    
   345.0000       1.35671659580688        10.00714    
  0.0000000E+00   1.33419964841563        10.00714    
 
  0.0000000E+00  0.961594714578139        10.12857    
   15.00000      0.949000791902836        10.12857    
   30.00000      0.940485046284578        10.12857    
   45.00000      0.938977361195208        10.12857    
   60.00000      0.946368043051633        10.12857    
   75.00000      0.962366110576141        10.12857    
   90.00000      0.983743271340331        10.12857    
   105.0000       1.00525105139731        10.12857    
   120.0000       1.02166812553934        10.12857    
   135.0000       1.02987816855650        10.12857    
   150.0000       1.02954961743841        10.12857    
   165.0000       1.02228758432815        10.12857    
   180.0000       1.01079339145396        10.12857    
   195.0000      0.997858832963870        10.12857    
   210.0000      0.986436860079200        10.12857    
   225.0000      0.978846369573996        10.12857    
   240.0000      0.976653287101250        10.12857    
   255.0000      0.980047051934455        10.12857    
   270.0000      0.987005814410902        10.12857    
   285.0000      0.993890293277708        10.12857    
   300.0000      0.997056385486617        10.12857    
   315.0000      0.994692915615987        10.12857    
   330.0000      0.986849037841237        10.12857    
   345.0000      0.975111702375662        10.12857    
  0.0000000E+00  0.961594714578139        10.12857    
 
  0.0000000E+00  0.620841759589509        10.25000    
   15.00000      0.615656082463927        10.25000    
   30.00000      0.611918552711905        10.25000    
   45.00000      0.610901531574238        10.25000    
   60.00000      0.613519479462276        10.25000    
   75.00000      0.619846313120303        10.25000    
   90.00000      0.628720692660224        10.25000    
   105.0000      0.638024284415458        10.25000    
   120.0000      0.645500333213471        10.25000    
   135.0000      0.649678755710460        10.25000    
   150.0000      0.650245520861830        10.25000    
   165.0000      0.647732901443067        10.25000    
   180.0000      0.643196959032514        10.25000    
   195.0000      0.637777124318469        10.25000    
   210.0000      0.632708769401233        10.25000    
   225.0000      0.628967871073204        10.25000    
   240.0000      0.627265948364967        10.25000    
   255.0000      0.627841307231219        10.25000    
   270.0000      0.630071203791499        10.25000    
   285.0000      0.632612011590417        10.25000    
   300.0000      0.633984536508445        10.25000    
   315.0000      0.633354630583951        10.25000    
   330.0000      0.630585127823423        10.25000    
   345.0000      0.626168352269699        10.25000    
  0.0000000E+00  0.620841759589509        10.25000    
 
