  0.0000000E+00   3536.69140121293     
   22.50000       3537.39015888492     
   45.00000       3520.39205707954     
   67.50000       3470.15152997199     
   90.00000       3430.40631066894     
   112.5000       3374.82987850430     
   135.0000       3335.60472143349     
   157.5000       3294.99835628058     
   180.0000       3269.81609419645     
   202.5000       3257.50718016117     
   225.0000       3263.84483436097     
   247.5000       3310.53270594589     
   270.0000       3353.85027826781     
   292.5000       3415.38691156365     
   315.0000       3464.04540401002     
   337.5000       3509.78711179349     
   360.0000       3536.69140121293     
   360.0000       2980.43873551586     
   382.5000       2980.66853716998     
   405.0000       2985.26101554382     
   427.5000       2963.28227393537     
   450.0000       2942.57157999487     
   472.5000       2904.80767449762     
   495.0000       2875.49148714226     
   517.5000       2845.05021577735     
   540.0000       2822.28301787738     
   562.5000       2805.63148572115     
   585.0000       2789.85482243632     
   607.5000       2819.13293683737     
   630.0000       2844.02557318590     
   652.5000       2882.93755030824     
   675.0000       2915.65749558220     
   697.5000       2950.89165574065     
   720.0000       2980.43873551586     
   720.0000       2422.21570579423     
   742.5000       2431.28785802978     
   765.0000       2426.20080704308     
   787.5000       2415.83374138377     
   810.0000       2408.69536259963     
   832.5000       2387.71703873615     
   855.0000       2369.61318494642     
   877.5000       2346.21555060968     
   900.0000       2322.95150635986     
   922.5000       2304.78401551397     
   945.0000       2297.98240681264     
   967.5000       2312.83676787710     
   990.0000       2327.87366589378     
   1012.500       2353.22723662602     
   1035.000       2375.83238811718     
   1057.500       2399.15970391214     
   1080.000       2422.21570579423     
   1080.000       1920.51623904435     
   1102.500       1929.31073675343     
   1125.000       1934.88822637688     
   1147.500       1925.11325993321     
   1170.000       1919.27389547260     
   1192.500       1909.43956569993     
   1215.000       1897.34273255057     
   1237.500       1881.37089647402     
   1260.000       1866.38294161629     
   1282.500       1854.85505437579     
   1305.000       1845.32416400565     
   1327.500       1849.70147003897     
   1350.000       1858.17221659109     
   1372.500       1874.79235136609     
   1395.000       1891.04748872563     
   1417.500       1905.71229006413     
   1440.000       1920.51623904435     
   1440.000       1512.46824409555     
   1462.500       1519.17425180360     
   1485.000       1527.63848334705     
   1507.500       1526.85450776518     
   1530.000       1525.33201703781     
   1552.500       1517.59990283545     
   1575.000       1509.45134856071     
   1597.500       1498.09620463671     
   1620.000       1485.37132248754     
   1642.500       1475.60571927786     
   1665.000       1466.38845565968     
   1687.500       1466.03161203190     
   1710.000       1470.10682867215     
   1732.500       1480.50599086129     
   1755.000       1491.93679640059     
   1777.500       1502.14507074190     
   1800.000       1512.46824409555     
   1800.000       1202.25434522732     
   1822.500       1209.23051244820     
   1845.000       1217.56029157058     
   1867.500       1218.96733588002     
   1890.000       1217.85040305410     
   1912.500       1209.80935056062     
   1935.000       1201.25043734025     
   1957.500       1192.09918282816     
   1980.000       1183.29358517760     
   2002.500       1177.20506125156     
   2025.000       1171.00587502086     
   2047.500       1169.81217063320     
   2070.000       1170.93489911169     
   2092.500       1176.55141989135     
   2115.000       1184.09622190616     
   2137.500       1192.81629348861     
   2160.000       1202.25434522732     
   2160.000       959.472751155024     
   2182.500       966.536157251650     
   2205.000       972.543199179125     
   2227.500       971.765384949759     
   2250.000       967.698681705057     
   2272.500       958.458204229984     
   2295.000       951.181671426330     
   2317.500       945.452249444134     
   2340.000       941.205796189412     
   2362.500       938.406795478801     
   2385.000       934.517474756211     
   2407.500       932.720197287610     
   2430.000       931.642024944623     
   2452.500       934.671397615826     
   2475.000       940.906770074630     
   2497.500       950.074799687844     
   2520.000       959.472751155024     
   2520.000       756.879637626672     
   2542.500       762.693034611902     
   2565.000       765.728521470725     
   2587.500       762.715303676607     
   2610.000       756.941797872625     
   2632.500       748.461111904033     
   2655.000       743.638298735130     
   2677.500       740.955484793680     
   2700.000       739.680790845794     
   2722.500       738.513702477572     
   2745.000       735.688337403585     
   2767.500       733.383512462530     
   2790.000       731.480479818524     
   2812.500       733.698515239410     
   2835.000       739.640759231514     
   2857.500       748.623965840240     
   2880.000       756.879637626672     
   2880.000       587.867833763888     
   2902.500       592.123899585308     
   2925.000       593.153554904638     
   2947.500       589.446864830522     
   2970.000       583.898061467156     
   2992.500       577.177563937793     
   3015.000       574.288032281093     
   3037.500       573.303701787834     
   3060.000       573.234794881720     
   3082.500       572.733715936217     
   3105.000       570.590684686749     
   3127.500       568.365946365453     
   3150.000       566.720697763786     
   3172.500       568.579727864559     
   3195.000       573.845512264073     
   3217.500       581.556676194739     
   3240.000       587.867833763888     
   3240.000       450.397606600027     
   3262.500       453.268231916082     
   3285.000       453.274651460638     
   3307.500       449.925634711757     
   3330.000       445.312959865513     
   3352.500       440.288195757958     
   3375.000       438.605338063642     
   3397.500       438.389286720045     
   3420.000       438.889881401405     
   3442.500       438.571030304995     
   3465.000       436.998276327276     
   3487.500       435.229864407211     
   3510.000       433.859681235427     
   3532.500       435.422491582560     
   3555.000       439.709793689476     
   3577.500       445.743042596050     
   3600.000       450.397606600027     
   3600.000       339.692474777607     
   3622.500       341.581666282915     
   3645.000       341.173590971175     
   3667.500       338.503115525295     
   3690.000       334.975816254947     
   3712.500       331.455733547963     
   3735.000       330.482008177905     
   3757.500       330.505529407212     
   3780.000       331.018892445887     
   3802.500       330.836297839260     
   3825.000       329.687389052131     
   3847.500       328.346348862000     
   3870.000       327.460367227487     
   3892.500       328.754427390591     
   3915.000       332.029633524853     
   3937.500       336.433923117885     
   3960.000       339.692474777607     
   3960.000       251.360356104453     
   3982.500       252.512292220844     
   4005.000       252.013761946694     
   4027.500       250.101568021360     
   4050.000       247.663305135837     
   4072.500       245.324812560967     
   4095.000       244.759237804470     
   4117.500       244.803243090365     
   4140.000       245.158265834938     
   4162.500       244.981778388927     
   4185.000       244.179715151063     
   4207.500       243.288643963533     
   4230.000       242.808673768910     
   4252.500       243.850826139098     
   4275.000       246.220142746038     
   4297.500       249.247787887717     
   4320.000       251.360356104453     
   4320.000       181.252792231440     
   4342.500       181.901007597162     
   4365.000       181.463971086536     
   4387.500       180.212413679476     
   4410.000       178.663118159752     
   4432.500       177.207017910075     
   4455.000       176.877765860867     
   4477.500       176.873236268468     
   4500.000       177.054561677130     
   4522.500       176.878499290698     
   4545.000       176.344111031977     
   4567.500       175.811216994959     
   4590.000       175.620653100860     
   4612.500       176.423878285344     
   4635.000       178.036851318282     
   4657.500       179.981443901912     
   4680.000       181.252792231440     
   4680.000       125.967755367551     
   4702.500       126.290211008953     
   4725.000       125.973186898054     
   4747.500       125.239287461997     
   4770.000       124.358123952781     
   4792.500       123.533949149249     
   4815.000       123.346292469910     
   4837.500       123.296685738304     
   4860.000       123.348306003149     
   4882.500       123.190304856066     
   4905.000       122.859743311679     
   4927.500       122.582744355921     
   4950.000       122.563696030966     
   4972.500       123.136967988436     
   4995.000       124.144868654438     
   5017.500       125.280756373320     
   5040.000       125.967755367551     
   5040.000       82.7720538770990     
   5062.500       82.9011341052053     
   5085.000       82.7142548000653     
   5107.500       82.3542951915423     
   5130.000       81.9376887833859     
   5152.500       81.5426081567280     
   5175.000       81.4452937211305     
   5197.500       81.3828881658247     
   5220.000       81.3667691828352     
   5242.500       81.2496560264834     
   5265.000       81.0712184258718     
   5287.500       80.9558937029797     
   5310.000       81.0062757395720     
   5332.500       81.3584351507481     
   5355.000       81.8983802450226     
   5377.500       82.4629826416178     
   5400.000       82.7720538770990     
   5400.000       49.7191746847333     
   5422.500       49.7513385422548     
   5445.000       49.6767567300929     
   5467.500       49.5543890898103     
   5490.000       49.4197618302890     
   5512.500       49.2913547347483     
   5535.000       49.2566113848309     
   5557.500       49.2207047018599     
   5580.000       49.1987450951421     
   5602.500       49.1438066235317     
   5625.000       49.0768568198565     
   5647.500       49.0454393985858     
   5670.000       49.0851912398157     
   5692.500       49.2322988291907     
   5715.000       49.4331079557617     
   5737.500       49.6256632141145     
   5760.000       49.7191746847333     
