  0.0000000E+00   3155.82137799465     
   22.50000       3263.52231876818     
   45.00000       3295.07178843470     
   67.50000       3182.58541063486     
   90.00000       2975.55654724354     
   112.5000       2732.71454662053     
   135.0000       2513.50670725324     
   157.5000       2358.02064340735     
   180.0000       2277.15432475857     
   202.5000       2232.10949024434     
   225.0000       2248.19527416293     
   247.5000       2372.53905038095     
   270.0000       2535.27885619653     
   292.5000       2715.34808013364     
   315.0000       2897.71880366819     
   337.5000       3040.39463722541     
   360.0000       3155.82137799465     
   360.0000       2538.13021827630     
   382.5000       2636.90790335717     
   405.0000       2670.05431478835     
   427.5000       2612.66044188297     
   450.0000       2483.10583335846     
   472.5000       2312.87731305490     
   495.0000       2145.01049967508     
   517.5000       2014.26646649877     
   540.0000       1938.19598960800     
   562.5000       1889.74271103368     
   585.0000       1880.85887263206     
   607.5000       1952.76416988344     
   630.0000       2059.79791839782     
   652.5000       2187.94723417847     
   675.0000       2324.96131484433     
   697.5000       2438.71825510849     
   720.0000       2538.13021827630     
   720.0000       1967.23915996339     
   742.5000       2045.43942907210     
   765.0000       2092.52182938300     
   787.5000       2072.46990922222     
   810.0000       2005.06168792571     
   832.5000       1903.04936637744     
   855.0000       1788.71954121657     
   877.5000       1687.50054351468     
   900.0000       1620.36982322226     
   922.5000       1569.20170412474     
   945.0000       1543.94365957394     
   967.5000       1577.88602647509     
   990.0000       1636.79316082602     
   1012.500       1716.00900223435     
   1035.000       1809.40296165072     
   1057.500       1892.68725249165     
   1080.000       1967.23915996339     
   1080.000       1491.86204506692     
   1102.500       1546.90325763351     
   1125.000       1596.39320222479     
   1147.500       1613.18704224316     
   1170.000       1585.55094352603     
   1192.500       1530.84967670842     
   1215.000       1459.98875717955     
   1237.500       1386.37752076895     
   1260.000       1329.29049610635     
   1282.500       1280.74247591203     
   1305.000       1254.06552393398     
   1327.500       1259.95004954029     
   1350.000       1285.26988111887     
   1372.500       1326.23577684980     
   1395.000       1383.23124833103     
   1417.500       1440.32016942075     
   1440.000       1491.86204506692     
   1440.000       1144.13979439331     
   1462.500       1180.68638407953     
   1485.000       1220.02206198616     
   1507.500       1245.45956355670     
   1530.000       1243.38500991997     
   1552.500       1214.63074416520     
   1575.000       1168.07738104829     
   1597.500       1115.32121681035     
   1620.000       1071.87832298163     
   1642.500       1034.57127406477     
   1665.000       1010.00393183270     
   1687.500       1005.31894350936     
   1710.000       1015.34536933612     
   1732.500       1036.14509274539     
   1755.000       1070.24260890197     
   1777.500       1108.60395370514     
   1800.000       1144.13979439331     
   1800.000       908.472717156457     
   1822.500       934.054094770020     
   1845.000       961.274815469709     
   1867.500       978.649514717642     
   1890.000       976.630461324358     
   1912.500       954.575005285443     
   1935.000       919.640199187362     
   1957.500       881.712241441322     
   1980.000       850.977433176157     
   2002.500       826.063350608068     
   2025.000       810.923321762374     
   2047.500       808.718235024434     
   2070.000       816.281018819304     
   2092.500       831.027005628268     
   2115.000       854.897609019207     
   2137.500       882.505390044611     
   2160.000       908.472717156457     
   2160.000       734.405159650812     
   2182.500       751.852164732827     
   2205.000       767.192992597807     
   2227.500       772.105621444763     
   2250.000       762.559758795277     
   2272.500       740.547861247566     
   2295.000       713.265975843288     
   2317.500       688.142168281531     
   2340.000       669.824679095524     
   2362.500       656.921420813391     
   2385.000       651.459242519653     
   2407.500       653.978493506199     
   2430.000       662.247802376496     
   2452.500       675.402408320583     
   2475.000       694.491645916035     
   2497.500       715.333298726033     
   2520.000       734.405159650812     
   2520.000       587.780314768174     
   2542.500       598.107469080365     
   2565.000       603.945129393153     
   2587.500       600.246527084215     
   2610.000       586.889153240302     
   2632.500       567.467059848986     
   2655.000       548.269882817103     
   2677.500       533.569069487295     
   2700.000       524.564024690153     
   2722.500       519.920180732177     
   2745.000       520.344330281293     
   2767.500       525.260980527868     
   2790.000       533.334923186320     
   2812.500       544.660864747501     
   2835.000       559.551728742048     
   2857.500       574.711841370368     
   2880.000       587.780314768174     
   2880.000       462.720702744639     
   2902.500       467.849750733813     
   2925.000       468.044033403095     
   2947.500       460.794243539278     
   2970.000       447.768333804810     
   2992.500       432.674085184207     
   3015.000       420.290336462739     
   3037.500       412.524619077840     
   3060.000       409.134679456953     
   3082.500       408.947535212552     
   3105.000       411.932054847900     
   3127.500       417.241238669374     
   3150.000       424.140230102162     
   3172.500       433.055329585239     
   3195.000       443.955112934187     
   3217.500       454.406416543961     
   3240.000       462.720702744639     
   3240.000       359.076622807018     
   3262.500       360.982010515467     
   3285.000       358.562973432662     
   3307.500       350.864101954550     
   3330.000       340.018570553379     
   3352.500       329.154682972849     
   3375.000       321.600892871110     
   3397.500       317.917725954097     
   3420.000       317.459210493274     
   3442.500       319.225659165426     
   3465.000       322.877439231721     
   3487.500       327.621241374652     
   3510.000       333.050080953609     
   3532.500       339.631293643930     
   3555.000       347.226396146046     
   3577.500       354.125813369142     
   3600.000       359.076622807018     
   3600.000       274.588691587725     
   3622.500       274.745644651569     
   3645.000       271.540420015965     
   3667.500       264.820089435997     
   3690.000       256.565907973486     
   3712.500       249.143370091471     
   3735.000       244.732064437437     
   3757.500       243.259835853380     
   3780.000       244.091192126061     
   3802.500       246.409014433592     
   3825.000       249.813086041531     
   3847.500       253.661721493482     
   3870.000       257.715547530197     
   3892.500       262.369193723240     
   3915.000       267.467930130566     
   3937.500       271.849549744337     
   3960.000       274.588691587725     
   3960.000       206.467133424454     
   3982.500       205.836477132503     
   4005.000       202.798943610922     
   4027.500       197.546733145966     
   4050.000       191.666118225332     
   4072.500       186.813854296762     
   4095.000       184.344925078734     
   4117.500       183.964946904772     
   4140.000       185.177755736659     
   4162.500       187.342238823107     
   4185.000       190.119416266139     
   4207.500       193.030359307568     
   4230.000       195.934999665046     
   4252.500       199.113724423768     
   4275.000       202.422479957444     
   4297.500       205.093355663261     
   4320.000       206.467133424454     
   4320.000       151.789632054572     
   4342.500       150.944114649496     
   4365.000       148.506002036952     
   4387.500       144.758245828091     
   4410.000       140.841781607961     
   4432.500       137.826009414731     
   4455.000       136.503368297236     
   4477.500       136.570119937189     
   4500.000       137.688179378412     
   4522.500       139.407025647877     
   4545.000       141.472996530907     
   4567.500       143.550885344682     
   4590.000       145.537661046904     
   4612.500       147.616650789272     
   4635.000       149.667837976024     
   4657.500       151.206575143950     
   4680.000       151.789632054572     
   4680.000       108.098620866467     
   4702.500       107.351885448129     
   4725.000       105.651082222675     
   4747.500       103.236900378102     
   4770.000       100.842466148932     
   4792.500       99.0990425904718     
   4815.000       98.4392924646405     
   4837.500       98.6270190481346     
   4860.000       99.4595166073169     
   4882.500       100.647484311119     
   4905.000       102.029531062805     
   4927.500       103.390908349112     
   4950.000       104.662509425866     
   4972.500       105.942666920885     
   4995.000       107.130295926070     
   5017.500       107.935299508706     
   5040.000       108.098620866467     
   5040.000       73.4411134885709     
   5062.500       72.9374697674542     
   5085.000       71.9479975523772     
   5107.500       70.6300819694017     
   5130.000       69.3767518000414     
   5152.500       68.5036784285525     
   5175.000       68.2151354123985     
   5197.500       68.3699151929497     
   5220.000       68.8667254036348     
   5242.500       69.5494871246594     
   5265.000       70.3327754947220     
   5287.500       71.0986612034164     
   5310.000       71.8052536396960     
   5332.500       72.4932389309902     
   5355.000       73.0901981608525     
   5377.500       73.4487206997045     
   5400.000       73.4411134885709     
   5400.000       46.3783158742041     
   5422.500       46.1628532649786     
   5445.000       45.7783546211291     
   5467.500       45.2886368581840     
   5490.000       44.8377046304062     
   5512.500       44.5344246122837     
   5535.000       44.4457618022962     
   5557.500       44.5161981057778     
   5580.000       44.7111058487464     
   5602.500       44.9737002553986     
   5625.000       45.2736549270431     
   5647.500       45.5672267796107     
   5670.000       45.8378588956540     
   5692.500       46.0943936148206     
   5715.000       46.3033175577830     
   5737.500       46.4117415458701     
   5760.000       46.3783158742041     
