  0.0000000E+00   80.1196039995904        6.000000    
   22.50000       79.1026076835034        6.000000    
   45.00000       76.2143294065660        6.000000    
   67.50000       73.8284872434727        6.000000    
   90.00000       73.1044644272253        6.000000    
   112.5000       73.4548004437937        6.000000    
   135.0000       73.9257501163681        6.000000    
   157.5000       74.4818510751167        6.000000    
   180.0000       74.6221693813814        6.000000    
   202.5000       74.5523157477996        6.000000    
   225.0000       77.2072396388499        6.000000    
   247.5000       81.1704687218232        6.000000    
   270.0000       83.1248889338887        6.000000    
   292.5000       83.8624821255748        6.000000    
   315.0000       83.4906781336341        6.000000    
   337.5000       81.8220828815465        6.000000    
  0.0000000E+00   80.1196039995904        6.000000    
 
  0.0000000E+00   83.0784763201729        6.283333    
   22.50000       81.7733161977569        6.283333    
   45.00000       79.3100816358512        6.283333    
   67.50000       76.2651801421812        6.283333    
   90.00000       75.0141587289170        6.283333    
   112.5000       75.2754426588168        6.283333    
   135.0000       75.8491985002524        6.283333    
   157.5000       76.7202841745159        6.283333    
   180.0000       77.0268476363891        6.283333    
   202.5000       77.3134235387507        6.283333    
   225.0000       80.6143892731376        6.283333    
   247.5000       83.9294660540465        6.283333    
   270.0000       86.0732809566706        6.283333    
   292.5000       87.1307467105781        6.283333    
   315.0000       86.9804351240334        6.283333    
   337.5000       85.2471068323832        6.283333    
  0.0000000E+00   83.0784763201729        6.283333    
 
  0.0000000E+00   84.5638847061238        6.566667    
   22.50000       83.0545754666168        6.566667    
   45.00000       81.4372599972831        6.566667    
   67.50000       79.0287021415577        6.566667    
   90.00000       77.6182846955487        6.566667    
   112.5000       77.5425140027161        6.566667    
   135.0000       77.8827586819282        6.566667    
   157.5000       78.7415379898568        6.566667    
   180.0000       79.1823218281545        6.566667    
   202.5000       79.6372590841555        6.566667    
   225.0000       81.9173607326680        6.566667    
   247.5000       84.3084362082896        6.566667    
   270.0000       86.3148112160347        6.566667    
   292.5000       87.5943462820030        6.566667    
   315.0000       87.8569517494409        6.566667    
   337.5000       86.6262149875388        6.566667    
  0.0000000E+00   84.5638847061238        6.566667    
 
  0.0000000E+00   85.6998858161575        6.850000    
   22.50000       84.0717881542003        6.850000    
   45.00000       82.6377615488050        6.850000    
   67.50000       81.2119142325632        6.850000    
   90.00000       80.1727894804964        6.850000    
   112.5000       79.9684403889498        6.850000    
   135.0000       80.1022531260092        6.850000    
   157.5000       80.7211638849969        6.850000    
   180.0000       81.1626815078045        6.850000    
   202.5000       81.3154087010936        6.850000    
   225.0000       82.3457000478775        6.850000    
   247.5000       83.9157740640438        6.850000    
   270.0000       85.6768998930947        6.850000    
   292.5000       87.1333945775995        6.850000    
   315.0000       87.8748565874607        6.850000    
   337.5000       87.3561672380111        6.850000    
  0.0000000E+00   85.6998858161575        6.850000    
 
  0.0000000E+00   86.2612682581016        7.133333    
   22.50000       84.5304190435255        7.133333    
   45.00000       83.0387247357165        7.133333    
   67.50000       82.0149937228213        7.133333    
   90.00000       81.5590171116810        7.133333    
   112.5000       81.7967236145292        7.133333    
   135.0000       82.1088105212470        7.133333    
   157.5000       82.4861915208563        7.133333    
   180.0000       82.5978833598195        7.133333    
   202.5000       82.4556503716601        7.133333    
   225.0000       82.7837840452704        7.133333    
   247.5000       83.7623601024807        7.133333    
   270.0000       85.2940174846693        7.133333    
   292.5000       86.8375480288978        7.133333    
   315.0000       87.8185047593258        7.133333    
   337.5000       87.6572154810666        7.133333    
  0.0000000E+00   86.2612682581016        7.133333    
 
  0.0000000E+00   85.9171652629157        7.416667    
   22.50000       84.0052002596607        7.416667    
   45.00000       82.5771818773717        7.416667    
   67.50000       82.0228146113765        7.416667    
   90.00000       82.3593037408776        7.416667    
   112.5000       83.2710907396695        7.416667    
   135.0000       83.8817574693736        7.416667    
   157.5000       84.0336071626027        7.416667    
   180.0000       83.6993366774899        7.416667    
   202.5000       83.2147931702080        7.416667    
   225.0000       83.2293593801452        7.416667    
   247.5000       84.0615947020641        7.416667    
   270.0000       85.6543734744877        7.416667    
   292.5000       87.2757655146324        7.416667    
   315.0000       88.0894155600994        7.416667    
   337.5000       87.5834674929035        7.416667    
  0.0000000E+00   85.9171652629157        7.416667    
 
  0.0000000E+00   84.9381710039094        7.700000    
   22.50000       82.9766989001217        7.700000    
   45.00000       81.9392581800451        7.700000    
   67.50000       82.1658896963683        7.700000    
   90.00000       83.4569527064984        7.700000    
   112.5000       84.9655644546687        7.700000    
   135.0000       85.5963301545804        7.700000    
   157.5000       85.2692472247167        7.700000    
   180.0000       84.3760204351085        7.700000    
   202.5000       83.6055765117871        7.700000    
   225.0000       83.6063155418942        7.700000    
   247.5000       84.6608606775814        7.700000    
   270.0000       86.5166527529639        7.700000    
   292.5000       88.0899481562390        7.700000    
   315.0000       88.3540007332144        7.700000    
   337.5000       87.0836361745611        7.700000    
  0.0000000E+00   84.9381710039094        7.700000    
 
  0.0000000E+00   84.0973252796796        7.983334    
   22.50000       82.2790655546379        7.983334    
   45.00000       81.7679049230318        7.983334    
   67.50000       82.7843926794560        7.983334    
   90.00000       84.8521868302131        7.983334    
   112.5000       86.6838303786044        7.983334    
   135.0000       87.0926216947763        7.983334    
   157.5000       86.2139980983151        7.983334    
   180.0000       84.8459872091558        7.983334    
   202.5000       83.9074488839517        7.983334    
   225.0000       84.0102621577373        7.983334    
   247.5000       85.3458983754911        7.983334    
   270.0000       87.4147015422024        7.983334    
   292.5000       88.8231550267729        7.983334    
   315.0000       88.4877694750055        7.983334    
   337.5000       86.5483075726162        7.983334    
  0.0000000E+00   84.0973252796796        7.983334    
 
  0.0000000E+00   83.8107435954740        8.266666    
   22.50000       82.1991571602010        8.266666    
   45.00000       82.1345773292961        8.266666    
   67.50000       83.7335944822448        8.266666    
   90.00000       86.2976806288745        8.266666    
   112.5000       88.2584872230319        8.266666    
   135.0000       88.4103668486286        8.266666    
   157.5000       87.0921721578560        8.266666    
   180.0000       85.3960637478298        8.266666    
   202.5000       84.3569098398248        8.266666    
   225.0000       84.5378840968306        8.266666    
   247.5000       86.0568579868266        8.266666    
   270.0000       88.2356015505086        8.266666    
   292.5000       89.4849522522060        8.266666    
   315.0000       88.7217772895152        8.266666    
   337.5000       86.3741172527416        8.266666    
  0.0000000E+00   83.8107435954740        8.266666    
 
  0.0000000E+00   84.1556095245140        8.550000    
   22.50000       82.7520090881293        8.550000    
   45.00000       83.0077568125317        8.550000    
   67.50000       84.9653490853148        8.550000    
   90.00000       87.7853767020322        8.550000    
   112.5000       89.7580950300783        8.550000    
   135.0000       89.6972884341401        8.550000    
   157.5000       88.0886994475425        8.550000    
   180.0000       86.2013147281456        8.550000    
   202.5000       85.1096241296902        8.550000    
   225.0000       85.3278461572054        8.550000    
   247.5000       86.9267328045622        8.550000    
   270.0000       89.1287947235794        8.550000    
   292.5000       90.2515700862525        8.550000    
   315.0000       89.2360405949447        8.550000    
   337.5000       86.6997199656103        8.550000    
  0.0000000E+00   84.1556095245140        8.550000    
 
  0.0000000E+00   85.1750451864650        8.833333    
   22.50000       83.9677896995560        8.833333    
   45.00000       84.4318834877069        8.833333    
   67.50000       86.5599278465096        8.833333    
   90.00000       89.4460646736102        8.833333    
   112.5000       91.3492087341079        8.833333    
   135.0000       91.1326523307000        8.833333    
   157.5000       89.3718283170665        8.833333    
   180.0000       87.4133926482654        8.833333    
   202.5000       86.3168552456819        8.833333    
   225.0000       86.5463337119834        8.833333    
   247.5000       88.1431812738686        8.833333    
   270.0000       90.2939480887545        8.833333    
   292.5000       91.3074942045695        8.833333    
   315.0000       90.1703066104773        8.833333    
   337.5000       87.6075038923544        8.833333    
  0.0000000E+00   85.1750451864650        8.833333    
 
  0.0000000E+00   86.9870283574192        9.116667    
   22.50000       85.9630758065864        9.116667    
   45.00000       86.5420717656680        9.116667    
   67.50000       88.6851410932382        9.116667    
   90.00000       91.4840851419689        9.116667    
   112.5000       93.2552352294235        9.116667    
   135.0000       92.9388294972634        9.116667    
   157.5000       91.1482000425823        9.116667    
   180.0000       89.2247588666553        9.116667    
   202.5000       88.1702179186863        9.116667    
   225.0000       88.3956364621619        9.116667    
   247.5000       89.9236612034327        9.116667    
   270.0000       91.9551085537940        9.116667    
   292.5000       92.8629156166459        9.116667    
   315.0000       91.7016383279353        9.116667    
   337.5000       89.2371491761380        9.116667    
  0.0000000E+00   86.9870283574192        9.116667    
 
  0.0000000E+00   89.8377189870345        9.400000    
   22.50000       88.9848189329134        9.400000    
   45.00000       89.5980455465837        9.400000    
   67.50000       91.6218095891625        9.400000    
   90.00000       94.2020071646507        9.400000    
   112.5000       95.7880642289464        9.400000    
   135.0000       95.4242491157698        9.400000    
   157.5000       93.7143909697206        9.400000    
   180.0000       91.9222199716840        9.400000    
   202.5000       90.9550374842770        9.400000    
   225.0000       91.1668580919683        9.400000    
   247.5000       92.5682129079676        9.400000    
   270.0000       94.4165138464874        9.400000    
   292.5000       95.2145138473521        9.400000    
   315.0000       94.1081048227383        9.400000    
   337.5000       91.8461140079155        9.400000    
  0.0000000E+00   89.8377189870345        9.400000    
 
  0.0000000E+00   94.1770779175582        9.683333    
   22.50000       93.4828608715434        9.683333    
   45.00000       94.0539618038860        9.683333    
   67.50000       95.8315103931080        9.683333    
   90.00000       98.0691872575118        9.683333    
   112.5000       99.4185933931804        9.683333    
   135.0000       99.0570419926658        9.683333    
   157.5000       97.5333236934850        9.683333    
   180.0000       95.9652278470341        9.683333    
   202.5000       95.1309848860131        9.683333    
   225.0000       95.3230503312947        9.683333    
   247.5000       96.5441411776968        9.683333    
   270.0000       98.1478099201137        9.683333    
   292.5000       98.8295713031771        9.683333    
   315.0000       97.8506668068767        9.683333    
   337.5000       95.8882633046627        9.683333    
  0.0000000E+00   94.1770779175582        9.683333    
 
  0.0000000E+00   100.841774667154        9.966667    
   22.50000       100.288130360676        9.966667    
   45.00000       100.731066024165        9.966667    
   67.50000       102.123186895295        9.966667    
   90.00000       103.883554378391        9.966667    
   112.5000       104.936794298210        9.966667    
   135.0000       104.627655747719        9.966667    
   157.5000       103.400619331391        9.966667    
   180.0000       102.155780795615        9.966667    
   202.5000       101.505476811063        9.966667    
   225.0000       101.676560317415        9.966667    
   247.5000       102.667225127152        9.966667    
   270.0000       103.967563644515        9.966667    
   292.5000       104.531010678007        9.966667    
   315.0000       103.759463302452        9.966667    
   337.5000       102.199198557288        9.966667    
  0.0000000E+00   100.841774667154        9.966667    
 
  0.0000000E+00   111.528060985499        10.25000    
   22.50000       111.070119708482        10.25000    
   45.00000       111.258089285978        10.25000    
   67.50000       112.077988558075        10.25000    
   90.00000       113.189153687800        10.25000    
   112.5000       113.867378602005        10.25000    
   135.0000       113.668030021047        10.25000    
   157.5000       112.869144116080        10.25000    
   180.0000       112.067683534039        10.25000    
   202.5000       111.666740112880        10.25000    
   225.0000       111.827033017147        10.25000    
   247.5000       112.544847431429        10.25000    
   270.0000       113.495256247784        10.25000    
   292.5000       113.960915247585        10.25000    
   315.0000       113.508643275241        10.25000    
   337.5000       112.475930125772        10.25000    
  0.0000000E+00   111.528060985499        10.25000    
 
