  0.0000000E+00   61.6776327976038     
   22.50000       61.1375666077961     
   45.00000       61.1290476028407     
   67.50000       61.5972412529004     
   90.00000       61.9549488211677     
   112.5000       62.5710527967893     
   135.0000       62.7427559166716     
   157.5000       62.6030115762133     
   180.0000       63.0062754753269     
   202.5000       61.9093350031043     
   225.0000       61.0332420160782     
   247.5000       61.2886732887107     
   270.0000       61.9791630701340     
   292.5000       62.7001717729319     
   315.0000       62.3182731176243     
   337.5000       62.0219332449230     
   360.0000       61.6776327976038     
   360.0000       59.3885256673365     
   382.5000       58.8486570366638     
   405.0000       58.9890154291447     
   427.5000       59.8080068314060     
   450.0000       60.3401080143541     
   472.5000       61.3157052017090     
   495.0000       61.8462255865833     
   517.5000       61.8934071747762     
   540.0000       61.2001056787241     
   562.5000       58.9829989598441     
   585.0000       57.3453631346732     
   607.5000       57.1947642011808     
   630.0000       57.7672061780522     
   652.5000       58.8316951770395     
   675.0000       59.5627761466145     
   697.5000       59.4675711127923     
   720.0000       59.3885256673365     
   720.0000       59.9387362027789     
   742.5000       59.8022119742993     
   765.0000       60.1850007767968     
   787.5000       61.2710410912503     
   810.0000       61.9420802248247     
   832.5000       63.0131046200203     
   855.0000       63.8918782254715     
   877.5000       63.7362122370123     
   900.0000       62.5809654758610     
   922.5000       60.1402760913329     
   945.0000       58.0283590528928     
   967.5000       57.1961759572917     
   990.0000       57.2503537935794     
   1012.500       58.1082115650062     
   1035.000       58.9459877112710     
   1057.500       59.5825440723007     
   1080.000       59.9387362027789     
   1080.000       61.3219077142464     
   1102.500       61.8166250504489     
   1125.000       62.4407952215774     
   1147.500       63.6291873380364     
   1170.000       64.5109755297245     
   1192.500       65.6488858298504     
   1215.000       66.6503869143244     
   1237.500       66.5529856191224     
   1260.000       65.6065060915425     
   1282.500       63.4621130061403     
   1305.000       61.1544886508040     
   1327.500       59.6770230127551     
   1350.000       59.0423841585845     
   1372.500       59.3935369460946     
   1395.000       59.9900328675193     
   1417.500       60.6282702429707     
   1440.000       61.3219077142464     
   1440.000       63.4980895812266     
   1462.500       64.0650566078667     
   1485.000       64.7574017624902     
   1507.500       66.0730354202828     
   1530.000       67.2970664781046     
   1552.500       68.6313534062433     
   1575.000       69.6642756842410     
   1597.500       69.5806368912948     
   1620.000       68.6731683399324     
   1642.500       66.7063471957299     
   1665.000       64.4129812819079     
   1687.500       62.7085820411384     
   1710.000       61.8300886389555     
   1732.500       61.9865967729519     
   1755.000       62.4560635055505     
   1777.500       62.9319307962171     
   1800.000       63.4980895812266     
   1800.000       66.4980103410508     
   1822.500       66.8482817805507     
   1845.000       67.4844928088814     
   1867.500       68.8597832049180     
   1890.000       70.3914166235447     
   1912.500       71.9699329100196     
   1935.000       72.8110309560838     
   1957.500       72.2786212146968     
   1980.000       70.8552673755876     
   2002.500       68.6390251093291     
   2025.000       66.4494013201190     
   2047.500       65.0658488167158     
   2070.000       64.7136213550241     
   2092.500       65.3104275488570     
   2115.000       65.9172615454443     
   2137.500       66.2445417889760     
   2160.000       66.4980103410508     
   2160.000       69.6998705730937     
   2182.500       69.7855509738575     
   2205.000       70.4212076251262     
   2227.500       71.9421066282652     
   2250.000       73.7779799344508     
   2272.500       75.4049514306533     
   2295.000       75.6510342869865     
   2317.500       74.2893498412318     
   2340.000       72.1160702561409     
   2362.500       69.6514412695274     
   2385.000       67.8418475101901     
   2407.500       67.2513406255075     
   2430.000       67.8954474134258     
   2452.500       69.1432011115096     
   2475.000       69.8236543417844     
   2497.500       69.8623142346891     
   2520.000       69.6998705730937     
   2520.000       72.7174614580366     
   2542.500       72.5819352389185     
   2565.000       73.2402776002909     
   2587.500       74.9203396135011     
   2610.000       76.9861339562503     
   2632.500       78.4789470700916     
   2655.000       78.0442619879755     
   2677.500       75.9197425812119     
   2700.000       73.1961398798329     
   2722.500       70.7409374839945     
   2745.000       69.4883339211105     
   2767.500       69.7735878078834     
   2790.000       71.3440662251705     
   2812.500       73.0501949137946     
   2835.000       73.6341910621328     
   2857.500       73.2927615996235     
   2880.000       72.7174614580366     
   2880.000       75.5307479359908     
   2902.500       75.2097821047831     
   2925.000       75.8593952366276     
   2947.500       77.6447946273105     
   2970.000       79.8541982734253     
   2992.500       81.1853027023394     
   3015.000       80.2402249110223     
   3037.500       77.6055765882030     
   3060.000       74.5891971800882     
   3082.500       72.2909879817407     
   3105.000       71.5513574956120     
   3127.500       72.5333189723975     
   3150.000       74.7632419938472     
   3172.500       76.7207058060937     
   3195.000       77.1491572021791     
   3217.500       76.4533938596778     
   3240.000       75.5307479359908     
   3240.000       78.2496889225845     
   3262.500       77.7834919015218     
   3285.000       78.4006472670206     
   3307.500       80.2342378420110     
   3330.000       82.5138925041471     
   3352.500       83.7079017691611     
   3375.000       82.4421877314521     
   3397.500       79.5254313123483     
   3420.000       76.4067236764969     
   3442.500       74.3176958910335     
   3465.000       73.9743256952067     
   3487.500       75.4370175102750     
   3510.000       78.0717724481300     
   3532.500       80.1341610638134     
   3555.000       80.4090035617453     
   3577.500       79.4319435230263     
   3600.000       78.2496889225845     
   3600.000       81.0495707131745     
   3622.500       80.4868076129296     
   3645.000       81.0638257190965     
   3667.500       82.8944970083494     
   3690.000       85.1756912574132     
   3712.500       86.2529190753683     
   3735.000       84.8143382232641     
   3757.500       81.7933245374586     
   3780.000       78.7108664413571     
   3802.500       76.8435623609479     
   3825.000       76.7897918905000     
   3847.500       78.5435215253340     
   3870.000       81.3725845517883     
   3892.500       83.4326718514079     
   3915.000       83.5707418048912     
   3937.500       82.3971206428965     
   3960.000       81.0495707131745     
   3960.000       84.1814693442240     
   3982.500       83.5725496174135     
   4005.000       84.1068611773947     
   4027.500       85.8827328517476     
   4050.000       88.0955988881696     
   4072.500       89.0647273655465     
   4095.000       87.5682897756107     
   4117.500       84.5889098955656     
   4140.000       81.6524153299993     
   4162.500       80.0115915022960     
   4185.000       80.1555325763075     
   4207.500       82.0377123007712     
   4230.000       84.8849809596487     
   4252.500       86.8567501936313     
   4275.000       86.8815839213922     
   4297.500       85.6004733348008     
   4320.000       84.1814693442240     
   4320.000       88.0210333831766     
   4342.500       87.4145972422321     
   4365.000       87.9016343095064     
   4387.500       89.5649062736067     
   4410.000       91.6348849681534     
   4432.500       92.4951909910647     
   4455.000       91.0391957304442     
   4477.500       88.2338816959907     
   4500.000       85.5410522928733     
   4522.500       84.1299741926423     
   4545.000       84.3911639727583     
   4567.500       86.2559519387721     
   4590.000       88.9648463587718     
   4612.500       90.7746256743166     
   4635.000       90.7156685466900     
   4657.500       89.4190024970574     
   4680.000       88.0210333831766     
   4680.000       93.1706552401808     
   4702.500       92.6140348308129     
   4725.000       93.0441814560444     
   4747.500       94.5273348079787     
   4770.000       96.3718588719830     
   4792.500       97.1162908138900     
   4815.000       95.7977271792173     
   4837.500       93.3022331505681     
   4860.000       90.9521434630698     
   4882.500       89.7759592747696     
   4905.000       90.0780492717281     
   4927.500       91.7824562384557     
   4950.000       94.1991864182586     
   4972.500       95.7754133865900     
   4995.000       95.6668378523815     
   5017.500       94.4526043791617     
   5040.000       93.1706552401808     
   5040.000       100.714646627788     
   5062.500       100.257863644331     
   5085.000       100.616575247924     
   5107.500       101.839164476582     
   5130.000       103.365804749279     
   5152.500       103.988958600711     
   5175.000       102.922103570571     
   5197.500       100.893546445782     
   5220.000       98.9980479947644     
   5242.500       98.0601256536079     
   5265.000       98.3165721689847     
   5287.500       99.6997628344017     
   5310.000       101.652262123455     
   5332.500       102.913751595502     
   5355.000       102.794674307048     
   5377.500       101.774376472409     
   5400.000       100.714646627788     
   5400.000       112.927755285817     
   5422.500       112.632033228491     
   5445.000       112.904068129897     
   5467.500       113.772655225606     
   5490.000       114.885572924413     
   5512.500       115.406237032741     
   5535.000       114.760974804192     
   5557.500       113.407568975916     
   5580.000       112.099626246860     
   5602.500       111.376719292753     
   5625.000       111.453089478212     
   5647.500       112.292437997718     
   5670.000       113.553346452017     
   5692.500       114.395097237559     
   5715.000       114.315556993797     
   5737.500       113.630899953911     
   5760.000       112.927755285817     
