  0.0000000E+00  1.4991906E-28
   22.50000      1.3850121E-28
   45.00000      1.1625032E-28
   67.50000      1.0569058E-28
   90.00000      9.9362915E-29
   112.5000      9.7436648E-29
   135.0000      9.2034619E-29
   157.5000      8.8163849E-29
   180.0000      8.8803895E-29
   202.5000      9.2657747E-29
   225.0000      1.1640168E-28
   247.5000      1.6037890E-28
   270.0000      1.8314320E-28
   292.5000      1.9075693E-28
   315.0000      1.7879226E-28
   337.5000      1.6132168E-28
   360.0000      1.4991906E-28
   360.0000      7.9978538E-29
   382.5000      7.5299612E-29
   405.0000      6.8782710E-29
   427.5000      6.1158014E-29
   450.0000      5.7682745E-29
   472.5000      5.6596894E-29
   495.0000      5.3027424E-29
   517.5000      5.0612879E-29
   540.0000      5.0516565E-29
   562.5000      5.3754715E-29
   585.0000      6.8273916E-29
   607.5000      8.1805367E-29
   630.0000      9.4259742E-29
   652.5000      9.9687518E-29
   675.0000      9.4709134E-29
   697.5000      8.6040367E-29
   720.0000      7.9978538E-29
   720.0000      4.3279359E-29
   742.5000      4.1645370E-29
   765.0000      4.1801172E-29
   787.5000      3.8386962E-29
   810.0000      3.5977665E-29
   832.5000      3.4926276E-29
   855.0000      3.2330619E-29
   877.5000      3.0396323E-29
   900.0000      3.0193445E-29
   922.5000      3.1920838E-29
   945.0000      3.6886036E-29
   967.5000      4.2723428E-29
   990.0000      4.9195169E-29
   1012.500      5.2653595E-29
   1035.000      5.0769054E-29
   1057.500      4.6438679E-29
   1080.000      4.3279359E-29
   1080.000      2.3583789E-29
   1102.500      2.3049114E-29
   1125.000      2.3985073E-29
   1147.500      2.5342376E-29
   1170.000      2.4412643E-29
   1192.500      2.3220200E-29
   1215.000      2.1144803E-29
   1237.500      1.9439329E-29
   1260.000      1.8826170E-29
   1282.500      1.8409474E-29
   1305.000      1.9948065E-29
   1327.500      2.2812592E-29
   1350.000      2.6057342E-29
   1372.500      2.8017529E-29
   1395.000      2.7389450E-29
   1417.500      2.5170507E-29
   1440.000      2.3583789E-29
   1440.000      1.3284028E-29
   1462.500      1.3067838E-29
   1485.000      1.3824394E-29
   1507.500      1.5145680E-29
   1530.000      1.5900393E-29
   1552.500      1.5567120E-29
   1575.000      1.4017455E-29
   1597.500      1.2239656E-29
   1620.000      1.1054256E-29
   1642.500      1.0746432E-29
   1665.000      1.1515847E-29
   1687.500      1.3045115E-29
   1710.000      1.4791070E-29
   1732.500      1.5838102E-29
   1755.000      1.5514309E-29
   1777.500      1.4235923E-29
   1800.000      1.3284028E-29
   1800.000      7.8581402E-30
   1822.500      7.6785074E-30
   1845.000      8.1604029E-30
   1867.500      9.0529029E-30
   1890.000      9.6983588E-30
   1912.500      9.5990109E-30
   1935.000      8.6683654E-30
   1957.500      7.5309578E-30
   1980.000      6.7411972E-30
   2002.500      6.5324121E-30
   2025.000      7.0008772E-30
   2047.500      7.9813524E-30
   2070.000      9.0809591E-30
   2092.500      9.6893829E-30
   2115.000      9.4040233E-30
   2137.500      8.5318215E-30
   2160.000      7.8581402E-30
   2160.000      4.7634085E-30
   2182.500      4.5972177E-30
   2205.000      4.8827677E-30
   2227.500      5.4580418E-30
   2250.000      5.9363699E-30
   2272.500      5.9450279E-30
   2295.000      5.4019326E-30
   2317.500      4.6904707E-30
   2340.000      4.1801463E-30
   2362.500      4.0514622E-30
   2385.000      4.3654400E-30
   2407.500      5.0304730E-30
   2430.000      5.7795284E-30
   2452.500      6.1549046E-30
   2475.000      5.8974623E-30
   2497.500      5.2670501E-30
   2520.000      4.7634085E-30
   2520.000      2.9423903E-30
   2542.500      2.8061627E-30
   2565.000      2.9768445E-30
   2587.500      3.3502770E-30
   2610.000      3.6984340E-30
   2632.500      3.7513752E-30
   2655.000      3.4336310E-30
   2677.500      2.9815242E-30
   2700.000      2.6470711E-30
   2722.500      2.5644634E-30
   2745.000      2.7771315E-30
   2767.500      3.2334916E-30
   2790.000      3.7460737E-30
   2812.500      3.9799560E-30
   2835.000      3.7697464E-30
   2857.500      3.3149223E-30
   2880.000      2.9423903E-30
   2880.000      1.8492572E-30
   2902.500      1.7481237E-30
   2925.000      1.8550915E-30
   2947.500      2.1055628E-30
   2970.000      2.3596949E-30
   2992.500      2.4220055E-30
   3015.000      2.2296025E-30
   3037.500      1.9333184E-30
   3060.000      1.7085479E-30
   3082.500      1.6523907E-30
   3105.000      1.7958879E-30
   3127.500      2.1080582E-30
   3150.000      2.4564738E-30
   3172.500      2.6036327E-30
   3195.000      2.4427884E-30
   3217.500      2.1177979E-30
   3240.000      1.8492572E-30
   3240.000      1.1814909E-30
   3262.500      1.1103921E-30
   3285.000      1.1808722E-30
   3307.500      1.3538879E-30
   3330.000      1.5396610E-30
   3352.500      1.5963514E-30
   3375.000      1.4747790E-30
   3397.500      1.2748866E-30
   3420.000      1.1204550E-30
   3442.500      1.0808744E-30
   3465.000      1.1777676E-30
   3487.500      1.3912809E-30
   3510.000      1.6281639E-30
   3532.500      1.7223069E-30
   3555.000      1.6027713E-30
   3577.500      1.3716372E-30
   3600.000      1.1814909E-30
   3600.000      7.6625022E-31
   3622.500      7.1782691E-31
   3645.000      7.6608392E-31
   3667.500      8.8782342E-31
   3690.000      1.0231840E-30
   3712.500      1.0696233E-30
   3735.000      9.9009134E-31
   3757.500      8.5243954E-31
   3780.000      7.4477794E-31
   3802.500      7.1638519E-31
   3825.000      7.8184443E-31
   3847.500      9.2778534E-31
   3870.000      1.0890116E-30
   3892.500      1.1500604E-30
   3915.000      1.0626159E-30
   3937.500      8.9907892E-31
   3960.000      7.6625022E-31
   3960.000      5.0375115E-31
   3982.500      4.7152840E-31
   4005.000      5.0545712E-31
   4027.500      5.9185858E-31
   4050.000      6.8974125E-31
   4072.500      7.2573705E-31
   4095.000      6.7243609E-31
   4117.500      5.7644616E-31
   4140.000      5.0077978E-31
   4162.500      4.8018027E-31
   4185.000      5.2415387E-31
   4207.500      6.2346448E-31
   4230.000      7.3297527E-31
   4252.500      7.7291537E-31
   4275.000      7.0992599E-31
   4297.500      5.9530692E-31
   4320.000      5.0375115E-31
   4320.000      3.3519938E-31
   4342.500      3.1425111E-31
   4365.000      3.3843705E-31
   4387.500      3.9951508E-31
   4410.000      4.6876383E-31
   4432.500      4.9508705E-31
   4455.000      4.5895094E-31
   4477.500      3.9200931E-31
   4500.000      3.3903625E-31
   4522.500      3.2420741E-31
   4545.000      3.5362575E-31
   4567.500      4.2078287E-31
   4590.000      4.9449690E-31
   4612.500      5.2061342E-31
   4635.000      4.7622718E-31
   4657.500      3.9724600E-31
   4680.000      3.3519938E-31
   4680.000      2.2483690E-31
   4702.500      2.1157027E-31
   4725.000      2.2860567E-31
   4747.500      2.7103848E-31
   4770.000      3.1934662E-31
   4792.500      3.3830036E-31
   4815.000      3.1375374E-31
   4837.500      2.6739572E-31
   4860.000      2.3055714E-31
   4882.500      2.1971313E-31
   4905.000      2.3863998E-31
   4927.500      2.8276368E-31
   4950.000      3.3138916E-31
   4972.500      3.4847641E-31
   4995.000      3.1859447E-31
   5017.500      2.6582058E-31
   5040.000      2.2483690E-31
   5040.000      1.5157685E-31
   5062.500      1.4358696E-31
   5085.000      1.5547902E-31
   5107.500      1.8402024E-31
   5130.000      2.1595966E-31
   5152.500      2.2837631E-31
   5175.000      2.1196232E-31
   5197.500      1.8096176E-31
   5220.000      1.5614191E-31
   5242.500      1.4846702E-31
   5265.000      1.6029553E-31
   5287.500      1.8835174E-31
   5310.000      2.1915327E-31
   5332.500      2.2992771E-31
   5355.000      2.1092836E-31
   5377.500      1.7750599E-31
   5400.000      1.5157685E-31
   5400.000      1.0308016E-31
   5422.500      9.8376517E-32
   5445.000      1.0600197E-31
   5467.500      1.2370682E-31
   5490.000      1.4300601E-31
   5512.500      1.5033675E-31
   5535.000      1.3997853E-31
   5557.500      1.2054161E-31
   5580.000      1.0492001E-31
   5602.500      9.9978886E-32
   5625.000      1.0720517E-31
   5647.500      1.2426576E-31
   5670.000      1.4275837E-31
   5692.500      1.4937979E-31
   5715.000      1.3841750E-31
   5737.500      1.1866686E-31
   5760.000      1.0308016E-31
