  0.0000000E+00  6.1683696E-29
   22.50000      4.5329813E-29
   45.00000      3.9351401E-29
   67.50000      3.9572022E-29
   90.00000      4.3557415E-29
   112.5000      4.7669161E-29
   135.0000      4.9729479E-29
   157.5000      5.1047140E-29
   180.0000      5.6813802E-29
   202.5000      7.1511374E-29
   225.0000      8.2609425E-29
   247.5000      9.4139510E-29
   270.0000      1.0214593E-28
   292.5000      1.0272233E-28
   315.0000      9.5469148E-29
   337.5000      8.2522361E-29
   360.0000      6.1683696E-29
   360.0000      3.6882287E-29
   382.5000      2.5914305E-29
   405.0000      2.2328358E-29
   427.5000      2.2621281E-29
   450.0000      2.4963221E-29
   472.5000      2.7493017E-29
   495.0000      2.8465801E-29
   517.5000      2.9534936E-29
   540.0000      3.3093976E-29
   562.5000      3.7636312E-29
   585.0000      4.2404671E-29
   607.5000      4.8802457E-29
   630.0000      5.3815201E-29
   652.5000      5.4967461E-29
   675.0000      5.1444965E-29
   697.5000      4.4894769E-29
   720.0000      3.6882287E-29
   720.0000      2.1257387E-29
   742.5000      1.6745962E-29
   765.0000      1.4154628E-29
   787.5000      1.4084768E-29
   810.0000      1.5309981E-29
   832.5000      1.6497302E-29
   855.0000      1.6874550E-29
   877.5000      1.7257166E-29
   900.0000      1.8773709E-29
   922.5000      1.9643056E-29
   945.0000      2.1979988E-29
   967.5000      2.5479746E-29
   990.0000      2.8589557E-29
   1012.500      2.9708772E-29
   1035.000      2.8199692E-29
   1057.500      2.4938939E-29
   1080.000      2.1257387E-29
   1080.000      1.2249533E-29
   1102.500      1.1077924E-29
   1125.000      1.0292427E-29
   1147.500      9.7943077E-30
   1170.000      1.0088901E-29
   1192.500      1.0409444E-29
   1215.000      1.0244589E-29
   1237.500      1.0130014E-29
   1260.000      1.0117771E-29
   1282.500      1.0387989E-29
   1305.000      1.1504208E-29
   1327.500      1.3366730E-29
   1350.000      1.5212424E-29
   1372.500      1.6056686E-29
   1395.000      1.5476448E-29
   1417.500      1.3922987E-29
   1440.000      1.2249533E-29
   1440.000      7.0399954E-30
   1462.500      6.5091000E-30
   1485.000      6.4367889E-30
   1507.500      6.7129793E-30
   1530.000      7.0420951E-30
   1552.500      6.9658042E-30
   1575.000      6.5959896E-30
   1597.500      6.0836832E-30
   1620.000      5.7332941E-30
   1642.500      5.7986410E-30
   1665.000      6.3617724E-30
   1687.500      7.3798807E-30
   1710.000      8.4524943E-30
   1732.500      8.9847009E-30
   1755.000      8.6996580E-30
   1777.500      7.8753111E-30
   1800.000      7.0399954E-30
   1800.000      4.0874500E-30
   1822.500      3.7952864E-30
   1845.000      3.8135331E-30
   1867.500      4.0634353E-30
   1890.000      4.3486167E-30
   1912.500      4.4046206E-30
   1935.000      4.1376175E-30
   1957.500      3.7521855E-30
   1980.000      3.4942783E-30
   2002.500      3.4905863E-30
   2025.000      3.8157999E-30
   2047.500      4.4314572E-30
   2070.000      5.0887583E-30
   2092.500      5.4074267E-30
   2115.000      5.1820342E-30
   2137.500      4.6236884E-30
   2160.000      4.0874500E-30
   2160.000      2.3885206E-30
   2182.500      2.2114491E-30
   2205.000      2.2539726E-30
   2227.500      2.4642402E-30
   2250.000      2.7076995E-30
   2272.500      2.7883710E-30
   2295.000      2.6356269E-30
   2317.500      2.3799698E-30
   2340.000      2.1929447E-30
   2362.500      2.1769170E-30
   2385.000      2.3783896E-30
   2407.500      2.7694269E-30
   2430.000      3.1807497E-30
   2452.500      3.3494653E-30
   2475.000      3.1547816E-30
   2497.500      2.7504427E-30
   2520.000      2.3885206E-30
   2520.000      1.4235523E-30
   2542.500      1.3189825E-30
   2565.000      1.3663432E-30
   2587.500      1.5324111E-30
   2610.000      1.7253075E-30
   2632.500      1.8037210E-30
   2655.000      1.7130844E-30
   2677.500      1.5375511E-30
   2700.000      1.4000570E-30
   2722.500      1.3778109E-30
   2745.000      1.5020655E-30
   2767.500      1.7504206E-30
   2790.000      2.0092373E-30
   2812.500      2.1004948E-30
   2835.000      1.9458769E-30
   2857.500      1.6622041E-30
   2880.000      1.4235523E-30
   2880.000      8.7111034E-31
   2902.500      8.1147365E-31
   2925.000      8.5460593E-31
   2947.500      9.7948039E-31
   2970.000      1.1235633E-30
   2992.500      1.1871364E-30
   3015.000      1.1286915E-30
   3037.500      1.0045414E-30
   3060.000      9.0358332E-31
   3082.500      8.8129642E-31
   3105.000      9.5730210E-31
   3127.500      1.1152151E-30
   3150.000      1.2794569E-30
   3172.500      1.3297149E-30
   3195.000      1.2161088E-30
   3217.500      1.0243393E-30
   3240.000      8.7111034E-31
   3240.000      5.4733857E-31
   3262.500      5.1383754E-31
   3285.000      5.4924522E-31
   3307.500      6.4037904E-31
   3330.000      7.4467144E-31
   3352.500      7.9209897E-31
   3375.000      7.5157065E-31
   3397.500      6.6228795E-31
   3420.000      5.8851684E-31
   3442.500      5.6890560E-31
   3465.000      6.1546702E-31
   3487.500      7.1678984E-31
   3510.000      8.2260371E-31
   3532.500      8.5151833E-31
   3555.000      7.7191869E-31
   3577.500      6.4480332E-31
   3600.000      5.4733857E-31
   3600.000      3.5291039E-31
   3622.500      3.3407441E-31
   3645.000      3.6144208E-31
   3667.500      4.2678025E-31
   3690.000      5.0047753E-31
   3712.500      5.3371957E-31
   3735.000      5.0462223E-31
   3757.500      4.4071987E-31
   3780.000      3.8705879E-31
   3802.500      3.7095085E-31
   3825.000      3.9968275E-31
   3847.500      4.6545645E-31
   3870.000      5.3473445E-31
   3892.500      5.5249335E-31
   3915.000      4.9850035E-31
   3937.500      4.1500631E-31
   3960.000      3.5291039E-31
   3960.000      2.3421744E-31
   3982.500      2.2322370E-31
   4005.000      2.4330046E-31
   4027.500      2.8938522E-31
   4050.000      3.4152545E-31
   4072.500      3.6497567E-31
   4095.000      3.4312363E-31
   4117.500      2.9635703E-31
   4140.000      2.5782734E-31
   4162.500      2.4526668E-31
   4185.000      2.6329752E-31
   4207.500      3.0670787E-31
   4230.000      3.5303420E-31
   4252.500      3.6501665E-31
   4275.000      3.2924736E-31
   4297.500      2.7435984E-31
   4320.000      2.3421744E-31
   4320.000      1.6228946E-31
   4342.500      1.5543002E-31
   4365.000      1.7020880E-31
   4387.500      2.0312107E-31
   4410.000      2.3998234E-31
   4432.500      2.5602582E-31
   4455.000      2.3926609E-31
   4477.500      2.0482712E-31
   4500.000      1.7661789E-31
   4522.500      1.6711607E-31
   4545.000      1.7897976E-31
   4567.500      2.0861498E-31
   4590.000      2.4074138E-31
   4612.500      2.4970780E-31
   4635.000      2.2608156E-31
   4657.500      1.8920940E-31
   4680.000      1.6228946E-31
   4680.000      1.2238635E-31
   4702.500      1.1751290E-31
   4725.000      1.2855584E-31
   4747.500      1.5295060E-31
   4770.000      1.7998977E-31
   4792.500      1.9124536E-31
   4815.000      1.7782397E-31
   4837.500      1.5145146E-31
   4860.000      1.3004264E-31
   4882.500      1.2269128E-31
   4905.000      1.3131383E-31
   4927.500      1.5319444E-31
   4950.000      1.7715322E-31
   4972.500      1.8454450E-31
   4995.000      1.6821919E-31
   5017.500      1.4183517E-31
   5040.000      1.2238635E-31
   5040.000      1.0461152E-31
   5062.500      1.0038959E-31
   5085.000      1.0919932E-31
   5107.500      1.2880164E-31
   5130.000      1.5030790E-31
   5152.500      1.5880317E-31
   5175.000      1.4736473E-31
   5197.500      1.2567486E-31
   5220.000      1.0819605E-31
   5242.500      1.0227604E-31
   5265.000      1.0948031E-31
   5287.500      1.2753124E-31
   5310.000      1.4744269E-31
   5332.500      1.5426805E-31
   5355.000      1.4183484E-31
   5377.500      1.2063645E-31
   5400.000      1.0461152E-31
   5400.000      9.8569374E-32
   5422.500      9.4455309E-32
   5445.000      1.0184589E-31
   5467.500      1.1855998E-31
   5490.000      1.3664405E-31
   5512.500      1.4345297E-31
   5535.000      1.3337729E-31
   5557.500      1.1472687E-31
   5580.000      9.9751322E-32
   5602.500      9.4908703E-32
   5625.000      1.0157628E-31
   5647.500      1.1760406E-31
   5670.000      1.3510176E-31
   5692.500      1.4146316E-31
   5715.000      1.3123889E-31
   5737.500      1.1291055E-31
   5760.000      9.8569374E-32
