  0.0000000E+00  4.746346175670624E-002   6.000000    
   15.00000      5.324598401784897E-002   6.000000    
   30.00000      5.987225845456123E-002   6.000000    
   45.00000      6.574228405952454E-002   6.000000    
   60.00000      7.288940250873566E-002   6.000000    
   75.00000      8.140172064304352E-002   6.000000    
   90.00000      8.804212510585785E-002   6.000000    
   105.0000      9.069585800170898E-002   6.000000    
   120.0000      8.992701768875122E-002   6.000000    
   135.0000      8.825350552797318E-002   6.000000    
   150.0000      8.875670284032822E-002   6.000000    
   165.0000      9.057410806417465E-002   6.000000    
   180.0000      8.987329900264740E-002   6.000000    
   195.0000      8.783650398254395E-002   6.000000    
   210.0000      8.686450123786926E-002   6.000000    
   225.0000      8.420336246490479E-002   6.000000    
   240.0000      7.553313672542572E-002   6.000000    
   255.0000      6.327604502439499E-002   6.000000    
   270.0000      5.489557981491089E-002   6.000000    
   285.0000      5.169418454170227E-002   6.000000    
   300.0000      5.063849687576294E-002   6.000000    
   315.0000      5.025108158588409E-002   6.000000    
   330.0000      4.903953894972801E-002   6.000000    
   345.0000      4.694610089063644E-002   6.000000    
  0.0000000E+00  4.746346175670624E-002   6.000000    
 
  0.0000000E+00  4.769014567136765E-002   6.121428    
   15.00000      5.325894802808762E-002   6.121428    
   30.00000      5.975412577390671E-002   6.121428    
   45.00000      6.558144092559814E-002   6.121428    
   60.00000      7.269283384084702E-002   6.121428    
   75.00000      8.095863461494446E-002   6.121428    
   90.00000      8.720977604389191E-002   6.121428    
   105.0000      8.957479894161224E-002   6.121428    
   120.0000      8.875951170921326E-002   6.121428    
   135.0000      8.722280710935593E-002   6.121428    
   150.0000      8.779887109994888E-002   6.121428    
   165.0000      8.943858742713928E-002   6.121428    
   180.0000      8.853578567504883E-002   6.121428    
   195.0000      8.640369772911072E-002   6.121428    
   210.0000      8.518996089696884E-002   6.121428    
   225.0000      8.209189772605896E-002   6.121428    
   240.0000      7.326050847768784E-002   6.121428    
   255.0000      6.145210936665535E-002   6.121428    
   270.0000      5.399283394217491E-002   6.121428    
   285.0000      5.117162689566612E-002   6.121428    
   300.0000      5.031945556402206E-002   6.121428    
   315.0000      5.003365874290466E-002   6.121428    
   330.0000      4.890124499797821E-002   6.121428    
   345.0000      4.702466726303101E-002   6.121428    
  0.0000000E+00  4.769014567136765E-002   6.121428    
 
  0.0000000E+00  4.768247157335281E-002   6.242857    
   15.00000      5.293552204966545E-002   6.242857    
   30.00000      5.916765332221985E-002   6.242857    
   45.00000      6.490500271320343E-002   6.242857    
   60.00000      7.188930362462997E-002   6.242857    
   75.00000      7.966096699237823E-002   6.242857    
   90.00000      8.520870655775070E-002   6.242857    
   105.0000      8.709976822137833E-002   6.242857    
   120.0000      8.624015003442764E-002   6.242857    
   135.0000      8.496014773845673E-002   6.242857    
   150.0000      8.563774079084396E-002   6.242857    
   165.0000      8.694370090961456E-002   6.242857    
   180.0000      8.569782972335815E-002   6.242857    
   195.0000      8.339963108301163E-002   6.242857    
   210.0000      8.175712078809738E-002   6.242857    
   225.0000      7.797175645828247E-002   6.242857    
   240.0000      6.901744753122330E-002   6.242857    
   255.0000      5.819546431303024E-002   6.242857    
   270.0000      5.219031870365143E-002   6.242857    
   285.0000      4.996746033430099E-002   6.242857    
   300.0000      4.943034797906876E-002   6.242857    
   315.0000      4.928661137819290E-002   6.242857    
   330.0000      4.828187450766563E-002   6.242857    
   345.0000      4.676775634288788E-002   6.242857    
  0.0000000E+00  4.768247157335281E-002   6.242857    
 
  0.0000000E+00  4.775463417172432E-002   6.364286    
   15.00000      5.261880904436111E-002   6.364286    
   30.00000      5.847816914319992E-002   6.364286    
   45.00000      6.406522542238235E-002   6.364286    
   60.00000      7.080715149641037E-002   6.364286    
   75.00000      7.787182182073593E-002   6.364286    
   90.00000      8.253557980060577E-002   6.364286    
   105.0000      8.390977978706360E-002   6.364286    
   120.0000      8.306905627250671E-002   6.364286    
   135.0000      8.212389796972275E-002   6.364286    
   150.0000      8.285907655954361E-002   6.364286    
   165.0000      8.368470519781113E-002   6.364286    
   180.0000      8.200842142105103E-002   6.364286    
   195.0000      7.948768883943558E-002   6.364286    
   210.0000      7.728815078735352E-002   6.364286    
   225.0000      7.277406007051468E-002   6.364286    
   240.0000      6.396226584911346E-002   6.364286    
   255.0000      5.471352487802505E-002   6.364286    
   270.0000      5.025713890790939E-002   6.364286    
   285.0000      4.870581999421120E-002   6.364286    
   300.0000      4.851207137107849E-002   6.364286    
   315.0000      4.850136116147041E-002   6.364286    
   330.0000      4.764379560947418E-002   6.364286    
   345.0000      4.655653238296509E-002   6.364286    
  0.0000000E+00  4.775463417172432E-002   6.364286    
 
  0.0000000E+00  4.797416552901268E-002   6.485714    
   15.00000      5.239026993513107E-002   6.485714    
   30.00000      5.780138820409775E-002   6.485714    
   45.00000      6.317556649446487E-002   6.485714    
   60.00000      6.954010576009750E-002   6.485714    
   75.00000      7.574591040611267E-002   6.485714    
   90.00000      7.947955280542374E-002   6.485714    
   105.0000      8.040438592433929E-002   6.485714    
   120.0000      7.967029511928558E-002   6.485714    
   135.0000      7.906617224216461E-002   6.485714    
   150.0000      7.975850254297256E-002   6.485714    
   165.0000      7.999508082866669E-002   6.485714    
   180.0000      7.786136120557785E-002   6.485714    
   195.0000      7.508517801761627E-002   6.485714    
   210.0000      7.229705154895782E-002   6.485714    
   225.0000      6.720825284719467E-002   6.485714    
   240.0000      5.892992019653320E-002   6.485714    
   255.0000      5.170756578445435E-002   6.485714    
   270.0000      4.854298755526543E-002   6.485714    
   285.0000      4.764343798160553E-002   6.485714    
   300.0000      4.776987060904503E-002   6.485714    
   315.0000      4.786630719900131E-002   6.485714    
   330.0000      4.717033728957176E-002   6.485714    
   345.0000      4.652059078216553E-002   6.485714    
  0.0000000E+00  4.797416552901268E-002   6.485714    
 
  0.0000000E+00  4.830648750066757E-002   6.607143    
   15.00000      5.223778262734413E-002   6.607143    
   30.00000      5.714340135455132E-002   6.607143    
   45.00000      6.224076077342033E-002   6.607143    
   60.00000      6.809633970260620E-002   6.607143    
   75.00000      7.336537539958954E-002   6.607143    
   90.00000      7.624628394842148E-002   6.607143    
   105.0000      7.685141265392303E-002   6.607143    
   120.0000      7.629117369651794E-002   6.607143    
   135.0000      7.598394155502319E-002   6.607143    
   150.0000      7.650851458311081E-002   6.607143    
   165.0000      7.610315829515457E-002   6.607143    
   180.0000      7.354103028774261E-002   6.607143    
   195.0000      7.051068544387817E-002   6.607143    
   210.0000      6.719706952571869E-002   6.607143    
   225.0000      6.180963292717934E-002   6.607143    
   240.0000      5.448703095316887E-002   6.607143    
   255.0000      4.926367104053497E-002   6.607143    
   270.0000      4.718140885233879E-002   6.607143    
   285.0000      4.686693847179413E-002   6.607143    
   300.0000      4.726294428110123E-002   6.607143    
   315.0000      4.744022712111473E-002   6.607143    
   330.0000      4.691808670759201E-002   6.607143    
   345.0000      4.667550325393677E-002   6.607143    
  0.0000000E+00  4.830648750066757E-002   6.607143    
 
  0.0000000E+00  4.868268594145775E-002   6.728571    
   15.00000      5.210359022021294E-002   6.728571    
   30.00000      5.647446960210800E-002   6.728571    
   45.00000      6.122844666242599E-002   6.728571    
   60.00000      6.647296994924545E-002   6.728571    
   75.00000      7.081332802772522E-002   6.728571    
   90.00000      7.298962771892548E-002   6.728571    
   105.0000      7.342021912336349E-002   6.728571    
   120.0000      7.307436317205429E-002   6.728571    
   135.0000      7.297662645578384E-002   6.728571    
   150.0000      7.321882992982864E-002   6.728571    
   165.0000      7.218018174171448E-002   6.728571    
   180.0000      6.926034390926361E-002   6.728571    
   195.0000      6.600327044725418E-002   6.728571    
   210.0000      6.230830028653145E-002   6.728571    
   225.0000      5.696804448962212E-002   6.728571    
   240.0000      5.096020922064781E-002   6.728571    
   255.0000      4.738000780344009E-002   6.728571    
   270.0000      4.620151966810226E-002   6.728571    
   285.0000      4.638371244072914E-002   6.728571    
   300.0000      4.698817059397697E-002   6.728571    
   315.0000      4.722592979669571E-002   6.728571    
   330.0000      4.688196256756783E-002   6.728571    
   345.0000      4.698233678936958E-002   6.728571    
  0.0000000E+00  4.868268594145775E-002   6.728571    
 
  0.0000000E+00  4.903132840991020E-002   6.850000    
   15.00000      5.193619802594185E-002   6.850000    
   30.00000      5.575975403189659E-002   6.850000    
   45.00000      6.010794639587402E-002   6.850000    
   60.00000      6.468413025140762E-002   6.850000    
   75.00000      6.818021088838577E-002   6.850000    
   90.00000      6.983409076929092E-002   6.850000    
   105.0000      7.021634280681610E-002   6.850000    
   120.0000      7.008709758520126E-002   6.850000    
   135.0000      7.009234279394150E-002   6.850000    
   150.0000      6.996786594390869E-002   6.850000    
   165.0000      6.835500150918961E-002   6.850000    
   180.0000      6.517217308282852E-002   6.850000    
   195.0000      6.175926700234413E-002   6.850000    
   210.0000      5.788114294409752E-002   6.850000    
   225.0000      5.292809382081032E-002   6.850000    
   240.0000      4.834344983100891E-002   6.850000    
   255.0000      4.601277410984039E-002   6.850000    
   270.0000      4.557425901293755E-002   6.850000    
   285.0000      4.615866392850876E-002   6.850000    
   300.0000      4.691196978092194E-002   6.850000    
   315.0000      4.719627648591995E-002   6.850000    
   330.0000      4.702165350317955E-002   6.850000    
   345.0000      4.737646877765656E-002   6.850000    
  0.0000000E+00  4.903132840991020E-002   6.850000    
 
  0.0000000E+00  4.929742217063904E-002   6.971429    
   15.00000      5.170204117894173E-002   6.971429    
   30.00000      5.497835949063301E-002   6.971429    
   45.00000      5.887039378285408E-002   6.971429    
   60.00000      6.277013570070267E-002   6.971429    
   75.00000      6.555935740470886E-002   6.971429    
   90.00000      6.686898320913315E-002   6.971429    
   105.0000      6.729162484407425E-002   6.971429    
   120.0000      6.734351068735123E-002   6.971429    
   135.0000      6.734886020421982E-002   6.971429    
   150.0000      6.682332605123520E-002   6.971429    
   165.0000      6.473775953054428E-002   6.971429    
   180.0000      6.139876320958138E-002   6.971429    
   195.0000      5.792377889156342E-002   6.971429    
   210.0000      5.407921224832535E-002   6.971429    
   225.0000      4.980036243796349E-002   6.971429    
   240.0000      4.644162580370903E-002   6.971429    
   255.0000      4.508535191416740E-002   6.971429    
   270.0000      4.524245858192444E-002   6.971429    
   285.0000      4.613890498876572E-002   6.971429    
   300.0000      4.698970541357994E-002   6.971429    
   315.0000      4.731059446930885E-002   6.971429    
   330.0000      4.728133603930473E-002   6.971429    
   345.0000      4.778992384672165E-002   6.971429    
  0.0000000E+00  4.929742217063904E-002   6.971429    
 
  0.0000000E+00  4.944791644811630E-002   7.092857    
   15.00000      5.138715356588364E-002   7.092857    
   30.00000      5.412960425019264E-002   7.092857    
   45.00000      5.753253027796745E-002   7.092857    
   60.00000      6.079235300421715E-002   7.092857    
   75.00000      6.302777677774429E-002   7.092857    
   90.00000      6.414364278316498E-002   7.092857    
   105.0000      6.465644389390945E-002   7.092857    
   120.0000      6.484105437994003E-002   7.092857    
   135.0000      6.476492434740067E-002   7.092857    
   150.0000      6.384860724210739E-002   7.092857    
   165.0000      6.141300871968269E-002   7.092857    
   180.0000      5.801970139145851E-002   7.092857    
   195.0000      5.459351092576981E-002   7.092857    
   210.0000      5.099440738558769E-002   7.092857    
   225.0000      4.745743423700333E-002   7.092857    
   240.0000      4.509908333420753E-002   7.092857    
   255.0000      4.451014101505280E-002   7.092857    
   270.0000      4.513932764530182E-002   7.092857    
   285.0000      4.626769945025444E-002   7.092857    
   300.0000      4.717528074979782E-002   7.092857    
   315.0000      4.752349480986595E-002   7.092857    
   330.0000      4.760236665606499E-002   7.092857    
   345.0000      4.816479980945587E-002   7.092857    
  0.0000000E+00  4.944791644811630E-002   7.092857    
 
  0.0000000E+00  4.947402328252792E-002   7.214286    
   15.00000      5.098859220743179E-002   7.214286    
   30.00000      5.323288962244987E-002   7.214286    
   45.00000      5.612812191247940E-002   7.214286    
   60.00000      5.881774425506592E-002   7.214286    
   75.00000      6.064820289611816E-002   7.214286    
   90.00000      6.168316304683685E-002   7.214286    
   105.0000      6.230389326810837E-002   7.214286    
   120.0000      6.256815046072006E-002   7.214286    
   135.0000      6.235875934362411E-002   7.214286    
   150.0000      6.109766662120819E-002   7.214286    
   165.0000      5.843359231948853E-002   7.214286    
   180.0000      5.508694797754288E-002   7.214286    
   195.0000      5.182565748691559E-002   7.214286    
   210.0000      4.857572168111801E-002   7.214286    
   225.0000      4.572815448045731E-002   7.214286    
   240.0000      4.418435320258141E-002   7.214286    
   255.0000      4.420187324285507E-002   7.214286    
   270.0000      4.519919678568840E-002   7.214286    
   285.0000      4.649202153086662E-002   7.214286    
   300.0000      4.742585122585297E-002   7.214286    
   315.0000      4.779050126671791E-002   7.214286    
   330.0000      4.793193563818932E-002   7.214286    
   345.0000      4.846046119928360E-002   7.214286    
  0.0000000E+00  4.947402328252792E-002   7.214286    
 
  0.0000000E+00  4.937842488288879E-002   7.335714    
   15.00000      5.051271617412567E-002   7.335714    
   30.00000      5.231823772192001E-002   7.335714    
   45.00000      5.470134317874908E-002   7.335714    
   60.00000      5.690757930278778E-002   7.335714    
   75.00000      5.846126005053520E-002   7.335714    
   90.00000      5.949117615818977E-002   7.335714    
   105.0000      6.021603941917419E-002   7.335714    
   120.0000      6.051282584667206E-002   7.335714    
   135.0000      6.014335900545120E-002   7.335714    
   150.0000      5.860580503940582E-002   7.335714    
   165.0000      5.583229288458824E-002   7.335714    
   180.0000      5.262570828199387E-002   7.335714    
   195.0000      4.958024248480797E-002   7.335714    
   210.0000      4.669592157006264E-002   7.335714    
   225.0000      4.447088018059731E-002   7.335714    
   240.0000      4.358998686075211E-002   7.335714    
   255.0000      4.408659040927887E-002   7.335714    
   270.0000      4.536583274602890E-002   7.335714    
   285.0000      4.676887765526772E-002   7.335714    
   300.0000      4.770692437887192E-002   7.335714    
   315.0000      4.807413369417191E-002   7.335714    
   330.0000      4.823097959160805E-002   7.335714    
   345.0000      4.865558072924614E-002   7.335714    
  0.0000000E+00  4.937842488288879E-002   7.335714    
 
  0.0000000E+00  4.917247220873833E-002   7.457143    
   15.00000      4.997036978602409E-002   7.457143    
   30.00000      5.139156803488731E-002   7.457143    
   45.00000      5.329902097582817E-002   7.457143    
   60.00000      5.510587617754936E-002   7.457143    
   75.00000      5.648527666926384E-002   7.457143    
   90.00000      5.755318701267242E-002   7.457143    
   105.0000      5.836618691682816E-002   7.457143    
   120.0000      5.865955725312233E-002   7.457143    
   135.0000      5.813228711485863E-002   7.457143    
   150.0000      5.639745295047760E-002   7.457143    
   165.0000      5.362247675657272E-002   7.457143    
   180.0000      5.059212073683739E-002   7.457143    
   195.0000      4.776466265320778E-002   7.457143    
   210.0000      4.524721205234528E-002   7.457143    
   225.0000      4.356984794139862E-002   7.457143    
   240.0000      4.322487860918045E-002   7.457143    
   255.0000      4.409813135862350E-002   7.457143    
   270.0000      4.558871686458588E-002   7.457143    
   285.0000      4.705978929996490E-002   7.457143    
   300.0000      4.798616841435432E-002   7.457143    
   315.0000      4.834081232547760E-002   7.457143    
   330.0000      4.846877604722977E-002   7.457143    
   345.0000      4.874032363295555E-002   7.457143    
  0.0000000E+00  4.917247220873833E-002   7.457143    
 
  0.0000000E+00  4.887117072939873E-002   7.578571    
   15.00000      4.937380924820900E-002   7.578571    
   30.00000      5.045866966247559E-002   7.578571    
   45.00000      5.196649208664894E-002   7.578571    
   60.00000      5.344536155462265E-002   7.578571    
   75.00000      5.472354963421822E-002   7.578571    
   90.00000      5.585053935647011E-002   7.578571    
   105.0000      5.673171207308769E-002   7.578571    
   120.0000      5.699928849935532E-002   7.578571    
   135.0000      5.633492767810822E-002   7.578571    
   150.0000      5.448610335588455E-002   7.578571    
   165.0000      5.176430568099022E-002   7.578571    
   180.0000      4.890557006001472E-002   7.578571    
   195.0000      4.629736393690109E-002   7.578571    
   210.0000      4.413309320807457E-002   7.578571    
   225.0000      4.292862862348557E-002   7.578571    
   240.0000      4.301535710692406E-002   7.578571    
   255.0000      4.418250173330307E-002   7.578571    
   270.0000      4.582735523581505E-002   7.578571    
   285.0000      4.733455553650856E-002   7.578571    
   300.0000      4.823774471879005E-002   7.578571    
   315.0000      4.856410622596741E-002   7.578571    
   330.0000      4.862619563937187E-002   7.578571    
   345.0000      4.871535673737526E-002   7.578571    
  0.0000000E+00  4.887117072939873E-002   7.578571    
 
  0.0000000E+00  4.848915711045265E-002   7.700000    
   15.00000      4.873402416706085E-002   7.700000    
   30.00000      4.952609166502953E-002   7.700000    
   45.00000      5.070882290601730E-002   7.700000    
   60.00000      5.194776132702827E-002   7.700000    
   75.00000      5.317146703600883E-002   7.700000    
   90.00000      5.436278507113457E-002   7.700000    
   105.0000      5.529378727078438E-002   7.700000    
   120.0000      5.552696064114571E-002   7.700000    
   135.0000      5.475340038537979E-002   7.700000    
   150.0000      5.283453688025475E-002   7.700000    
   165.0000      5.018989369273186E-002   7.700000    
   180.0000      4.749834910035133E-002   7.700000    
   195.0000      4.510618001222610E-002   7.700000    
   210.0000      4.327159374952316E-002   7.700000    
   225.0000      4.246957227587700E-002   7.700000    
   240.0000      4.290230944752693E-002   7.700000    
   255.0000      4.429618641734123E-002   7.700000    
   270.0000      4.604966193437576E-002   7.700000    
   285.0000      4.756940901279449E-002   7.700000    
   300.0000      4.844089597463608E-002   7.700000    
   315.0000      4.872426018118858E-002   7.700000    
   330.0000      4.869268089532852E-002   7.700000    
   345.0000      4.858682304620743E-002   7.700000    
  0.0000000E+00  4.848915711045265E-002   7.700000    
 
  0.0000000E+00  4.803768172860146E-002   7.821429    
   15.00000      4.805852845311165E-002   7.821429    
   30.00000      4.859788715839386E-002   7.821429    
   45.00000      4.952012002468109E-002   7.821429    
   60.00000      5.059604346752167E-002   7.821429    
   75.00000      5.180754140019417E-002   7.821429    
   90.00000      5.305849760770798E-002   7.821429    
   105.0000      5.401666834950447E-002   7.821429    
   120.0000      5.420499667525291E-002   7.821429    
   135.0000      5.334258452057838E-002   7.821429    
   150.0000      5.139225721359253E-002   7.821429    
   165.0000      4.884065687656403E-002   7.821429    
   180.0000      4.631020128726959E-002   7.821429    
   195.0000      4.412683844566345E-002   7.821429    
   210.0000      4.259288311004639E-002   7.821429    
   225.0000      4.212926700711250E-002   7.821429    
   240.0000      4.283740743994713E-002   7.821429    
   255.0000      4.440325871109962E-002   7.821429    
   270.0000      4.622914269566536E-002   7.821429    
   285.0000      4.774430394172668E-002   7.821429    
   300.0000      4.857783019542694E-002   7.821429    
   315.0000      4.880583658814430E-002   7.821429    
   330.0000      4.866236075758934E-002   7.821429    
   345.0000      4.836178570985794E-002   7.821429    
  0.0000000E+00  4.803768172860146E-002   7.821429    
 
  0.0000000E+00  4.752521961927414E-002   7.942857    
   15.00000      4.735234379768372E-002   7.942857    
   30.00000      4.767584800720215E-002   7.942857    
   45.00000      4.839292168617249E-002   7.942857    
   60.00000      4.936140403151512E-002   7.942857    
   75.00000      5.058353766798973E-002   7.942857    
   90.00000      5.188457295298576E-002   7.942857    
   105.0000      5.285349115729332E-002   7.942857    
   120.0000      5.299560725688934E-002   7.942857    
   135.0000      5.206706374883652E-002   7.942857    
   150.0000      5.011556297540665E-002   7.942857    
   165.0000      4.766588285565376E-002   7.942857    
   180.0000      4.528930410742760E-002   7.942857    
   195.0000      4.330432042479515E-002   7.942857    
   210.0000      4.203950986266136E-002   7.942857    
   225.0000      4.185742139816284E-002   7.942857    
   240.0000      4.278262704610825E-002   7.942857    
   255.0000      4.447573423385620E-002   7.942857    
   270.0000      4.634548723697662E-002   7.942857    
   285.0000      4.784379899501801E-002   7.942857    
   300.0000      4.863486438989639E-002   7.942857    
   315.0000      4.879822954535484E-002   7.942857    
   330.0000      4.853339865803719E-002   7.942857    
   345.0000      4.804753512144089E-002   7.942857    
  0.0000000E+00  4.752521961927414E-002   7.942857    
 
  0.0000000E+00  4.695760086178780E-002   8.064285    
   15.00000      4.661823064088821E-002   8.064285    
   30.00000      4.675945267081261E-002   8.064285    
   45.00000      4.731757938861847E-002   8.064285    
   60.00000      4.821837320923805E-002   8.064285    
   75.00000      4.946207627654076E-002   8.064285    
   90.00000      5.080179125070572E-002   8.064285    
   105.0000      5.176979303359985E-002   8.064285    
   120.0000      5.186918377876282E-002   8.064285    
   135.0000      5.089604854583740E-002   8.064285    
   150.0000      4.896626621484756E-002   8.064285    
   165.0000      4.662243649363518E-002   8.064285    
   180.0000      4.439173638820648E-002   8.064285    
   195.0000      4.259242862462997E-002   8.064285    
   210.0000      4.156500101089478E-002   8.064285    
   225.0000      4.161465913057327E-002   8.064285    
   240.0000      4.270859062671661E-002   8.064285    
   255.0000      4.449237138032913E-002   8.064285    
   270.0000      4.638362303376198E-002   8.064285    
   285.0000      4.785639420151711E-002   8.064285    
   300.0000      4.860192164778709E-002   8.064285    
   315.0000      4.869466647505760E-002   8.064285    
   330.0000      4.830640181899071E-002   8.064285    
   345.0000      4.765048623085022E-002   8.064285    
  0.0000000E+00  4.695760086178780E-002   8.064285    
 
  0.0000000E+00  4.633793607354164E-002   8.185715    
   15.00000      4.585665464401245E-002   8.185715    
   30.00000      4.584587365388870E-002   8.185715    
   45.00000      4.628278315067291E-002   8.185715    
   60.00000      4.714336618781090E-002   8.185715    
   75.00000      4.841184988617897E-002   8.185715    
   90.00000      4.977881908416748E-002   8.185715    
   105.0000      5.073808878660202E-002   8.185715    
   120.0000      5.080089345574379E-002   8.185715    
   135.0000      4.980225116014481E-002   8.185715    
   150.0000      4.791090264916420E-002   8.185715    
   165.0000      4.567344486713409E-002   8.185715    
   180.0000      4.358020424842834E-002   8.185715    
   195.0000      4.195245355367661E-002   8.185715    
   210.0000      4.113169014453888E-002   8.185715    
   225.0000      4.136990383267403E-002   8.185715    
   240.0000      4.259234666824341E-002   8.185715    
   255.0000      4.443685710430145E-002   8.185715    
   270.0000      4.633205011487007E-002   8.185715    
   285.0000      4.777315258979797E-002   8.185715    
   300.0000      4.847134649753571E-002   8.185715    
   315.0000      4.849072918295860E-002   8.185715    
   330.0000      4.798269271850586E-002   8.185715    
   345.0000      4.717536643147469E-002   8.185715    
  0.0000000E+00  4.633793607354164E-002   8.185715    
 
  0.0000000E+00  4.566680267453194E-002   8.307143    
   15.00000      4.506590962409973E-002   8.307143    
   30.00000      4.493012651801109E-002   8.307143    
   45.00000      4.527607187628746E-002   8.307143    
   60.00000      4.611467197537422E-002   8.307143    
   75.00000      4.740633070468903E-002   8.307143    
   90.00000      4.878993332386017E-002   8.307143    
   105.0000      4.973554611206055E-002   8.307143    
   120.0000      4.976902529597282E-002   8.307143    
   135.0000      4.876106604933739E-002   8.307143    
   150.0000      4.691996052861214E-002   8.307143    
   165.0000      4.478720948100090E-002   8.307143    
   180.0000      4.282280057668686E-002   8.307143    
   195.0000      4.135181382298470E-002   8.307143    
   210.0000      4.070884734392166E-002   8.307143    
   225.0000      4.109831526875496E-002   8.307143    
   240.0000      4.241565614938736E-002   8.307143    
   255.0000      4.429624602198601E-002   8.307143    
   270.0000      4.618157073855400E-002   8.307143    
   285.0000      4.758671298623085E-002   8.307143    
   300.0000      4.823686927556992E-002   8.307143    
   315.0000      4.818307235836983E-002   8.307143    
   330.0000      4.756322503089905E-002   8.307143    
   345.0000      4.662466421723366E-002   8.307143    
  0.0000000E+00  4.566680267453194E-002   8.307143    
 
  0.0000000E+00  4.494240507483482E-002   8.428572    
   15.00000      4.424225166440010E-002   8.428572    
   30.00000      4.400533437728882E-002   8.428572    
   45.00000      4.428418353199959E-002   8.428572    
   60.00000      4.511215165257454E-002   8.428572    
   75.00000      4.642250761389732E-002   8.428572    
   90.00000      4.781328886747360E-002   8.428572    
   105.0000      4.874233156442642E-002   8.428572    
   120.0000      4.875390231609344E-002   8.428572    
   135.0000      4.774993285536766E-002   8.428572    
   150.0000      4.596711322665215E-002   8.428572    
   165.0000      4.393607750535011E-002   8.428572    
   180.0000      4.209190607070923E-002   8.428572    
   195.0000      4.076275601983070E-002   8.428572    
   210.0000      4.027092084288597E-002   8.428572    
   225.0000      4.077944159507751E-002   8.428572    
   240.0000      4.216349497437477E-002   8.428572    
   255.0000      4.405974969267845E-002   8.428572    
   270.0000      4.592420905828476E-002   8.428572    
   285.0000      4.729035496711731E-002   8.428572    
   300.0000      4.789273813366890E-002   8.428572    
   315.0000      4.776845872402191E-002   8.428572    
   330.0000      4.704776033759117E-002   8.428572    
   345.0000      4.599858447909355E-002   8.428572    
  0.0000000E+00  4.494240507483482E-002   8.428572    
 
  0.0000000E+00  4.416072368621826E-002   8.550000    
   15.00000      4.337998479604721E-002   8.550000    
   30.00000      4.306289553642273E-002   8.550000    
   45.00000      4.329317063093185E-002   8.550000    
   60.00000      4.411687329411507E-002   8.550000    
   75.00000      4.543985798954964E-002   8.550000    
   90.00000      4.682949185371399E-002   8.550000    
   105.0000      4.774038121104240E-002   8.550000    
   120.0000      4.773698747158051E-002   8.550000    
   135.0000      4.674771428108215E-002   8.550000    
   150.0000      4.502846673130989E-002   8.550000    
   165.0000      4.309544712305069E-002   8.550000    
   180.0000      4.136317223310471E-002   8.550000    
   195.0000      4.016128182411194E-002   8.550000    
   210.0000      3.979632258415222E-002   8.550000    
   225.0000      4.039615020155907E-002   8.550000    
   240.0000      4.182271659374237E-002   8.550000    
   255.0000      4.371771588921547E-002   8.550000    
   270.0000      4.555235058069229E-002   8.550000    
   285.0000      4.687729477882385E-002   8.550000    
   300.0000      4.743300750851631E-002   8.550000    
   315.0000      4.724298417568207E-002   8.550000    
   330.0000      4.643439874053001E-002   8.550000    
   345.0000      4.529494419693947E-002   8.550000    
  0.0000000E+00  4.416072368621826E-002   8.550000    
 
  0.0000000E+00  4.331551492214203E-002   8.671429    
   15.00000      4.247144237160683E-002   8.671429    
   30.00000      4.209252446889877E-002   8.671429    
   45.00000      4.228840395808220E-002   8.671429    
   60.00000      4.311059787869453E-002   8.671429    
   75.00000      4.443924501538277E-002   8.671429    
   90.00000      4.582042619585991E-002   8.671429    
   105.0000      4.671230539679527E-002   8.671429    
   120.0000      4.670013859868050E-002   8.671429    
   135.0000      4.573405161499977E-002   8.671429    
   150.0000      4.408175870776176E-002   8.671429    
   165.0000      4.224287346005440E-002   8.671429    
   180.0000      4.061460122466087E-002   8.671429    
   195.0000      3.952604904770851E-002   8.671429    
   210.0000      3.926624730229378E-002   8.671429    
   225.0000      3.993344306945801E-002   8.671429    
   240.0000      4.138193279504776E-002   8.671429    
   255.0000      4.326072707772255E-002   8.671429    
   270.0000      4.505798220634460E-002   8.671429    
   285.0000      4.633999615907669E-002   8.671429    
   300.0000      4.685080051422119E-002   8.671429    
   315.0000      4.660139977931976E-002   8.671429    
   330.0000      4.571913555264473E-002   8.671429    
   345.0000      4.450907558202744E-002   8.671429    
  0.0000000E+00  4.331551492214203E-002   8.671429    
 
  0.0000000E+00  4.239821434020996E-002   8.792857    
   15.00000      4.150687903165817E-002   8.792857    
   30.00000      4.108215123414993E-002   8.792857    
   45.00000      4.125433042645454E-002   8.792857    
   60.00000      4.207513481378555E-002   8.792857    
   75.00000      4.340205714106560E-002   8.792857    
   90.00000      4.476818069815636E-002   8.792857    
   105.0000      4.564051702618599E-002   8.792857    
   120.0000      4.562488198280334E-002   8.792857    
   135.0000      4.468870535492897E-002   8.792857    
   150.0000      4.310552775859833E-002   8.792857    
   165.0000      4.135710746049881E-002   8.792857    
   180.0000      3.982555493712425E-002   8.792857    
   195.0000      3.883736208081245E-002   8.792857    
   210.0000      3.866315633058548E-002   8.792857    
   225.0000      3.937665000557899E-002   8.792857    
   240.0000      4.082909598946571E-002   8.792857    
   255.0000      4.267871007323265E-002   8.792857    
   270.0000      4.443196579813957E-002   8.792857    
   285.0000      4.566950723528862E-002   8.792857    
   300.0000      4.613768309354782E-002   8.792857    
   315.0000      4.583648219704628E-002   8.792857    
   330.0000      4.489547014236450E-002   8.792857    
   345.0000      4.363368079066277E-002   8.792857    
  0.0000000E+00  4.239821434020996E-002   8.792857    
 
  0.0000000E+00  4.139768704771996E-002   8.914286    
   15.00000      4.047419875860214E-002   8.914286    
   30.00000      4.001773893833160E-002   8.914286    
   45.00000      4.017409309744835E-002   8.914286    
   60.00000      4.099173843860626E-002   8.914286    
   75.00000      4.230925068259239E-002   8.914286    
   90.00000      4.365416616201401E-002   8.914286    
   105.0000      4.450636729598045E-002   8.914286    
   120.0000      4.449168592691422E-002   8.914286    
   135.0000      4.359081387519836E-002   8.914286    
   150.0000      4.207829385995865E-002   8.914286    
   165.0000      4.041715711355209E-002   8.914286    
   180.0000      3.897586092352867E-002   8.914286    
   195.0000      3.807622194290161E-002   8.914286    
   210.0000      3.796991705894470E-002   8.914286    
   225.0000      3.871116414666176E-002   8.914286    
   240.0000      4.015158116817474E-002   8.914286    
   255.0000      4.196043312549591E-002   8.914286    
   270.0000      4.366333037614822E-002   8.914286    
   285.0000      4.485481977462769E-002   8.914286    
   300.0000      4.528296366333961E-002   8.914286    
   315.0000      4.493843391537666E-002   8.914286    
   330.0000      4.395398125052452E-002   8.914286    
   345.0000      4.265861958265305E-002   8.914286    
  0.0000000E+00  4.139768704771996E-002   8.914286    
 
  0.0000000E+00  4.029978066682816E-002   9.035714    
   15.00000      3.935855254530907E-002   9.035714    
   30.00000      3.888279944658279E-002   9.035714    
   45.00000      3.902899846434593E-002   9.035714    
   60.00000      3.984025120735168E-002   9.035714    
   75.00000      4.114040732383728E-002   9.035714    
   90.00000      4.245806485414505E-002   9.035714    
   105.0000      4.328925162553787E-002   9.035714    
   120.0000      4.327908903360367E-002   9.035714    
   135.0000      4.241802170872688E-002   9.035714    
   150.0000      4.097757115960121E-002   9.035714    
   165.0000      3.940135985612869E-002   9.035714    
   180.0000      3.804484382271767E-002   9.035714    
   195.0000      3.722301125526428E-002   9.035714    
   210.0000      3.716887161135674E-002   9.035714    
   225.0000      3.792133554816246E-002   9.035714    
   240.0000      3.933514654636383E-002   9.035714    
   255.0000      4.109229519963264E-002   9.035714    
   270.0000      4.273848980665207E-002   9.035714    
   285.0000      4.388204216957092E-002   9.035714    
   300.0000      4.427293315529823E-002   9.035714    
   315.0000      4.389419034123421E-002   9.035714    
   330.0000      4.288178682327271E-002   9.035714    
   345.0000      4.157039895653725E-002   9.035714    
  0.0000000E+00  4.029978066682816E-002   9.035714    
 
  0.0000000E+00  3.908615559339523E-002   9.157143    
   15.00000      3.814110904932022E-002   9.157143    
   30.00000      3.765720874071121E-002   9.157143    
   45.00000      3.779717162251472E-002   9.157143    
   60.00000      3.859761357307434E-002   9.157143    
   75.00000      3.987204656004906E-002   9.157143    
   90.00000      4.115617275238037E-002   9.157143    
   105.0000      4.196490719914436E-002   9.157143    
   120.0000      4.196209087967873E-002   9.157143    
   135.0000      4.114481434226036E-002   9.157143    
   150.0000      3.977821022272110E-002   9.157143    
   165.0000      3.828569129109383E-002   9.157143    
   180.0000      3.700970858335495E-002   9.157143    
   195.0000      3.625620901584625E-002   9.157143    
   210.0000      3.624021634459496E-002   9.157143    
   225.0000      3.698893636465073E-002   9.157143    
   240.0000      3.836243972182274E-002   9.157143    
   255.0000      4.005695879459381E-002   9.157143    
   270.0000      4.163972660899162E-002   9.157143    
   285.0000      4.273289442062378E-002   9.157143    
   300.0000      4.308928176760674E-002   9.157143    
   315.0000      4.268588870763779E-002   9.157143    
   330.0000      4.166118428111076E-002   9.157143    
   345.0000      4.035098478198051E-002   9.157143    
  0.0000000E+00  3.908615559339523E-002   9.157143    
 
  0.0000000E+00  3.773568570613861E-002   9.278572    
   15.00000      3.680054098367691E-002   9.278572    
   30.00000      3.631864860653877E-002   9.278572    
   45.00000      3.645488247275352E-002   9.278572    
   60.00000      3.723906353116035E-002   9.278572    
   75.00000      3.847879543900490E-002   9.278572    
   90.00000      3.972251340746880E-002   9.278572    
   105.0000      4.050659388303757E-002   9.278572    
   120.0000      4.051324352622032E-002   9.278572    
   135.0000      3.974356502294540E-002   9.278572    
   150.0000      3.845329210162163E-002   9.278572    
   165.0000      3.704460337758064E-002   9.278572    
   180.0000      3.584628179669380E-002   9.278572    
   195.0000      3.515314310789108E-002   9.278572    
   210.0000      3.516280278563499E-002   9.278572    
   225.0000      3.589398041367531E-002   9.278572    
   240.0000      3.721371293067932E-002   9.278572    
   255.0000      3.883452713489532E-002   9.278572    
   270.0000      4.034629836678505E-002   9.278572    
   285.0000      4.138590395450592E-002   9.278572    
   300.0000      4.171039536595345E-002   9.278572    
   315.0000      4.129225388169289E-002   9.278572    
   330.0000      4.027111083269119E-002   9.278572    
   345.0000      3.897923976182938E-002   9.278572    
  0.0000000E+00  3.773568570613861E-002   9.278572    
 
  0.0000000E+00  3.622056543827057E-002   9.400000    
   15.00000      3.530914708971977E-002   9.400000    
   30.00000      3.483874723315239E-002   9.400000    
   45.00000      3.497259691357613E-002   9.400000    
   60.00000      3.573394194245338E-002   9.400000    
   75.00000      3.692904114723206E-002   9.400000    
   90.00000      3.812441229820251E-002   9.400000    
   105.0000      3.888058289885521E-002   9.400000    
   120.0000      3.889820352196693E-002   9.400000    
   135.0000      3.818008303642273E-002   9.400000    
   150.0000      3.696978092193604E-002   9.400000    
   165.0000      3.564677387475967E-002   9.400000    
   180.0000      3.452501446008682E-002   9.400000    
   195.0000      3.388591855764389E-002   9.400000    
   210.0000      3.391025960445404E-002   9.400000    
   225.0000      3.461070731282234E-002   9.400000    
   240.0000      3.586333617568016E-002   9.400000    
   255.0000      3.739846497774124E-002   9.400000    
   270.0000      3.883039578795433E-002   9.400000    
   285.0000      3.981218859553337E-002   9.400000    
   300.0000      4.010707885026932E-002   9.400000    
   315.0000      3.968437388539314E-002   9.400000    
   330.0000      3.868303447961807E-002   9.400000    
   345.0000      3.742692247033119E-002   9.400000    
  0.0000000E+00  3.622056543827057E-002   9.400000    
 
  0.0000000E+00  3.450503945350647E-002   9.521429    
   15.00000      3.363162279129028E-002   9.521429    
   30.00000      3.318180516362190E-002   9.521429    
   45.00000      3.331358730792999E-002   9.521429    
   60.00000      3.404425457119942E-002   9.521429    
   75.00000      3.518327698111534E-002   9.521429    
   90.00000      3.632072359323502E-002   9.521429    
   105.0000      3.704430535435677E-002   9.521429    
   120.0000      3.707376495003700E-002   9.521429    
   135.0000      3.641172498464584E-002   9.521429    
   150.0000      3.528677672147751E-002   9.521429    
   165.0000      3.405364602804184E-002   9.521429    
   180.0000      3.300953283905983E-002   9.521429    
   195.0000      3.241997212171555E-002   9.521429    
   210.0000      3.244939818978310E-002   9.521429    
   225.0000      3.310664743185043E-002   9.521429    
   240.0000      3.427810594439507E-002   9.521429    
   255.0000      3.571408987045288E-002   9.521429    
   270.0000      3.705547004938126E-002   9.521429    
   285.0000      3.797369822859764E-002   9.521429    
   300.0000      3.824070841073990E-002   9.521429    
   315.0000      3.782390803098679E-002   9.521429    
   330.0000      3.685931488871574E-002   9.521429    
   345.0000      3.565739840269089E-002   9.521429    
  0.0000000E+00  3.450503945350647E-002   9.521429    
 
  0.0000000E+00  3.254220634698868E-002   9.642858    
   15.00000      3.172206506133080E-002   9.642858    
   30.00000      3.130193054676056E-002   9.642858    
   45.00000      3.143105283379555E-002   9.642858    
   60.00000      3.212156891822815E-002   9.642858    
   75.00000      3.319087624549866E-002   9.642858    
   90.00000      3.425843641161919E-002   9.642858    
   105.0000      3.494281321763992E-002   9.642858    
   120.0000      3.498427942395210E-002   9.642858    
   135.0000      3.438376635313034E-002   9.642858    
   150.0000      3.335188701748848E-002   9.642858    
   165.0000      3.221585974097252E-002   9.642858    
   180.0000      3.125338256359100E-002   9.642858    
   195.0000      3.071123734116554E-002   9.642858    
   210.0000      3.073762170970440E-002   9.642858    
   225.0000      3.133927285671234E-002   9.642858    
   240.0000      3.241429850459099E-002   9.642858    
   255.0000      3.373542428016663E-002   9.642858    
   270.0000      3.497299179434776E-002   9.642858    
   285.0000      3.581994399428368E-002   9.642858    
   300.0000      3.605999052524567E-002   9.642858    
   315.0000      3.565991297364235E-002   9.642858    
   330.0000      3.475010767579079E-002   9.642858    
   345.0000      3.362217172980309E-002   9.642858    
  0.0000000E+00  3.254220634698868E-002   9.642858    
 
  0.0000000E+00  3.027035109698772E-002   9.764286    
   15.00000      2.952028810977936E-002   9.764286    
   30.00000      2.913918904960155E-002   9.764286    
   45.00000      2.926397696137428E-002   9.764286    
   60.00000      2.990259230136871E-002   9.764286    
   75.00000      3.088533133268356E-002   9.764286    
   90.00000      3.186752647161484E-002   9.764286    
   105.0000      3.250340372323990E-002   9.764286    
   120.0000      3.255622833967209E-002   9.764286    
   135.0000      3.202399611473083E-002   9.764286    
   150.0000      3.109611570835114E-002   9.764286    
   165.0000      3.006840683519840E-002   9.764286    
   180.0000      2.919536270201206E-002   9.764286    
   195.0000      2.870151586830616E-002   9.764286    
   210.0000      2.871837280690670E-002   9.764286    
   225.0000      2.925193682312965E-002   9.764286    
   240.0000      3.021343797445297E-002   9.764286    
   255.0000      3.140083327889442E-002   9.764286    
   270.0000      3.251784294843674E-002   9.764286    
   285.0000      3.328312560915947E-002   9.764286    
   300.0000      3.349615260958672E-002   9.764286    
   315.0000      3.312423452734947E-002   9.764286    
   330.0000      3.228899836540222E-002   9.764286    
   345.0000      3.125721961259842E-002   9.764286    
  0.0000000E+00  3.027035109698772E-002   9.764286    
 
  0.0000000E+00  2.760615944862366E-002   9.885715    
   15.00000      2.694538049399853E-002   9.885715    
   30.00000      2.661336585879326E-002   9.885715    
   45.00000      2.673085592687130E-002   9.885715    
   60.00000      2.730259858071804E-002   9.885715    
   75.00000      2.817716449499130E-002   9.885715    
   90.00000      2.905335649847984E-002   9.885715    
   105.0000      2.962747216224670E-002   9.885715    
   120.0000      2.968964166939259E-002   9.885715    
   135.0000      2.923435159027576E-002   9.885715    
   150.0000      2.842579595744610E-002   9.885715    
   165.0000      2.752310782670975E-002   9.885715    
   180.0000      2.675253152847290E-002   9.885715    
   195.0000      2.631187438964844E-002   9.885715    
   210.0000      2.631479687988758E-002   9.885715    
   225.0000      2.676745690405369E-002   9.885715    
   240.0000      2.759565971791744E-002   9.885715    
   255.0000      2.862610481679440E-002   9.885715    
   270.0000      2.960110083222389E-002   9.885715    
   285.0000      3.027076274156570E-002   9.885715    
   300.0000      3.045525960624218E-002   9.885715    
   315.0000      3.012380748987198E-002   9.885715    
   330.0000      2.938559651374817E-002   9.885715    
   345.0000      2.847572602331638E-002   9.885715    
  0.0000000E+00  2.760615944862366E-002   9.885715    
 
  0.0000000E+00  2.443447522819042E-002   10.00714    
   15.00000      2.388580143451691E-002   10.00714    
   30.00000      2.361407317221165E-002   10.00714    
   45.00000      2.371948026120663E-002   10.00714    
   60.00000      2.420450560748577E-002   10.00714    
   75.00000      2.494215965270996E-002   10.00714    
   90.00000      2.568400464951992E-002   10.00714    
   105.0000      2.617711760103703E-002   10.00714    
   120.0000      2.624446898698807E-002   10.00714    
   135.0000      2.587713859975338E-002   10.00714    
   150.0000      2.520931512117386E-002   10.00714    
   165.0000      2.445616014301777E-002   10.00714    
   180.0000      2.380859479308128E-002   10.00714    
   195.0000      2.343178912997246E-002   10.00714    
   210.0000      2.341933362185955E-002   10.00714    
   225.0000      2.377792634069920E-002   10.00714    
   240.0000      2.444949373602867E-002   10.00714    
   255.0000      2.529379725456238E-002   10.00714    
   270.0000      2.609869278967381E-002   10.00714    
   285.0000      2.665372565388680E-002   10.00714    
   300.0000      2.680624835193157E-002   10.00714    
   315.0000      2.652897499501705E-002   10.00714    
   330.0000      2.591424807906151E-002   10.00714    
   345.0000      2.515736781060696E-002   10.00714    
  0.0000000E+00  2.443447522819042E-002   10.00714    
 
  0.0000000E+00  2.059160172939301E-002   10.12857    
   15.00000      2.018335089087486E-002   10.12857    
   30.00000      1.998486556112766E-002   10.12857    
   45.00000      2.007058076560497E-002   10.12857    
   60.00000      2.044155821204185E-002   10.12857    
   75.00000      2.100256457924843E-002   10.12857    
   90.00000      2.156973630189896E-002   10.12857    
   105.0000      2.195321768522263E-002   10.12857    
   120.0000      2.201783470809460E-002   10.12857    
   135.0000      2.175259403884411E-002   10.12857    
   150.0000      2.125568315386772E-002   10.12857    
   165.0000      2.068807370960712E-002   10.12857    
   180.0000      2.019527927041054E-002   10.12857    
   195.0000      1.990165375173092E-002   10.12857    
   210.0000      1.987704262137413E-002   10.12857    
   225.0000      2.012824453413486E-002   10.12857    
   240.0000      2.061493881046772E-002   10.12857    
   255.0000      2.123545110225677E-002   10.12857    
   270.0000      2.183269523084164E-002   10.12857    
   285.0000      2.224682271480560E-002   10.12857    
   300.0000      2.236117236316204E-002   10.12857    
   315.0000      2.215402573347092E-002   10.12857    
   330.0000      2.169539779424667E-002   10.12857    
   345.0000      2.113067544996738E-002   10.12857    
  0.0000000E+00  2.059160172939301E-002   10.12857    
 
  0.0000000E+00  1.583634875714779E-002   10.25000    
   15.00000      1.560523267835379E-002   10.25000    
   30.00000      1.549549307674170E-002   10.25000    
   45.00000      1.554918009787798E-002   10.25000    
   60.00000      1.576662249863148E-002   10.25000    
   75.00000      1.609355583786964E-002   10.25000    
   90.00000      1.642637513577938E-002   10.25000    
   105.0000      1.665597036480904E-002   10.25000    
   120.0000      1.670297421514988E-002   10.25000    
   135.0000      1.655786670744419E-002   10.25000    
   150.0000      1.627514883875847E-002   10.25000    
   165.0000      1.594694517552853E-002   10.25000    
   180.0000      1.565841399133205E-002   10.25000    
   195.0000      1.548130437731743E-002   10.25000    
   210.0000      1.545572001487017E-002   10.25000    
   225.0000      1.558696851134300E-002   10.25000    
   240.0000      1.585408486425877E-002   10.25000    
   255.0000      1.620106771588326E-002   10.25000    
   270.0000      1.653911173343658E-002   10.25000    
   285.0000      1.677522808313370E-002   10.25000    
   300.0000      1.684118248522282E-002   10.25000    
   315.0000      1.672376692295074E-002   10.25000    
   330.0000      1.646343432366848E-002   10.25000    
   345.0000      1.614252850413322E-002   10.25000    
  0.0000000E+00  1.583634875714779E-002   10.25000    
 
