  0.0000000E+00  8.383519947528839E-002
   15.00000      8.363941311836243E-002
   30.00000      8.351732790470123E-002
   45.00000      8.361143618822098E-002
   60.00000      8.340953290462494E-002
   75.00000      8.307414501905441E-002
   90.00000      8.357968926429749E-002
   105.0000      8.499734848737717E-002
   120.0000      8.709180355072021E-002
   135.0000      8.904539048671722E-002
   150.0000      8.964291214942932E-002
   165.0000      8.814749121665955E-002
   180.0000      8.488979190587997E-002
   195.0000      7.925439625978470E-002
   210.0000      7.226295769214630E-002
   225.0000      6.648018956184387E-002
   240.0000      6.329526007175446E-002
   255.0000      6.278396397829056E-002
   270.0000      6.414857506752014E-002
   285.0000      6.770170480012894E-002
   300.0000      7.167337089776993E-002
   315.0000      7.519514858722687E-002
   330.0000      7.919861376285553E-002
   345.0000      8.266710489988327E-002
   360.0000      8.383519947528839E-002
   360.0000      8.262097090482712E-002
   375.0000      8.240860700607300E-002
   390.0000      8.228120207786560E-002
   405.0000      8.233966678380966E-002
   420.0000      8.211954683065414E-002
   435.0000      8.182636648416519E-002
   450.0000      8.240443468093872E-002
   465.0000      8.387605845928192E-002
   480.0000      8.596783876419067E-002
   495.0000      8.783417195081711E-002
   510.0000      8.828695863485336E-002
   525.0000      8.665123581886292E-002
   540.0000      8.324766904115677E-002
   555.0000      7.755922526121140E-002
   570.0000      7.069054991006851E-002
   585.0000      6.526155769824982E-002
   600.0000      6.265518069267273E-002
   615.0000      6.235481053590775E-002
   630.0000      6.386409699916840E-002
   645.0000      6.718959659337997E-002
   660.0000      7.085631042718887E-002
   675.0000      7.431004196405411E-002
   690.0000      7.824582606554031E-002
   705.0000      8.158309012651443E-002
   720.0000      8.262097090482712E-002
   720.0000      8.015999197959900E-002
   735.0000      7.990451157093048E-002
   750.0000      7.975150644779205E-002
   765.0000      7.974080741405487E-002
   780.0000      7.948945462703705E-002
   795.0000      7.928377389907837E-002
   810.0000      7.999399304389954E-002
   825.0000      8.155509829521179E-002
   840.0000      8.362746983766556E-002
   855.0000      8.532617241144180E-002
   870.0000      8.552357554435730E-002
   885.0000      8.365888893604279E-002
   900.0000      8.005975931882858E-002
   915.0000      7.434140890836716E-002
   930.0000      6.782270222902298E-002
   945.0000      6.314636766910553E-002
   960.0000      6.128183379769325E-002
   975.0000      6.130907684564590E-002
   990.0000      6.301342695951462E-002
   1005.000      6.613555550575256E-002
   1020.000      6.930588185787201E-002
   1035.000      7.254484295845032E-002
   1050.000      7.630637288093567E-002
   1065.000      7.934214919805527E-002
   1080.000      8.015999197959900E-002
   1080.000      7.711638510227203E-002
   1095.000      7.678688317537308E-002
   1110.000      7.659313827753067E-002
   1125.000      7.649160176515579E-002
   1140.000      7.623108476400375E-002
   1155.000      7.617686688899994E-002
   1170.000      7.707788050174713E-002
   1185.000      7.875215262174606E-002
   1200.000      8.077633380889893E-002
   1215.000      8.223358541727066E-002
   1230.000      8.209679275751114E-002
   1245.000      7.996074110269547E-002
   1260.000      7.616218924522400E-002
   1275.000      7.053943723440170E-002
   1290.000      6.464651226997375E-002
   1305.000      6.103791296482086E-002
   1320.000      5.982128530740738E-002
   1335.000      6.022321805357933E-002
   1350.000      6.212480366230011E-002
   1365.000      6.506506353616714E-002
   1380.000      6.780937314033508E-002
   1395.000      7.061995565891266E-002
   1410.000      7.404054701328278E-002
   1425.000      7.660891115665436E-002
   1440.000      7.711638510227203E-002
   1440.000      7.387541979551315E-002
   1455.000      7.344474643468857E-002
   1470.000      7.318298518657684E-002
   1485.000      7.300136238336563E-002
   1500.000      7.277378439903259E-002
   1515.000      7.293058931827545E-002
   1530.000      7.405900955200195E-002
   1545.000      7.584626972675323E-002
   1560.000      7.778289914131165E-002
   1575.000      7.894369959831238E-002
   1590.000      7.843857258558273E-002
   1605.000      7.602676749229431E-002
   1620.000      7.209829986095428E-002
   1635.000      6.674335896968842E-002
   1650.000      6.174841523170471E-002
   1665.000      5.918331071734428E-002
   1680.000      5.854305997490883E-002
   1695.000      5.931576341390610E-002
   1710.000      6.138287112116814E-002
   1725.000      6.414237618446350E-002
   1740.000      6.652700901031494E-002
   1755.000      6.887068599462509E-002
   1770.000      7.174782454967499E-002
   1785.000      7.373086363077164E-002
   1800.000      7.387541979551315E-002
   1800.000      7.066576927900314E-002
   1815.000      7.011161744594574E-002
   1830.000      6.976141035556793E-002
   1845.000      6.951543688774109E-002
   1860.000      6.937180459499359E-002
   1875.000      6.978219747543335E-002
   1890.000      7.114655524492264E-002
   1905.000      7.302431017160416E-002
   1920.000      7.483544945716858E-002
   1935.000      7.566548138856888E-002
   1950.000      7.480134814977646E-002
   1965.000      7.216788828372955E-002
   1980.000      6.822520494461060E-002
   1995.000      6.333723664283752E-002
   2010.000      5.941962450742722E-002
   2025.000      5.768194794654846E-002
   2040.000      5.753897130489349E-002
   2055.000      5.864455923438072E-002
   2070.000      6.082530319690704E-002
   2085.000      6.339287012815475E-002
   2100.000      6.546170264482498E-002
   2115.000      6.738984584808350E-002
   2130.000      6.956350803375244E-002
   2145.000      7.088553160429001E-002
   2160.000      7.066576927900314E-002
   2160.000      6.761853396892548E-002
   2175.000      6.693430244922638E-002
   2190.000      6.648274511098862E-002
   2205.000      6.619971245527267E-002
   2220.000      6.618544459342957E-002
   2235.000      6.686826795339584E-002
   2250.000      6.845168769359589E-002
   2265.000      7.038351148366928E-002
   2280.000      7.203391194343567E-002
   2295.000      7.253314554691315E-002
   2310.000      7.135850936174393E-002
   2325.000      6.859337538480759E-002
   2340.000      6.477285176515579E-002
   2355.000      6.054079905152321E-002
   2370.000      5.761678516864777E-002
   2385.000      5.654124915599823E-002
   2400.000      5.681415274739265E-002
   2415.000      5.819493904709816E-002
   2430.000      6.042933836579323E-002
   2445.000      6.279147416353226E-002
   2460.000      6.457274407148361E-002
   2475.000      6.611539423465729E-002
   2490.000      6.756812334060669E-002
   2505.000      6.819064170122147E-002
   2520.000      6.761853396892548E-002
   2520.000      6.482556462287903E-002
   2535.000      6.399559229612350E-002
   2550.000      6.344665586948395E-002
   2565.000      6.315741688013077E-002
   2580.000      6.330301612615585E-002
   2595.000      6.425328552722931E-002
   2610.000      6.602103263139725E-002
   2625.000      6.796696782112122E-002
   2640.000      6.943652778863907E-002
   2655.000      6.963308155536652E-002
   2670.000      6.822530180215836E-002
   2685.000      6.542922556400299E-002
   2700.000      6.188279390335083E-002
   2715.000      5.841511860489845E-002
   2730.000      5.627517774701118E-002
   2745.000      5.572195723652840E-002
   2760.000      5.633166059851646E-002
   2775.000      5.792110413312912E-002
   2790.000      6.015115976333618E-002
   2805.000      6.229871883988380E-002
   2820.000      6.381165236234665E-002
   2835.000      6.498388946056366E-002
   2850.000      6.579355150461197E-002
   2865.000      6.573050469160080E-002
   2880.000      6.482556462287903E-002
   2880.000      6.234821677207947E-002
   2895.000      6.135394796729088E-002
   2910.000      6.070848926901817E-002
   2925.000      6.043971702456474E-002
   2940.000      6.076340749859810E-002
   2955.000      6.195695325732231E-002
   2970.000      6.386514753103256E-002
   2985.000      6.579013913869858E-002
   3000.000      6.707770377397537E-002
   3015.000      6.702219694852829E-002
   3030.000      6.546641886234283E-002
   3045.000      6.275229156017303E-002
   3060.000      5.961375683546066E-002
   3075.000      5.683371424674988E-002
   3090.000      5.531334877014160E-002
   3105.000      5.516363680362701E-002
   3120.000      5.603642016649246E-002
   3135.000      5.776773020625114E-002
   3150.000      5.994476377964020E-002
   3165.000      6.187626719474792E-002
   3180.000      6.313569098711014E-002
   3195.000      6.394980102777481E-002
   3210.000      6.419854611158371E-002
   3225.000      6.357309967279434E-002
   3240.000      6.234821677207947E-002
   3240.000      6.022799387574196E-002
   3255.000      5.904509872198105E-002
   3270.000      5.830245837569237E-002
   3285.000      5.807007849216461E-002
   3300.000      5.856640636920929E-002
   3315.000      5.996600911021233E-002
   3330.000      6.197140365839005E-002
   3345.000      6.385453790426254E-002
   3360.000      6.497078388929367E-002
   3375.000      6.472741812467575E-002
   3390.000      6.311874836683273E-002
   3405.000      6.059211865067482E-002
   3420.000      5.790324509143829E-002
   3435.000      5.568360164761543E-002
   3450.000      5.464739352464676E-002
   3465.000      5.480449274182320E-002
   3480.000      5.587346851825714E-002
   3495.000      5.768601223826408E-002
   3510.000      5.977179110050201E-002
   3525.000      6.149204447865486E-002
   3540.000      6.251188367605209E-002
   3555.000      6.298442184925079E-002
   3570.000      6.275229156017303E-002
   3585.000      6.169740483164787E-002
   3600.000      6.022799387574196E-002
   3600.000      5.841094627976418E-002
   3615.000      5.709059163928032E-002
   3630.000      5.624332651495934E-002
   3645.000      5.604845285415649E-002
   3660.000      5.669674649834633E-002
   3675.000      5.825853720307350E-002
   3690.000      6.032110005617142E-002
   3705.000      6.214925646781921E-002
   3720.000      6.312341988086700E-002
   3735.000      6.276254355907440E-002
   3750.000      6.119120493531227E-002
   3765.000      5.893006920814514E-002
   3780.000      5.662836879491806E-002
   3795.000      5.486544594168663E-002
   3810.000      5.419936031103134E-002
   3825.000      5.458119511604309E-002
   3840.000      5.578795447945595E-002
   3855.000      5.763091892004013E-002
   3870.000      5.960338935256004E-002
   3885.000      6.112212315201759E-002
   3900.000      6.191676110029221E-002
   3915.000      6.207123771309853E-002
   3930.000      6.143560633063316E-002
   3945.000      6.005584821105003E-002
   3960.000      5.841094627976418E-002
   3960.000      5.683888867497444E-002
   3975.000      5.542004108428955E-002
   3990.000      5.452007800340652E-002
   4005.000      5.436328798532486E-002
   4020.000      5.512883514165878E-002
   4035.000      5.680713430047035E-002
   4050.000      5.889407917857170E-002
   4065.000      6.066474691033363E-002
   4080.000      6.153405457735062E-002
   4095.000      6.112553179264069E-002
   4110.000      5.967114865779877E-002
   4125.000      5.765818804502487E-002
   4140.000      5.568725988268852E-002
   4155.000      5.428818985819817E-002
   4170.000      5.389853566884995E-002
   4185.000      5.443881079554558E-002
   4200.000      5.573403090238571E-002
   4215.000      5.756792798638344E-002
   4230.000      5.941674485802650E-002
   4245.000      6.075065955519676E-002
   4260.000      6.133501231670380E-002
   4275.000      6.120044738054276E-002
   4290.000      6.023377925157547E-002
   4305.000      5.861082300543785E-002
   4320.000      5.683888867497444E-002
   4320.000      5.546475201845169E-002
   4335.000      5.398000031709671E-002
   4350.000      5.306160449981689E-002
   4365.000      5.296401679515839E-002
   4380.000      5.383590236306190E-002
   4395.000      5.558679252862930E-002
   4410.000      5.767095088958740E-002
   4425.000      5.938901752233505E-002
   4440.000      6.019506976008415E-002
   4455.000      5.980375781655312E-002
   4470.000      5.847504362463951E-002
   4485.000      5.668240413069725E-002
   4500.000      5.498945340514183E-002
   4515.000      5.387517437338829E-002
   4530.000      5.368597432971001E-002
   4545.000      5.433185398578644E-002
   4560.000      5.567532405257225E-002
   4575.000      5.747180804610252E-002
   4590.000      5.919594690203667E-002
   4605.000      6.036378815770149E-002
   4620.000      6.075701490044594E-002
   4635.000      6.036655232310295E-002
   4650.000      5.913210287690163E-002
   4665.000      5.732874572277069E-002
   4680.000      5.546475201845169E-002
   4680.000      5.425039678812027E-002
   4695.000      5.272264033555984E-002
   4710.000      5.180915072560310E-002
   4725.000      5.177827924489975E-002
   4740.000      5.274321511387825E-002
   4755.000      5.455041676759720E-002
   4770.000      5.662975832819939E-002
   4785.000      5.831003189086914E-002
   4800.000      5.908031761646271E-002
   4815.000      5.872591584920883E-002
   4830.000      5.752108991146088E-002
   4845.000      5.592203885316849E-002
   4860.000      5.445870384573936E-002
   4875.000      5.356281250715256E-002
   4890.000      5.351345613598824E-002
   4905.000      5.422351509332657E-002
   4920.000      5.558365210890770E-002
   4935.000      5.732417106628418E-002
   4950.000      5.892905965447426E-002
   4965.000      5.995028465986252E-002
   4980.000      6.017285212874413E-002
   4995.000      5.956221744418144E-002
   5010.000      5.811654031276703E-002
   5025.000      5.618074163794518E-002
   5040.000      5.425039678812027E-002
   5040.000      5.316003039479256E-002
   5055.000      5.160725489258766E-002
   5070.000      5.071366205811501E-002
   5085.000      5.074943229556084E-002
   5100.000      5.179217457771301E-002
   5115.000      5.364069715142250E-002
   5130.000      5.571450293064117E-002
   5145.000      5.737099051475525E-002
   5160.000      5.812879651784897E-002
   5175.000      5.782647058367729E-002
   5190.000      5.674016475677490E-002
   5205.000      5.530891939997673E-002
   5220.000      5.403210595250130E-002
   5235.000      5.329978838562965E-002
   5250.000      5.334277078509331E-002
   5265.000      5.408518388867378E-002
   5280.000      5.543810129165649E-002
   5295.000      5.711200088262558E-002
   5310.000      5.860701575875282E-002
   5325.000      5.950069427490234E-002
   5340.000      5.957378447055817E-002
   5355.000      5.877817794680595E-002
   5370.000      5.716900900006294E-002
   5385.000      5.513717606663704E-002
   5400.000      5.316003039479256E-002
   5400.000      5.216331034898758E-002
   5415.000      5.059943348169327E-002
   5430.000      4.973459243774414E-002
   5445.000      4.983241111040115E-002
   5460.000      5.093781650066376E-002
   5475.000      5.281553789973259E-002
   5490.000      5.488466843962669E-002
   5505.000      5.652957037091255E-002
   5520.000      5.729268118739128E-002
   5535.000      5.705121904611588E-002
   5550.000      5.607520416378975E-002
   5565.000      5.478750169277191E-002
   5580.000      5.365965887904167E-002
   5595.000      5.304639413952827E-002
   5610.000      5.314519256353378E-002
   5625.000      5.389603227376938E-002
   5640.000      5.522445961833000E-002
   5655.000      5.682707205414772E-002
   5670.000      5.822350084781647E-002
   5685.000      5.900765210390091E-002
   5700.000      5.895233526825905E-002
   5715.000      5.800490826368332E-002
   5730.000      5.627186596393585E-002
   5745.000      5.417192354798317E-002
   5760.000      5.216331034898758E-002
   5760.000      5.123389512300491E-002
   5775.000      4.966970533132553E-002
   5790.000      4.883818700909615E-002
   5805.000      4.899106174707413E-002
   5820.000      5.014506727457047E-002
   5835.000      5.204227194190025E-002
   5850.000      5.410797148942947E-002
   5865.000      5.575084313750267E-002
   5880.000      5.653177574276924E-002
   5895.000      5.635486915707588E-002
   5910.000      5.547918379306793E-002
   5925.000      5.431269481778145E-002
   5940.000      5.330175906419754E-002
   5955.000      5.277203395962715E-002
   5970.000      5.289907008409500E-002
   5985.000      5.364083498716354E-002
   6000.000      5.493295192718506E-002
   6015.000      5.646383389830589E-002
   6030.000      5.777351185679436E-002
   6045.000      5.846469849348068E-002
   6060.000      5.830123648047447E-002
   6075.000      5.723221600055695E-002
   6090.000      5.540788918733597E-002
   6105.000      5.326152220368385E-002
   6120.000      5.123389512300491E-002
   6120.000      5.034866556525230E-002
   6135.000      4.879258573055267E-002
   6150.000      4.799608513712883E-002
   6165.000      4.819606617093086E-002
   6180.000      4.938613995909691E-002
   6195.000      5.129478499293327E-002
   6210.000      5.335791036486626E-002
   6225.000      5.500540137290955E-002
   6240.000      5.581194534897804E-002
   6255.000      5.569939687848091E-002
   6270.000      5.491322278976440E-002
   6285.000      5.384783074259758E-002
   6300.000      5.292694270610809E-002
   6315.000      5.245292559266090E-002
   6330.000      5.258793011307716E-002
   6345.000      5.330824851989746E-002
   6360.000      5.455649644136429E-002
   6375.000      5.601797252893448E-002
   6390.000      5.725235119462013E-002
   6405.000      5.786553397774696E-002
   6420.000      5.761293321847916E-002
   6435.000      5.644923448562622E-002
   6450.000      5.456032976508141E-002
   6465.000      5.238484218716621E-002
   6480.000      5.034866556525230E-002
   6480.000      4.948704689741135E-002
   6495.000      4.794573411345482E-002
   6510.000      4.718419536948204E-002
   6525.000      4.742322489619255E-002
   6540.000      4.863835126161575E-002
   6555.000      5.055155232548714E-002
   6570.000      5.261204391717911E-002
   6585.000      5.426788702607155E-002
   6600.000      5.510384961962700E-002
   6615.000      5.505260825157166E-002
   6630.000      5.434492975473404E-002
   6645.000      5.336289107799530E-002
   6660.000      5.250997096300125E-002
   6675.000      5.207029730081558E-002
   6690.000      5.219876021146774E-002
   6705.000      5.288928374648094E-002
   6720.000      5.408937484025955E-002
   6735.000      5.548537150025368E-002
   6750.000      5.665499344468117E-002
   6765.000      5.720347166061401E-002
   6780.000      5.687921121716499E-002
   6795.000      5.564447492361069E-002
   6810.000      5.371304973959923E-002
   6825.000      5.152265727519989E-002
   6840.000      4.948704689741135E-002
   6840.000      4.863040521740913E-002
   6855.000      4.710929095745087E-002
   6870.000      4.638163372874260E-002
   6885.000      4.665206372737885E-002
   6900.000      4.788260534405708E-002
   6915.000      4.979414120316505E-002
   6930.000      5.185069143772125E-002
   6945.000      5.351592227816582E-002
   6960.000      5.438182875514030E-002
   6975.000      5.438687279820442E-002
   6990.000      5.374692380428314E-002
   7005.000      5.283286049962044E-002
   7020.000      5.203010886907578E-002
   7035.000      5.160877108573914E-002
   7050.000      5.172075331211090E-002
   7065.000      5.237619951367378E-002
   7080.000      5.352622270584106E-002
   7095.000      5.486144497990608E-002
   7110.000      5.597564950585365E-002
   7125.000      5.647115409374237E-002
   7140.000      5.609108880162239E-002
   7155.000      5.480597540736198E-002
   7170.000      5.285044386982918E-002
   7185.000      5.065725743770599E-002
   7200.000      4.863040521740913E-002
   7200.000      4.776149988174438E-002
   7215.000      4.626516997814178E-002
   7230.000      4.556984826922417E-002
   7245.000      4.586464166641235E-002
   7260.000      4.710210114717484E-002
   7275.000      4.900597408413887E-002
   7290.000      5.105596408247948E-002
   7305.000      5.272916331887245E-002
   7320.000      5.362293869256973E-002
   7335.000      5.367792770266533E-002
   7350.000      5.309554189443588E-002
   7365.000      5.223638564348221E-002
   7380.000      5.146975442767143E-002
   7395.000      5.105511099100113E-002
   7410.000      5.114418268203735E-002
   7425.000      5.176162347197533E-002
   7440.000      5.286127701401711E-002
   7455.000      5.414057523012161E-002
   7470.000      5.520740896463394E-002
   7485.000      5.566019192337990E-002
   7500.000      5.523860827088356E-002
   7515.000      5.392115190625191E-002
   7530.000      5.195721238851547E-002
   7545.000      4.977198317646980E-002
   7560.000      4.776149988174438E-002
   7560.000      4.686390981078148E-002
   7575.000      4.539643973112106E-002
   7590.000      4.473180323839188E-002
   7605.000      4.504461959004402E-002
   7620.000      4.628134146332741E-002
   7635.000      4.817151650786400E-002
   7650.000      5.021091178059578E-002
   7665.000      5.188857018947601E-002
   7680.000      5.280607566237450E-002
   7695.000      5.290384590625763E-002
   7710.000      5.236966535449028E-002
   7725.000      5.155448988080025E-002
   7740.000      5.081317201256752E-002
   7755.000      5.039715394377708E-002
   7770.000      5.045959353446960E-002
   7785.000      5.103776603937149E-002
   7800.000      5.208782106637955E-002
   7815.000      5.331578850746155E-002
   7830.000      5.434196442365646E-002
   7845.000      5.476094037294388E-002
   7860.000      5.431061983108521E-002
   7875.000      5.297669768333435E-002
   7890.000      5.101807042956352E-002
   7905.000      4.885071143507957E-002
   7920.000      4.686390981078148E-002
   7920.000      4.592143744230270E-002
   7935.000      4.448668286204338E-002
   7950.000      4.385119676589966E-002
   7965.000      4.417636245489120E-002
   7980.000      4.540529102087021E-002
   7995.000      4.727539420127869E-002
   8010.000      4.929879307746887E-002
   8025.000      5.097555741667747E-002
   8040.000      5.191108584403992E-002
   8055.000      5.204405635595322E-002
   8070.000      5.154958367347717E-002
   8085.000      5.076947063207626E-002
   8100.000      5.004548653960228E-002
   8115.000      4.962288215756416E-002
   8130.000      4.965700581669807E-002
   8145.000      5.019582808017731E-002
   8160.000      5.119762197136879E-002
   8175.000      5.237831175327301E-002
   8190.000      5.336925387382507E-002
   8205.000      5.376209318637848E-002
   8220.000      5.329453572630882E-002
   8235.000      5.195824801921844E-002
   8250.000      5.001732334494591E-002
   8265.000      4.787735268473625E-002
   8280.000      4.592143744230270E-002
   8280.000      4.491751641035080E-002
   8295.000      4.351932555437088E-002
   8310.000      4.291175678372383E-002
   8325.000      4.324418678879738E-002
   8340.000      4.445858672261238E-002
   8355.000      4.630174860358238E-002
   8370.000      4.830237478017807E-002
   8385.000      4.997125640511513E-002
   8400.000      5.091785266995430E-002
   8415.000      5.107827484607697E-002
   8430.000      5.061601102352142E-002
   8445.000      4.986390843987465E-002
   8460.000      4.915167018771172E-002
   8475.000      4.871955886483192E-002
   8490.000      4.872521385550499E-002
   8505.000      4.922542348504066E-002
   8520.000      5.018046125769615E-002
   8535.000      5.131717026233673E-002
   8550.000      5.227706208825111E-002
   8565.000      5.265032872557640E-002
   8580.000      5.217584222555161E-002
   8595.000      5.085000395774841E-002
   8610.000      4.893831908702850E-002
   8625.000      4.683519154787064E-002
   8640.000      4.491751641035080E-002
   8640.000      4.383449256420135E-002
   8655.000      4.247694835066795E-002
   8670.000      4.189645126461983E-002
   8685.000      4.223154485225677E-002
   8700.000      4.342478141188622E-002
   8715.000      4.523342102766037E-002
   8730.000      4.720314592123032E-002
   8745.000      4.885574057698250E-002
   8760.000      4.980546608567238E-002
   8775.000      4.998560622334480E-002
   8790.000      4.954903945326805E-002
   8805.000      4.881959035992622E-002
   8820.000      4.811560362577438E-002
   8835.000      4.767294973134995E-002
   8850.000      4.765110462903976E-002
   8865.000      4.811388254165649E-002
   8880.000      4.902358725667000E-002
   8895.000      5.011869221925735E-002
   8910.000      5.105051025748253E-002
   8925.000      5.140971019864082E-002
   8940.000      5.093766003847122E-002
   8955.000      4.963411018252373E-002
   8970.000      4.776284471154213E-002
   8985.000      4.570624604821205E-002
   9000.000      4.383449256420135E-002
   9000.000      4.265285283327103E-002
   9015.000      4.134046286344528E-002
   9030.000      4.078667610883713E-002
   9045.000      4.112020879983902E-002
   9060.000      4.228552803397179E-002
   9075.000      4.405118152499199E-002
   9090.000      4.598045721650124E-002
   9105.000      4.760698601603508E-002
   9120.000      4.855110496282578E-002
   9135.000      4.874339327216148E-002
   9150.000      4.832704365253448E-002
   9165.000      4.761651903390884E-002
   9180.000      4.691911116242409E-002
   9195.000      4.646639525890350E-002
   9210.000      4.641885310411453E-002
   9225.000      4.684558510780334E-002
   9240.000      4.771100357174873E-002
   9255.000      4.876585304737091E-002
   9270.000      4.967132955789566E-002
   9285.000      5.002100020647049E-002
   9300.000      4.955993965268135E-002
   9315.000      4.828994348645210E-002
   9330.000      4.647027328610420E-002
   9345.000      4.447044432163239E-002
   9360.000      4.265285283327103E-002
   9360.000      4.134967550635338E-002
   9375.000      4.008761420845985E-002
   9390.000      3.956071287393570E-002
   9405.000      3.988871723413467E-002
   9420.000      4.101898521184921E-002
   9435.000      4.273209720849991E-002
   9450.000      4.460987076163292E-002
   9465.000      4.619919881224632E-002
   9480.000      4.712825641036034E-002
   9495.000      4.732535779476166E-002
   9510.000      4.692480340600014E-002
   9525.000      4.623101651668549E-002
   9540.000      4.554022848606110E-002
   9555.000      4.507926478981972E-002
   9570.000      4.500842094421387E-002
   9585.000      4.540047049522400E-002
   9600.000      4.622204601764679E-002
   9615.000      4.723676666617393E-002
   9630.000      4.811635985970497E-002
   9645.000      4.846005886793137E-002
   9660.000      4.801787063479424E-002
   9675.000      4.679245129227638E-002
   9690.000      4.503596946597099E-002
   9705.000      4.310400784015656E-002
   9720.000      4.134967550635338E-002
   9720.000      3.989979252219200E-002
   9735.000      3.869407996535301E-002
   9750.000      3.819486126303673E-002
   9765.000      3.851350396871567E-002
   9780.000      3.960101678967476E-002
   9795.000      4.125071316957474E-002
   9810.000      4.306427389383316E-002
   9825.000      4.460386186838150E-002
   9840.000      4.550772160291672E-002
   9855.000      4.570261016488075E-002
   9870.000      4.531454294919968E-002
   9885.000      4.463689774274826E-002
   9900.000      4.395435005426407E-002
   9915.000      4.348811507225037E-002
   9930.000      4.339684918522835E-002
   9945.000      4.375542327761650E-002
   9960.000      4.453278705477715E-002
   9975.000      4.550618305802345E-002
   9990.000      4.635898768901825E-002
   10005.00      4.669926315546036E-002
   10020.00      4.628329351544380E-002
   10035.00      4.511350765824318E-002
   10050.00      4.343254864215851E-002
   10065.00      4.158067330718040E-002
   10080.00      3.989979252219200E-002
   10080.00      3.827160596847534E-002
   10095.00      3.712942451238632E-002
   10110.00      3.665937855839729E-002
   10125.00      3.696483746170998E-002
   10140.00      3.800102323293686E-002
   10155.00      3.957476466894150E-002
   10170.00      4.130942374467850E-002
   10185.00      4.278511554002762E-002
   10200.00      4.365290701389313E-002
   10215.00      4.383891820907593E-002
   10230.00      4.346127808094025E-002
   10245.00      4.280086979269981E-002
   10260.00      4.212987422943115E-002
   10275.00      4.166252538561821E-002
   10290.00      4.155411571264267E-002
   10305.00      4.188007116317749E-002
   10320.00      4.261180758476257E-002
   10335.00      4.354105517268181E-002
   10350.00      4.436454921960831E-002
   10365.00      4.470281675457954E-002
   10380.00      4.431997239589691E-002
   10395.00      4.321722686290741E-002
   10410.00      4.162529483437538E-002
   10425.00      3.986734151840210E-002
   10440.00      3.827160596847534E-002
   10440.00      3.642544150352478E-002
   10455.00      3.535551950335503E-002
   10470.00      3.491699695587158E-002
   10485.00      3.520532324910164E-002
   10500.00      3.618036583065987E-002
   10515.00      3.766348212957382E-002
   10530.00      3.930213302373886E-002
   10545.00      4.069780930876732E-002
   10560.00      4.151780530810356E-002
   10575.00      4.168873280286789E-002
   10590.00      4.132090508937836E-002
   10605.00      4.068079963326454E-002
   10620.00      4.002655297517776E-002
   10635.00      3.956354409456253E-002
   10650.00      3.944169357419014E-002
   10665.00      3.973538801074028E-002
   10680.00      4.041870310902596E-002
   10695.00      4.129899293184280E-002
   10710.00      4.208869859576225E-002
   10725.00      4.242500290274620E-002
   10740.00      4.208176955580711E-002
   10755.00      4.105813801288605E-002
   10770.00      3.957041352987289E-002
   10785.00      3.792231902480125E-002
   10800.00      3.642544150352478E-002
   10800.00      3.431050851941109E-002
   10815.00      3.332360461354256E-002
   10830.00      3.291998431086540E-002
   10845.00      3.318693488836288E-002
   10860.00      3.408937156200409E-002
   10875.00      3.546440973877907E-002
   10890.00      3.698682412505150E-002
   10905.00      3.828391060233116E-002
   10920.00      3.904330730438232E-002
   10935.00      3.919350355863571E-002
   10950.00      3.883673250675201E-002
   10965.00      3.822242841124535E-002
   10980.00      3.759243711829185E-002
   10995.00      3.714080527424812E-002
   11010.00      3.700972720980644E-002
   11025.00      3.727092593908310E-002
   11040.00      3.790129721164703E-002
   11055.00      3.872529417276382E-002
   11070.00      3.947420790791512E-002
   11085.00      3.980682417750359E-002
   11100.00      3.950912505388260E-002
   11115.00      3.857777640223503E-002
   11130.00      3.721166402101517E-002
   11145.00      3.569217026233673E-002
   11160.00      3.431050851941109E-002
   11160.00      3.186028078198433E-002
   11175.00      3.096994198858738E-002
   11190.00      3.060591779649258E-002
   11205.00      3.084679692983627E-002
   11220.00      3.166281059384346E-002
   11235.00      3.290861099958420E-002
   11250.00      3.429045528173447E-002
   11265.00      3.546709567308426E-002
   11280.00      3.615168482065201E-002
   11295.00      3.627625480294228E-002
   11310.00      3.593422099947929E-002
   11325.00      3.535445779561996E-002
   11340.00      3.475929051637650E-002
   11355.00      3.432818502187729E-002
   11370.00      3.419280424714088E-002
   11385.00      3.442038223147392E-002
   11400.00      3.499086573719978E-002
   11415.00      3.574788197875023E-002
   11430.00      3.644559159874916E-002
   11445.00      3.677036240696907E-002
   11460.00      3.652357682585716E-002
   11475.00      3.569898754358292E-002
   11490.00      3.447497263550758E-002
   11505.00      3.310667723417282E-002
   11520.00      3.186028078198433E-002
   11520.00      2.898534387350082E-002
   11535.00      2.820878289639950E-002
   11550.00      2.789081633090973E-002
   11565.00      2.810023166239262E-002
   11580.00      2.881289832293987E-002
   11595.00      2.990327402949333E-002
   11610.00      3.111465089023113E-002
   11625.00      3.214460611343384E-002
   11640.00      3.273833543062210E-002
   11655.00      3.283347561955452E-002
   11670.00      3.251324221491814E-002
   11685.00      3.198122233152390E-002
   11700.00      3.143565729260445E-002
   11715.00      3.103727102279663E-002
   11730.00      3.090370260179043E-002
   11745.00      3.109562769532204E-002
   11760.00      3.159630671143532E-002
   11775.00      3.227110207080841E-002
   11790.00      3.290243074297905E-002
   11805.00      3.321170061826706E-002
   11820.00      3.302010521292686E-002
   11835.00      3.231850638985634E-002
   11850.00      3.126105293631554E-002
   11865.00      3.007155470550060E-002
   11880.00      2.898534387350082E-002
   11880.00      2.556288428604603E-002
   11895.00      2.492245286703110E-002
   11910.00      2.465937100350857E-002
   11925.00      2.483089454472065E-002
   11940.00      2.541881985962391E-002
   11955.00      2.632052451372147E-002
   11970.00      2.732369303703308E-002
   11985.00      2.817453257739544E-002
   12000.00      2.865884080529213E-002
   12015.00      2.872252464294434E-002
   12030.00      2.843626961112022E-002
   12045.00      2.797183766961098E-002
   12060.00      2.749701961874962E-002
   12075.00      2.714809775352478E-002
   12090.00      2.702433802187443E-002
   12105.00      2.717736735939980E-002
   12120.00      2.759405411779881E-002
   12135.00      2.816492319107056E-002
   12150.00      2.870776690542698E-002
   12165.00      2.898859977722168E-002
   12180.00      2.885460294783115E-002
   12195.00      2.829436771571636E-002
   12210.00      2.743331901729107E-002
   12225.00      2.645721659064293E-002
   12240.00      2.556288428604603E-002
   12240.00      2.141874656081200E-002
   12255.00      2.094413526356220E-002
   12270.00      2.074817009270191E-002
   12285.00      2.087392471730709E-002
   12300.00      2.130933292210102E-002
   12315.00      2.197897620499134E-002
   12330.00      2.272491715848446E-002
   12345.00      2.335534803569317E-002
   12360.00      2.370822057127953E-002
   12375.00      2.374132350087166E-002
   12390.00      2.350912615656853E-002
   12405.00      2.314233966171741E-002
   12420.00      2.276912890374660E-002
   12435.00      2.249353379011154E-002
   12450.00      2.239076793193817E-002
   12465.00      2.250020951032639E-002
   12480.00      2.281269244849682E-002
   12495.00      2.324840798974037E-002
   12510.00      2.367014996707439E-002
   12525.00      2.390125766396523E-002
   12540.00      2.382379584014416E-002
   12555.00      2.342569082975388E-002
   12570.00      2.279815077781677E-002
   12585.00      2.207980863749981E-002
   12600.00      2.141874656081200E-002
   12600.00      1.629684492945671E-002
   12615.00      1.602863147854805E-002
   12630.00      1.591707952320576E-002
   12645.00      1.598707027733326E-002
   12660.00      1.623272150754929E-002
   12675.00      1.661175489425659E-002
   12690.00      1.703446730971336E-002
   12705.00      1.739000901579857E-002
   12720.00      1.758468709886074E-002
   12735.00      1.759331673383713E-002
   12750.00      1.744824461638927E-002
   12765.00      1.722568832337856E-002
   12780.00      1.700066588819027E-002
   12795.00      1.683387719094753E-002
   12810.00      1.676875725388527E-002
   12825.00      1.682816818356514E-002
   12840.00      1.700730435550213E-002
   12855.00      1.726197265088558E-002
   12870.00      1.751334965229034E-002
   12885.00      1.765964552760124E-002
   12900.00      1.763106323778629E-002
   12915.00      1.741817407310009E-002
   12930.00      1.707119867205620E-002
   12945.00      1.666905730962753E-002
   12960.00      1.629684492945671E-002
