  0.0000000E+00   11150.1625540704        6.000000    
   22.50000       10696.0646378414        6.000000    
   45.00000       9918.91272347317        6.000000    
   67.50000       9154.79736668621        6.000000    
   90.00000       8539.46931306716        6.000000    
   112.5000       8025.82438762482        6.000000    
   135.0000       7701.05103427709        6.000000    
   157.5000       7516.49185931453        6.000000    
   180.0000       7494.18948963978        6.000000    
   202.5000       7678.67270352179        6.000000    
   225.0000       8585.39754958569        6.000000    
   247.5000       9444.29091412567        6.000000    
   270.0000       10049.6074372232        6.000000    
   292.5000       10554.2033860619        6.000000    
   315.0000       10878.0469733974        6.000000    
   337.5000       11128.7040084035        6.000000    
  0.0000000E+00   11150.1625540704        6.000000    
 
  0.0000000E+00   8846.05707757608        6.283333    
   22.50000       8643.23302007994        6.283333    
   45.00000       8029.95094574375        6.283333    
   67.50000       7426.74189294494        6.283333    
   90.00000       6970.89577814703        6.283333    
   112.5000       6608.90189335662        6.283333    
   135.0000       6394.79843509380        6.283333    
   157.5000       6284.19873913757        6.283333    
   180.0000       6316.88306421064        6.283333    
   202.5000       6489.02068644926        6.283333    
   225.0000       7043.41991469883        6.283333    
   247.5000       7542.37672444578        6.283333    
   270.0000       7974.35715305332        6.283333    
   292.5000       8369.20261206942        6.283333    
   315.0000       8636.33771323915        6.283333    
   337.5000       8816.07362807053        6.283333    
  0.0000000E+00   8846.05707757608        6.283333    
 
  0.0000000E+00   7103.09080988940        6.566667    
   22.50000       7062.96975379473        6.566667    
   45.00000       6772.73303725300        6.566667    
   67.50000       6373.39791461219        6.566667    
   90.00000       6055.49907083779        6.566667    
   112.5000       5799.14800360747        6.566667    
   135.0000       5657.13044285527        6.566667    
   157.5000       5592.55473180464        6.566667    
   180.0000       5616.64189512384        6.566667    
   202.5000       5685.75326037468        6.566667    
   225.0000       5902.69818039624        6.566667    
   247.5000       6145.43988393955        6.566667    
   270.0000       6405.86143748221        6.566667    
   292.5000       6684.32634695018        6.566667    
   315.0000       6901.35784102351        6.566667    
   337.5000       7059.05687754204        6.566667    
  0.0000000E+00   7103.09080988940        6.566667    
 
  0.0000000E+00   5671.98130237728        6.850000    
   22.50000       5694.14776335509        6.850000    
   45.00000       5596.13036049927        6.850000    
   67.50000       5414.15640959744        6.850000    
   90.00000       5227.51307745539        6.850000    
   112.5000       5064.06041633309        6.850000    
   135.0000       4971.20957880273        6.850000    
   157.5000       4919.39895636676        6.850000    
   180.0000       4892.49055295976        6.850000    
   202.5000       4874.55622189797        6.850000    
   225.0000       4920.81303792842        6.850000    
   247.5000       5007.32774111983        6.850000    
   270.0000       5134.71249417441        6.850000    
   292.5000       5310.34898388054        6.850000    
   315.0000       5473.98719729595        6.850000    
   337.5000       5616.42952581601        6.850000    
  0.0000000E+00   5671.98130237728        6.850000    
 
  0.0000000E+00   4559.03156539527        7.133333    
   22.50000       4586.06971002663        7.133333    
   45.00000       4556.27759191274        7.133333    
   67.50000       4483.49608042861        7.133333    
   90.00000       4399.41747226927        7.133333    
   112.5000       4316.42561265178        7.133333    
   135.0000       4259.03156735262        7.133333    
   157.5000       4214.01047672809        7.133333    
   180.0000       4171.31553016520        7.133333    
   202.5000       4125.76563767445        7.133333    
   225.0000       4109.52408987595        7.133333    
   247.5000       4125.24743842353        7.133333    
   270.0000       4181.07384256411        7.133333    
   292.5000       4287.66685699843        7.133333    
   315.0000       4400.84825167955        7.133333    
   337.5000       4511.63979637155        7.133333    
  0.0000000E+00   4559.03156539527        7.133333    
 
  0.0000000E+00   3754.61332485591        7.416667    
   22.50000       3766.51671542135        7.416667    
   45.00000       3749.84437479796        7.416667    
   67.50000       3718.11840832766        7.416667    
   90.00000       3688.47399857146        7.416667    
   112.5000       3655.10302977733        7.416667    
   135.0000       3623.15502407119        7.416667    
   157.5000       3585.20355425010        7.416667    
   180.0000       3542.08575483984        7.416667    
   202.5000       3497.05489273841        7.416667    
   225.0000       3471.01339324238        7.416667    
   247.5000       3471.01406483604        7.416667    
   270.0000       3507.42956390147        7.416667    
   292.5000       3581.82069602852        7.416667    
   315.0000       3659.07115857480        7.416667    
   337.5000       3730.55129884107        7.416667    
  0.0000000E+00   3754.61332485591        7.416667    
 
  0.0000000E+00   3147.93908450919        7.700000    
   22.50000       3146.82233569490        7.700000    
   45.00000       3132.27396215621        7.700000    
   67.50000       3119.52184233429        7.700000    
   90.00000       3114.75936835706        7.700000    
   112.5000       3104.66047296516        7.700000    
   135.0000       3086.09585588613        7.700000    
   157.5000       3054.35429953259        7.700000    
   180.0000       3016.40802102198        7.700000    
   202.5000       2980.35022219935        7.700000    
   225.0000       2960.72704103596        7.700000    
   247.5000       2964.18428951382        7.700000    
   270.0000       2998.70116412383        7.700000    
   292.5000       3055.45378936483        7.700000    
   315.0000       3106.77401667357        7.700000    
   337.5000       3144.52560364351        7.700000    
  0.0000000E+00   3147.93908450919        7.700000    
 
  0.0000000E+00   2656.48929277409        7.983334    
   22.50000       2649.33799825537        7.983334    
   45.00000       2637.81299564461        7.983334    
   67.50000       2635.52428430684        7.983334    
   90.00000       2641.97884778357        7.983334    
   112.5000       2642.40192785985        7.983334    
   135.0000       2631.02887622685        7.983334    
   157.5000       2605.47618531924        7.983334    
   180.0000       2574.75806260175        7.983334    
   202.5000       2547.51261194561        7.983334    
   225.0000       2534.63074908123        7.983334    
   247.5000       2541.85277095094        7.983334    
   270.0000       2573.47001295020        7.983334    
   292.5000       2615.58984750692        7.983334    
   315.0000       2648.06498080331        7.983334    
   337.5000       2664.03200070764        7.983334    
  0.0000000E+00   2656.48929277409        7.983334    
 
  0.0000000E+00   2259.64229578098        8.266666    
   22.50000       2251.67822806956        8.266666    
   45.00000       2243.68933945836        8.266666    
   67.50000       2246.35653856470        8.266666    
   90.00000       2255.80070740433        8.266666    
   112.5000       2260.08678755551        8.266666    
   135.0000       2253.27345534035        8.266666    
   157.5000       2233.53383879496        8.266666    
   180.0000       2210.37072893383        8.266666    
   202.5000       2190.80036202958        8.266666    
   225.0000       2182.49147004466        8.266666    
   247.5000       2189.82744380403        8.266666    
   270.0000       2214.81119694382        8.266666    
   292.5000       2244.75855057136        8.266666    
   315.0000       2264.66696896332        8.266666    
   337.5000       2269.49926280320        8.266666    
  0.0000000E+00   2259.64229578098        8.266666    
 
  0.0000000E+00   1940.89347077756        8.550000    
   22.50000       1934.09871933881        8.550000    
   45.00000       1928.95559502348        8.550000    
   67.50000       1933.08033697711        8.550000    
   90.00000       1942.25087587880        8.550000    
   112.5000       1947.55202859806        8.550000    
   135.0000       1943.42329582547        8.550000    
   157.5000       1929.41793875821        8.550000    
   180.0000       1912.36952985843        8.550000    
   202.5000       1898.36897602425        8.550000    
   225.0000       1892.74234393651        8.550000    
   247.5000       1898.64839864906        8.550000    
   270.0000       1917.17907431226        8.550000    
   292.5000       1937.72784725030        8.550000    
   315.0000       1949.88816814253        8.550000    
   337.5000       1949.82894590272        8.550000    
  0.0000000E+00   1940.89347077756        8.550000    
 
  0.0000000E+00   1679.36558483680        8.833333    
   22.50000       1674.33780994753        8.833333    
   45.00000       1671.11249961924        8.833333    
   67.50000       1674.93217196183        8.833333    
   90.00000       1682.07218028396        8.833333    
   112.5000       1686.35558310442        8.833333    
   135.0000       1684.02499139300        8.833333    
   157.5000       1674.48950960916        8.833333    
   180.0000       1663.15324283316        8.833333    
   202.5000       1653.50523711533        8.833333    
   225.0000       1649.60352283549        8.833333    
   247.5000       1653.65672523859        8.833333    
   270.0000       1666.17834171923        8.833333    
   292.5000       1679.66488806416        8.833333    
   315.0000       1687.35973364789        8.833333    
   337.5000       1686.12254684685        8.833333    
  0.0000000E+00   1679.36558483680        8.833333    
 
  0.0000000E+00   1458.53727077146        9.116667    
   22.50000       1455.16060618391        9.116667    
   45.00000       1453.10309371018        9.116667    
   67.50000       1455.93433682055        9.116667    
   90.00000       1460.81628055584        9.116667    
   112.5000       1463.95420734773        9.116667    
   135.0000       1462.72618152067        9.116667    
   157.5000       1456.61285126894        9.116667    
   180.0000       1449.32664648817        9.116667    
   202.5000       1442.92700544637        9.116667    
   225.0000       1440.22620571595        9.116667    
   247.5000       1442.66647867952        9.116667    
   270.0000       1450.73489756532        9.116667    
   292.5000       1459.37939289676        9.116667    
   315.0000       1464.31232812066        9.116667    
   337.5000       1463.06670427437        9.116667    
  0.0000000E+00   1458.53727077146        9.116667    
 
  0.0000000E+00   1267.17757267682        9.400000    
   22.50000       1265.07962105053        9.400000    
   45.00000       1263.70885343963        9.400000    
   67.50000       1265.48924799409        9.400000    
   90.00000       1268.41851465569        9.400000    
   112.5000       1270.41701701653        9.400000    
   135.0000       1269.83687906864        9.400000    
   157.5000       1266.18228488756        9.400000    
   180.0000       1261.82581368763        9.400000    
   202.5000       1257.79829439922        9.400000    
   225.0000       1255.97786217377        9.400000    
   247.5000       1257.25989546907        9.400000    
   270.0000       1262.15151190803        9.400000    
   292.5000       1267.49740740286        9.400000    
   315.0000       1270.73392593029        9.400000    
   337.5000       1269.92258786322        9.400000    
  0.0000000E+00   1267.17757267682        9.400000    
 
  0.0000000E+00   1098.54458391549        9.683333    
   22.50000       1097.34782409491        9.683333    
   45.00000       1096.40278296506        9.683333    
   67.50000       1097.33299237642        9.683333    
   90.00000       1098.82079307153        9.683333    
   112.5000       1099.90700062812        9.683333    
   135.0000       1099.68221482424        9.683333    
   157.5000       1097.69289434349        9.683333    
   180.0000       1095.33228142655        9.683333    
   202.5000       1092.97658558204        9.683333    
   225.0000       1091.81299273707        9.683333    
   247.5000       1092.36320512533        9.683333    
   270.0000       1095.11630313690        9.683333    
   292.5000       1098.26297546983        9.683333    
   315.0000       1100.39353608202        9.683333    
   337.5000       1100.02934486453        9.683333    
  0.0000000E+00   1098.54458391549        9.683333    
 
  0.0000000E+00   948.235970454450        9.966667    
   22.50000       947.645392008851        9.966667    
   45.00000       947.015414569063        9.966667    
   67.50000       947.378117669233        9.966667    
   90.00000       947.915710896700        9.966667    
   112.5000       948.354946636327        9.966667    
   135.0000       948.299264748166        9.966667    
   157.5000       947.368129598173        9.966667    
   180.0000       946.275727624111        9.966667    
   202.5000       945.041384966623        9.966667    
   225.0000       944.367515953837        9.966667    
   247.5000       944.508086791759        9.966667    
   270.0000       945.883051430802        9.966667    
   292.5000       947.584182090862        9.966667    
   315.0000       948.942128336607        9.966667    
   337.5000       948.902183251565        9.966667    
  0.0000000E+00   948.235970454450        9.966667    
 
  0.0000000E+00   813.763011245167        10.25000    
   22.50000       813.567693562722        10.25000    
   45.00000       813.178558842296        10.25000    
   67.50000       813.173533509300        10.25000    
   90.00000       813.170232496350        10.25000    
   112.5000       813.206527194778        10.25000    
   135.0000       813.215101332860        10.25000    
   157.5000       812.927278120614        10.25000    
   180.0000       812.610361019004        10.25000    
   202.5000       812.128015544324        10.25000    
   225.0000       811.797016801100        10.25000    
   247.5000       811.731709957979        10.25000    
   270.0000       812.244198758363        10.25000    
   292.5000       812.994523812725        10.25000    
   315.0000       813.766608673224        10.25000    
   337.5000       813.918775870851        10.25000    
  0.0000000E+00   813.763011245167        10.25000    
 
