  0.0000000E+00   11632.2570091436        6.000000    
   22.50000       10354.0819518065        6.000000    
   45.00000       8940.06255393067        6.000000    
   67.50000       7996.01080044939        6.000000    
   90.00000       7554.57771664263        6.000000    
   112.5000       7136.77899719072        6.000000    
   135.0000       7015.70429874650        6.000000    
   157.5000       7118.95303143421        6.000000    
   180.0000       7293.77392056891        6.000000    
   202.5000       8474.81611859553        6.000000    
   225.0000       9864.41565261144        6.000000    
   247.5000       10786.1409890995        6.000000    
   270.0000       11592.4191443094        6.000000    
   292.5000       12033.8310907673        6.000000    
   315.0000       12342.2667370578        6.000000    
   337.5000       12466.3247535969        6.000000    
  0.0000000E+00   11632.2570091436        6.000000    
 
  0.0000000E+00   9171.11187117561        6.283333    
   22.50000       8226.83269496889        6.283333    
   45.00000       7112.43824077375        6.283333    
   67.50000       6384.42913192614        6.283333    
   90.00000       6073.32931783804        6.283333    
   112.5000       5793.71607699757        6.283333    
   135.0000       5752.87844834337        6.283333    
   157.5000       5863.60295112005        6.283333    
   180.0000       6076.82868569174        6.283333    
   202.5000       6942.18082310134        6.283333    
   225.0000       7708.04202545449        6.283333    
   247.5000       8309.03222156402        6.283333    
   270.0000       8895.37038293528        6.283333    
   292.5000       9256.85628429380        6.283333    
   315.0000       9525.17913010540        6.283333    
   337.5000       9583.33521296732        6.283333    
  0.0000000E+00   9171.11187117561        6.283333    
 
  0.0000000E+00   7372.25171844243        6.566667    
   22.50000       6923.79481353582        6.566667    
   45.00000       6169.73526332994        6.566667    
   67.50000       5592.07815005699        6.566667    
   90.00000       5322.27723646654        6.566667    
   112.5000       5112.91429119097        6.566667    
   135.0000       5073.90026454857        6.566667    
   157.5000       5181.22000569672        6.566667    
   180.0000       5333.54757145688        6.566667    
   202.5000       5760.22370454851        6.566667    
   225.0000       6160.05132173720        6.566667    
   247.5000       6509.98168591150        6.566667    
   270.0000       6907.21994186316        6.566667    
   292.5000       7193.72047648889        6.566667    
   315.0000       7446.32854746635        6.566667    
   337.5000       7532.81994838634        6.566667    
  0.0000000E+00   7372.25171844243        6.566667    
 
  0.0000000E+00   5892.68968616658        6.850000    
   22.50000       5718.13497604331        6.850000    
   45.00000       5352.68973592330        6.850000    
   67.50000       4951.59288912439        6.850000    
   90.00000       4715.81916258809        6.850000    
   112.5000       4554.89268008584        6.850000    
   135.0000       4493.87170342435        6.850000    
   157.5000       4549.71798495245        6.850000    
   180.0000       4595.07249712120        6.850000    
   202.5000       4749.47556688097        6.850000    
   225.0000       4935.14884052126        6.850000    
   247.5000       5109.15999538913        6.850000    
   270.0000       5352.62632874642        6.850000    
   292.5000       5563.12926781545        6.850000    
   315.0000       5784.82966286729        6.850000    
   337.5000       5909.45133641335        6.850000    
  0.0000000E+00   5892.68968616658        6.850000    
 
  0.0000000E+00   4701.05447209448        7.133333    
   22.50000       4630.24497094395        7.133333    
   45.00000       4464.34574797422        7.133333    
   67.50000       4231.34765280233        7.133333    
   90.00000       4073.77410174443        7.133333    
   112.5000       3970.68954851580        7.133333    
   135.0000       3910.31341661512        7.133333    
   157.5000       3917.95520835721        7.133333    
   180.0000       3916.05689010345        7.133333    
   202.5000       3955.97742447942        7.133333    
   225.0000       4031.83010926242        7.133333    
   247.5000       4109.23976059613        7.133333    
   270.0000       4251.45112335265        7.133333    
   292.5000       4394.56007543885        7.133333    
   315.0000       4563.84689681840        7.133333    
   337.5000       4675.55087218280        7.133333    
  0.0000000E+00   4701.05447209448        7.133333    
 
  0.0000000E+00   3816.10214943007        7.416667    
   22.50000       3764.26288552919        7.416667    
   45.00000       3668.50168201927        7.416667    
   67.50000       3539.76569268325        7.416667    
   90.00000       3460.14006735655        7.416667    
   112.5000       3411.85165116303        7.416667    
   135.0000       3376.55443444525        7.416667    
   157.5000       3369.95585125300        7.416667    
   180.0000       3354.84768827892        7.416667    
   202.5000       3361.00033318157        7.416667    
   225.0000       3393.25786205872        7.416667    
   247.5000       3435.31621471205        7.416667    
   270.0000       3529.58229210757        7.416667    
   292.5000       3628.72367550044        7.416667    
   315.0000       3744.21850315854        7.416667    
   337.5000       3809.11012380546        7.416667    
  0.0000000E+00   3816.10214943007        7.416667    
 
  0.0000000E+00   3145.69711837291        7.700000    
   22.50000       3096.46096154618        7.700000    
   45.00000       3032.93028468338        7.700000    
   67.50000       2966.52039354244        7.700000    
   90.00000       2940.21143866762        7.700000    
   112.5000       2927.41559907270        7.700000    
   135.0000       2914.93884900875        7.700000    
   157.5000       2908.30001954355        7.700000    
   180.0000       2892.10400844389        7.700000    
   202.5000       2890.84497060674        7.700000    
   225.0000       2906.65901656929        7.700000    
   247.5000       2937.50168589595        7.700000    
   270.0000       3006.05272394609        7.700000    
   292.5000       3074.63877787041        7.700000    
   315.0000       3143.66696270740        7.700000    
   337.5000       3162.90137024203        7.700000    
  0.0000000E+00   3145.69711837291        7.700000    
 
  0.0000000E+00   2619.05219901034        7.983334    
   22.50000       2577.85755283285        7.983334    
   45.00000       2538.17014060937        7.983334    
   67.50000       2509.62626738261        7.983334    
   90.00000       2511.49627073661        7.983334    
   112.5000       2516.76956578768        7.983334    
   135.0000       2516.87025864675        7.983334    
   157.5000       2511.26437434772        7.983334    
   180.0000       2497.20746955407        7.983334    
   202.5000       2493.39550527847        7.983334    
   225.0000       2500.39825116834        7.983334    
   247.5000       2523.30062587361        7.983334    
   270.0000       2571.33188722104        7.983334    
   292.5000       2615.65443945725        7.983334    
   315.0000       2651.17903715645        7.983334    
   337.5000       2645.20727597999        7.983334    
  0.0000000E+00   2619.05219901034        7.983334    
 
  0.0000000E+00   2210.10499450921        8.266666    
   22.50000       2179.66870843255        8.266666    
   45.00000       2157.11667090311        8.266666    
   67.50000       2148.66661327568        8.266666    
   90.00000       2161.68558819128        8.266666    
   112.5000       2174.05220048705        8.266666    
   135.0000       2179.82167624438        8.266666    
   157.5000       2175.46762419530        8.266666    
   180.0000       2164.07621917176        8.266666    
   202.5000       2158.81433591126        8.266666    
   225.0000       2160.31852767060        8.266666    
   247.5000       2175.51606848215        8.266666    
   270.0000       2206.78477231746        8.266666    
   292.5000       2233.86518658568        8.266666    
   315.0000       2249.67311594082        8.266666    
   337.5000       2234.54298710748        8.266666    
  0.0000000E+00   2210.10499450921        8.266666    
 
  0.0000000E+00   1892.89353200985        8.550000    
   22.50000       1871.97756096725        8.550000    
   45.00000       1860.20259432070        8.550000    
   67.50000       1860.76236857383        8.550000    
   90.00000       1876.00126623229        8.550000    
   112.5000       1889.64477779656        8.550000    
   135.0000       1897.34827503590        8.550000    
   157.5000       1894.59297560463        8.550000    
   180.0000       1886.29359036786        8.550000    
   202.5000       1880.92190331976        8.550000    
   225.0000       1879.41977880139        8.550000    
   247.5000       1888.20901860056        8.550000    
   270.0000       1906.91212345256        8.550000    
   292.5000       1922.28640862414        8.550000    
   315.0000       1927.72582691405        8.550000    
   337.5000       1911.94092254736        8.550000    
  0.0000000E+00   1892.89353200985        8.550000    
 
  0.0000000E+00   1638.48170783349        8.833333    
   22.50000       1624.68139802309        8.833333    
   45.00000       1619.07622857639        8.833333    
   67.50000       1623.14200322321        8.833333    
   90.00000       1636.75078202856        8.833333    
   112.5000       1649.04005616461        8.833333    
   135.0000       1656.90748986491        8.833333    
   157.5000       1655.82420702869        8.833333    
   180.0000       1650.53150496417        8.833333    
   202.5000       1645.90049849083        8.833333    
   225.0000       1642.86013202673        8.833333    
   247.5000       1647.05178303194        8.833333    
   270.0000       1657.04691139376        8.833333    
   292.5000       1664.85077795767        8.833333    
   315.0000       1665.30417771934        8.833333    
   337.5000       1652.00409391615        8.833333    
  0.0000000E+00   1638.48170783349        8.833333    
 
  0.0000000E+00   1427.12725031000        9.116667    
   22.50000       1418.21554933383        9.116667    
   45.00000       1415.81110596972        9.116667    
   67.50000       1419.91819894389        9.116667    
   90.00000       1430.58968683671        9.116667    
   112.5000       1440.54163323394        9.116667    
   135.0000       1447.74563901695        9.116667    
   157.5000       1448.10645436853        9.116667    
   180.0000       1445.41867322901        9.116667    
   202.5000       1442.22021669342        9.116667    
   225.0000       1439.21594654377        9.116667    
   247.5000       1440.50471801098        9.116667    
   270.0000       1444.90562492944        9.116667    
   292.5000       1448.06319571349        9.116667    
   315.0000       1446.39026827205        9.116667    
   337.5000       1436.19518928263        9.116667    
  0.0000000E+00   1427.12725031000        9.116667    
 
  0.0000000E+00   1244.39136681739        9.400000    
   22.50000       1238.68675220417        9.400000    
   45.00000       1237.78802165657        9.400000    
   67.50000       1241.17256923408        9.400000    
   90.00000       1248.85499896734        9.400000    
   112.5000       1256.35381096402        9.400000    
   135.0000       1262.50316701499        9.400000    
   157.5000       1263.84477262531        9.400000    
   180.0000       1263.06301440816        9.400000    
   202.5000       1261.17835342404        9.400000    
   225.0000       1258.55152481225        9.400000    
   247.5000       1258.28436810668        9.400000    
   270.0000       1259.42429795030        9.400000    
   292.5000       1259.95881784205        9.400000    
   315.0000       1257.64037498691        9.400000    
   337.5000       1250.24238761821        9.400000    
  0.0000000E+00   1244.39136681739        9.400000    
 
  0.0000000E+00   1083.10727183948        9.683333    
   22.50000       1079.49541723694        9.683333    
   45.00000       1079.20520225047        9.683333    
   67.50000       1081.56829355002        9.683333    
   90.00000       1086.68244988862        9.683333    
   112.5000       1091.95639811817        9.683333    
   135.0000       1096.85221159267        9.683333    
   157.5000       1098.64022427434        9.683333    
   180.0000       1099.01217076124        9.683333    
   202.5000       1098.14455140078        9.683333    
   225.0000       1096.12512329587        9.683333    
   247.5000       1095.20230069934        9.683333    
   270.0000       1094.73377738040        9.683333    
   292.5000       1094.04781087902        9.683333    
   315.0000       1091.86134992527        9.683333    
   337.5000       1086.74867951943        9.683333    
  0.0000000E+00   1083.10727183948        9.683333    
 
  0.0000000E+00   938.780058324469        9.966667    
   22.50000       936.569783752190        9.966667    
   45.00000       936.460400347714        9.966667    
   67.50000       937.887491899688        9.966667    
   90.00000       940.949910723594        9.966667    
   112.5000       944.315694120082        9.966667    
   135.0000       947.867384571385        9.966667    
   157.5000       949.664519499878        9.966667    
   180.0000       950.596621334088        9.966667    
   202.5000       950.461094327035        9.966667    
   225.0000       949.150296760189        9.966667    
   247.5000       948.163288659682        9.966667    
   270.0000       947.091141107939        9.966667    
   292.5000       945.968760101493        9.966667    
   315.0000       944.216369328439        9.966667    
   337.5000       940.917746753046        9.966667    
  0.0000000E+00   938.780058324469        9.966667    
 
  0.0000000E+00   809.065804965562        10.25000    
   22.50000       807.893537854846        10.25000    
   45.00000       807.795336813480        10.25000    
   67.50000       808.393523123266        10.25000    
   90.00000       809.858849595825        10.25000    
   112.5000       811.620263012179        10.25000    
   135.0000       813.797911004509        10.25000    
   157.5000       815.184938657975        10.25000    
   180.0000       816.123604281105        10.25000    
   202.5000       816.338731154748        10.25000    
   225.0000       815.650489126158        10.25000    
   247.5000       814.910753407277        10.25000    
   270.0000       813.931073779102        10.25000    
   292.5000       812.976055189357        10.25000    
   315.0000       811.892060652071        10.25000    
   337.5000       810.111708948687        10.25000    
  0.0000000E+00   809.065804965562        10.25000    
 
