  0.0000000E+00   2024.18774306221        6.000000    
   15.00000       1962.29819206596        6.000000    
   30.00000       1903.33538101912        6.000000    
   45.00000       1858.69560031141        6.000000    
   60.00000       1845.86753654399        6.000000    
   75.00000       1860.47534768086        6.000000    
   90.00000       1895.34483782989        6.000000    
   105.0000       1951.59454638608        6.000000    
   120.0000       2017.71701820171        6.000000    
   135.0000       2089.22238954862        6.000000    
   150.0000       2160.02671411640        6.000000    
   165.0000       2223.84846131085        6.000000    
   180.0000       2278.95306217469        6.000000    
   195.0000       2316.07503517818        6.000000    
   210.0000       2325.93133856336        6.000000    
   225.0000       2326.21876423483        6.000000    
   240.0000       2310.65652727813        6.000000    
   255.0000       2277.20170889497        6.000000    
   270.0000       2245.79632750108        6.000000    
   285.0000       2229.83319725046        6.000000    
   300.0000       2202.22333561614        6.000000    
   315.0000       2154.70709821668        6.000000    
   330.0000       2109.11536913385        6.000000    
   345.0000       2071.22156805693        6.000000    
  0.0000000E+00   2024.18774306221        6.000000    
 
  0.0000000E+00   1842.54819665981        6.121428    
   15.00000       1789.97427126721        6.121428    
   30.00000       1738.98279881569        6.121428    
   45.00000       1698.69847962868        6.121428    
   60.00000       1685.08826796182        6.121428    
   75.00000       1695.21657092707        6.121428    
   90.00000       1723.24270638707        6.121428    
   105.0000       1770.43222998294        6.121428    
   120.0000       1827.45978417045        6.121428    
   135.0000       1889.99886676266        6.121428    
   150.0000       1952.76994989896        6.121428    
   165.0000       2010.74215417861        6.121428    
   180.0000       2061.71272337157        6.121428    
   195.0000       2097.77771808717        6.121428    
   210.0000       2109.49971518594        6.121428    
   225.0000       2111.59226207836        6.121428    
   240.0000       2099.16493423827        6.121428    
   255.0000       2070.13189942190        6.121428    
   270.0000       2040.82346088612        6.121428    
   285.0000       2023.96874124487        6.121428    
   300.0000       1998.38781097653        6.121428    
   315.0000       1956.04855678762        6.121428    
   330.0000       1915.56878255094        6.121428    
   345.0000       1882.50456990402        6.121428    
  0.0000000E+00   1842.54819665981        6.121428    
 
  0.0000000E+00   1680.23980319252        6.242857    
   15.00000       1634.65879816474        6.242857    
   30.00000       1590.02009403912        6.242857    
   45.00000       1553.67363111074        6.242857    
   60.00000       1539.42550377597        6.242857    
   75.00000       1545.77471151031        6.242857    
   90.00000       1567.85469481816        6.242857    
   105.0000       1607.17855007679        6.242857    
   120.0000       1655.46024929231        6.242857    
   135.0000       1709.37145900020        6.242857    
   150.0000       1764.50121947993        6.242857    
   165.0000       1816.64933938249        6.242857    
   180.0000       1862.93530563523        6.242857    
   195.0000       1896.66217438596        6.242857    
   210.0000       1909.67495630519        6.242857    
   225.0000       1913.61272972298        6.242857    
   240.0000       1904.86892355976        6.242857    
   255.0000       1881.32713613556        6.242857    
   270.0000       1855.85616911550        6.242857    
   285.0000       1839.92217741250        6.242857    
   300.0000       1817.32402715426        6.242857    
   315.0000       1780.59369418124        6.242857    
   330.0000       1744.37481993060        6.242857    
   345.0000       1714.77921387196        6.242857    
  0.0000000E+00   1680.23980319252        6.242857    
 
  0.0000000E+00   1533.46997008874        6.364286    
   15.00000       1494.04655151545        6.364286    
   30.00000       1454.93028181063        6.364286    
   45.00000       1421.99410980730        6.364286    
   60.00000       1406.94041997033        6.364286    
   75.00000       1409.56743670789        6.364286    
   90.00000       1426.05965079393        6.364286    
   105.0000       1457.53459107773        6.364286    
   120.0000       1497.67041129386        6.364286    
   135.0000       1543.48807767908        6.364286    
   150.0000       1591.47897986484        6.364286    
   165.0000       1637.51454340861        6.364286    
   180.0000       1678.93055666606        6.364286    
   195.0000       1710.20048689393        6.364286    
   210.0000       1724.08244933793        6.364286    
   225.0000       1729.78071588071        6.364286    
   240.0000       1724.71665344036        6.364286    
   255.0000       1706.85070139452        6.364286    
   270.0000       1685.90901773658        6.364286    
   285.0000       1671.88053119756        6.364286    
   300.0000       1652.94848204357        6.364286    
   315.0000       1621.96902271156        6.364286    
   330.0000       1590.40261122087        6.364286    
   345.0000       1563.62453733358        6.364286    
  0.0000000E+00   1533.46997008874        6.364286    
 
  0.0000000E+00   1399.71003408561        6.485714    
   15.00000       1366.03832189110        6.485714    
   30.00000       1331.73472033872        6.485714    
   45.00000       1301.85922732242        6.485714    
   60.00000       1285.92850757650        6.485714    
   75.00000       1284.95273826121        6.485714    
   90.00000       1295.82704370743        6.485714    
   105.0000       1319.92647935214        6.485714    
   120.0000       1352.34423958462        6.485714    
   135.0000       1390.60328131409        6.485714    
   150.0000       1431.49226053176        6.485714    
   165.0000       1471.78843663247        6.485714    
   180.0000       1508.46123035841        6.485714    
   195.0000       1537.11222536871        6.485714    
   210.0000       1551.79778207459        6.485714    
   225.0000       1559.83368185605        6.485714    
   240.0000       1558.58864498007        6.485714    
   255.0000       1546.01471884102        6.485714    
   270.0000       1529.69732725297        6.485714    
   285.0000       1518.05556299045        6.485714    
   300.0000       1501.95074408201        6.485714    
   315.0000       1476.76740530834        6.485714    
   330.0000       1449.78646401267        6.485714    
   345.0000       1425.99823939559        6.485714    
  0.0000000E+00   1399.71003408561        6.485714    
 
  0.0000000E+00   1276.60001131403        6.607143    
   15.00000       1248.05047071524        6.607143    
   30.00000       1218.50485531275        6.607143    
   45.00000       1191.40778853581        6.607143    
   60.00000       1174.85860792081        6.607143    
   75.00000       1170.51607344961        6.607143    
   90.00000       1176.23920301940        6.607143    
   105.0000       1193.56105741165        6.607143    
   120.0000       1218.87745552839        6.607143    
   135.0000       1249.88487146771        6.607143    
   150.0000       1284.19765782757        6.607143    
   165.0000       1319.01373276424        6.607143    
   180.0000       1350.85826406733        6.607143    
   195.0000       1377.82337724731        6.607143    
   210.0000       1393.76291479025        6.607143    
   225.0000       1403.33284031521        6.607143    
   240.0000       1405.27221574795        6.607143    
   255.0000       1397.78353080210        6.607143    
   270.0000       1385.83285783150        6.607143    
   285.0000       1376.50410571861        6.607143    
   300.0000       1363.79000220581        6.607143    
   315.0000       1342.52124029165        6.607143    
   330.0000       1320.07816613705        6.607143    
   345.0000       1299.26164778950        6.607143    
  0.0000000E+00   1276.60001131403        6.607143    
 
  0.0000000E+00   1162.50125911559        6.728571    
   15.00000       1138.45043410593        6.728571    
   30.00000       1113.18583428861        6.728571    
   45.00000       1089.12047636887        6.728571    
   60.00000       1072.31274631314        6.728571    
   75.00000       1065.27356942198        6.728571    
   90.00000       1066.75233457547        6.728571    
   105.0000       1078.22229518627        6.728571    
   120.0000       1097.15429793862        6.728571    
   135.0000       1121.70442661934        6.728571    
   150.0000       1149.98117820516        6.728571    
   165.0000       1179.58120903038        6.728571    
   180.0000       1207.46515360410        6.728571    
   195.0000       1232.27999309163        6.728571    
   210.0000       1248.43224553328        6.728571    
   225.0000       1259.11456402315        6.728571    
   240.0000       1263.64601588625        6.728571    
   255.0000       1260.45967044105        6.728571    
   270.0000       1252.38767418285        6.728571    
   285.0000       1245.24762931946        6.728571    
   300.0000       1235.77913297827        6.728571    
   315.0000       1219.32663577389        6.728571    
   330.0000       1199.61060326750        6.728571    
   345.0000       1181.61403834614        6.728571    
  0.0000000E+00   1162.50125911559        6.728571    
 
  0.0000000E+00   1056.15700400588        6.850000    
   15.00000       1036.30319040037        6.850000    
   30.00000       1014.83921212795        6.850000    
   45.00000       993.717532045673        6.850000    
   60.00000       977.384365501988        6.850000    
   75.00000       968.703082688043        6.850000    
   90.00000       967.066425045954        6.850000    
   105.0000       973.920150651428        6.850000    
   120.0000       987.556465136242        6.850000    
   135.0000       1006.63279778740        6.850000    
   150.0000       1029.59163554620        6.850000    
   165.0000       1054.36884523592        6.850000    
   180.0000       1078.57679276800        6.850000    
   195.0000       1100.82360408150        6.850000    
   210.0000       1116.67421101050        6.850000    
   225.0000       1127.89900993112        6.850000    
   240.0000       1134.19209960947        6.850000    
   255.0000       1134.27024152401        6.850000    
   270.0000       1129.38551989191        6.850000    
   285.0000       1124.11834875606        6.850000    
   300.0000       1117.24195451923        6.850000    
   315.0000       1104.95892010972        6.850000    
   330.0000       1089.25178979647        6.850000    
   345.0000       1072.60777550775        6.850000    
  0.0000000E+00   1056.15700400588        6.850000    
 
  0.0000000E+00   958.116946726680        6.971429    
   15.00000       941.148185599134        6.971429    
   30.00000       923.297244223545        6.971429    
   45.00000       904.979353878752        6.971429    
   60.00000       889.785896550363        6.971429    
   75.00000       880.512546955061        6.971429    
   90.00000       877.009210679562        6.971429    
   105.0000       880.639551530007        6.971429    
   120.0000       890.291027954909        6.971429    
   135.0000       905.039262055298        6.971429    
   150.0000       923.551354636180        6.971429    
   165.0000       944.202031882145        6.971429    
   180.0000       964.845846291729        6.971429    
   195.0000       984.516484961656        6.971429    
   210.0000       999.537103690179        6.971429    
   225.0000       1010.67766455073        6.971429    
   240.0000       1017.81953825203        6.971429    
   255.0000       1019.98747372629        6.971429    
   270.0000       1017.40880168327        6.971429    
   285.0000       1013.54745664705        6.971429    
   300.0000       1008.47946025152        6.971429    
   315.0000       999.285639642295        6.971429    
   330.0000       986.855045856538        6.971429    
   345.0000       973.060580454262        6.971429    
  0.0000000E+00   958.116946726680        6.971429    
 
  0.0000000E+00   869.028576048175        7.092857    
   15.00000       854.182232148846        7.092857    
   30.00000       838.583955567240        7.092857    
   45.00000       823.152978324436        7.092857    
   60.00000       809.590148032759        7.092857    
   75.00000       800.575553303022        7.092857    
   90.00000       796.346505728789        7.092857    
   105.0000       798.079531503753        7.092857    
   120.0000       805.051010630938        7.092857    
   135.0000       816.652255256796        7.092857    
   150.0000       831.671420013386        7.092857    
   165.0000       848.973901983255        7.092857    
   180.0000       866.511782630329        7.092857    
   195.0000       883.697597551310        7.092857    
   210.0000       897.460536535649        7.092857    
   225.0000       907.950416357264        7.092857    
   240.0000       915.105764363714        7.092857    
   255.0000       918.225122477917        7.092857    
   270.0000       916.990408673722        7.092857    
   285.0000       913.972851619353        7.092857    
   300.0000       909.911868209034        7.092857    
   315.0000       902.736231032696        7.092857    
   330.0000       892.714075742086        7.092857    
   345.0000       881.247327407015        7.092857    
  0.0000000E+00   869.028576048175        7.092857    
 
  0.0000000E+00   787.452272986105        7.214286    
   15.00000       775.337006554288        7.214286    
   30.00000       761.915102794380        7.214286    
   45.00000       748.220319688612        7.214286    
   60.00000       736.594276793407        7.214286    
   75.00000       728.591405594617        7.214286    
   90.00000       724.530889124158        7.214286    
   105.0000       725.419250969189        7.214286    
   120.0000       730.858281465046        7.214286    
   135.0000       740.353264525874        7.214286    
   150.0000       752.795169610981        7.214286    
   165.0000       767.565499300311        7.214286    
   180.0000       782.558208777746        7.214286    
   195.0000       797.454952711756        7.214286    
   210.0000       809.677634372193        7.214286    
   225.0000       819.075489294479        7.214286    
   240.0000       825.578250303130        7.214286    
   255.0000       828.666798714955        7.214286    
   270.0000       827.875002609166        7.214286    
   285.0000       825.178038733005        7.214286    
   300.0000       821.586697426906        7.214286    
   315.0000       815.593176547981        7.214286    
   330.0000       807.219207945292        7.214286    
   345.0000       797.550955255629        7.214286    
  0.0000000E+00   787.452272986105        7.214286    
 
  0.0000000E+00   713.272105328183        7.335714    
   15.00000       703.332338891459        7.335714    
   30.00000       692.352960181945        7.335714    
   45.00000       680.687464279280        7.335714    
   60.00000       670.486288761929        7.335714    
   75.00000       663.843907200039        7.335714    
   90.00000       660.529222378253        7.335714    
   105.0000       661.382305319156        7.335714    
   120.0000       666.104475200199        7.335714    
   135.0000       674.276191849879        7.335714    
   150.0000       684.921400089763        7.335714    
   165.0000       697.868451993050        7.335714    
   180.0000       710.815619159090        7.335714    
   195.0000       723.639228790134        7.335714    
   210.0000       734.162811977524        7.335714    
   225.0000       742.148149052947        7.335714    
   240.0000       747.511904459950        7.335714    
   255.0000       749.969823916961        7.335714    
   270.0000       748.990434266805        7.335714    
   285.0000       746.193460877578        7.335714    
   300.0000       742.618966680052        7.335714    
   315.0000       737.207752800750        7.335714    
   330.0000       729.943266055176        7.335714    
   345.0000       721.689165727365        7.335714    
  0.0000000E+00   713.272105328183        7.335714    
 
  0.0000000E+00   645.887924621824        7.457143    
   15.00000       637.701843371428        7.457143    
   30.00000       628.760308751173        7.457143    
   45.00000       619.321436826447        7.457143    
   60.00000       610.753519813824        7.457143    
   75.00000       605.373232360174        7.457143    
   90.00000       603.090603347493        7.457143    
   105.0000       604.333762044199        7.457143    
   120.0000       608.830997513889        7.457143    
   135.0000       616.185745695325        7.457143    
   150.0000       625.675007513390        7.457143    
   165.0000       637.253480937169        7.457143    
   180.0000       648.489799478479        7.457143    
   195.0000       659.392516470959        7.457143    
   210.0000       668.126412345344        7.457143    
   225.0000       674.578891881760        7.457143    
   240.0000       678.603681824050        7.457143    
   255.0000       680.007996563679        7.457143    
   270.0000       678.427520449414        7.457143    
   285.0000       675.308580751274        7.457143    
   300.0000       671.563210350197        7.457143    
   315.0000       666.446290953363        7.457143    
   330.0000       659.996783106840        7.457143    
   345.0000       652.924411919292        7.457143    
  0.0000000E+00   645.887924621824        7.457143    
 
  0.0000000E+00   584.465607278068        7.578571    
   15.00000       577.735858491546        7.578571    
   30.00000       570.514129967719        7.578571    
   45.00000       563.019257898291        7.578571    
   60.00000       556.437155017077        7.578571    
   75.00000       552.134110773411        7.578571    
   90.00000       550.879526244456        7.578571    
   105.0000       552.665465464232        7.578571    
   120.0000       557.158994228673        7.578571    
   135.0000       564.004007644896        7.578571    
   150.0000       572.960816943141        7.578571    
   165.0000       583.136355598021        7.578571    
   180.0000       592.837104485747        7.578571    
   195.0000       601.978283494935        7.578571    
   210.0000       608.996364616119        7.578571    
   225.0000       613.863154032656        7.578571    
   240.0000       616.444125415810        7.578571    
   255.0000       616.671232740104        7.578571    
   270.0000       614.373393271767        7.578571    
   285.0000       610.899286994599        7.578571    
   300.0000       606.978025731266        7.578571    
   315.0000       602.087370562486        7.578571    
   330.0000       596.342221448936        7.578571    
   345.0000       590.323736329596        7.578571    
  0.0000000E+00   584.465607278068        7.578571    
 
  0.0000000E+00   528.263766264001        7.700000    
   15.00000       522.776228392768        7.700000    
   30.00000       517.027435862357        7.700000    
   45.00000       511.219302809925        7.700000    
   60.00000       506.406241410855        7.700000    
   75.00000       503.550478228593        7.700000    
   90.00000       502.938416253111        7.700000    
   105.0000       505.145170146656        7.700000    
   120.0000       509.738538582960        7.700000    
   135.0000       516.501005839730        7.700000    
   150.0000       524.725894946007        7.700000    
   165.0000       533.623729389451        7.700000    
   180.0000       541.895592704116        7.700000    
   195.0000       549.374817406670        7.700000    
   210.0000       554.749034415682        7.700000    
   225.0000       558.119047302805        7.700000    
   240.0000       559.346078940136        7.700000    
   255.0000       558.481779163904        7.700000    
   270.0000       555.550690094224        7.700000    
   285.0000       551.817066749988        7.700000    
   300.0000       547.819611034586        7.700000    
   315.0000       543.204211193457        7.700000    
   330.0000       538.143954972486        7.700000    
   345.0000       533.093986189957        7.700000    
  0.0000000E+00   528.263766264001        7.700000    
 
  0.0000000E+00   476.785587742138        7.821429    
   15.00000       472.372859328195        7.821429    
   30.00000       467.892130281437        7.821429    
   45.00000       463.531937534555        7.821429    
   60.00000       460.219530452434        7.821429    
   75.00000       458.600465339395        7.821429    
   90.00000       458.882087992697        7.821429    
   105.0000       461.459161878213        7.821429    
   120.0000       466.083620214194        7.821429    
   135.0000       472.393191337949        7.821429    
   150.0000       479.785237910257        7.821429    
   165.0000       487.484144624031        7.821429    
   180.0000       494.427690208415        7.821429    
   195.0000       500.392331903346        7.821429    
   210.0000       504.302372680414        7.821429    
   225.0000       506.359794032624        7.821429    
   240.0000       506.434607462885        7.821429    
   255.0000       504.690299767135        7.821429    
   270.0000       501.312502484086        7.821429    
   285.0000       497.466553826550        7.821429    
   300.0000       493.522973177895        7.821429    
   315.0000       489.262295103992        7.821429    
   330.0000       484.883690704019        7.821429    
   345.0000       480.716779402667        7.821429    
  0.0000000E+00   476.785587742138        7.821429    
 
  0.0000000E+00   429.734037222034        7.942857    
   15.00000       426.251413510282        7.942857    
   30.00000       422.854541293918        7.942857    
   45.00000       419.713669061858        7.942857    
   60.00000       417.624312461868        7.942857    
   75.00000       416.978500839906        7.942857    
   90.00000       417.930719735091        7.942857    
   105.0000       420.770213991528        7.942857    
   120.0000       425.260206272465        7.942857    
   135.0000       431.066283414467        7.942857    
   150.0000       437.632720192911        7.942857    
   165.0000       444.218230783037        7.942857    
   180.0000       449.952678344665        7.942857    
   195.0000       454.585703351241        7.942857    
   210.0000       457.258740147661        7.942857    
   225.0000       458.239176793855        7.942857    
   240.0000       457.415053572029        7.942857    
   255.0000       455.045357467138        7.942857    
   270.0000       451.427406478639        7.942857    
   285.0000       447.610958449203        7.942857    
   300.0000       443.834429163885        7.942857    
   315.0000       439.988126542928        7.942857    
   330.0000       436.267487417230        7.942857    
   345.0000       432.885487869863        7.942857    
  0.0000000E+00   429.734037222034        7.942857    
 
  0.0000000E+00   386.883591802641        8.064285    
   15.00000       384.197779723965        8.064285    
   30.00000       381.712873228492        8.064285    
   45.00000       379.574228803848        8.064285    
   60.00000       378.444903872425        8.064285    
   75.00000       378.522938326538        8.064285    
   90.00000       379.929744480186        8.064285    
   105.0000       382.867866837472        8.064285    
   120.0000       387.119427298008        8.064285    
   135.0000       392.381117106762        8.064285    
   150.0000       398.141499530377        8.064285    
   165.0000       403.711794816102        8.064285    
   180.0000       408.376176518082        8.064285    
   195.0000       411.879958228087        8.064285    
   210.0000       413.555215593041        8.064285    
   225.0000       413.702392974010        8.064285    
   240.0000       412.232754489353        8.064285    
   255.0000       409.478004216306        8.064285    
   270.0000       405.798629710049        8.064285    
   285.0000       402.120882320128        8.064285    
   300.0000       398.589682958283        8.064285    
   315.0000       395.182989690852        8.064285    
   330.0000       392.071242388577        8.064285    
   345.0000       389.367816284010        8.064285    
  0.0000000E+00   386.883591802641        8.064285    
 
  0.0000000E+00   347.985132903237        8.185715    
   15.00000       345.971431671982        8.185715    
   30.00000       344.238427992280        8.185715    
   45.00000       342.902095943941        8.185715    
   60.00000       342.499717132707        8.185715    
   75.00000       343.087548896200        8.185715    
   90.00000       344.766794421484        8.185715    
   105.0000       347.671648385360        8.185715    
   120.0000       351.609882537675        8.185715    
   135.0000       356.310655189722        8.185715    
   150.0000       361.306360729125        8.185715    
   165.0000       365.971163838329        8.185715    
   180.0000       369.713105938656        8.185715    
   195.0000       372.288412889228        8.185715    
   210.0000       373.189700071873        8.185715    
   225.0000       372.725974863131        8.185715    
   240.0000       370.833338283327        8.185715    
   255.0000       367.891558294081        8.185715    
   270.0000       364.285176946341        8.185715    
   285.0000       360.819106666655        8.185715    
   300.0000       357.577644593500        8.185715    
   315.0000       354.605574605600        8.185715    
   330.0000       352.036879710750        8.185715    
   345.0000       349.906509221124        8.185715    
  0.0000000E+00   347.985132903237        8.185715    
 
  0.0000000E+00   312.739291223727        8.307143    
   15.00000       311.282165177098        8.307143    
   30.00000       310.155252621288        8.307143    
   45.00000       309.443947202637        8.307143    
   60.00000       309.572084057828        8.307143    
   75.00000       310.497183703796        8.307143    
   90.00000       312.307780821057        8.307143    
   105.0000       315.085804315054        8.307143    
   120.0000       318.668523364033        8.307143    
   135.0000       322.816957257350        8.307143    
   150.0000       327.107125464422        8.307143    
   165.0000       330.979968258930        8.307143    
   180.0000       333.943406867238        8.307143    
   195.0000       335.774012243326        8.307143    
   210.0000       336.095254897665        8.307143    
   225.0000       335.208108550254        8.307143    
   240.0000       333.072681689478        8.307143    
   255.0000       330.093836120530        8.307143    
   270.0000       326.652432677986        8.307143    
   285.0000       323.440868306379        8.307143    
   300.0000       320.507800501675        8.307143    
   315.0000       317.945656936803        8.307143    
   330.0000       315.848136651721        8.307143    
   345.0000       314.192884537881        8.307143    
  0.0000000E+00   312.739291223727        8.307143    
 
  0.0000000E+00   280.814457735773        8.428572    
   15.00000       279.809242035279        8.428572    
   30.00000       279.159182111307        8.428572    
   45.00000       278.920684102441        8.428572    
   60.00000       279.419516833001        8.428572    
   75.00000       280.548362722480        8.428572    
   90.00000       282.387125422510        8.428572    
   105.0000       284.978837467112        8.428572    
   120.0000       288.190989385972        8.428572    
   135.0000       291.814409417721        8.428572    
   150.0000       295.467974825164        8.428572    
   165.0000       298.658887786613        8.428572    
   180.0000       300.976208008370        8.428572    
   195.0000       302.221709542896        8.428572    
   210.0000       302.122969736189        8.428572    
   225.0000       300.962873650151        8.428572    
   240.0000       298.722906288966        8.428572    
   255.0000       295.814030104019        8.428572    
   270.0000       292.595840020300        8.428572    
   285.0000       289.660128929649        8.428572    
   300.0000       287.036750710182        8.428572    
   315.0000       284.849101926819        8.428572    
   330.0000       283.152188136493        8.428572    
   345.0000       281.885050405656        8.428572    
  0.0000000E+00   280.814457735773        8.428572    
 
  0.0000000E+00   251.877575746651        8.550000    
   15.00000       251.231524123622        8.550000    
   30.00000       250.946576042824        8.550000    
   45.00000       251.053614698300        8.550000    
   60.00000       251.796495090287        8.550000    
   75.00000       253.028779469191        8.550000    
   90.00000       254.823636666562        8.550000    
   105.0000       257.195887370953        8.550000    
   120.0000       260.041712365114        8.550000    
   135.0000       263.178954921478        8.550000    
   150.0000       266.267703390377        8.550000    
   165.0000       268.878265870252        8.550000    
   180.0000       270.666515148699        8.550000    
   195.0000       271.461036851963        8.550000    
   210.0000       271.070561852085        8.550000    
   225.0000       269.754482680770        8.550000    
   240.0000       267.512385930806        8.550000    
   255.0000       264.746420373208        8.550000    
   270.0000       261.784858272443        8.550000    
   285.0000       259.131554972891        8.550000    
   300.0000       256.808155066378        8.550000    
   315.0000       254.955233583080        8.550000    
   330.0000       253.593791370109        8.550000    
   345.0000       252.639567014944        8.550000    
  0.0000000E+00   251.877575746651        8.550000    
 
  0.0000000E+00   225.616984932490        8.671429    
   15.00000       225.249559653001        8.671429    
   30.00000       225.235142676915        8.671429    
   45.00000       225.583508384047        8.671429    
   60.00000       226.472038682597        8.671429    
   75.00000       227.734194937419        8.671429    
   90.00000       229.437110703705        8.671429    
   105.0000       231.575699994246        8.671429    
   120.0000       234.071743639438        8.671429    
   135.0000       236.767146996899        8.671429    
   150.0000       239.361157464313        8.671429    
   165.0000       241.482426640377        8.671429    
   180.0000       242.842452326184        8.671429    
   195.0000       243.296321897707        8.671429    
   210.0000       242.714852333521        8.671429    
   225.0000       241.331685032852        8.671429    
   240.0000       239.160828090012        8.671429    
   255.0000       236.584727987988        8.671429    
   270.0000       233.895719515873        8.671429    
   285.0000       231.521654313320        8.671429    
   300.0000       229.481943571370        8.671429    
   315.0000       227.923582351666        8.671429    
   330.0000       226.839763425774        8.671429    
   345.0000       226.134687143663        8.671429    
  0.0000000E+00   225.616984932490        8.671429    
 
  0.0000000E+00   201.752130551848        8.792857    
   15.00000       201.594679340099        8.792857    
   30.00000       201.772240971667        8.792857    
   45.00000       202.278186573778        8.792857    
   60.00000       203.237345207599        8.792857    
   75.00000       204.476669697550        8.792857    
   90.00000       206.057381253609        8.792857    
   105.0000       207.960897308201        8.792857    
   120.0000       210.130801375883        8.792857    
   135.0000       212.430133941843        8.792857    
   150.0000       214.594853457843        8.792857    
   165.0000       216.306639432408        8.792857    
   180.0000       217.323867660127        8.792857    
   195.0000       217.526490763827        8.792857    
   210.0000       216.831968760375        8.792857    
   225.0000       215.447847938508        8.792857    
   240.0000       213.398956438843        8.792857    
   255.0000       211.040565859859        8.792857    
   270.0000       208.628053529579        8.792857    
   285.0000       206.523933157693        8.792857    
   300.0000       204.748145313749        8.792857    
   315.0000       203.446059679263        8.792857    
   330.0000       202.589709930142        8.792857    
   345.0000       202.080386275819        8.792857    
  0.0000000E+00   201.752130551848        8.792857    
 
  0.0000000E+00   180.035491170003        8.914286    
   15.00000       180.030482676203        8.914286    
   30.00000       180.335934207926        8.914286    
   45.00000       180.933326307774        8.914286    
   60.00000       181.906976963896        8.914286    
   75.00000       183.086795924988        8.914286    
   90.00000       184.527941626632        8.914286    
   105.0000       186.203178774824        8.914286    
   120.0000       188.073851419332        8.914286    
   135.0000       190.021563292854        8.914286    
   150.0000       191.816441931995        8.914286    
   165.0000       193.187679757570        8.914286    
   180.0000       193.933526066037        8.914286    
   195.0000       193.956282365324        8.914286    
   210.0000       193.205090707998        8.914286    
   225.0000       191.866363048151        8.914286    
   240.0000       189.977840566477        8.914286    
   255.0000       187.851334548476        8.914286    
   270.0000       185.711283462806        8.914286    
   285.0000       183.864003777073        8.914286    
   300.0000       182.330809240257        8.914286    
   315.0000       181.249805094712        8.914286    
   330.0000       180.578241949989        8.914286    
   345.0000       180.220476493033        8.914286    
  0.0000000E+00   180.035491170003        8.914286    
 
  0.0000000E+00   160.249808751772        9.035714    
   15.00000       160.349860474421        9.035714    
   30.00000       160.731859362740        9.035714    
   45.00000       161.369460564000        9.035714    
   60.00000       162.316543980906        9.035714    
   75.00000       163.412289133091        9.035714    
   90.00000       164.705602372978        9.035714    
   105.0000       166.164262345643        9.035714    
   120.0000       167.763489592519        9.035714    
   135.0000       169.401190278397        9.035714    
   150.0000       170.879039725366        9.035714    
   165.0000       171.968492204690        9.035714    
   180.0000       172.501999212022        9.035714    
   195.0000       172.400375767714        9.035714    
   210.0000       171.639268881365        9.035714    
   225.0000       170.381155993750        9.035714    
   240.0000       168.671308167296        9.035714    
   255.0000       166.781121020663        9.035714    
   270.0000       164.904254077882        9.035714    
   285.0000       163.298535823877        9.035714    
   300.0000       161.986377864120        9.035714    
   315.0000       161.094910318517        9.035714    
   330.0000       160.572307215179        9.035714    
   345.0000       160.329872899494        9.035714    
  0.0000000E+00   160.249808751772        9.035714    
 
  0.0000000E+00   142.164570316863        9.157143    
   15.00000       142.330931183746        9.157143    
   30.00000       142.748755988705        9.157143    
   45.00000       143.387417276219        9.157143    
   60.00000       144.278596239143        9.157143    
   75.00000       145.274750187240        9.157143    
   90.00000       146.418342273094        9.157143    
   105.0000       147.674789651022        9.157143    
   120.0000       149.029535231793        9.157143    
   135.0000       150.394863600829        9.157143    
   150.0000       151.601488875718        9.157143    
   165.0000       152.458365936099        9.157143    
   180.0000       152.827571665006        9.157143    
   195.0000       152.648673235704        9.157143    
   210.0000       151.915632120173        9.157143    
   225.0000       150.764576468456        9.157143    
   240.0000       149.233865249092        9.157143    
   255.0000       147.578356304043        9.157143    
   270.0000       145.952933853186        9.157143    
   285.0000       144.573122399308        9.157143    
   300.0000       143.461467975145        9.157143    
   315.0000       142.731869768368        9.157143    
   330.0000       142.328343668933        9.157143    
   345.0000       142.171511629229        9.157143    
  0.0000000E+00   142.164570316863        9.157143    
 
  0.0000000E+00   125.662421977407        9.278572    
   15.00000       125.864737680337        9.278572    
   30.00000       126.287390544492        9.278572    
   45.00000       126.898309976789        9.278572    
   60.00000       127.713550233498        9.278572    
   75.00000       128.601175387026        9.278572    
   90.00000       129.597239470366        9.278572    
   105.0000       130.666865880176        9.278572    
   120.0000       131.802694518794        9.278572    
   135.0000       132.929816609689        9.278572    
   150.0000       133.905472776239        9.278572    
   165.0000       134.571635526641        9.278572    
   180.0000       134.816008030735        9.278572    
   195.0000       134.592735743792        9.278572    
   210.0000       133.907329692263        9.278572    
   225.0000       132.875558742852        9.278572    
   240.0000       131.535389246938        9.278572    
   255.0000       130.107360636300        9.278572    
   270.0000       128.718644119075        9.278572    
   285.0000       127.547879240185        9.278572    
   300.0000       126.616762459831        9.278572    
   315.0000       126.024919060463        9.278572    
   330.0000       125.716121255518        9.278572    
   345.0000       125.621412094936        9.278572    
  0.0000000E+00   125.662421977407        9.278572    
 
  0.0000000E+00   110.596189503771        9.400000    
   15.00000       110.810909914310        9.400000    
   30.00000       111.215166407746        9.400000    
   45.00000       111.777658698123        9.400000    
   60.00000       112.503954100858        9.400000    
   75.00000       113.278871065198        9.400000    
   90.00000       114.132231329434        9.400000    
   105.0000       115.030433690516        9.400000    
   120.0000       115.970797013399        9.400000    
   135.0000       116.889931338468        9.400000    
   150.0000       117.669196264307        9.400000    
   165.0000       118.179572551471        9.400000    
   180.0000       118.330984250887        9.400000    
   195.0000       118.089660689062        9.400000    
   210.0000       117.468227763921        9.400000    
   225.0000       116.563940400744        9.400000    
   240.0000       115.412786174043        9.400000    
   255.0000       114.201974922067        9.400000    
   270.0000       113.034246003197        9.400000    
   285.0000       112.055876846812        9.400000    
   300.0000       111.286775478585        9.400000    
   315.0000       110.812037577711        9.400000    
   330.0000       110.578232978089        9.400000    
   345.0000       110.527098949424        9.400000    
  0.0000000E+00   110.596189503771        9.400000    
 
  0.0000000E+00   96.8402509235155        9.521429    
   15.00000       97.0491160332528        9.521429    
   30.00000       97.4173581908694        9.521429    
   45.00000       97.9163369842136        9.521429    
   60.00000       98.5450590143635        9.521429    
   75.00000       99.2054992450857        9.521429    
   90.00000       99.9214014272230        9.521429    
   105.0000       100.662837159927        9.521429    
   120.0000       101.428964535776        9.521429    
   135.0000       102.166676180195        9.521429    
   150.0000       102.779175115469        9.521429    
   165.0000       103.162883593473        9.521429    
   180.0000       103.246986532154        9.521429    
   195.0000       103.007556263781        9.521429    
   210.0000       102.460997970908        9.521429    
   225.0000       101.687812868707        9.521429    
   240.0000       100.720800590124        9.521429    
   255.0000       99.7154395127370        9.521429    
   270.0000       98.7531019557126        9.521429    
   285.0000       97.9515163768401        9.521429    
   300.0000       97.3280018831990        9.521429    
   315.0000       96.9533521198706        9.521429    
   330.0000       96.7792097151267        9.521429    
   345.0000       96.7577288478151        9.521429    
  0.0000000E+00   96.8402509235155        9.521429    
 
  0.0000000E+00   84.2691471529489        9.642858    
   15.00000       84.4597693028585        9.642858    
   30.00000       84.7814159365718        9.642858    
   45.00000       85.2088637399660        9.642858    
   60.00000       85.7375276055753        9.642858    
   75.00000       86.2862676718542        9.642858    
   90.00000       86.8734822849974        9.642858    
   105.0000       87.4712821258773        9.642858    
   120.0000       88.0811347220771        9.642858    
   135.0000       88.6606719750909        9.642858    
   150.0000       89.1317464205487        9.642858    
   165.0000       89.4130823725834        9.642858    
   180.0000       89.4504778378691        9.642858    
   195.0000       89.2278414597636        9.642858    
   210.0000       88.7628079633769        9.642858    
   225.0000       88.1206268282083        9.642858    
   240.0000       87.3299940178355        9.642858    
   255.0000       86.5165945364206        9.642858    
   270.0000       85.7432771934125        9.642858    
   285.0000       85.1025874449593        9.642858    
   300.0000       84.6088401946927        9.642858    
   315.0000       84.3188717495373        9.642858    
   330.0000       84.1905624747061        9.642858    
   345.0000       84.1864213086919        9.642858    
  0.0000000E+00   84.2691471529489        9.642858    
 
  0.0000000E+00   72.7855716444976        9.764286    
   15.00000       72.9490866741018        9.764286    
   30.00000       73.2166977702329        9.764286    
   45.00000       73.5675117615694        9.764286    
   60.00000       73.9955141422252        9.764286    
   75.00000       74.4358863028251        9.764286    
   90.00000       74.9021867979405        9.764286    
   105.0000       75.3705187469619        9.764286    
   120.0000       75.8423860432782        9.764286    
   135.0000       76.2832189963281        9.764286    
   150.0000       76.6336205366222        9.764286    
   165.0000       76.8329080363404        9.764286    
   180.0000       76.8400858070891        9.764286    
   195.0000       76.6450975906900        9.764286    
   210.0000       76.2649500303658        9.764286    
   225.0000       75.7510027553281        9.764286    
   240.0000       75.1272382016543        9.764286    
   255.0000       74.4917316949028        9.764286    
   270.0000       73.8903582537317        9.764286    
   285.0000       73.3941935554898        9.764286    
   300.0000       73.0144791218036        9.764286    
   315.0000       72.7959626655935        9.764286    
   330.0000       72.7041173188293        9.764286    
   345.0000       72.7098492716898        9.764286    
  0.0000000E+00   72.7855716444976        9.764286    
 
  0.0000000E+00   62.3014295034636        9.885715    
   15.00000       62.4322914826969        9.885715    
   30.00000       62.6419636097820        9.885715    
   45.00000       62.9142433710277        9.885715    
   60.00000       63.2431754106356        9.885715    
   75.00000       63.5795233956133        9.885715    
   90.00000       63.9326485029891        9.885715    
   105.0000       64.2831822738365        9.885715    
   120.0000       64.6324017545447        9.885715    
   135.0000       64.9540136316019        9.885715    
   150.0000       65.2041764518629        9.885715    
   165.0000       65.3380986857915        9.885715    
   180.0000       65.3277807955231        9.885715    
   195.0000       65.1675591419504        9.885715    
   210.0000       64.8723038462517        9.885715    
   225.0000       64.4806695985151        9.885715    
   240.0000       64.0114756721491        9.885715    
   255.0000       63.5375854571977        9.885715    
   270.0000       63.0923296727626        9.885715    
   285.0000       62.7267368164628        9.885715    
   300.0000       62.4487504381978        9.885715    
   315.0000       62.2915809494422        9.885715    
   330.0000       62.2284399223623        9.885715    
   345.0000       62.2382175732744        9.885715    
  0.0000000E+00   62.3014295034636        9.885715    
 
  0.0000000E+00   52.7399849905267        10.00714    
   15.00000       52.8352723928555        10.00714    
   30.00000       52.9857767142190        10.00714    
   45.00000       53.1800257828953        10.00714    
   60.00000       53.4131307861612        10.00714    
   75.00000       53.6505232692927        10.00714    
   90.00000       53.8981414751325        10.00714    
   105.0000       54.1415664062564        10.00714    
   120.0000       54.3815225802684        10.00714    
   135.0000       54.5993713232108        10.00714    
   150.0000       54.7650902144740        10.00714    
   165.0000       54.8485226926022        10.00714    
   180.0000       54.8315647589638        10.00714    
   195.0000       54.7115709942176        10.00714    
   210.0000       54.5002654709026        10.00714    
   225.0000       54.2247190651058        10.00714    
   240.0000       53.8985353088122        10.00714    
   255.0000       53.5718405577751        10.00714    
   270.0000       53.2666209467017        10.00714    
   285.0000       53.0172413934543        10.00714    
   300.0000       52.8286277471130        10.00714    
   315.0000       52.7233976953572        10.00714    
   330.0000       52.6828566588481        10.00714    
   345.0000       52.6926562402429        10.00714    
  0.0000000E+00   52.7399849905267        10.00714    
 
  0.0000000E+00   44.0433741704351        10.12857    
   15.00000       44.1027221863200        10.12857    
   30.00000       44.1953764008078        10.12857    
   45.00000       44.3143776065656        10.12857    
   60.00000       44.4564999454197        10.12857    
   75.00000       44.6008381384390        10.12857    
   90.00000       44.7507849659280        10.12857    
   105.0000       44.8972824941664        10.12857    
   120.0000       45.0406538424467        10.12857    
   135.0000       45.1693941284179        10.12857    
   150.0000       45.2655072764086        10.12857    
   165.0000       45.3112004955897        10.12857    
   180.0000       45.2962306843779        10.12857    
   195.0000       45.2196701110262        10.12857    
   210.0000       45.0893046643438        10.12857    
   225.0000       44.9215974667095        10.12857    
   240.0000       44.7250151178923        10.12857    
   255.0000       44.5295047289749        10.12857    
   270.0000       44.3477886639478        10.12857    
   285.0000       44.1999407243511        10.12857    
   300.0000       44.0888285841175        10.12857    
   315.0000       44.0279543671460        10.12857    
   330.0000       44.0055323922866        10.12857    
   345.0000       44.0131513736014        10.12857    
  0.0000000E+00   44.0433741704351        10.12857    
 
  0.0000000E+00   36.1666014141529        10.25000    
   15.00000       36.1918784380909        10.25000    
   30.00000       36.2302465184493        10.25000    
   45.00000       36.2788100388899        10.25000    
   60.00000       36.3362628942805        10.25000    
   75.00000       36.3942466755229        10.25000    
   90.00000       36.4545727039603        10.25000    
   105.0000       36.5139473339812        10.25000    
   120.0000       36.5727786948732        10.25000    
   135.0000       36.6261944664480        10.25000    
   150.0000       36.6664175225124        10.25000    
   165.0000       36.6857434985584        10.25000    
   180.0000       36.6797521078533        10.25000    
   195.0000       36.6480246780471        10.25000    
   210.0000       36.5938545997348        10.25000    
   225.0000       36.5240459525159        10.25000    
   240.0000       36.4422091676427        10.25000    
   255.0000       36.3608049888657        10.25000    
   270.0000       36.2853185119391        10.25000    
   285.0000       36.2243234184516        10.25000    
   300.0000       36.1792484106734        10.25000    
   315.0000       36.1555648622534        10.25000    
   330.0000       36.1480434983856        10.25000    
   345.0000       36.1528332909807        10.25000    
  0.0000000E+00   36.1666014141529        10.25000    
 
