  0.0000000E+00   9418.80813695753     
   22.50000       9910.21306958742     
   45.00000       11283.6629245982     
   67.50000       12487.5975328612     
   90.00000       12375.0791332828     
   112.5000       12781.3491052673     
   135.0000       14412.3488732880     
   157.5000       16747.2430575892     
   180.0000       20009.8831781532     
   202.5000       21921.1989730805     
   225.0000       20670.9715138162     
   247.5000       18719.9217006021     
   270.0000       17555.2976420537     
   292.5000       14197.2427445092     
   315.0000       10889.3666883906     
   337.5000       9466.91852021883     
   360.0000       9418.80813695753     
   360.0000       9230.19498494158     
   382.5000       9545.35323688461     
   405.0000       10609.7702415325     
   427.5000       11580.8107324164     
   450.0000       11529.0742316725     
   472.5000       12008.4334476773     
   495.0000       13567.6872956787     
   517.5000       15305.1799119950     
   540.0000       17253.1338752694     
   562.5000       18621.2260119734     
   585.0000       17748.5769152440     
   607.5000       16285.7041938557     
   630.0000       15462.6015787677     
   652.5000       13378.4021242334     
   675.0000       10656.3934554300     
   697.5000       9375.97732774865     
   720.0000       9230.19498494158     
   720.0000       8939.62185495358     
   742.5000       8972.67855175045     
   765.0000       9556.98219448732     
   787.5000       10237.0924678795     
   810.0000       10283.6024071069     
   832.5000       10652.0270944836     
   855.0000       11752.1183066769     
   877.5000       12781.5355473682     
   900.0000       13933.1312736797     
   922.5000       14991.1897768835     
   945.0000       14720.8178444432     
   967.5000       13803.1632325775     
   990.0000       13272.8764324485     
   1012.500       12093.9764447605     
   1035.000       10416.0357342662     
   1057.500       9278.02848756631     
   1080.000       8939.62185495358     
   1080.000       8130.91712423130     
   1102.500       7963.80728817222     
   1125.000       8120.46741701387     
   1147.500       8500.44497415604     
   1170.000       8624.20813651884     
   1192.500       8819.03618924030     
   1215.000       9424.08729245468     
   1237.500       10049.8438000475     
   1260.000       10696.7378165537     
   1282.500       11490.4628182151     
   1305.000       11688.9141689892     
   1327.500       11256.2193247046     
   1350.000       10942.5429928985     
   1372.500       10369.5294046011     
   1395.000       9406.06458103918     
   1417.500       8556.79770004560     
   1440.000       8130.91712423130     
   1440.000       6887.77611178322     
   1462.500       6686.52666693411     
   1485.000       6665.17792010220     
   1507.500       6846.90485281381     
   1530.000       6998.18184115031     
   1552.500       7114.86051339486     
   1575.000       7456.45773888766     
   1597.500       7855.05479492531     
   1620.000       8224.88325694117     
   1642.500       8744.45320031282     
   1665.000       9040.81347289853     
   1687.500       8872.17899941753     
   1710.000       8681.78813785925     
   1732.500       8385.71504397720     
   1755.000       7841.64546049599     
   1777.500       7261.47744684156     
   1800.000       6887.77611178322     
   1800.000       5564.62858320468     
   1822.500       5440.14871529168     
   1845.000       5426.20879013108     
   1867.500       5549.22249204574     
   1890.000       5688.98148760696     
   1912.500       5792.40595689599     
   1935.000       6034.14238616710     
   1957.500       6301.51980002187     
   1980.000       6540.42065888442     
   2002.500       6862.57834724834     
   2025.000       7038.69955310862     
   2047.500       6912.72328983291     
   2070.000       6757.95075117669     
   2092.500       6535.94126704971     
   2115.000       6179.68206716900     
   2137.500       5805.46521524099     
   2160.000       5564.62858320468     
   2160.000       4406.12221683765     
   2182.500       4368.81982175665     
   2205.000       4403.89417274235     
   2227.500       4517.47504461616     
   2250.000       4633.81611155127     
   2272.500       4735.35554779586     
   2295.000       4925.02116512433     
   2317.500       5104.35445867788     
   2340.000       5264.71351811703     
   2362.500       5438.88389917272     
   2385.000       5471.80892524390     
   2407.500       5329.09433634129     
   2430.000       5180.86882639388     
   2452.500       4983.18591506171     
   2475.000       4736.48818009347     
   2497.500       4519.01622299706     
   2520.000       4406.12221683765     
   2520.000       3457.83549985485     
   2542.500       3473.34731999378     
   2565.000       3534.52100733024     
   2587.500       3633.23816371749     
   2610.000       3724.01902251267     
   2632.500       3815.35641005974     
   2655.000       3956.90895370230     
   2677.500       4072.38944319522     
   2700.000       4170.73658559738     
   2722.500       4238.36114384997     
   2745.000       4189.31853714462     
   2767.500       4050.49995513391     
   2790.000       3916.77642715037     
   2812.500       3754.57642170641     
   2835.000       3597.06029954311     
   2857.500       3488.62840579388     
   2880.000       3457.83549985485     
   2880.000       2699.94751729551     
   2902.500       2736.87099955058     
   2925.000       2801.19520557381     
   2947.500       2879.79379435463     
   2970.000       2948.43951403199     
   2992.500       3022.62590024200     
   3015.000       3121.78464915275     
   3037.500       3193.03598445289     
   3060.000       3246.42022182507     
   3082.500       3253.65370357924     
   3105.000       3178.42431772760     
   3127.500       3060.14752420841     
   3150.000       2948.67607882054     
   3172.500       2827.04218568202     
   3195.000       2734.45013447288     
   3217.500       2690.00531159570     
   3240.000       2699.94751729551     
   3240.000       2101.08754010453     
   3262.500       2142.88947148458     
   3285.000       2200.14286495263     
   3307.500       2259.41597496040     
   3330.000       2309.52165154390     
   3352.500       2365.80353940232     
   3375.000       2432.80540956006     
   3397.500       2476.62265187067     
   3420.000       2501.70563758484     
   3442.500       2481.01229252046     
   3465.000       2406.44980796645     
   3487.500       2312.10317834105     
   3510.000       2223.75410939117     
   3532.500       2137.03521856159     
   3555.000       2085.94522309196     
   3577.500       2074.84714596528     
   3600.000       2101.08754010453     
   3600.000       1628.34348115612     
   3622.500       1667.14799101935     
   3645.000       1714.03709407356     
   3667.500       1757.46586651319     
   3690.000       1793.60569203025     
   3712.500       1834.56710016197     
   3735.000       1879.08325364603     
   3757.500       1905.77293774878     
   3780.000       1915.03316955663     
   3802.500       1885.26221346148     
   3825.000       1821.66282975082     
   3847.500       1748.96523539880     
   3870.000       1681.06980692458     
   3892.500       1620.71496641946     
   3915.000       1594.07188855716     
   3937.500       1598.41059268094     
   3960.000       1628.34348115612     
   3960.000       1253.85713782934     
   3982.500       1286.50466907524     
   4005.000       1322.98066036411     
   4027.500       1354.11951491173     
   4050.000       1379.74526761438     
   4072.500       1408.75953910156     
   4095.000       1438.24089709527     
   4117.500       1454.80505716414     
   4140.000       1456.38184537692     
   4162.500       1427.12696088746     
   4185.000       1376.88550134937     
   4207.500       1322.17123574592     
   4230.000       1271.11108509354     
   4252.500       1229.47373440042     
   4275.000       1216.28115401560     
   4297.500       1226.25057334118     
   4320.000       1253.85713782934     
   4320.000       955.003224205378     
   4342.500       980.614010303019     
   4365.000       1007.78566626132     
   4387.500       1029.62147620679     
   4410.000       1047.41288523515     
   4432.500       1067.44890817310     
   4455.000       1086.98526890155     
   4477.500       1097.64281209236     
   4500.000       1096.30492968295     
   4522.500       1071.82399603899     
   4545.000       1034.23223390229     
   4567.500       994.074456848317     
   4590.000       956.549949494277     
   4612.500       927.978530210949     
   4635.000       921.730362926849     
   4657.500       932.289623824061     
   4680.000       955.003224205378     
   4680.000       715.751077575562     
   4702.500       734.588970751023     
   4725.000       753.927969362173     
   4747.500       768.805726839800     
   4770.000       780.802402352641     
   4792.500       794.327905361541     
   4815.000       807.249419273997     
   4837.500       814.337771213478     
   4860.000       812.581105641918     
   4882.500       794.267950205779     
   4905.000       767.614582802773     
   4927.500       739.178046803276     
   4950.000       712.476054978454     
   4972.500       692.979281036973     
   4995.000       689.873194752684     
   5017.500       698.650700763665     
   5040.000       715.751077575562     
   5040.000       522.373906260785     
   5062.500       535.033239069259     
   5085.000       547.799222387988     
   5107.500       557.329947462900     
   5130.000       564.903700809455     
   5152.500       573.492706563134     
   5175.000       581.789105507516     
   5197.500       586.596501890029     
   5220.000       585.461358688604     
   5242.500       573.323071298208     
   5265.000       555.867608385442     
   5287.500       537.020270267894     
   5310.000       519.146867613380     
   5332.500       506.370169816350     
   5355.000       504.643991138953     
   5377.500       510.795163818584     
   5400.000       522.373906260785     
   5400.000       363.087020905652     
   5422.500       370.187148721112     
   5445.000       377.281730863318     
   5467.500       382.464716476983     
   5490.000       386.482954442437     
   5512.500       391.111073845579     
   5535.000       395.766372725125     
   5557.500       398.710471873076     
   5580.000       398.432762905188     
   5602.500       391.971636840937     
   5625.000       382.410147852560     
   5647.500       371.837881575777     
   5670.000       361.645623467685     
   5692.500       354.309202665642     
   5715.000       353.220674512608     
   5737.500       356.609308950074     
   5760.000       363.087020905652     
