  0.0000000E+00  0.278019756078720     
   22.50000      0.263661980628967     
   45.00000      0.253380715847015     
   67.50000      0.248361438512802     
   90.00000      0.246582120656967     
   112.5000      0.244897201657295     
   135.0000      0.240770444273949     
   157.5000      0.238283753395081     
   180.0000      0.237661391496658     
   202.5000      0.241710796952248     
   225.0000      0.250815480947495     
   247.5000      0.260631859302521     
   270.0000      0.271876603364944     
   292.5000      0.284856438636780     
   315.0000      0.292261511087418     
   337.5000      0.289249420166016     
   360.0000      0.278019756078720     
   360.0000      0.272293448448181     
   382.5000      0.259256422519684     
   405.0000      0.249487817287445     
   427.5000      0.244252964854240     
   450.0000      0.241842284798622     
   472.5000      0.239920750260353     
   495.0000      0.237276300787926     
   517.5000      0.235119596123695     
   540.0000      0.234388828277588     
   562.5000      0.237629860639572     
   585.0000      0.244503855705261     
   607.5000      0.252945125102997     
   630.0000      0.263598948717117     
   652.5000      0.276097953319550     
   675.0000      0.283790647983551     
   697.5000      0.282013326883316     
   720.0000      0.272293448448181     
   720.0000      0.265868306159973     
   742.5000      0.255809903144836     
   765.0000      0.247248604893684     
   787.5000      0.241951838135719     
   810.0000      0.239110738039017     
   832.5000      0.237167507410049     
   855.0000      0.234894752502441     
   877.5000      0.232751503586769     
   900.0000      0.231446012854576     
   922.5000      0.233098775148392     
   945.0000      0.237975120544434     
   967.5000      0.244256585836411     
   990.0000      0.252316027879715     
   1012.500      0.263194352388382     
   1035.000      0.271257638931274     
   1057.500      0.272073149681091     
   1080.000      0.265868306159973     
   1080.000      0.259812891483307     
   1102.500      0.253930121660233     
   1125.000      0.247436597943306     
   1147.500      0.242253333330154     
   1170.000      0.238815128803253     
   1192.500      0.236484855413437     
   1215.000      0.234204098582268     
   1237.500      0.231989309191704     
   1260.000      0.229994505643845     
   1282.500      0.229861170053482     
   1305.000      0.232638075947762     
   1327.500      0.237211793661118     
   1350.000      0.243114188313484     
   1372.500      0.250933557748795     
   1395.000      0.258399456739426     
   1417.500      0.261734277009964     
   1440.000      0.259812891483307     
   1440.000      0.254916906356812     
   1462.500      0.251613914966583     
   1485.000      0.246796205639839     
   1507.500      0.242137759923935     
   1530.000      0.238617882132530     
   1552.500      0.236164554953575     
   1575.000      0.233913466334343     
   1597.500      0.231736660003662     
   1620.000      0.229479730129242     
   1642.500      0.228356584906578     
   1665.000      0.229799062013626     
   1687.500      0.233348533511162     
   1710.000      0.238025367259979     
   1732.500      0.244127154350281     
   1755.000      0.250717759132385     
   1777.500      0.254799067974091     
   1800.000      0.254916906356812     
   1800.000      0.250786960124969     
   1822.500      0.247914046049118     
   1845.000      0.243787154555321     
   1867.500      0.239778757095337     
   1890.000      0.236793339252472     
   1912.500      0.234711989760399     
   1935.000      0.232744768261909     
   1957.500      0.230776205658913     
   1980.000      0.228743433952332     
   2002.500      0.227814838290215     
   2025.000      0.229273676872253     
   2047.500      0.232704699039459     
   2070.000      0.237040400505066     
   2092.500      0.242419436573982     
   2115.000      0.247899278998375     
   2137.500      0.250986814498901     
   2160.000      0.250786960124969     
   2160.000      0.246960937976837     
   2182.500      0.243615031242371     
   2205.000      0.239752814173698     
   2227.500      0.236493632197380     
   2250.000      0.234350517392159     
   2272.500      0.232885941863060     
   2295.000      0.231354936957359     
   2317.500      0.229750379920006     
   2340.000      0.228326097130775     
   2362.500      0.228308990597725     
   2385.000      0.230476275086403     
   2407.500      0.234158560633659     
   2430.000      0.238487914204597     
   2452.500      0.243351340293884     
   2475.000      0.247306451201439     
   2497.500      0.248501032590866     
   2520.000      0.246960937976837     
   2520.000      0.243601545691490     
   2542.500      0.239931508898735     
   2565.000      0.236440598964691     
   2587.500      0.233962178230286     
   2610.000      0.232629612088203     
   2632.500      0.231760248541832     
   2655.000      0.230679348111153     
   2677.500      0.229521647095680     
   2700.000      0.228839382529259     
   2722.500      0.229749590158463     
   2745.000      0.232495680451393     
   2767.500      0.236308857798576     
   2790.000      0.240522056818008     
   2812.500      0.244612112641335     
   2835.000      0.246857792139053     
   2857.500      0.246276289224625     
   2880.000      0.243601545691490     
   2880.000      0.241069659590721     
   2902.500      0.237366780638695     
   2925.000      0.234319344162941     
   2947.500      0.232512861490250     
   2970.000      0.231820225715637     
   2992.500      0.231443926692009     
   3015.000      0.230768620967865     
   3037.500      0.230053573846817     
   3060.000      0.230026170611382     
   3082.500      0.231590598821640     
   3105.000      0.234603598713875     
   3127.500      0.238355293869972     
   3150.000      0.242262288928032     
   3172.500      0.245428413152695     
   3195.000      0.246208637952805     
   3217.500      0.244394898414612     
   3240.000      0.241069659590721     
   3240.000      0.239386647939682     
   3262.500      0.235821336507797     
   3285.000      0.233202457427979     
   3307.500      0.231926724314690     
   3330.000      0.231714859604836     
   3352.500      0.231726139783859     
   3375.000      0.231393575668335     
   3397.500      0.231066644191742     
   3420.000      0.231543302536011     
   3442.500      0.233492597937584     
   3465.000      0.236542537808418     
   3487.500      0.240103811025620     
   3510.000      0.243589282035828     
   3532.500      0.245870351791382     
   3555.000      0.245567232370377     
   3577.500      0.243006631731987     
   3600.000      0.239386647939682     
   3600.000      0.238474190235138     
   3622.500      0.235129281878471     
   3645.000      0.232893094420433     
   3667.500      0.232026636600494     
   3690.000      0.232168585062027     
   3712.500      0.232473090291023     
   3735.000      0.232411935925484     
   3757.500      0.232393160462379     
   3780.000      0.233217984437943     
   3802.500      0.235343590378761     
   3825.000      0.238288953900337     
   3847.500      0.241589099168777     
   3870.000      0.244619354605675     
   3892.500      0.246156066656113     
   3915.000      0.245124280452728     
   3937.500      0.242163315415382     
   3960.000      0.238474190235138     
   3960.000      0.238273188471794     
   3982.500      0.235192820429802     
   4005.000      0.233291968703270     
   4027.500      0.232737973332405     
   4050.000      0.233133688569069     
   4072.500      0.233643949031830     
   4095.000      0.233777314424515     
   4117.500      0.233973637223244     
   4140.000      0.234999969601631     
   4162.500      0.237144678831100     
   4185.000      0.239898368716240     
   4207.500      0.242901518940926     
   4230.000      0.245496660470963     
   4252.500      0.246464371681213     
   4275.000      0.244993552565575     
   4297.500      0.241879299283028     
   4320.000      0.238273188471794     
   4320.000      0.238754183053970     
   4342.500      0.235976517200470     
   4365.000      0.234375387430191     
   4387.500      0.234056115150452     
   4410.000      0.234615027904510     
   4432.500      0.235247522592545     
   4455.000      0.235496461391449     
   4477.500      0.235811978578568     
   4500.000      0.236906141042709     
   4522.500      0.238945856690407     
   4545.000      0.241444230079651     
   4567.500      0.244124934077263     
   4590.000      0.246324449777603     
   4612.500      0.246892228722572     
   4635.000      0.245221927762032     
   4657.500      0.242151349782944     
   4680.000      0.238754183053970     
   4680.000      0.239923700690269     
   4702.500      0.237507998943329     
   4725.000      0.236191272735596     
   4747.500      0.236039713025093     
   4770.000      0.236669704318047     
   4792.500      0.237336218357086     
   4815.000      0.237624987959862     
   4837.500      0.237970545887947     
   4860.000      0.239010989665985     
   4882.500      0.240833848714828     
   4905.000      0.243007570505142     
   4927.500      0.245320782065392     
   4950.000      0.247148782014847     
   4972.500      0.247462406754494     
   4995.000      0.245805054903030     
   5017.500      0.242971360683441     
   5040.000      0.239923700690269     
   5040.000      0.241851314902306     
   5062.500      0.239912167191505     
   5085.000      0.238897114992142     
   5107.500      0.238849908113480     
   5130.000      0.239442080259323     
   5152.500      0.240041211247444     
   5175.000      0.240300953388214     
   5197.500      0.240601688623428     
   5220.000      0.241470679640770     
   5242.500      0.242948010563850     
   5265.000      0.244686901569366     
   5287.500      0.246532246470451     
   5310.000      0.247958689928055     
   5332.500      0.248127058148384     
   5355.000      0.246700853109360     
   5377.500      0.244345456361771     
   5400.000      0.241851314902306     
   5400.000      0.244756028056145     
   5422.500      0.243524104356766     
   5445.000      0.242892280220985     
   5467.500      0.242889881134033     
   5490.000      0.243300408124924     
   5512.500      0.243703514337540     
   5535.000      0.243871062994003     
   5557.500      0.244061380624771     
   5580.000      0.244618430733681     
   5602.500      0.245554983615875     
   5625.000      0.246650204062462     
   5647.500      0.247811600565910     
   5670.000      0.248702198266983     
   5692.500      0.248789086937904     
   5715.000      0.247864186763763     
   5737.500      0.246351256966591     
   5760.000      0.244756028056145     
