  0.0000000E+00  0.225061640143394        6.000000    
   22.50000      0.226258054375648        6.000000    
   45.00000      0.229354783892632        6.000000    
   67.50000      0.233251467347145        6.000000    
   90.00000      0.238273695111275        6.000000    
   112.5000      0.242440894246101        6.000000    
   135.0000      0.244813710451126        6.000000    
   157.5000      0.244954586029053        6.000000    
   180.0000      0.242233797907829        6.000000    
   202.5000      0.238891005516052        6.000000    
   225.0000      0.231728553771973        6.000000    
   247.5000      0.227975681424141        6.000000    
   270.0000      0.227234438061714        6.000000    
   292.5000      0.227056205272675        6.000000    
   315.0000      0.227195546030998        6.000000    
   337.5000      0.225205525755882        6.000000    
  0.0000000E+00  0.225061640143394        6.000000    
 
  0.0000000E+00  0.219443872570992        6.283333    
   22.50000      0.219915971159935        6.283333    
   45.00000      0.222742348909378        6.283333    
   67.50000      0.226150691509247        6.283333    
   90.00000      0.230562120676041        6.283333    
   112.5000      0.234206646680832        6.283333    
   135.0000      0.236106961965561        6.283333    
   157.5000      0.235936120152473        6.283333    
   180.0000      0.233019188046455        6.283333    
   202.5000      0.229770213365555        6.283333    
   225.0000      0.225301668047905        6.283333    
   247.5000      0.222834274172783        6.283333    
   270.0000      0.222360178828239        6.283333    
   292.5000      0.222291380167007        6.283333    
   315.0000      0.222393095493317        6.283333    
   337.5000      0.220801621675491        6.283333    
  0.0000000E+00  0.219443872570992        6.283333    
 
  0.0000000E+00  0.215096220374107        6.566667    
   22.50000      0.214226216077805        6.566667    
   45.00000      0.215768858790398        6.566667    
   67.50000      0.218378946185112        6.566667    
   90.00000      0.221919119358063        6.566667    
   112.5000      0.224969029426575        6.566667    
   135.0000      0.226331442594528        6.566667    
   157.5000      0.226063132286072        6.566667    
   180.0000      0.223556086421013        6.566667    
   202.5000      0.221729978919029        6.566667    
   225.0000      0.219292119145393        6.566667    
   247.5000      0.217770367860794        6.566667    
   270.0000      0.217563867568970        6.566667    
   292.5000      0.217624738812447        6.566667    
   315.0000      0.217695340514183        6.566667    
   337.5000      0.216554701328278        6.566667    
  0.0000000E+00  0.215096220374107        6.566667    
 
  0.0000000E+00  0.212236553430557        6.850000    
   22.50000      0.210953399538994        6.850000    
   45.00000      0.211085379123688        6.850000    
   67.50000      0.212206482887268        6.850000    
   90.00000      0.214779689908028        6.850000    
   112.5000      0.217266514897346        6.850000    
   135.0000      0.218290686607361        6.850000    
   157.5000      0.218491584062576        6.850000    
   180.0000      0.217143774032593        6.850000    
   202.5000      0.215979039669037        6.850000    
   225.0000      0.214634671807289        6.850000    
   247.5000      0.213787093758583        6.850000    
   270.0000      0.213822871446609        6.850000    
   292.5000      0.214058279991150        6.850000    
   315.0000      0.214174121618271        6.850000    
   337.5000      0.213388919830322        6.850000    
  0.0000000E+00  0.212236553430557        6.850000    
 
  0.0000000E+00  0.210257872939110        7.133333    
   22.50000      0.208993464708328        7.133333    
   45.00000      0.208587154746056        7.133333    
   67.50000      0.208937749266624        7.133333    
   90.00000      0.210445120930672        7.133333    
   112.5000      0.212442830204964        7.133333    
   135.0000      0.213396608829498        7.133333    
   157.5000      0.213656261563301        7.133333    
   180.0000      0.212751418352127        7.133333    
   202.5000      0.211881905794144        7.133333    
   225.0000      0.211069703102112        7.133333    
   247.5000      0.210741952061653        7.133333    
   270.0000      0.211104750633240        7.133333    
   292.5000      0.211629211902618        7.133333    
   315.0000      0.211836263537407        7.133333    
   337.5000      0.211202085018158        7.133333    
  0.0000000E+00  0.210257872939110        7.133333    
 
  0.0000000E+00  0.208750590682030        7.416667    
   22.50000      0.207538112998009        7.416667    
   45.00000      0.207028239965439        7.416667    
   67.50000      0.207214474678040        7.416667    
   90.00000      0.208375260233879        7.416667    
   112.5000      0.210016980767250        7.416667    
   135.0000      0.210714086890221        7.416667    
   157.5000      0.210695266723633        7.416667    
   180.0000      0.209785416722298        7.416667    
   202.5000      0.209005400538445        7.416667    
   225.0000      0.208462998270988        7.416667    
   247.5000      0.208588957786560        7.416667    
   270.0000      0.209342852234840        7.416667    
   292.5000      0.210184812545776        7.416667    
   315.0000      0.210408389568329        7.416667    
   337.5000      0.209732159972191        7.416667    
  0.0000000E+00  0.208750590682030        7.416667    
 
  0.0000000E+00  0.207774505019188        7.700000    
   22.50000      0.206567913293839        7.700000    
   45.00000      0.206087097525597        7.700000    
   67.50000      0.206353217363358        7.700000    
   90.00000      0.207534387707710        7.700000    
   112.5000      0.208970561623573        7.700000    
   135.0000      0.209382802248001        7.700000    
   157.5000      0.208999931812286        7.700000    
   180.0000      0.207959294319153        7.700000    
   202.5000      0.207227587699890        7.700000    
   225.0000      0.206907466053963        7.700000    
   247.5000      0.207458361983299        7.700000    
   270.0000      0.208584606647491        7.700000    
   292.5000      0.209661886096001        7.700000    
   315.0000      0.209777086973190        7.700000    
   337.5000      0.208937972784042        7.700000    
  0.0000000E+00  0.207774505019188        7.700000    
 
  0.0000000E+00  0.207445591688156        7.983334    
   22.50000      0.206230744719505        7.983334    
   45.00000      0.205786079168320        7.983334    
   67.50000      0.206171303987503        7.983334    
   90.00000      0.207446053624153        7.983334    
   112.5000      0.208752870559692        7.983334    
   135.0000      0.208937987685204        7.983334    
   157.5000      0.208258539438248        7.983334    
   180.0000      0.207125663757324        7.983334    
   202.5000      0.206450238823891        7.983334    
   225.0000      0.206334546208382        7.983334    
   247.5000      0.207234933972359        7.983334    
   270.0000      0.208652913570404        7.983334    
   292.5000      0.209872066974640        7.983334    
   315.0000      0.209833100438118        7.983334    
   337.5000      0.208808898925781        7.983334    
  0.0000000E+00  0.207445591688156        7.983334    
 
  0.0000000E+00  0.207718163728714        8.266666    
   22.50000      0.206500068306923        8.266666    
   45.00000      0.206070780754089        8.266666    
   67.50000      0.206541910767555        8.266666    
   90.00000      0.207876279950142        8.266666    
   112.5000      0.209089159965515        8.266666    
   135.0000      0.209123566746712        8.266666    
   157.5000      0.208252847194672        8.266666    
   180.0000      0.207089766860008        8.266666    
   202.5000      0.206475123763084        8.266666    
   225.0000      0.206525027751923        8.266666    
   247.5000      0.207671999931335        8.266666    
   270.0000      0.209283173084259        8.266666    
   292.5000      0.210575714707375        8.266666    
   315.0000      0.210403278470039        8.266666    
   337.5000      0.209235340356827        8.266666    
  0.0000000E+00  0.207718163728714        8.266666    
 
  0.0000000E+00  0.208501681685448        8.550000    
   22.50000      0.207292392849922        8.550000    
   45.00000      0.206864997744560        8.550000    
   67.50000      0.207381576299667        8.550000    
   90.00000      0.208728879690170        8.550000    
   112.5000      0.209865495562553        8.550000    
   135.0000      0.209808945655823        8.550000    
   157.5000      0.208833932876587        8.550000    
   180.0000      0.207686603069305        8.550000    
   202.5000      0.207134410738945        8.550000    
   225.0000      0.207310870289803        8.550000    
   247.5000      0.208608984947205        8.550000    
   270.0000      0.210326105356216        8.550000    
   292.5000      0.211643114686012        8.550000    
   315.0000      0.211371943354607        8.550000    
   337.5000      0.210112988948822        8.550000    
  0.0000000E+00  0.208501681685448        8.550000    
 
  0.0000000E+00  0.209765106439590        8.833333    
   22.50000      0.208581686019897        8.833333    
   45.00000      0.208152577280998        8.833333    
   67.50000      0.208682984113693        8.833333    
   90.00000      0.210006386041641        8.833333    
   112.5000      0.211073294281960        8.833333    
   135.0000      0.210965916514397        8.833333    
   157.5000      0.209950923919678        8.833333    
   180.0000      0.208851039409637        8.833333    
   202.5000      0.208358928561211        8.833333    
   225.0000      0.208626568317413        8.833333    
   247.5000      0.210001558065414        8.833333    
   270.0000      0.211754962801933        8.833333    
   292.5000      0.213057041168213        8.833333    
   315.0000      0.212717846035957        8.833333    
   337.5000      0.211416080594063        8.833333    
  0.0000000E+00  0.209765106439590        8.833333    
 
  0.0000000E+00  0.211574852466583        9.116667    
   22.50000      0.210436224937439        9.116667    
   45.00000      0.210010498762131        9.116667    
   67.50000      0.210531607270241        9.116667    
   90.00000      0.211798921227455        9.116667    
   112.5000      0.212793648242950        9.116667    
   135.0000      0.212662175297737        9.116667    
   157.5000      0.211656779050827        9.116667    
   180.0000      0.210628792643547        9.116667    
   202.5000      0.210197463631630        9.116667    
   225.0000      0.210525408387184        9.116667    
   247.5000      0.211915716528893        9.116667    
   270.0000      0.213642835617065        9.116667    
   292.5000      0.214894682168961        9.116667    
   315.0000      0.214513584971428        9.116667    
   337.5000      0.213213697075844        9.116667    
  0.0000000E+00  0.211574852466583        9.116667    
 
  0.0000000E+00  0.214104339480400        9.400000    
   22.50000      0.213035956025124        9.400000    
   45.00000      0.212624236941338        9.400000    
   67.50000      0.213115423917770        9.400000    
   90.00000      0.214293509721756        9.400000    
   112.5000      0.215204507112503        9.400000    
   135.0000      0.215067490935326        9.400000    
   157.5000      0.214114814996719        9.400000    
   180.0000      0.213182419538498        9.400000    
   202.5000      0.212815105915070        9.400000    
   225.0000      0.213175848126411        9.400000    
   247.5000      0.214523598551750        9.400000    
   270.0000      0.216162621974945        9.400000    
   292.5000      0.217327803373337        9.400000    
   315.0000      0.216928496956825        9.400000    
   337.5000      0.215676352381706        9.400000    
  0.0000000E+00  0.214104339480400        9.400000    
 
  0.0000000E+00  0.217708110809326        9.683333    
   22.50000      0.216745972633362        9.683333    
   45.00000      0.216364920139313        9.683333    
   67.50000      0.216804355382919        9.683333    
   90.00000      0.217851907014847        9.683333    
   112.5000      0.218656107783318        9.683333    
   135.0000      0.218527719378471        9.683333    
   157.5000      0.217672765254974        9.683333    
   180.0000      0.216865062713623        9.683333    
   202.5000      0.216568648815155        9.683333    
   225.0000      0.216934487223625        9.683333    
   247.5000      0.218175917863846        9.683333    
   270.0000      0.219655528664589        9.683333    
   292.5000      0.220689713954926        9.683333    
   315.0000      0.220296904444695        9.683333    
   337.5000      0.219146817922592        9.683333    
  0.0000000E+00  0.217708110809326        9.683333    
 
  0.0000000E+00  0.223108395934105        9.966667    
   22.50000      0.222309768199921        9.966667    
   45.00000      0.221985518932343        9.966667    
   67.50000      0.222344368696213        9.966667    
   90.00000      0.223199948668480        9.966667    
   112.5000      0.223855242133141        9.966667    
   135.0000      0.223748564720154        9.966667    
   157.5000      0.223049238324165        9.966667    
   180.0000      0.222409531474113        9.966667    
   202.5000      0.222196131944656        9.966667    
   225.0000      0.222532644867897        9.966667    
   247.5000      0.223581373691559        9.966667    
   270.0000      0.224803611636162        9.966667    
   292.5000      0.225643247365952        9.966667    
   315.0000      0.225289121270180        9.966667    
   337.5000      0.224318370223045        9.966667    
  0.0000000E+00  0.223108395934105        9.966667    
 
  0.0000000E+00  0.231963768601418        10.25000    
   22.50000      0.231433674693108        10.25000    
   45.00000      0.231213167309761        10.25000    
   67.50000      0.231444522738457        10.25000    
   90.00000      0.231999874114990        10.25000    
   112.5000      0.232425823807716        10.25000    
   135.0000      0.232357174158096        10.25000    
   157.5000      0.231906041502953        10.25000    
   180.0000      0.231508284807205        10.25000    
   202.5000      0.231394991278648        10.25000    
   225.0000      0.231643036007881        10.25000    
   247.5000      0.232350587844849        10.25000    
   270.0000      0.233150810003281        10.25000    
   292.5000      0.233689576387405        10.25000    
   315.0000      0.233432218432426        10.25000    
   337.5000      0.232776910066605        10.25000    
  0.0000000E+00  0.231963768601418        10.25000    
 
