  0.0000000E+00  0.253367930650711     
   22.50000      0.251453250646591     
   45.00000      0.249802708625793     
   67.50000      0.249278157949448     
   90.00000      0.249805629253387     
   112.5000      0.250317633152008     
   135.0000      0.249713391065598     
   157.5000      0.247613742947578     
   180.0000      0.244786724448204     
   202.5000      0.242337793111801     
   225.0000      0.241378605365753     
   247.5000      0.242639467120171     
   270.0000      0.245961174368858     
   292.5000      0.250058948993683     
   315.0000      0.253224700689316     
   337.5000      0.254281193017960     
   360.0000      0.253367930650711     
   360.0000      0.249409392476082     
   382.5000      0.247306764125824     
   405.0000      0.245386481285095     
   427.5000      0.244544520974159     
   450.0000      0.244757473468781     
   472.5000      0.245004251599312     
   495.0000      0.244272530078888     
   517.5000      0.242530852556229     
   540.0000      0.240259662270546     
   562.5000      0.238392397761345     
   585.0000      0.237903207540512     
   607.5000      0.239301726222038     
   630.0000      0.242417111992836     
   652.5000      0.246411621570587     
   675.0000      0.249492630362511     
   697.5000      0.250456690788269     
   720.0000      0.249409392476082     
   720.0000      0.245656266808510     
   742.5000      0.243628129363060     
   765.0000      0.241576969623566     
   787.5000      0.240542903542519     
   810.0000      0.240800306200981     
   832.5000      0.241229847073555     
   855.0000      0.240875512361526     
   877.5000      0.239504143595695     
   900.0000      0.237569153308868     
   922.5000      0.235903158783913     
   945.0000      0.235394582152367     
   967.5000      0.236541748046875     
   990.0000      0.239234074950218     
   1012.500      0.242463633418083     
   1035.000      0.245418339967728     
   1057.500      0.246514409780502     
   1080.000      0.245656266808510     
   1080.000      0.242953538894653     
   1102.500      0.241310939192772     
   1125.000      0.239463731646538     
   1147.500      0.238519996404648     
   1170.000      0.238768666982651     
   1192.500      0.239244446158409     
   1215.000      0.239069998264313     
   1237.500      0.238121390342712     
   1260.000      0.236538872122765     
   1282.500      0.234971880912781     
   1305.000      0.234236091375351     
   1327.500      0.234925359487534     
   1350.000      0.237084031105042     
   1372.500      0.239863589406013     
   1395.000      0.242326155304909     
   1417.500      0.243431866168976     
   1440.000      0.242953538894653     
   1440.000      0.241222336888313     
   1462.500      0.239513903856277     
   1485.000      0.237702906131744     
   1507.500      0.237203598022461     
   1530.000      0.237859591841698     
   1552.500      0.238490268588066     
   1575.000      0.238146722316742     
   1597.500      0.237359866499901     
   1620.000      0.235888302326202     
   1642.500      0.234338551759720     
   1665.000      0.233527570962906     
   1687.500      0.234094485640526     
   1710.000      0.236110895872116     
   1732.500      0.238748937845230     
   1755.000      0.240933150053024     
   1777.500      0.241816535592079     
   1800.000      0.241222336888313     
   1800.000      0.239236816763878     
   1822.500      0.236947908997536     
   1845.000      0.235227078199387     
   1867.500      0.235452011227608     
   1890.000      0.236943587660789     
   1912.500      0.237986043095589     
   1935.000      0.237580880522728     
   1957.500      0.236459925770760     
   1980.000      0.234618887305260     
   2002.500      0.232972249388695     
   2025.000      0.232430443167686     
   2047.500      0.233540117740631     
   2070.000      0.236084312200546     
   2092.500      0.238905489444733     
   2115.000      0.240693584084511     
   2137.500      0.240749582648277     
   2160.000      0.239236816763878     
   2160.000      0.236544147133827     
   2182.500      0.233743071556091     
   2205.000      0.232513248920441     
   2227.500      0.233836039900780     
   2250.000      0.236266925930977     
   2272.500      0.237533062696457     
   2295.000      0.237063750624657     
   2317.500      0.235168457031250     
   2340.000      0.232770636677742     
   2362.500      0.231180101633072     
   2385.000      0.231326594948769     
   2407.500      0.233468905091286     
   2430.000      0.236839994788170     
   2452.500      0.239741116762161     
   2475.000      0.240682855248451     
   2497.500      0.239333108067513     
   2520.000      0.236544147133827     
   2520.000      0.233954966068268     
   2542.500      0.231082797050476     
   2565.000      0.230659455060959     
   2587.500      0.232961177825928     
   2610.000      0.236088141798973     
   2632.500      0.237580597400665     
   2655.000      0.236664161086082     
   2677.500      0.233976736664772     
   2700.000      0.231136023998260     
   2722.500      0.229753881692886     
   2745.000      0.230697825551033     
   2767.500      0.233867928385735     
   2790.000      0.237905904650688     
   2812.500      0.240614727139473     
   2835.000      0.240489944815636     
   2857.500      0.237735792994499     
   2880.000      0.233954966068268     
   2880.000      0.232196554541588     
   2902.500      0.229446485638618     
   2925.000      0.229711890220642     
   2947.500      0.232774615287781     
   2970.000      0.236399382352829     
   2992.500      0.237976834177971     
   3015.000      0.236623868346214     
   3037.500      0.233303919434547     
   3060.000      0.230127617716789     
   3082.500      0.228934571146965     
   3105.000      0.230523690581322     
   3127.500      0.234478726983070     
   3150.000      0.238955155014992     
   3172.500      0.241398498415947     
   3195.000      0.240378424525261     
   3217.500      0.236585333943367     
   3240.000      0.232196554541588     
   3240.000      0.231465861201286     
   3262.500      0.228846848011017     
   3285.000      0.229581549763680     
   3307.500      0.233154430985451     
   3330.000      0.237122043967247     
   3352.500      0.238741189241409     
   3375.000      0.237054556608200     
   3397.500      0.233269795775414     
   3420.000      0.229841038584709     
   3442.500      0.228780508041382     
   3465.000      0.230831086635590     
   3487.500      0.235331296920776     
   3510.000      0.240085855126381     
   3532.500      0.242313981056213     
   3555.000      0.240673586726189     
   3577.500      0.236206069588661     
   3600.000      0.231465861201286     
   3600.000      0.231775686144829     
   3622.500      0.229253351688385     
   3645.000      0.230261623859406     
   3667.500      0.234126776456833     
   3690.000      0.238294854760170     
   3712.500      0.239923611283302     
   3735.000      0.238007038831711     
   3757.500      0.233915880322456     
   3780.000      0.230332344770432     
   3802.500      0.229379877448082     
   3825.000      0.231746420264244     
   3847.500      0.236591875553131     
   3870.000      0.241498991847038     
   3892.500      0.243571966886520     
   3915.000      0.241549223661423     
   3937.500      0.236694961786270     
   3960.000      0.231775686144829     
   3960.000      0.233075097203255     
   3982.500      0.230627492070198     
   4005.000      0.231747627258301     
   4027.500      0.235705927014351     
   4050.000      0.239929303526878     
   4072.500      0.241533428430557     
   4095.000      0.239486083388329     
   4117.500      0.235252127051353     
   4140.000      0.231635987758636     
   4162.500      0.230798587203026     
   4185.000      0.233360812067986     
   4207.500      0.238361954689026     
   4230.000      0.243288457393646     
   4252.500      0.245236530900002     
   4275.000      0.243022829294205     
   4297.500      0.238023683428764     
   4320.000      0.233075097203255     
   4320.000      0.235261589288712     
   4342.500      0.232907220721245     
   4365.000      0.234009236097336     
   4387.500      0.237864494323730     
   4410.000      0.241983070969582     
   4432.500      0.243520125746727     
   4455.000      0.241444006562233     
   4477.500      0.237249925732613     
   4500.000      0.233750671148300     
   4522.500      0.233051538467407     
   4545.000      0.235681429505348     
   4567.500      0.240620300173759     
   4590.000      0.245391800999641     
   4612.500      0.247203603386879     
   4635.000      0.244964450597763     
   4657.500      0.240063354372978     
   4680.000      0.235261589288712     
   4680.000      0.238188862800598     
   4702.500      0.236007526516914     
   4725.000      0.236988246440887     
   4747.500      0.240528121590614     
   4770.000      0.244348689913750     
   4792.500      0.245762452483177     
   4815.000      0.243775755167007     
   4837.500      0.239840984344482     
   4860.000      0.236638188362122     
   4882.500      0.236098155379295     
   4905.000      0.238626480102539     
   4927.500      0.243217065930367     
   4950.000      0.247588187456131     
   4972.500      0.249208405613899     
   4995.000      0.247112020850182     
   5017.500      0.242598757147789     
   5040.000      0.238188862800598     
   5040.000      0.241661414504051     
   5062.500      0.239821299910545     
   5085.000      0.240598067641258     
   5107.500      0.243557721376419     
   5130.000      0.246810615062714     
   5152.500      0.248013973236084     
   5175.000      0.246275931596756     
   5197.500      0.242899805307388     
   5220.000      0.240227520465851     
   5242.500      0.239854946732521     
   5265.000      0.242033064365387     
   5287.500      0.245870456099510     
   5310.000      0.249483436346054     
   5332.500      0.250803768634796     
   5355.000      0.249052017927170     
   5377.500      0.245316207408905     
   5400.000      0.241661414504051     
   5400.000      0.245401889085770     
   5422.500      0.244202464818954     
   5445.000      0.244691655039787     
   5467.500      0.246659964323044     
   5490.000      0.248883217573166     
   5512.500      0.249714598059654     
   5535.000      0.248497024178505     
   5557.500      0.246181294322014     
   5580.000      0.244407787919044     
   5602.500      0.244198694825172     
   5625.000      0.245638027787209     
   5647.500      0.248109892010689     
   5670.000      0.250417023897171     
   5692.500      0.251252442598343     
   5715.000      0.250125616788864     
   5737.500      0.247740387916565     
   5760.000      0.245401889085770     
