  0.0000000E+00   90.4402588113410        6.000000    
   15.00000       90.0576941623809        6.000000    
   30.00000       89.5865879414150        6.000000    
   45.00000       89.1191553452499        6.000000    
   60.00000       88.7541905615961        6.000000    
   75.00000       88.5495021399828        6.000000    
   90.00000       88.4732219447487        6.000000    
   105.0000       88.3610152621796        6.000000    
   120.0000       87.9876718084117        6.000000    
   135.0000       87.3351709242388        6.000000    
   150.0000       86.4585584174327        6.000000    
   165.0000       85.5119720803377        6.000000    
   180.0000       84.7412357798595        6.000000    
   195.0000       84.2160023285206        6.000000    
   210.0000       83.9147170824476        6.000000    
   225.0000       84.0289607045469        6.000000    
   240.0000       84.5833298829031        6.000000    
   255.0000       85.2909396461968        6.000000    
   270.0000       86.3184790999379        6.000000    
   285.0000       87.8580835039799        6.000000    
   300.0000       89.4085286436648        6.000000    
   315.0000       90.3944442016966        6.000000    
   330.0000       90.7555821530549        6.000000    
   345.0000       90.6944233141374        6.000000    
  0.0000000E+00   90.4402588113410        6.000000    
 
  0.0000000E+00   103.536589471763        6.184783    
   15.00000       103.092990561029        6.184783    
   30.00000       102.481015966461        6.184783    
   45.00000       101.846057098931        6.184783    
   60.00000       101.280184615193        6.184783    
   75.00000       100.894022155614        6.184783    
   90.00000       100.681333120462        6.184783    
   105.0000       100.473407798529        6.184783    
   120.0000       99.9763116896245        6.184783    
   135.0000       99.0988528944869        6.184783    
   150.0000       97.8809316911736        6.184783    
   165.0000       96.5129693672721        6.184783    
   180.0000       95.3748559228845        6.184783    
   195.0000       94.5626468345905        6.184783    
   210.0000       94.0405530739254        6.184783    
   225.0000       94.1152370157691        6.184783    
   240.0000       94.8386714717782        6.184783    
   255.0000       95.7901647141952        6.184783    
   270.0000       97.2776510294255        6.184783    
   285.0000       99.5380459587702        6.184783    
   300.0000       101.734444138113        6.184783    
   315.0000       103.097606591033        6.184783    
   330.0000       103.676472151585        6.184783    
   345.0000       103.731714515412        6.184783    
  0.0000000E+00   103.536589471763        6.184783    
 
  0.0000000E+00   111.594736002399        6.369565    
   15.00000       111.214755024219        6.369565    
   30.00000       110.578828469756        6.369565    
   45.00000       109.878689891682        6.369565    
   60.00000       109.254292066507        6.369565    
   75.00000       108.755851532829        6.369565    
   90.00000       108.406014554273        6.369565    
   105.0000       108.127360070279        6.369565    
   120.0000       107.664350058563        6.369565    
   135.0000       106.813468373564        6.369565    
   150.0000       105.573295746920        6.369565    
   165.0000       104.120831542456        6.369565    
   180.0000       102.845661994564        6.369565    
   195.0000       101.886240197236        6.369565    
   210.0000       101.213155155482        6.369565    
   225.0000       101.173201656771        6.369565    
   240.0000       101.852566602477        6.369565    
   255.0000       102.814062780769        6.369565    
   270.0000       104.406352926480        6.369565    
   285.0000       106.813807581851        6.369565    
   300.0000       109.047688707573        6.369565    
   315.0000       110.555518963444        6.369565    
   330.0000       111.379699508715        6.369565    
   345.0000       111.641815806388        6.369565    
  0.0000000E+00   111.594736002399        6.369565    
 
  0.0000000E+00   116.316730757586        6.554348    
   15.00000       116.092204858907        6.554348    
   30.00000       115.531134563061        6.554348    
   45.00000       114.819790894066        6.554348    
   60.00000       114.137149397399        6.554348    
   75.00000       113.524923245702        6.554348    
   90.00000       113.030007060858        6.554348    
   105.0000       112.654055517813        6.554348    
   120.0000       112.206068490355        6.554348    
   135.0000       111.506725535687        6.554348    
   150.0000       110.472729704585        6.554348    
   165.0000       109.154024741398        6.554348    
   180.0000       107.895585024415        6.554348    
   195.0000       106.894029511015        6.554348    
   210.0000       106.124271352134        6.554348    
   225.0000       105.927978643641        6.554348    
   240.0000       106.435477653426        6.554348    
   255.0000       107.253075855600        6.554348    
   270.0000       108.704300122924        6.554348    
   285.0000       110.864432740323        6.554348    
   300.0000       112.934421080096        6.554348    
   315.0000       114.561110792718        6.554348    
   330.0000       115.637629464048        6.554348    
   345.0000       116.152791964005        6.554348    
  0.0000000E+00   116.316730757586        6.554348    
 
  0.0000000E+00   118.788997531909        6.739130    
   15.00000       118.760601796782        6.739130    
   30.00000       118.335951392523        6.739130    
   45.00000       117.665229813207        6.739130    
   60.00000       116.948863577186        6.739130    
   75.00000       116.245128138474        6.739130    
   90.00000       115.617603272623        6.739130    
   105.0000       115.126554907415        6.739130    
   120.0000       114.655109780036        6.739130    
   135.0000       114.051853878646        6.739130    
   150.0000       113.192623666285        6.739130    
   165.0000       112.071003508618        6.739130    
   180.0000       110.931979571110        6.739130    
   195.0000       109.962526740123        6.739130    
   210.0000       109.161155728988        6.739130    
   225.0000       108.815517973416        6.739130    
   240.0000       109.093428104625        6.739130    
   255.0000       109.707548633672        6.739130    
   270.0000       110.882430100675        6.739130    
   285.0000       112.694090520532        6.739130    
   300.0000       114.618031941076        6.739130    
   315.0000       116.326319624577        6.739130    
   330.0000       117.630867093205        6.739130    
   345.0000       118.404495104694        6.739130    
  0.0000000E+00   118.788997531909        6.739130    
 
  0.0000000E+00   119.748614044991        6.923913    
   15.00000       119.883578304166        6.923913    
   30.00000       119.593495271434        6.923913    
   45.00000       118.982782422089        6.923913    
   60.00000       118.256192429746        6.923913    
   75.00000       117.494451824132        6.923913    
   90.00000       116.769874843616        6.923913    
   105.0000       116.174109264773        6.923913    
   120.0000       115.650561992518        6.923913    
   135.0000       115.077581599999        6.923913    
   150.0000       114.324176711112        6.923913    
   165.0000       113.336353495800        6.923913    
   180.0000       112.276626437569        6.923913    
   195.0000       111.335833489807        6.923913    
   210.0000       110.525538451348        6.923913    
   225.0000       110.079614260754        6.923913    
   240.0000       110.198065657608        6.923913    
   255.0000       110.682027993727        6.923913    
   270.0000       111.663433567580        6.923913    
   285.0000       113.225135663174        6.923913    
   300.0000       115.024385146791        6.923913    
   315.0000       116.763281088011        6.923913    
   330.0000       118.223361067731        6.923913    
   345.0000       119.194629935329        6.923913    
  0.0000000E+00   119.748614044991        6.923913    
 
  0.0000000E+00   119.714253668364        7.108696    
   15.00000       119.906959885658        7.108696    
   30.00000       119.675675972668        7.108696    
   45.00000       119.093754758016        7.108696    
   60.00000       118.359254734077        7.108696    
   75.00000       117.567800787576        7.108696    
   90.00000       116.794715242800        7.108696    
   105.0000       116.135545196533        7.108696    
   120.0000       115.560888978559        7.108696    
   135.0000       114.976539697866        7.108696    
   150.0000       114.263362208268        7.108696    
   165.0000       113.346221284032        7.108696    
   180.0000       112.343108697569        7.108696    
   195.0000       111.442654767500        7.108696    
   210.0000       110.667786182995        7.108696    
   225.0000       110.217337092951        7.108696    
   240.0000       110.291528535799        7.108696    
   255.0000       110.753397312219        7.108696    
   270.0000       111.672481145744        7.108696    
   285.0000       113.115246662794        7.108696    
   300.0000       114.833071727924        7.108696    
   315.0000       116.554699650689        7.108696    
   330.0000       118.060711371070        7.108696    
   345.0000       119.104197335085        7.108696    
  0.0000000E+00   119.714253668364        7.108696    
 
  0.0000000E+00   119.016704053996        7.293478    
   15.00000       119.133314112729        7.293478    
   30.00000       118.849298559861        7.293478    
   45.00000       118.234682848931        7.293478    
   60.00000       117.478557425523        7.293478    
   75.00000       116.677752940020        7.293478    
   90.00000       115.904107258593        7.293478    
   105.0000       115.233752792472        7.293478    
   120.0000       114.635006935114        7.293478    
   135.0000       114.029103752130        7.293478    
   150.0000       113.314579113863        7.293478    
   165.0000       112.426949953233        7.293478    
   180.0000       111.477834539396        7.293478    
   195.0000       110.645950566544        7.293478    
   210.0000       109.964767445099        7.293478    
   225.0000       109.616453944254        7.293478    
   240.0000       109.771613983057        7.293478    
   255.0000       110.326432826303        7.293478    
   270.0000       111.314677845394        7.293478    
   285.0000       112.761445010280        7.293478    
   300.0000       114.442502417136        7.293478    
   315.0000       116.102451482686        7.293478    
   330.0000       117.532475527772        7.293478    
   345.0000       118.494444382120        7.293478    
  0.0000000E+00   119.016704053996        7.293478    
 
  0.0000000E+00   117.816852753210        7.478261    
   15.00000       117.753278098307        7.478261    
   30.00000       117.334205836577        7.478261    
   45.00000       116.644365478402        7.478261    
   60.00000       115.861309040679        7.478261    
   75.00000       115.071886736701        7.478261    
   90.00000       114.338215689841        7.478261    
   105.0000       113.700873774106        7.478261    
   120.0000       113.108544239539        7.478261    
   135.0000       112.488002171854        7.478261    
   150.0000       111.759211104541        7.478261    
   165.0000       110.892322507512        7.478261    
   180.0000       110.014758593336        7.478261    
   195.0000       109.289006514398        7.478261    
   210.0000       108.759268732989        7.478261    
   225.0000       108.598354913777        7.478261    
   240.0000       108.928086333077        7.478261    
   255.0000       109.657938658781        7.478261    
   270.0000       110.797127307807        7.478261    
   285.0000       112.311206670142        7.478261    
   300.0000       113.961536140612        7.478261    
   315.0000       115.503626403542        7.478261    
   330.0000       116.746553025040        7.478261    
   345.0000       117.497558163866        7.478261    
  0.0000000E+00   117.816852753210        7.478261    
 
  0.0000000E+00   116.209060687864        7.663043    
   15.00000       115.926268130087        7.663043    
   30.00000       115.349142639930        7.663043    
   45.00000       114.581519668508        7.663043    
   60.00000       113.786111624381        7.663043    
   75.00000       113.033037863781        7.663043    
   90.00000       112.366966598545        7.663043    
   105.0000       111.787455695914        7.663043    
   120.0000       111.220993181663        7.663043    
   135.0000       110.598145694108        7.663043    
   150.0000       109.864081356451        7.663043    
   165.0000       109.033873902064        7.663043    
   180.0000       108.253152317406        7.663043    
   195.0000       107.664833359960        7.663043    
   210.0000       107.324169363240        7.663043    
   225.0000       107.390197439358        7.663043    
   240.0000       107.930707482886        7.663043    
   255.0000       108.860585191280        7.663043    
   270.0000       110.162793947527        7.663043    
   285.0000       111.736655079320        7.663043    
   300.0000       113.321076426201        7.663043    
   315.0000       114.686591458514        7.663043    
   330.0000       115.669357295891        7.663043    
   345.0000       116.143104760509        7.663043    
  0.0000000E+00   116.209060687864        7.663043    
 
  0.0000000E+00   114.312967633531        7.847826    
   15.00000       113.825788660229        7.847826    
   30.00000       113.112130028209        7.847826    
   45.00000       112.289471586136        7.847826    
   60.00000       111.502894858054        7.847826    
   75.00000       110.804763133723        7.847826    
   90.00000       110.218595664603        7.847826    
   105.0000       109.705780905162        7.847826    
   120.0000       109.175879057963        7.847826    
   135.0000       108.564877779554        7.847826    
   150.0000       107.844947558013        7.847826    
   165.0000       107.073662352300        7.847826    
   180.0000       106.406580224114        7.847826    
   195.0000       105.967902353624        7.847826    
   210.0000       105.822343344657        7.847826    
   225.0000       106.107292578824        7.847826    
   240.0000       106.843489407441        7.847826    
   255.0000       107.949461847451        7.847826    
   270.0000       109.377083110425        7.847826    
   285.0000       110.966064207495        7.847826    
   300.0000       112.441877915221        7.847826    
   315.0000       113.595862193131        7.847826    
   330.0000       114.298303329310        7.847826    
   345.0000       114.492593105223        7.847826    
  0.0000000E+00   114.312967633531        7.847826    
 
  0.0000000E+00   112.268495460995        8.032609    
   15.00000       111.615673563729        8.032609    
   30.00000       110.801780008216        8.032609    
   45.00000       109.950257898591        8.032609    
   60.00000       109.188566686384        8.032609    
   75.00000       108.553598899266        8.032609    
   90.00000       108.048118958108        8.032609    
   105.0000       107.602523113244        8.032609    
   120.0000       107.115696538829        8.032609    
   135.0000       106.530064028879        8.032609    
   150.0000       105.843245814278        8.032609    
   165.0000       105.146265982822        8.032609    
   180.0000       104.595417037257        8.032609    
   195.0000       104.299689181607        8.032609    
   210.0000       104.329850133110        8.032609    
   225.0000       104.797087837230        8.032609    
   240.0000       105.687812189101        8.032609    
   255.0000       106.923469363199        8.032609    
   270.0000       108.423687622765        8.032609    
   285.0000       109.983023042074        8.032609    
   300.0000       111.325119544725        8.032609    
   315.0000       112.264322097446        8.032609    
   330.0000       112.706742381665        8.032609    
   345.0000       112.656501459542        8.032609    
  0.0000000E+00   112.268495460995        8.032609    
 
  0.0000000E+00   110.199372298419        8.217392    
   15.00000       109.422431259685        8.217392    
   30.00000       108.542209281144        8.217392    
   45.00000       107.682173332648        8.217392    
   60.00000       106.954202680238        8.217392    
   75.00000       106.382913988740        8.217392    
   90.00000       105.952972317948        8.217392    
   105.0000       105.571550562033        8.217392    
   120.0000       105.131492138643        8.217392    
   135.0000       104.581383140462        8.217392    
   150.0000       103.940469021384        8.217392    
   165.0000       103.322839162083        8.217392    
   180.0000       102.880604828487        8.217392    
   195.0000       102.710839691389        8.217392    
   210.0000       102.886581707111        8.217392    
   225.0000       103.492162509599        8.217392    
   240.0000       104.492074408342        8.217392    
   255.0000       105.809981319861        8.217392    
   270.0000       107.336413570193        8.217392    
   285.0000       108.836006015079        8.217392    
   300.0000       110.038569629938        8.217392    
   315.0000       110.780389797759        8.217392    
   330.0000       111.000914318684        8.217392    
   345.0000       110.752039436661        8.217392    
  0.0000000E+00   110.199372298419        8.217392    
 
  0.0000000E+00   108.201551160666        8.402174    
   15.00000       107.336769010072        8.402174    
   30.00000       106.417270254883        8.402174    
   45.00000       105.562899705744        8.402174    
   60.00000       104.872589459749        8.402174    
   75.00000       104.361561272676        8.402174    
   90.00000       103.999705852133        8.402174    
   105.0000       103.677655302769        8.402174    
   120.0000       103.285217407723        8.402174    
   135.0000       102.776240441058        8.402174    
   150.0000       102.187655744332        8.402174    
   165.0000       101.648298818039        8.402174    
   180.0000       101.302409749520        8.402174    
   195.0000       101.238311259291        8.402174    
   210.0000       101.528216683981        8.402174    
   225.0000       102.232019555405        8.402174    
   240.0000       103.301690556014        8.402174    
   255.0000       104.662343838436        8.402174    
   270.0000       106.180815110809        8.402174    
   285.0000       107.604344535782        8.402174    
   300.0000       108.673153787419        8.402174    
   315.0000       109.243055348800        8.402174    
   330.0000       109.282455323047        8.402174    
   345.0000       108.878703266358        8.402174    
  0.0000000E+00   108.201551160666        8.402174    
 
  0.0000000E+00   106.351284694224        8.586957    
   15.00000       105.428574263155        8.586957    
   30.00000       104.490667254992        8.586957    
   45.00000       103.651836463275        8.586957    
   60.00000       103.000497905335        8.586957    
   75.00000       102.544738097217        8.586957    
   90.00000       102.242889595667        8.586957    
   105.0000       101.974362811891        8.586957    
   120.0000       101.627922059559        8.586957    
   135.0000       101.162286224809        8.586957    
   150.0000       100.627938919506        8.586957    
   165.0000       100.161729879023        8.586957    
   180.0000       99.8986339763849        8.586957    
   195.0000       99.9204244019992        8.586957    
   210.0000       100.296243955509        8.586957    
   225.0000       101.065113413688        8.586957    
   240.0000       102.173005253551        8.586957    
   255.0000       103.545888794513        8.586957    
   270.0000       105.032861003590        8.586957    
   285.0000       106.373092337124        8.586957    
   300.0000       107.319114867244        8.586957    
   315.0000       107.743686222268        8.586957    
   330.0000       107.639326066694        8.586957    
   345.0000       107.118590104085        8.586957    
  0.0000000E+00   106.351284694224        8.586957    
 
  0.0000000E+00   104.717147675418        8.771739    
   15.00000       103.761069586457        8.771739    
   30.00000       102.821083552421        8.771739    
   45.00000       102.004994820764        8.771739    
   60.00000       101.392671166762        8.771739    
   75.00000       100.986766924553        8.771739    
   90.00000       100.736918788558        8.771739    
   105.0000       100.515502151299        8.771739    
   120.0000       100.212026182878        8.771739    
   135.0000       99.7893692772019        8.771739    
   150.0000       99.3079157147079        8.771739    
   165.0000       98.9077639821294        8.771739    
   180.0000       98.7142659962124        8.771739    
   195.0000       98.8039887371897        8.771739    
   210.0000       99.2415835959250        8.771739    
   225.0000       100.048882377253        8.771739    
   240.0000       101.170201172984        8.771739    
   255.0000       102.532094601251        8.771739    
   270.0000       103.971591147320        8.771739    
   285.0000       105.226527744093        8.771739    
   300.0000       106.062443401586        8.771739    
   315.0000       106.366703575037        8.771739    
   330.0000       106.151229885016        8.771739    
   345.0000       105.545620437018        8.771739    
  0.0000000E+00   104.717147675418        8.771739    
 
  0.0000000E+00   103.371154632157        8.956522    
   15.00000       102.402327965431        8.956522    
   30.00000       101.473582002994        8.956522    
   45.00000       100.685949177873        8.956522    
   60.00000       100.112222827162        8.956522    
   75.00000       99.7509171649476        8.956522    
   90.00000       99.5454674966897        8.956522    
   105.0000       99.3646977123316        8.956522    
   120.0000       99.1001958301047        8.956522    
   135.0000       98.7183917474992        8.956522    
   150.0000       98.2865814538146        8.956522    
   165.0000       97.9446678670750        8.956522    
   180.0000       97.8085258740558        8.956522    
   195.0000       97.9502117246873        8.956522    
   210.0000       98.4290091258577        8.956522    
   225.0000       99.2532355337830        8.956522    
   240.0000       100.368102357185        8.956522    
   255.0000       101.700926332192        8.956522    
   270.0000       103.081784979334        8.956522    
   285.0000       104.252102080235        8.956522    
   300.0000       104.990604930985        8.956522    
   315.0000       105.197251757150        8.956522    
   330.0000       104.898985979834        8.956522    
   345.0000       104.235963532960        8.956522    
  0.0000000E+00   103.371154632157        8.956522    
 
  0.0000000E+00   102.401679316925        9.141304    
   15.00000       101.438248077952        9.141304    
   30.00000       100.532420074694        9.141304    
   45.00000       99.7784272477012        9.141304    
   60.00000       99.2430120671845        9.141304    
   75.00000       98.9215627150289        9.141304    
   90.00000       98.7534977853660        9.141304    
   105.0000       98.6070770569753        9.141304    
   120.0000       98.3769691246488        9.141304    
   135.0000       98.0328655906978        9.141304    
   150.0000       97.6464258775907        9.141304    
   165.0000       97.3548172042629        9.141304    
   180.0000       97.2647665252908        9.141304    
   195.0000       97.4440315667341        9.141304    
   210.0000       97.9461138219283        9.141304    
   225.0000       98.7691888003606        9.141304    
   240.0000       99.8607980404997        9.141304    
   255.0000       101.149583400988        9.141304    
   270.0000       102.463252535160        9.141304    
   285.0000       103.550597585105        9.141304    
   300.0000       104.203596922192        9.141304    
   315.0000       104.333086014699        9.141304    
   330.0000       103.976996850120        9.141304    
   345.0000       103.280773347288        9.141304    
  0.0000000E+00   102.401679316925        9.141304    
 
  0.0000000E+00   101.931892872408        9.326087    
   15.00000       100.991182067948        9.326087    
   30.00000       100.119742529262        9.326087    
   45.00000       99.4050403995244        9.326087    
   60.00000       98.9083896288625        9.326087    
   75.00000       98.6228954286260        9.326087    
   90.00000       98.4859156853575        9.326087    
   105.0000       98.3677422599744        9.326087    
   120.0000       98.1671387703323        9.326087    
   135.0000       97.8569529128231        9.326087    
   150.0000       97.5109828540310        9.326087    
   165.0000       97.2616880330781        9.326087    
   180.0000       97.2069634832098        9.326087    
   195.0000       97.4101156554422        9.326087    
   210.0000       97.9189651869060        9.326087    
   225.0000       98.7244112465335        9.326087    
   240.0000       99.7771918986803        9.326087    
   255.0000       101.008175251616        9.326087    
   270.0000       102.246913300884        9.326087    
   285.0000       103.252751962528        9.326087    
   300.0000       103.831056015628        9.326087    
   315.0000       103.902114555546        9.326087    
   330.0000       103.511158255430        9.326087    
   345.0000       102.804361083416        9.326087    
  0.0000000E+00   101.931892872408        9.326087    
 
  0.0000000E+00   102.152450730103        9.510870    
   15.00000       101.253243730411        9.510870    
   30.00000       100.429384133676        9.510870    
   45.00000       99.7615021936423        9.510870    
   60.00000       99.3057176935948        9.510870    
   75.00000       99.0536170225278        9.510870    
   90.00000       98.9422727490420        9.510870    
   105.0000       98.8463707346755        9.510870    
   120.0000       98.6699774194225        9.510870    
   135.0000       98.3891549370821        9.510870    
   150.0000       98.0777806842334        9.510870    
   165.0000       97.8619392237086        9.510870    
   180.0000       97.8310017110102        9.510870    
   195.0000       98.0435916572225        9.510870    
   210.0000       98.5421096987256        9.510870    
   225.0000       99.3128193909620        9.510870    
   240.0000       100.310283687410        9.510870    
   255.0000       101.468803000796        9.510870    
   270.0000       102.623908528784        9.510870    
   285.0000       103.548645619308        9.510870    
   300.0000       104.062237669018        9.510870    
   315.0000       104.093158250436        9.510870    
   330.0000       103.690266100515        9.510870    
   345.0000       102.996202556750        9.510870    
  0.0000000E+00   102.152450730103        9.510870    
 
  0.0000000E+00   103.389351551678        9.695652    
   15.00000       102.555803735061        9.695652    
   30.00000       101.797701293099        9.695652    
   45.00000       101.188487430487        9.695652    
   60.00000       100.778865490019        9.695652    
   75.00000       100.559696508829        9.695652    
   90.00000       100.469404895930        9.695652    
   105.0000       100.389552867096        9.695652    
   120.0000       100.230787116459        9.695652    
   135.0000       99.9727194243479        9.695652    
   150.0000       99.6873696189557        9.695652    
   165.0000       99.4929889710389        9.695652    
   180.0000       99.4707519051261        9.695652    
   195.0000       99.6743826365182        9.695652    
   210.0000       100.141359380573        9.695652    
   225.0000       100.856109664813        9.695652    
   240.0000       101.777672181297        9.695652    
   255.0000       102.845457842991        9.695652    
   270.0000       103.905479385386        9.695652    
   285.0000       104.748091265116        9.695652    
   300.0000       105.207267663083        9.695652    
   315.0000       105.218472758005        9.695652    
   330.0000       104.830241445933        9.695652    
   345.0000       104.177045233044        9.695652    
  0.0000000E+00   103.389351551678        9.695652    
 
  0.0000000E+00   106.259064829576        9.880435    
   15.00000       105.529240651795        9.880435    
   30.00000       104.867193953998        9.880435    
   45.00000       104.338304615434        9.880435    
   60.00000       103.986905037379        9.880435    
   75.00000       103.804127920349        9.880435    
   90.00000       103.731178704374        9.880435    
   105.0000       103.659376202646        9.880435    
   120.0000       103.507334907550        9.880435    
   135.0000       103.259112097815        9.880435    
   150.0000       102.982962221790        9.880435    
   165.0000       102.788164052747        9.880435    
   180.0000       102.748550175756        9.880435    
   195.0000       102.913136054847        9.880435    
   210.0000       103.315494637021        9.880435    
   225.0000       103.942056573919        9.880435    
   240.0000       104.757290008279        9.880435    
   255.0000       105.708109739460        9.880435    
   270.0000       106.656605425312        9.880435    
   285.0000       107.415274292702        9.880435    
   300.0000       107.834240974231        9.880435    
   315.0000       107.854558168366        9.880435    
   330.0000       107.519432959641        9.880435    
   345.0000       106.949053288737        9.880435    
  0.0000000E+00   106.259064829576        9.880435    
 
  0.0000000E+00   112.093981821360        10.06522    
   15.00000       111.543437249798        10.06522    
   30.00000       111.039665411234        10.06522    
   45.00000       110.637962499991        10.06522    
   60.00000       110.373751781710        10.06522    
   75.00000       110.240016576135        10.06522    
   90.00000       110.181346184550        10.06522    
   105.0000       110.102372997137        10.06522    
   120.0000       109.930887960571        10.06522    
   135.0000       109.657851044242        10.06522    
   150.0000       109.346247779036        10.06522    
   165.0000       109.096872082071        10.06522    
   180.0000       108.979498030918        10.06522    
   195.0000       109.040396224724        10.06522    
   210.0000       109.311885479012        10.06522    
   225.0000       109.789519752387        10.06522    
   240.0000       110.444738223591        10.06522    
   255.0000       111.235757683281        10.06522    
   270.0000       112.048895939638        10.06522    
   285.0000       112.726092777048        10.06522    
   300.0000       113.135316991983        10.06522    
   315.0000       113.220719301144        10.06522    
   330.0000       113.012138217045        10.06522    
   345.0000       112.605356148637        10.06522    
  0.0000000E+00   112.093981821360        10.06522    
 
  0.0000000E+00   124.425010503995        10.25000    
   15.00000       124.254939848969        10.25000    
   30.00000       124.077861907683        10.25000    
   45.00000       123.933890123213        10.25000    
   60.00000       123.841726095179        10.25000    
   75.00000       123.799459629798        10.25000    
   90.00000       123.750822550662        10.25000    
   105.0000       123.617323967217        10.25000    
   120.0000       123.334800526135        10.25000    
   135.0000       122.910003999400        10.25000    
   150.0000       122.403155784806        10.25000    
   165.0000       121.916742893290        10.25000    
   180.0000       121.531356105793        10.25000    
   195.0000       121.300104183147        10.25000    
   210.0000       121.262917547483        10.25000    
   225.0000       121.442727815486        10.25000    
   240.0000       121.819931637191        10.25000    
   255.0000       122.370935685650        10.25000    
   270.0000       123.020589532771        10.25000    
   285.0000       123.652467206323        10.25000    
   300.0000       124.152171797187        10.25000    
   315.0000       124.459838986931        10.25000    
   330.0000       124.574151872290        10.25000    
   345.0000       124.544328428553        10.25000    
  0.0000000E+00   124.425010503995        10.25000    
 
