  0.0000000E+00  3.718916959973212E+036   6.000000    
   22.50000      3.634939350522651E+036   6.000000    
   45.00000      3.529888810297131E+036   6.000000    
   67.50000      3.447780859900052E+036   6.000000    
   90.00000      3.407619956007599E+036   6.000000    
   112.5000      3.376834084036795E+036   6.000000    
   135.0000      3.372657010296833E+036   6.000000    
   157.5000      3.353231399341659E+036   6.000000    
   180.0000      3.352484032014506E+036   6.000000    
   202.5000      3.373217338667363E+036   6.000000    
   225.0000      3.467284310280032E+036   6.000000    
   247.5000      3.569288356794854E+036   6.000000    
   270.0000      3.653934213305843E+036   6.000000    
   292.5000      3.733346366257403E+036   6.000000    
   315.0000      3.768730200867964E+036   6.000000    
   337.5000      3.773395516574725E+036   6.000000    
  0.0000000E+00  3.718916959973212E+036   6.000000    
 
  0.0000000E+00  3.503262180330020E+036   6.283333    
   22.50000      3.441792714102493E+036   6.283333    
   45.00000      3.347659342476994E+036   6.283333    
   67.50000      3.274560177044267E+036   6.283333    
   90.00000      3.241758332320979E+036   6.283333    
   112.5000      3.216596006357501E+036   6.283333    
   135.0000      3.214557348144516E+036   6.283333    
   157.5000      3.200032596379510E+036   6.283333    
   180.0000      3.200949310607613E+036   6.283333    
   202.5000      3.210299050557865E+036   6.283333    
   225.0000      3.272752737141336E+036   6.283333    
   247.5000      3.347499042306086E+036   6.283333    
   270.0000      3.422628234050108E+036   6.283333    
   292.5000      3.496914004280511E+036   6.283333    
   315.0000      3.532507405569463E+036   6.283333    
   337.5000      3.542380178133988E+036   6.283333    
  0.0000000E+00  3.503262180330020E+036   6.283333    
 
  0.0000000E+00  3.203656572927156E+036   6.566667    
   22.50000      3.167547557288185E+036   6.566667    
   45.00000      3.103067515555074E+036   6.566667    
   67.50000      3.039577777014746E+036   6.566667    
   90.00000      3.010309538978086E+036   6.566667    
   112.5000      2.989997471395790E+036   6.566667    
   135.0000      2.989997458122574E+036   6.566667    
   157.5000      2.980429846766476E+036   6.566667    
   180.0000      2.975917386397127E+036   6.566667    
   202.5000      2.968699328698703E+036   6.566667    
   225.0000      2.994782379686572E+036   6.566667    
   247.5000      3.043747045249781E+036   6.566667    
   270.0000      3.101947328295358E+036   6.566667    
   292.5000      3.167718592286952E+036   6.566667    
   315.0000      3.206126565718620E+036   6.566667    
   337.5000      3.223833830895322E+036   6.566667    
  0.0000000E+00  3.203656572927156E+036   6.566667    
 
  0.0000000E+00  2.880375254691150E+036   6.850000    
   22.50000      2.863177336161396E+036   6.850000    
   45.00000      2.828004625807079E+036   6.850000    
   67.50000      2.783799727202963E+036   6.850000    
   90.00000      2.757486010752646E+036   6.850000    
   112.5000      2.740901019067859E+036   6.850000    
   135.0000      2.740623236499476E+036   6.850000    
   157.5000      2.730305726676489E+036   6.850000    
   180.0000      2.718065784467792E+036   6.850000    
   202.5000      2.702152562685409E+036   6.850000    
   225.0000      2.703371754851566E+036   6.850000    
   247.5000      2.727712509738496E+036   6.850000    
   270.0000      2.766844674176032E+036   6.850000    
   292.5000      2.821248736494477E+036   6.850000    
   315.0000      2.861118205774855E+036   6.850000    
   337.5000      2.885868381866783E+036   6.850000    
  0.0000000E+00  2.880375254691150E+036   6.850000    
 
  0.0000000E+00  2.562979366670776E+036   7.133333    
   22.50000      2.554851327298223E+036   7.133333    
   45.00000      2.536793021112890E+036   7.133333    
   67.50000      2.512125940201748E+036   7.133333    
   90.00000      2.497495994938344E+036   7.133333    
   112.5000      2.484916621217958E+036   7.133333    
   135.0000      2.480541659884664E+036   7.133333    
   157.5000      2.468040028310688E+036   7.133333    
   180.0000      2.452249759822318E+036   7.133333    
   202.5000      2.433810305454567E+036   7.133333    
   225.0000      2.423858104615074E+036   7.133333    
   247.5000      2.433416071410003E+036   7.133333    
   270.0000      2.459138288511432E+036   7.133333    
   292.5000      2.501888110904319E+036   7.133333    
   315.0000      2.537574545429007E+036   7.133333    
   337.5000      2.562578432692407E+036   7.133333    
  0.0000000E+00  2.562979366670776E+036   7.133333    
 
  0.0000000E+00  2.266847004844168E+036   7.416667    
   22.50000      2.261711954320256E+036   7.416667    
   45.00000      2.251138655955254E+036   7.416667    
   67.50000      2.238651996589560E+036   7.416667    
   90.00000      2.233445815262330E+036   7.416667    
   112.5000      2.225729691815399E+036   7.416667    
   135.0000      2.219308670961491E+036   7.416667    
   157.5000      2.204565789712724E+036   7.416667    
   180.0000      2.187767618541218E+036   7.416667    
   202.5000      2.171108011774092E+036   7.416667    
   225.0000      2.161193140235458E+036   7.416667    
   247.5000      2.167437336790163E+036   7.416667    
   270.0000      2.188150047344025E+036   7.416667    
   292.5000      2.221771591119289E+036   7.416667    
   315.0000      2.249124616286839E+036   7.416667    
   337.5000      2.267676992071912E+036   7.416667    
  0.0000000E+00  2.266847004844168E+036   7.416667    
 
  0.0000000E+00  1.996494148092685E+036   7.700000    
   22.50000      1.992060484754719E+036   7.700000    
   45.00000      1.983927590565301E+036   7.700000    
   67.50000      1.977427645656231E+036   7.700000    
   90.00000      1.976366581544711E+036   7.700000    
   112.5000      1.971663573886468E+036   7.700000    
   135.0000      1.965427770542403E+036   7.700000    
   157.5000      1.951341859808061E+036   7.700000    
   180.0000      1.936770365631046E+036   7.700000    
   202.5000      1.923613894269955E+036   7.700000    
   225.0000      1.917029298901170E+036   7.700000    
   247.5000      1.923603267395190E+036   7.700000    
   270.0000      1.942093632946375E+036   7.700000    
   292.5000      1.968631580893287E+036   7.700000    
   315.0000      1.988411701150797E+036   7.700000    
   337.5000      1.999889119384549E+036   7.700000    
  0.0000000E+00  1.996494148092685E+036   7.700000    
 
  0.0000000E+00  1.749478354635221E+036   7.983334    
   22.50000      1.744914591985649E+036   7.983334    
   45.00000      1.737591362808072E+036   7.983334    
   67.50000      1.734147989488021E+036   7.983334    
   90.00000      1.734987727992094E+036   7.983334    
   112.5000      1.732975998224299E+036   7.983334    
   135.0000      1.728354012174475E+036   7.983334    
   157.5000      1.716489897914370E+036   7.983334    
   180.0000      1.704661942676263E+036   7.983334    
   202.5000      1.694184683058112E+036   7.983334    
   225.0000      1.689860070771563E+036   7.983334    
   247.5000      1.696148037196054E+036   7.983334    
   270.0000      1.712418277510559E+036   7.983334    
   292.5000      1.733601576237496E+036   7.983334    
   315.0000      1.748150928304899E+036   7.983334    
   337.5000      1.754482702243099E+036   7.983334    
  0.0000000E+00  1.749478354635221E+036   7.983334    
 
  0.0000000E+00  1.522967322642020E+036   8.266666    
   22.50000      1.518409754041329E+036   8.266666    
   45.00000      1.511974131387531E+036   8.266666    
   67.50000      1.510482236978401E+036   8.266666    
   90.00000      1.512462333234830E+036   8.266666    
   112.5000      1.512577017766175E+036   8.266666    
   135.0000      1.509496182979215E+036   8.266666    
   157.5000      1.499866238454984E+036   8.266666    
   180.0000      1.490244701109287E+036   8.266666    
   202.5000      1.481599986557334E+036   8.266666    
   225.0000      1.478456756712474E+036   8.266666    
   247.5000      1.483832603795186E+036   8.266666    
   270.0000      1.497677260584651E+036   8.266666    
   292.5000      1.514581349973611E+036   8.266666    
   315.0000      1.525430596474642E+036   8.266666    
   337.5000      1.528453531953875E+036   8.266666    
  0.0000000E+00  1.522967322642020E+036   8.266666    
 
  0.0000000E+00  1.315061904778325E+036   8.550000    
   22.50000      1.310818281280735E+036   8.550000    
   45.00000      1.305465046394533E+036   8.550000    
   67.50000      1.305242157015403E+036   8.550000    
   90.00000      1.307834185170468E+036   8.550000    
   112.5000      1.309292217534768E+036   8.550000    
   135.0000      1.307313262364913E+036   8.550000    
   157.5000      1.299591868451613E+036   8.550000    
   180.0000      1.291716594762498E+036   8.550000    
   202.5000      1.284479915186381E+036   8.550000    
   225.0000      1.281991500334743E+036   8.550000    
   247.5000      1.286285700553326E+036   8.550000    
   270.0000      1.297723120557044E+036   8.550000    
   292.5000      1.311107917844643E+036   8.550000    
   315.0000      1.319234310025170E+036   8.550000    
   337.5000      1.320290048216811E+036   8.550000    
  0.0000000E+00  1.315061904778325E+036   8.550000    
 
  0.0000000E+00  1.123984071336319E+036   8.833333    
   22.50000      1.120256395743759E+036   8.833333    
   45.00000      1.115996105394302E+036   8.833333    
   67.50000      1.116512142775352E+036   8.833333    
   90.00000      1.119289408908016E+036   8.833333    
   112.5000      1.121411894820063E+036   8.833333    
   135.0000      1.120162666716742E+036   8.833333    
   157.5000      1.114039411028446E+036   8.833333    
   180.0000      1.107618533628273E+036   8.833333    
   202.5000      1.101589973035121E+036   8.833333    
   225.0000      1.099533503109371E+036   8.833333    
   247.5000      1.102815528716451E+036   8.833333    
   270.0000      1.112028511318653E+036   8.833333    
   292.5000      1.122510018208178E+036   8.833333    
   315.0000      1.128594422653923E+036   8.833333    
   337.5000      1.128578655142037E+036   8.833333    
  0.0000000E+00  1.123984071336319E+036   8.833333    
 
  0.0000000E+00  9.479943767473389E+035   9.116667    
   22.50000      9.448840591068043E+035   9.116667    
   45.00000      9.416188318474786E+035   9.116667    
   67.50000      9.424768454581855E+035   9.116667    
   90.00000      9.451181109728131E+035   9.116667    
   112.5000      9.473979009467275E+035   9.116667    
   135.0000      9.466165739325103E+035   9.116667    
   157.5000      9.418448832487193E+035   9.116667    
   180.0000      9.366991776994406E+035   9.116667    
   202.5000      9.317835693206455E+035   9.116667    
   225.0000      9.300814042742554E+035   9.116667    
   247.5000      9.325067486948494E+035   9.116667    
   270.0000      9.397311811104050E+035   9.116667    
   292.5000      9.477976366249491E+035   9.116667    
   315.0000      9.523171168879701E+035   9.116667    
   337.5000      9.518006802779847E+035   9.116667    
  0.0000000E+00  9.479943767473389E+035   9.116667    
 
  0.0000000E+00  7.854837440827226E+035   9.400000    
   22.50000      7.830278315456767E+035   9.400000    
   45.00000      7.806251740886358E+035   9.400000    
   67.50000      7.815465716276230E+035   9.400000    
   90.00000      7.838282543784747E+035   9.400000    
   112.5000      7.859173378631532E+035   9.400000    
   135.0000      7.854313145575761E+035   9.400000    
   157.5000      7.818250425646769E+035   9.400000    
   180.0000      7.778407082548028E+035   9.400000    
   202.5000      7.739874675456945E+035   9.400000    
   225.0000      7.726245579123584E+035   9.400000    
   247.5000      7.743575647081705E+035   9.400000    
   270.0000      7.798209460995664E+035   9.400000    
   292.5000      7.858457153050711E+035   9.400000    
   315.0000      7.891309214896178E+035   9.400000    
   337.5000      7.884638210195170E+035   9.400000    
  0.0000000E+00  7.854837440827226E+035   9.400000    
 
  0.0000000E+00  6.350138444695292E+035   9.683333    
   22.50000      6.332118709456619E+035   9.683333    
   45.00000      6.315437742061248E+035   9.683333    
   67.50000      6.323461099124040E+035   9.683333    
   90.00000      6.341263225079994E+035   9.683333    
   112.5000      6.358058381827516E+035   9.683333    
   135.0000      6.355073518743305E+035   9.683333    
   157.5000      6.329289630553482E+035   9.683333    
   180.0000      6.300272617746630E+035   9.683333    
   202.5000      6.271998536270380E+035   9.683333    
   225.0000      6.261809816726220E+035   9.683333    
   247.5000      6.273608441087442E+035   9.683333    
   270.0000      6.312579032007353E+035   9.683333    
   292.5000      6.355201011593627E+035   9.683333    
   315.0000      6.377982335343225E+035   9.683333    
   337.5000      6.371853963008956E+035   9.683333    
  0.0000000E+00  6.350138444695292E+035   9.683333    
 
  0.0000000E+00  4.953217227102994E+035   9.966667    
   22.50000      4.941526997372045E+035   9.966667    
   45.00000      4.931125511727817E+035   9.966667    
   67.50000      4.936876068405218E+035   9.966667    
   90.00000      4.948893417747239E+035   9.966667    
   112.5000      4.960392977917980E+035   9.966667    
   135.0000      4.958656308713973E+035   9.966667    
   157.5000      4.942142486831202E+035   9.966667    
   180.0000      4.923334484933965E+035   9.966667    
   202.5000      4.904949356630843E+035   9.966667    
   225.0000      4.898243540288612E+035   9.966667    
   247.5000      4.905542219055557E+035   9.966667    
   270.0000      4.930414499666730E+035   9.966667    
   292.5000      4.957467162926583E+035   9.966667    
   315.0000      4.971724818350162E+035   9.966667    
   337.5000      4.967249549194831E+035   9.966667    
  0.0000000E+00  4.953217227102994E+035   9.966667    
 
  0.0000000E+00  3.653042279031709E+035   10.25000    
   22.50000      3.647371307623346E+035   10.25000    
   45.00000      3.642443937287145E+035   10.25000    
   67.50000      3.645385749285301E+035   10.25000    
   90.00000      3.651352283160604E+035   10.25000    
   112.5000      3.657082540299172E+035   10.25000    
   135.0000      3.656274134850515E+035   10.25000    
   157.5000      3.648292933347196E+035   10.25000    
   180.0000      3.639152334745873E+035   10.25000    
   202.5000      3.630213333969368E+035   10.25000    
   225.0000      3.626941938848236E+035   10.25000    
   247.5000      3.630410551325853E+035   10.25000    
   270.0000      3.642391485374511E+035   10.25000    
   292.5000      3.655373744172679E+035   10.25000    
   315.0000      3.662152536755080E+035   10.25000    
   337.5000      3.659844934297646E+035   10.25000    
  0.0000000E+00  3.653042279031709E+035   10.25000    
 
