  0.0000000E+00  1.231368008086922E+035
   22.50000      1.337661961490026E+035
   45.00000      1.453982095655549E+035
   67.50000      1.557762152116887E+035
   90.00000      1.634365303713581E+035
   112.5000      1.692576615944759E+035
   135.0000      1.747083557730157E+035
   157.5000      1.787438583544590E+035
   180.0000      1.793159127152937E+035
   202.5000      1.740407824079952E+035
   225.0000      1.627208421541561E+035
   247.5000      1.475229215976609E+035
   270.0000      1.321330090722212E+035
   292.5000      1.203909759230540E+035
   315.0000      1.148652689815199E+035
   337.5000      1.161391603769172E+035
   360.0000      1.231368008086922E+035
   360.0000      1.213527250043047E+035
   382.5000      1.317115846896898E+035
   405.0000      1.433608977097428E+035
   427.5000      1.541083485529078E+035
   450.0000      1.624258319077704E+035
   472.5000      1.686590312313392E+035
   495.0000      1.737825117470014E+035
   517.5000      1.769443283813904E+035
   540.0000      1.763003212086074E+035
   562.5000      1.701946299400386E+035
   585.0000      1.588217153547478E+035
   607.5000      1.442578004181914E+035
   630.0000      1.297516933514095E+035
   652.5000      1.187058431680240E+035
   675.0000      1.134794117872878E+035
   697.5000      1.146439355682388E+035
   720.0000      1.213527250043047E+035
   720.0000      1.127387558191281E+035
   742.5000      1.215455709798874E+035
   765.0000      1.322216736169217E+035
   787.5000      1.427593347405001E+035
   810.0000      1.516426064112384E+035
   832.5000      1.585999966888169E+035
   855.0000      1.640157537241184E+035
   877.5000      1.671986563424896E+035
   900.0000      1.666040881022174E+035
   922.5000      1.610583752576465E+035
   945.0000      1.508551905044286E+035
   967.5000      1.377372625653552E+035
   990.0000      1.243557380349691E+035
   1012.500      1.136384451367129E+035
   1035.000      1.078070584044125E+035
   1057.500      1.076827526273859E+035
   1080.000      1.127387558191281E+035
   1080.000      1.015115115913754E+035
   1102.500      1.081537999960785E+035
   1125.000      1.171898301442473E+035
   1147.500      1.268784952180819E+035
   1170.000      1.356482899368816E+035
   1192.500      1.428229312511903E+035
   1215.000      1.485586079730700E+035
   1237.500      1.524677465608227E+035
   1260.000      1.532553632317017E+035
   1282.500      1.497214681459787E+035
   1305.000      1.418205278417748E+035
   1327.500      1.307177952758081E+035
   1350.000      1.184979198353432E+035
   1372.500      1.077616002624099E+035
   1395.000      1.007908847334478E+035
   1417.500      9.873157570744267E+034
   1440.000      1.015115115913754E+035
   1440.000      9.222203131702517E+034
   1462.500      9.771289288475980E+034
   1485.000      1.055290344181738E+035
   1507.500      1.141293178251562E+035
   1530.000      1.220500313626272E+035
   1552.500      1.285148014183869E+035
   1575.000      1.337598353477285E+035
   1597.500      1.376330374108357E+035
   1620.000      1.389812956947706E+035
   1642.500      1.366185525576772E+035
   1665.000      1.302704100580684E+035
   1687.500      1.207608549364800E+035
   1710.000      1.098083190548293E+035
   1732.500      9.976908444507457E+034
   1755.000      9.287578533734911E+034
   1777.500      9.034936625071168E+034
   1800.000      9.222203131702517E+034
   1800.000      8.611673693802014E+034
   1822.500      9.216214091634438E+034
   1845.000      9.959271837286688E+034
   1867.500      1.070243539875114E+035
   1890.000      1.134234578553605E+035
   1912.500      1.182440075162320E+035
   1935.000      1.221748071759777E+035
   1957.500      1.250033423942820E+035
   1980.000      1.254381436835016E+035
   2002.500      1.223980194094113E+035
   2025.000      1.158547837208844E+035
   2047.500      1.067738276647347E+035
   2070.000      9.689433273344897E+034
   2092.500      8.850080885461920E+034
   2115.000      8.357330635434618E+034
   2137.500      8.291161875242965E+034
   2160.000      8.611673693802014E+034
   2160.000      8.253789964661688E+034
   2182.500      8.941600535434027E+034
   2205.000      9.657727101540402E+034
   2227.500      1.026349720718457E+035
   2250.000      1.068961770755239E+035
   2272.500      1.098734157153328E+035
   2295.000      1.124263936425500E+035
   2317.500      1.139250072069633E+035
   2340.000      1.128437482218177E+035
   2362.500      1.084283246244994E+035
   2385.000      1.011440015675563E+035
   2407.500      9.226190080514500E+034
   2430.000      8.364996130192079E+034
   2452.500      7.751548133452330E+034
   2475.000      7.540138075041083E+034
   2497.500      7.741238556559540E+034
   2520.000      8.253789964661688E+034
   2520.000      7.934539149504449E+034
   2542.500      8.645173179837026E+034
   2565.000      9.293715650494651E+034
   2587.500      9.757395994433388E+034
   2610.000      1.001267450940082E+035
   2632.500      1.017455402604327E+035
   2655.000      1.033198217478788E+035
   2677.500      1.038386040023253E+035
   2700.000      1.016780071550222E+035
   2722.500      9.643276705552887E+034
   2745.000      8.892388135621767E+034
   2767.500      8.057786313029308E+034
   2790.000      7.328446222321120E+034
   2812.500      6.910771453356024E+034
   2835.000      6.918807145814657E+034
   2857.500      7.307672134665557E+034
   2880.000      7.934539149504449E+034
   2880.000      7.533179351550700E+034
   2902.500      8.221089634258326E+034
   2925.000      8.795258480538444E+034
   2947.500      9.148133325514338E+034
   2970.000      9.287965712325186E+034
   2992.500      9.363857331177671E+034
   3015.000      9.465252320594761E+034
   3037.500      9.469468643394672E+034
   3060.000      9.212340585851209E+034
   3082.500      8.673565575190928E+034
   3105.000      7.949558383337017E+034
   3127.500      7.183460275899356E+034
   3150.000      6.557660158724837E+034
   3172.500      6.264784782265885E+034
   3195.000      6.394366484103562E+034
   3217.500      6.871439769629526E+034
   3240.000      7.533179351550700E+034
   3240.000      7.037433018189131E+034
   3262.500      7.677530571232045E+034
   3285.000      8.180845327154854E+034
   3307.500      8.452618937101569E+034
   3330.000      8.518914190215363E+034
   3352.500      8.544231373196129E+034
   3375.000      8.617627584022477E+034
   3397.500      8.608445751250699E+034
   3420.000      8.354367974680766E+034
   3442.500      7.843411522480920E+034
   3465.000      7.172941573096707E+034
   3487.500      6.478334482669994E+034
   3510.000      5.930668378587434E+034
   3532.500      5.710091466404380E+034
   3555.000      5.892728354316598E+034
   3577.500      6.391132550097227E+034
   3600.000      7.037433018189131E+034
   3600.000      6.452873722274446E+034
   3622.500      7.028034749241848E+034
   3645.000      7.461996903746264E+034
   3667.500      7.672059539901810E+034
   3690.000      7.692817208155071E+034
   3712.500      7.690108878102134E+034
   3735.000      7.750231307212687E+034
   3757.500      7.744147190399752E+034
   3780.000      7.515964642220310E+034
   3802.500      7.056162073312808E+034
   3825.000      6.455604889440423E+034
   3847.500      5.837063159358976E+034
   3870.000      5.356618866110993E+034
   3892.500      5.180586945328389E+034
   3915.000      5.376336774500532E+034
   3937.500      5.854556091925787E+034
   3960.000      6.452873722274446E+034
   3960.000      5.785902704984193E+034
   3982.500      6.282057241270587E+034
   4005.000      6.645324551663868E+034
   4027.500      6.805515666004728E+034
   4050.000      6.799489857882500E+034
   4072.500      6.782938684827785E+034
   4095.000      6.835479681413678E+034
   4117.500      6.837488452519074E+034
   4140.000      6.645988016477163E+034
   4162.500      6.251651250430988E+034
   4185.000      5.734226777335084E+034
   4207.500      5.200292555322058E+034
   4230.000      4.787077982822628E+034
   4252.500      4.643449865220305E+034
   4275.000      4.828870255870936E+034
   4297.500      5.259177791195259E+034
   4320.000      5.785902704984193E+034
   4320.000      5.051319980314871E+034
   4342.500      5.456919880217441E+034
   4365.000      5.746979398664663E+034
   4387.500      5.864890404510708E+034
   4410.000      5.845275607445128E+034
   4432.500      5.823876412117854E+034
   4455.000      5.869549082283471E+034
   4477.500      5.878841163998300E+034
   4500.000      5.728343466011429E+034
   4522.500      5.408772947705171E+034
   4545.000      4.985674807801101E+034
   4567.500      4.546580652185085E+034
   4590.000      4.206012018493724E+034
   4612.500      4.090730792779444E+034
   4635.000      4.251350524374835E+034
   4657.500      4.614060745379445E+034
   4680.000      5.051319980314871E+034
   4680.000      4.274132705629823E+034
   4702.500      4.580945876613391E+034
   4725.000      4.796062550736682E+034
   4747.500      4.877293313003033E+034
   4770.000      4.853694423676003E+034
   4792.500      4.833271721739675E+034
   4815.000      4.870562204514545E+034
   4837.500      4.883690443801851E+034
   4860.000      4.774841389123309E+034
   4882.500      4.535454149605875E+034
   4905.000      4.215024114677178E+034
   4927.500      3.879936247061252E+034
   4950.000      3.618669923703050E+034
   4972.500      3.531255164471081E+034
   4995.000      3.657875400691722E+034
   5017.500      3.939131369016305E+034
   5040.000      4.274132705629823E+034
   5040.000      3.486093020534938E+034
   5062.500      3.689814513264340E+034
   5085.000      3.830154854495560E+034
   5107.500      3.879596550259912E+034
   5130.000      3.859128739574906E+034
   5152.500      3.843465756457400E+034
   5175.000      3.870199936717022E+034
   5197.500      3.882912497160867E+034
   5220.000      3.814000352949407E+034
   5242.500      3.656664905891238E+034
   5265.000      3.443514283559727E+034
   5287.500      3.218670791690854E+034
   5310.000      3.042146254237249E+034
   5332.500      2.983285227536953E+034
   5355.000      3.070203930553566E+034
   5377.500      3.261098112972656E+034
   5400.000      3.486093020534938E+034
   5400.000      2.719337852922876E+034
   5422.500      2.819626780728216E+034
   5445.000      2.887607574752815E+034
   5467.500      2.910005107868338E+034
   5490.000      2.897923138844930E+034
   5512.500      2.889411029674072E+034
   5535.000      2.903541574990593E+034
   5557.500      2.911682012438224E+034
   5580.000      2.879383215995973E+034
   5602.500      2.802722492068610E+034
   5625.000      2.697562445009684E+034
   5647.500      2.585608313009878E+034
   5670.000      2.497029521222433E+034
   5692.500      2.467458198252869E+034
   5715.000      2.511497785912350E+034
   5737.500      2.607392894396225E+034
   5760.000      2.719337852922876E+034
