  0.0000000E+00  5.076365591308240E+035
   22.50000      5.213476343839537E+035
   45.00000      5.364984317948286E+035
   67.50000      5.379740161543986E+035
   90.00000      5.468102633781381E+035
   112.5000      5.645757988910874E+035
   135.0000      5.842285956119950E+035
   157.5000      6.151441600730943E+035
   180.0000      6.277098655461790E+035
   202.5000      6.076510237950197E+035
   225.0000      5.903869051179463E+035
   247.5000      5.549330899562483E+035
   270.0000      5.232749575135185E+035
   292.5000      5.096102159516983E+035
   315.0000      5.008264783549268E+035
   337.5000      5.000748348547916E+035
   360.0000      5.076365591308240E+035
   360.0000      5.105203259372472E+035
   382.5000      5.200697856171645E+035
   405.0000      5.339285003676859E+035
   427.5000      5.361166874957274E+035
   450.0000      5.462188793634189E+035
   472.5000      5.661040896229418E+035
   495.0000      5.875324983276155E+035
   517.5000      6.166956305966874E+035
   540.0000      6.298245810106858E+035
   562.5000      6.123191929484209E+035
   585.0000      5.949289516243907E+035
   607.5000      5.633128246153042E+035
   630.0000      5.310572595215446E+035
   652.5000      5.155473874273709E+035
   675.0000      5.076176726274886E+035
   697.5000      5.088753304363502E+035
   720.0000      5.105203259372472E+035
   720.0000      5.006042342253847E+035
   742.5000      5.064556695119960E+035
   765.0000      5.150898686088717E+035
   787.5000      5.180317386832923E+035
   810.0000      5.273090953020503E+035
   832.5000      5.460049586334251E+035
   855.0000      5.667599151724758E+035
   877.5000      5.889980770963701E+035
   900.0000      6.025255343410611E+035
   922.5000      5.929372249916150E+035
   945.0000      5.802293150833479E+035
   967.5000      5.567101830747220E+035
   990.0000      5.288007092145792E+035
   1012.500      5.116782077925085E+035
   1035.000      5.014212119958468E+035
   1057.500      4.989643507310882E+035
   1080.000      5.006042342253847E+035
   1080.000      4.744992282894500E+035
   1102.500      4.754470866261154E+035
   1125.000      4.820165583212071E+035
   1147.500      4.861228901258879E+035
   1170.000      4.921574108390004E+035
   1192.500      5.064985276084556E+035
   1215.000      5.229859994999152E+035
   1237.500      5.407022290605421E+035
   1260.000      5.558423880452280E+035
   1282.500      5.546343042704800E+035
   1305.000      5.474418849437323E+035
   1327.500      5.325166780766802E+035
   1350.000      5.113624284085144E+035
   1372.500      4.947447242830621E+035
   1395.000      4.829653282126923E+035
   1417.500      4.763517344415680E+035
   1440.000      4.744992282894500E+035
   1440.000      4.386945714317297E+035
   1462.500      4.371634953423453E+035
   1485.000      4.414981674904119E+035
   1507.500      4.460186426741339E+035
   1530.000      4.511870335801289E+035
   1552.500      4.617309112744552E+035
   1575.000      4.748289275879377E+035
   1597.500      4.885292519262220E+035
   1620.000      5.023205975447690E+035
   1642.500      5.049607335745722E+035
   1665.000      5.008065810269523E+035
   1687.500      4.909522307690929E+035
   1710.000      4.753417335748607E+035
   1732.500      4.608869518134065E+035
   1755.000      4.497345896616058E+035
   1777.500      4.420697555431764E+035
   1800.000      4.386945714317297E+035
   1800.000      3.960701106544228E+035
   1822.500      3.960177567334356E+035
   1845.000      4.007837508673257E+035
   1867.500      4.058801155017565E+035
   1890.000      4.112400345419591E+035
   1912.500      4.199279585665766E+035
   1935.000      4.301338849027457E+035
   1957.500      4.404611875393512E+035
   1980.000      4.503835406809297E+035
   2002.500      4.515102371496113E+035
   2025.000      4.469578316929666E+035
   2047.500      4.379781706815269E+035
   2070.000      4.248223716480559E+035
   2092.500      4.125219047266450E+035
   2115.000      4.034324556523925E+035
   2137.500      3.977634908609843E+035
   2160.000      3.960701106544228E+035
   2160.000      3.529491552967188E+035
   2182.500      3.556574169993692E+035
   2205.000      3.615371543144586E+035
   2227.500      3.666845621946882E+035
   2250.000      3.719306863397262E+035
   2272.500      3.789792971114879E+035
   2295.000      3.865718466722180E+035
   2317.500      3.938115886652179E+035
   2340.000      3.990610707546337E+035
   2362.500      3.967895771870570E+035
   2385.000      3.905405343135138E+035
   2407.500      3.809390101419188E+035
   2430.000      3.691837963317365E+035
   2452.500      3.594530257738724E+035
   2475.000      3.536349889501517E+035
   2497.500      3.515763290243178E+035
   2520.000      3.529491552967188E+035
   2520.000      3.119228814975195E+035
   2542.500      3.163867846176118E+035
   2565.000      3.224284976727817E+035
   2587.500      3.269664425233687E+035
   2610.000      3.315050023678281E+035
   2632.500      3.367182244237429E+035
   2655.000      3.419540825577500E+035
   2677.500      3.462955460554441E+035
   2700.000      3.476191203797596E+035
   2722.500      3.429565375692592E+035
   2745.000      3.358121070909429E+035
   2767.500      3.263430953275899E+035
   2790.000      3.165254273781942E+035
   2812.500      3.096889338016912E+035
   2835.000      3.071407740836539E+035
   2857.500      3.082166197807830E+035
   2880.000      3.119228814975195E+035
   2880.000      2.725609170816721E+035
   2902.500      2.776123777059046E+035
   2925.000      2.831225070727486E+035
   2947.500      2.868606443507493E+035
   2970.000      2.904449552228441E+035
   2992.500      2.939149382533542E+035
   3015.000      2.971773403426727E+035
   3037.500      2.991879969911079E+035
   3060.000      2.980408521191203E+035
   3082.500      2.924966667934220E+035
   3105.000      2.855074175995485E+035
   3127.500      2.770578318017523E+035
   3150.000      2.693988626615108E+035
   3172.500      2.649977358307440E+035
   3195.000      2.647697224350527E+035
   3217.500      2.677155908322122E+035
   3240.000      2.725609170816721E+035
   3240.000      2.347049106973508E+035
   3262.500      2.396174487322641E+035
   3285.000      2.443286207987005E+035
   3307.500      2.473022739071065E+035
   3330.000      2.499541193026809E+035
   3352.500      2.520123522330209E+035
   3375.000      2.537869517656236E+035
   3397.500      2.541924646790298E+035
   3420.000      2.518103261879332E+035
   3442.500      2.463661706203295E+035
   3465.000      2.401283411780023E+035
   3487.500      2.330689970406972E+035
   3510.000      2.273485484696438E+035
   3532.500      2.247083085558928E+035
   3555.000      2.258382622519046E+035
   3577.500      2.296046108165247E+035
   3600.000      2.347049106973508E+035
   3600.000      1.984946154116171E+035
   3622.500      2.028823972712929E+035
   3645.000      2.067423886069519E+035
   3667.500      2.090486193087155E+035
   3690.000      2.109122849730334E+035
   3712.500      2.119572234597737E+035
   3735.000      2.127194857259565E+035
   3757.500      2.121724620720357E+035
   3780.000      2.093855510169454E+035
   3802.500      2.045396706110452E+035
   3825.000      1.992897042274332E+035
   3847.500      1.936479910274801E+035
   3870.000      1.894992403096801E+035
   3892.500      1.880356698420710E+035
   3915.000      1.898074159292082E+035
   3937.500      1.936917493832333E+035
   3960.000      1.984946154116171E+035
   3960.000      1.640766062592858E+035
   3982.500      1.677581112782357E+035
   4005.000      1.708064034433677E+035
   4027.500      1.725502027871853E+035
   4050.000      1.738031928663826E+035
   4072.500      1.741982086240371E+035
   4095.000      1.743470423479216E+035
   4117.500      1.733529232488526E+035
   4140.000      1.706682584236038E+035
   4162.500      1.666331565577160E+035
   4185.000      1.624161893226492E+035
   4207.500      1.580690927836051E+035
   4230.000      1.551311237521510E+035
   4252.500      1.544019639429864E+035
   4275.000      1.563269716442791E+035
   4297.500      1.598913041651697E+035
   4320.000      1.640766062592858E+035
   4320.000      1.315369938519682E+035
   4342.500      1.344457537307969E+035
   4365.000      1.367535011679827E+035
   4387.500      1.380287090992947E+035
   4410.000      1.388361507241313E+035
   4432.500      1.388702053372736E+035
   4455.000      1.387086725230469E+035
   4477.500      1.376241599676072E+035
   4500.000      1.353283176645689E+035
   4522.500      1.321660703710844E+035
   4545.000      1.289396445135547E+035
   4567.500      1.257206094918967E+035
   4590.000      1.236942078568335E+035
   4612.500      1.233868137463614E+035
   4635.000      1.251503305320475E+035
   4657.500      1.281382749221954E+035
   4680.000      1.315369938519682E+035
   4680.000      1.008976433381186E+035
   4702.500      1.030288605823541E+035
   4725.000      1.046708764236271E+035
   4747.500      1.055539741656532E+035
   4770.000      1.060489210812803E+035
   4792.500      1.059299224382892E+035
   4815.000      1.056696122661584E+035
   4837.500      1.047257709384283E+035
   4860.000      1.029641508565933E+035
   4882.500      1.006638917406517E+035
   4905.000      9.835305791784595E+034
   4927.500      9.610262436127109E+034
   4950.000      9.476238953321047E+034
   4972.500      9.466853605857876E+034
   4995.000      9.608216682573289E+034
   5017.500      9.835886775163219E+034
   5040.000      1.008976433381186E+035
   5040.000      7.213572729154271E+034
   5062.500      7.351551278651069E+034
   5085.000      7.455887259287874E+034
   5107.500      7.510908814640876E+034
   5130.000      7.538790942212083E+034
   5152.500      7.525060650856409E+034
   5175.000      7.502314930206498E+034
   5197.500      7.435213283498814E+034
   5220.000      7.318221763461579E+034
   5242.500      7.170102010094904E+034
   5265.000      7.022751986976541E+034
   5287.500      6.881442295064592E+034
   5310.000      6.800412816348765E+034
   5332.500      6.799581373758615E+034
   5355.000      6.896074512668415E+034
   5377.500      7.047114664406169E+034
   5400.000      7.213572729154271E+034
   5400.000      4.519575239650296E+034
   5422.500      4.586373738261382E+034
   5445.000      4.636380213064876E+034
   5467.500      4.662437836408272E+034
   5490.000      4.674830114333139E+034
   5512.500      4.666643079506391E+034
   5535.000      4.654166113731821E+034
   5557.500      4.620237897444069E+034
   5580.000      4.562952384584012E+034
   5602.500      4.491484501245837E+034
   5625.000      4.420717286667019E+034
   5647.500      4.353372027807344E+034
   5670.000      4.315529941145285E+034
   5692.500      4.316404652114970E+034
   5715.000      4.364372484000691E+034
   5737.500      4.438438416967299E+034
   5760.000      4.519575239650296E+034
