  0.0000000E+00  7.316918000091967E+035   6.000000    
   22.50000      7.496845359445495E+035   6.000000    
   45.00000      6.968303002014949E+035   6.000000    
   67.50000      6.098998989125543E+035   6.000000    
   90.00000      5.270451729168548E+035   6.000000    
   112.5000      4.665680001518797E+035   6.000000    
   135.0000      4.247094453499202E+035   6.000000    
   157.5000      4.095022675582375E+035   6.000000    
   180.0000      4.078429839425071E+035   6.000000    
   202.5000      4.079877648762414E+035   6.000000    
   225.0000      4.538500158083895E+035   6.000000    
   247.5000      5.245471552865957E+035   6.000000    
   270.0000      5.775837690029263E+035   6.000000    
   292.5000      6.239680492848295E+035   6.000000    
   315.0000      6.584979748017970E+035   6.000000    
   337.5000      6.903724039414667E+035   6.000000    
  0.0000000E+00  7.316918000091967E+035   6.000000    
 
  0.0000000E+00  7.049343072937213E+035   6.283333    
   22.50000      7.212503815148358E+035   6.283333    
   45.00000      6.896308102562640E+035   6.283333    
   67.50000      6.139292444299856E+035   6.283333    
   90.00000      5.397654002552035E+035   6.283333    
   112.5000      4.839514548890039E+035   6.283333    
   135.0000      4.436762153628471E+035   6.283333    
   157.5000      4.275749466898341E+035   6.283333    
   180.0000      4.245529160212612E+035   6.283333    
   202.5000      4.264232965918967E+035   6.283333    
   225.0000      4.687925338549766E+035   6.283333    
   247.5000      5.179336294113040E+035   6.283333    
   270.0000      5.634517921068537E+035   6.283333    
   292.5000      6.058074418880265E+035   6.283333    
   315.0000      6.381665811971092E+035   6.283333    
   337.5000      6.672853554772151E+035   6.283333    
  0.0000000E+00  7.049343072937213E+035   6.283333    
 
  0.0000000E+00  6.486423720596936E+035   6.566667    
   22.50000      6.679004489269656E+035   6.566667    
   45.00000      6.578202852926162E+035   6.566667    
   67.50000      6.085698076485954E+035   6.566667    
   90.00000      5.495675068849180E+035   6.566667    
   112.5000      5.016382077679307E+035   6.566667    
   135.0000      4.643180029414698E+035   6.566667    
   157.5000      4.462119951335371E+035   6.566667    
   180.0000      4.402047083064906E+035   6.566667    
   202.5000      4.372474514143772E+035   6.566667    
   225.0000      4.609530503457826E+035   6.566667    
   247.5000      4.919470532097229E+035   6.566667    
   270.0000      5.256968991805139E+035   6.566667    
   292.5000      5.613036737642368E+035   6.566667    
   315.0000      5.911608945655444E+035   6.566667    
   337.5000      6.167325609210641E+035   6.566667    
  0.0000000E+00  6.486423720596936E+035   6.566667    
 
  0.0000000E+00  5.770993908452138E+035   6.850000    
   22.50000      5.973030401087143E+035   6.850000    
   45.00000      6.045785064647294E+035   6.850000    
   67.50000      5.835314749441714E+035   6.850000    
   90.00000      5.447461583582878E+035   6.850000    
   112.5000      5.072687396936658E+035   6.850000    
   135.0000      4.747817715971372E+035   6.850000    
   157.5000      4.543829142293851E+035   6.850000    
   180.0000      4.431996155850109E+035   6.850000    
   202.5000      4.333467799529406E+035   6.850000    
   225.0000      4.394255081922417E+035   6.850000    
   247.5000      4.550950947229229E+035   6.850000    
   270.0000      4.763469268198718E+035   6.850000    
   292.5000      5.033190465640093E+035   6.850000    
   315.0000      5.298660316711646E+035   6.850000    
   337.5000      5.516116866045825E+035   6.850000    
  0.0000000E+00  5.770993908452138E+035   6.850000    
 
  0.0000000E+00  5.101505511404283E+035   7.133333    
   22.50000      5.272571385205930E+035   7.133333    
   45.00000      5.393094992076034E+035   7.133333    
   67.50000      5.345850669140749E+035   7.133333    
   90.00000      5.122923592006507E+035   7.133333    
   112.5000      4.852996336777350E+035   7.133333    
   135.0000      4.581617573511338E+035   7.133333    
   157.5000      4.375361423581941E+035   7.133333    
   180.0000      4.243153370221833E+035   7.133333    
   202.5000      4.133290463968496E+035   7.133333    
   225.0000      4.118326458466337E+035   7.133333    
   247.5000      4.186328378617077E+035   7.133333    
   270.0000      4.313472579717911E+035   7.133333    
   292.5000      4.504941939271441E+035   7.133333    
   315.0000      4.723150043451298E+035   7.133333    
   337.5000      4.904000680486714E+035   7.133333    
  0.0000000E+00  5.101505511404283E+035   7.133333    
 
  0.0000000E+00  4.549235282416954E+035   7.416667    
   22.50000      4.673450841338520E+035   7.416667    
   45.00000      4.763371991834486E+035   7.416667    
   67.50000      4.736248925093229E+035   7.416667    
   90.00000      4.574421350669072E+035   7.416667    
   112.5000      4.365016232470438E+035   7.416667    
   135.0000      4.151583629393546E+035   7.416667    
   157.5000      3.986438706222730E+035   7.416667    
   180.0000      3.881385559144192E+035   7.416667    
   202.5000      3.803303888460794E+035   7.416667    
   225.0000      3.792150509542260E+035   7.416667    
   247.5000      3.840705034953389E+035   7.416667    
   270.0000      3.936928921804755E+035   7.416667    
   292.5000      4.082646246863913E+035   7.416667    
   315.0000      4.252721285132582E+035   7.416667    
   337.5000      4.397496014496760E+035   7.416667    
  0.0000000E+00  4.549235282416954E+035   7.416667    
 
  0.0000000E+00  4.049587923014474E+035   7.700000    
   22.50000      4.123408956476937E+035   7.700000    
   45.00000      4.158885975619644E+035   7.700000    
   67.50000      4.097207761177918E+035   7.700000    
   90.00000      3.948695846731603E+035   7.700000    
   112.5000      3.778649711166067E+035   7.700000    
   135.0000      3.624822236546339E+035   7.700000    
   157.5000      3.519387701957898E+035   7.700000    
   180.0000      3.462259698941182E+035   7.700000    
   202.5000      3.429689402416340E+035   7.700000    
   225.0000      3.446089234639380E+035   7.700000    
   247.5000      3.498735569907391E+035   7.700000    
   270.0000      3.583692168031874E+035   7.700000    
   292.5000      3.698568072384163E+035   7.700000    
   315.0000      3.827026520553544E+035   7.700000    
   337.5000      3.938871855172052E+035   7.700000    
  0.0000000E+00  4.049587923014474E+035   7.700000    
 
  0.0000000E+00  3.551014793668386E+035   7.983334    
   22.50000      3.581749095589297E+035   7.983334    
   45.00000      3.573664149091824E+035   7.983334    
   67.50000      3.488224615883082E+035   7.983334    
   90.00000      3.356734235692545E+035   7.983334    
   112.5000      3.226180635406113E+035   7.983334    
   135.0000      3.126867196292674E+035   7.983334    
   157.5000      3.072651344233043E+035   7.983334    
   180.0000      3.055195830913610E+035   7.983334    
   202.5000      3.056219658540263E+035   7.983334    
   225.0000      3.090683812330236E+035   7.983334    
   247.5000      3.143101768069843E+035   7.983334    
   270.0000      3.214685429790821E+035   7.983334    
   292.5000      3.301400581595837E+035   7.983334    
   315.0000      3.395890778533812E+035   7.983334    
   337.5000      3.478271864680421E+035   7.983334    
  0.0000000E+00  3.551014793668386E+035   7.983334    
 
  0.0000000E+00  3.059215518774564E+035   8.266666    
   22.50000      3.061595389314733E+035   8.266666    
   45.00000      3.030459237272504E+035   8.266666    
   67.50000      2.942185157783147E+035   8.266666    
   90.00000      2.834742656013653E+035   8.266666    
   112.5000      2.739628118611258E+035   8.266666    
   135.0000      2.680887485719137E+035   8.266666    
   157.5000      2.660615317948503E+035   8.266666    
   180.0000      2.667726860378508E+035   8.266666    
   202.5000      2.687136127494095E+035   8.266666    
   225.0000      2.727702468500694E+035   8.266666    
   247.5000      2.774051517338581E+035   8.266666    
   270.0000      2.829899228087268E+035   8.266666    
   292.5000      2.891708180450179E+035   8.266666    
   315.0000      2.959191079612924E+035   8.266666    
   337.5000      3.016561962767811E+035   8.266666    
  0.0000000E+00  3.059215518774564E+035   8.266666    
 
  0.0000000E+00  2.591681474106362E+035   8.550000    
   22.50000      2.578693350040849E+035   8.550000    
   45.00000      2.539464524470250E+035   8.550000    
   67.50000      2.460194703917187E+035   8.550000    
   90.00000      2.376946544838407E+035   8.550000    
   112.5000      2.309810175638511E+035   8.550000    
   135.0000      2.278096586613411E+035   8.550000    
   157.5000      2.277689924050607E+035   8.550000    
   180.0000      2.297547654204474E+035   8.550000    
   202.5000      2.324741217033671E+035   8.550000    
   225.0000      2.364295835730718E+035   8.550000    
   247.5000      2.402303633800627E+035   8.550000    
   270.0000      2.443373018104688E+035   8.550000    
   292.5000      2.485308686772624E+035   8.550000    
   315.0000      2.532137035353995E+035   8.550000    
   337.5000      2.569997314915603E+035   8.550000    
  0.0000000E+00  2.591681474106362E+035   8.550000    
 
  0.0000000E+00  2.157512841268852E+035   8.833333    
   22.50000      2.138222833911222E+035   8.833333    
   45.00000      2.099333660183636E+035   8.833333    
   67.50000      2.033388421628422E+035   8.833333    
   90.00000      1.971062892993242E+035   8.833333    
   112.5000      1.924660907726661E+035   8.833333    
   135.0000      1.909766928030596E+035   8.833333    
   157.5000      1.919620775135729E+035   8.833333    
   180.0000      1.944347110124368E+035   8.833333    
   202.5000      1.972883308295150E+035   8.833333    
   225.0000      2.007920237794584E+035   8.833333    
   247.5000      2.037552084463342E+035   8.833333    
   270.0000      2.066440451049381E+035   8.833333    
   292.5000      2.093715870864956E+035   8.833333    
   315.0000      2.125359818339211E+035   8.833333    
   337.5000      2.149060860531556E+035   8.833333    
  0.0000000E+00  2.157512841268852E+035   8.833333    
 
  0.0000000E+00  1.758734546684650E+035   9.116667    
   22.50000      1.738538945167977E+035   9.116667    
   45.00000      1.704289007187975E+035   9.116667    
   67.50000      1.652340321690413E+035   9.116667    
   90.00000      1.606915811160554E+035   9.116667    
   112.5000      1.575388653323486E+035   9.116667    
   135.0000      1.570196272763844E+035   9.116667    
   157.5000      1.584058502024801E+035   9.116667    
   180.0000      1.608686196862600E+035   9.116667    
   202.5000      1.634868079790521E+035   9.116667    
   225.0000      1.663924332580340E+035   9.116667    
   247.5000      1.686119482577589E+035   9.116667    
   270.0000      1.705712610488548E+035   9.116667    
   292.5000      1.722778668611164E+035   9.116667    
   315.0000      1.743624953744083E+035   9.116667    
   337.5000      1.757685932491510E+035   9.116667    
  0.0000000E+00  1.758734546684650E+035   9.116667    
 
  0.0000000E+00  1.393546732490020E+035   9.400000    
   22.50000      1.375600450350476E+035   9.400000    
   45.00000      1.347924610053834E+035   9.400000    
   67.50000      1.308975633132349E+035   9.400000    
   90.00000      1.276831245277896E+035   9.400000    
   112.5000      1.255831422743065E+035   9.400000    
   135.0000      1.255592359732548E+035   9.400000    
   157.5000      1.269531905523579E+035   9.400000    
   180.0000      1.291080927836491E+035   9.400000    
   202.5000      1.312918440264043E+035   9.400000    
   225.0000      1.335604251103914E+035   9.400000    
   247.5000      1.351569376596301E+035   9.400000    
   270.0000      1.364403744302245E+035   9.400000    
   292.5000      1.374681867280434E+035   9.400000    
   315.0000      1.388048474756477E+035   9.400000    
   337.5000      1.395936487717863E+035   9.400000    
  0.0000000E+00  1.393546732490020E+035   9.400000    
 
  0.0000000E+00  1.058657826962447E+035   9.683333    
   22.50000      1.044617285531582E+035   9.683333    
   45.00000      1.024146729303199E+035   9.683333    
   67.50000      9.967282283974550E+034   9.683333    
   90.00000      9.750143406861061E+034   9.683333    
   112.5000      9.615067926864098E+034   9.683333    
   135.0000      9.632015847576514E+034   9.683333    
   157.5000      9.748763109932986E+034   9.683333    
   180.0000      9.916928231927246E+034   9.683333    
   202.5000      1.008235042476458E+035   9.683333    
   225.0000      1.024681266189645E+035   9.683333    
   247.5000      1.035543922374560E+035   9.683333    
   270.0000      1.043585456972953E+035   9.683333    
   292.5000      1.049511133953137E+035   9.683333    
   315.0000      1.057772640803973E+035   9.683333    
   337.5000      1.061950940033447E+035   9.683333    
  0.0000000E+00  1.058657826962447E+035   9.683333    
 
  0.0000000E+00  7.503921723667956E+034   9.966667    
   22.50000      7.409755914053121E+034   9.966667    
   45.00000      7.276777905044488E+034   9.966667    
   67.50000      7.104055117378453E+034   9.966667    
   90.00000      6.970803761535662E+034   9.966667    
   112.5000      6.890752510646230E+034   9.966667    
   135.0000      6.909185230194134E+034   9.966667    
   157.5000      6.990670871732165E+034   9.966667    
   180.0000      7.103702451517705E+034   9.966667    
   202.5000      7.212914325391049E+034   9.966667    
   225.0000      7.318512276297295E+034   9.966667    
   247.5000      7.385223979777003E+034   9.966667    
   270.0000      7.431566380572610E+034   9.966667    
   292.5000      7.463363346941403E+034   9.966667    
   315.0000      7.510605079122482E+034   9.966667    
   337.5000      7.531230733570017E+034   9.966667    
  0.0000000E+00  7.503921723667956E+034   9.966667    
 
  0.0000000E+00  4.652263790995088E+034   10.25000    
   22.50000      4.605948789846082E+034   10.25000    
   45.00000      4.541520433796229E+034   10.25000    
   67.50000      4.459104508055096E+034   10.25000    
   90.00000      4.396364917626923E+034   10.25000    
   112.5000      4.359408401699739E+034   10.25000    
   135.0000      4.370176692668914E+034   10.25000    
   157.5000      4.411111041495966E+034   10.25000    
   180.0000      4.466879783071033E+034   10.25000    
   202.5000      4.520253821640151E+034   10.25000    
   225.0000      4.571108017657999E+034   10.25000    
   247.5000      4.602433207120333E+034   10.25000    
   270.0000      4.623382278991721E+034   10.25000    
   292.5000      4.637119572434166E+034   10.25000    
   315.0000      4.658454396049703E+034   10.25000    
   337.5000      4.666889394958209E+034   10.25000    
  0.0000000E+00  4.652263790995088E+034   10.25000    
 
