  0.0000000E+00   1.042941    
   22.50000      0.9635279    
   45.00000      0.9718266    
   67.50000       1.026988    
   90.00000       1.046479    
   112.5000       1.010627    
   135.0000      0.9114951    
   157.5000      0.7927824    
   180.0000      0.7219244    
   202.5000      0.7045565    
   225.0000      0.8094161    
   247.5000       1.061568    
   270.0000       1.262368    
   292.5000       1.300987    
   315.0000       1.242504    
   337.5000       1.130008    
   360.0000       1.042941    
   360.0000      0.9834673    
   382.5000      0.9618619    
   405.0000      0.9960579    
   427.5000       1.064305    
   450.0000       1.102944    
   472.5000       1.069794    
   495.0000      0.9481306    
   517.5000      0.8017374    
   540.0000      0.7286656    
   562.5000      0.7198300    
   585.0000      0.8403124    
   607.5000       1.061435    
   630.0000       1.203781    
   652.5000       1.251799    
   675.0000       1.192785    
   697.5000       1.073093    
   720.0000      0.9834673    
   720.0000      0.9200132    
   742.5000      0.9013842    
   765.0000      0.9737251    
   787.5000       1.114363    
   810.0000       1.168865    
   832.5000       1.144608    
   855.0000       1.020992    
   877.5000      0.8606939    
   900.0000      0.7733032    
   922.5000      0.7653245    
   945.0000      0.8528039    
   967.5000      0.9995683    
   990.0000       1.149285    
   1012.500       1.202968    
   1035.000       1.137998    
   1057.500       1.014103    
   1080.000      0.9200132    
   1080.000      0.8718413    
   1102.500      0.8524584    
   1125.000      0.9266604    
   1147.500       1.084115    
   1170.000       1.227280    
   1192.500       1.250244    
   1215.000       1.128558    
   1237.500      0.9428457    
   1260.000      0.8120384    
   1282.500      0.7683105    
   1305.000      0.8211487    
   1327.500      0.9604722    
   1350.000       1.112850    
   1372.500       1.168929    
   1395.000       1.101000    
   1417.500      0.9712480    
   1440.000      0.8718413    
   1440.000      0.8505214    
   1462.500      0.8266996    
   1485.000      0.9011399    
   1507.500       1.067683    
   1530.000       1.235259    
   1552.500       1.276078    
   1575.000       1.154245    
   1597.500      0.9598980    
   1620.000      0.8184721    
   1642.500      0.7700604    
   1665.000      0.8218366    
   1687.500      0.9613548    
   1710.000       1.119808    
   1732.500       1.178097    
   1755.000       1.100266    
   1777.500      0.9585811    
   1800.000      0.8505214    
   1800.000      0.8361371    
   1822.500      0.8068174    
   1845.000      0.8835016    
   1867.500       1.060391    
   1890.000       1.245750    
   1912.500       1.295773    
   1935.000       1.165765    
   1957.500      0.9594722    
   1980.000      0.8091702    
   2002.500      0.7582075    
   2025.000      0.8139438    
   2047.500      0.9631057    
   2070.000       1.134871    
   2092.500       1.199192    
   2115.000       1.112390    
   2137.500      0.9555110    
   2160.000      0.8361371    
   2160.000      0.8245001    
   2182.500      0.7904192    
   2205.000      0.8712971    
   2227.500       1.058152    
   2250.000       1.255373    
   2272.500       1.307666    
   2295.000       1.168485    
   2317.500      0.9506164    
   2340.000      0.7931684    
   2362.500      0.7410759    
   2385.000      0.8032399    
   2407.500      0.9665257    
   2430.000       1.155578    
   2452.500       1.226443    
   2475.000       1.130413    
   2497.500      0.9570476    
   2520.000      0.8245001    
   2520.000      0.8198889    
   2542.500      0.7780350    
   2565.000      0.8586685    
   2587.500       1.049960    
   2610.000       1.254097    
   2632.500       1.311182    
   2655.000       1.164681    
   2677.500      0.9405944    
   2700.000      0.7789077    
   2722.500      0.7269897    
   2745.000      0.7950212    
   2767.500      0.9699804    
   2790.000       1.174034    
   2812.500       1.256548    
   2835.000       1.155596    
   2857.500      0.9658169    
   2880.000      0.8198889    
   2880.000      0.8143144    
   2902.500      0.7677416    
   2925.000      0.8479983    
   2947.500       1.040820    
   2970.000       1.249596    
   2992.500       1.310490    
   3015.000       1.162040    
   3037.500      0.9348924    
   3060.000      0.7705966    
   3082.500      0.7193785    
   3105.000      0.7918262    
   3127.500      0.9752439    
   3150.000       1.190856    
   3172.500       1.280325    
   3195.000       1.173386    
   3217.500      0.9704968    
   3240.000      0.8143144    
   3240.000      0.8093233    
   3262.500      0.7593688    
   3285.000      0.8384992    
   3307.500       1.031098    
   3330.000       1.243366    
   3352.500       1.308297    
   3375.000       1.160253    
   3397.500      0.9319262    
   3420.000      0.7662409    
   3442.500      0.7160143    
   3465.000      0.7916063    
   3487.500      0.9808124    
   3510.000       1.204808    
   3532.500       1.298931    
   3555.000       1.186396    
   3577.500      0.9730597    
   3600.000      0.8093233    
   3600.000      0.8059310    
   3622.500      0.7551890    
   3645.000      0.8329376    
   3667.500       1.024568    
   3690.000       1.239250    
   3712.500       1.304096    
   3735.000       1.157992    
   3757.500      0.9304361    
   3780.000      0.7649358    
   3802.500      0.7157117    
   3825.000      0.7931559    
   3847.500      0.9853551    
   3870.000       1.213877    
   3892.500       1.310143    
   3915.000       1.193257    
   3937.500      0.9731633    
   3960.000      0.8059310    
   3960.000      0.8027475    
   3982.500      0.7495752    
   4005.000      0.8253338    
   4027.500       1.013765    
   4050.000       1.228209    
   4072.500       1.299970    
   4095.000       1.158486    
   4117.500      0.9331888    
   4140.000      0.7683575    
   4162.500      0.7204692    
   4185.000      0.7987428    
   4207.500      0.9917157    
   4230.000       1.221349    
   4252.500       1.317502    
   4275.000       1.197390    
   4297.500      0.9731987    
   4320.000      0.8027475    
   4320.000      0.8021114    
   4342.500      0.7490683    
   4365.000      0.8227443    
   4387.500       1.006972    
   4410.000       1.218769    
   4432.500       1.292768    
   4455.000       1.158097    
   4477.500      0.9381022    
   4500.000      0.7759024    
   4522.500      0.7291707    
   4545.000      0.8067390    
   4567.500      0.9968624    
   4590.000       1.222019    
   4612.500       1.315032    
   4635.000       1.194361    
   4657.500      0.9712813    
   4680.000      0.8021114    
   4680.000      0.8060141    
   4702.500      0.7550190    
   4725.000      0.8263894    
   4747.500       1.002996    
   4770.000       1.207337    
   4792.500       1.281321    
   4815.000       1.156353    
   4837.500      0.9458607    
   4860.000      0.7886761    
   4882.500      0.7430913    
   4905.000      0.8180487    
   4927.500       1.000629    
   4950.000       1.214276    
   4972.500       1.300836    
   4995.000       1.183936    
   5017.500      0.9692170    
   5040.000      0.8060141    
   5040.000      0.8155950    
   5062.500      0.7682213    
   5085.000      0.8366477    
   5107.500       1.003575    
   5130.000       1.193170    
   5152.500       1.263185    
   5175.000       1.151176    
   5197.500      0.9562545    
   5220.000      0.8078344    
   5242.500      0.7638093    
   5265.000      0.8339373    
   5287.500       1.003107    
   5310.000       1.196891    
   5332.500       1.273389    
   5355.000       1.165506    
   5377.500      0.9677011    
   5400.000      0.8155950    
   5400.000      0.8369000    
   5422.500      0.7956029    
   5445.000      0.8584285    
   5467.500       1.006703    
   5490.000       1.170096    
   5512.500       1.230610    
   5535.000       1.137050    
   5557.500      0.9677275    
   5580.000      0.8345259    
   5602.500      0.7936365    
   5625.000      0.8561875    
   5647.500       1.004242    
   5670.000       1.168110    
   5692.500       1.230724    
   5715.000       1.139257    
   5737.500      0.9701998    
   5760.000      0.8369000    
