  0.0000000E+00   11169.0745737867     
   22.50000       12313.6321242912     
   45.00000       12865.2669773817     
   67.50000       10999.5710191070     
   90.00000       8549.18656732555     
   112.5000       6409.99379504822     
   135.0000       5038.58624556462     
   157.5000       4319.24617669276     
   180.0000       4176.44403042453     
   202.5000       4149.88500744847     
   225.0000       4335.91138124327     
   247.5000       5725.76977244073     
   270.0000       7238.61613947513     
   292.5000       8620.02444208624     
   315.0000       10013.6527255984     
   337.5000       10714.7897445130     
   360.0000       11169.0745737867     
   360.0000       9417.49926736038     
   382.5000       10164.1178583722     
   405.0000       10663.2875268196     
   427.5000       9676.69670228375     
   450.0000       7726.16174707555     
   472.5000       5936.93279214280     
   495.0000       4769.21324173792     
   517.5000       4157.89673102140     
   540.0000       4045.06256105481     
   562.5000       4039.38992776014     
   585.0000       4334.92651222949     
   607.5000       5481.53037131540     
   630.0000       6434.15001825526     
   652.5000       7440.19805066698     
   675.0000       8508.33587336142     
   697.5000       9072.05631623441     
   720.0000       9417.49926736038     
   720.0000       7728.28245537109     
   742.5000       8201.98732255148     
   765.0000       8641.36835051038     
   787.5000       8414.43734298784     
   810.0000       7320.80769219215     
   832.5000       6004.22440795749     
   855.0000       5016.59490279789     
   877.5000       4425.40631803992     
   900.0000       4251.54647477389     
   922.5000       4195.16257154329     
   945.0000       4419.74225031890     
   967.5000       5023.74255592475     
   990.0000       5570.66906256839     
   1012.500       6188.49539967288     
   1035.000       6943.90335342449     
   1057.500       7429.77901594906     
   1080.000       7728.28245537109     
   1080.000       6154.44987264619     
   1102.500       6438.42796285873     
   1125.000       6776.49782158824     
   1147.500       6896.75279735118     
   1170.000       6570.83916195961     
   1192.500       5876.70645098714     
   1215.000       5164.01435015218     
   1237.500       4620.91960353064     
   1260.000       4364.96552589642     
   1282.500       4224.55191584174     
   1305.000       4222.25781381861     
   1327.500       4436.65550791616     
   1350.000       4711.88619937803     
   1372.500       5026.61500595610     
   1395.000       5499.18469040531     
   1417.500       5898.30521410850     
   1440.000       6154.44987264619     
   1440.000       4942.59018219148     
   1462.500       5113.35071680551     
   1485.000       5328.66643022907     
   1507.500       5497.95053666694     
   1530.000       5476.01450400039     
   1552.500       5185.70510251089     
   1575.000       4769.97125298008     
   1597.500       4363.45663185876     
   1620.000       4099.56301101257     
   1642.500       3924.13736004152     
   1665.000       3833.32066173459     
   1687.500       3884.10493255101     
   1710.000       4020.18516146467     
   1732.500       4178.09693363267     
   1755.000       4456.35059321299     
   1777.500       4741.81341705555     
   1800.000       4942.59018219148     
   1800.000       4113.78764361717     
   1822.500       4217.85525108085     
   1845.000       4345.80315819887     
   1867.500       4458.55919383039     
   1890.000       4469.83090667587     
   1912.500       4313.52215728723     
   1935.000       4055.11217589128     
   1957.500       3783.17333520482     
   1980.000       3588.51729564906     
   2002.500       3454.98104285383     
   2025.000       3384.26260398292     
   2047.500       3410.05924766541     
   2070.000       3499.16430491962     
   2092.500       3607.25605344519     
   2115.000       3793.20950615752     
   2137.500       3980.18175030399     
   2160.000       4113.78764361717     
   2160.000       3484.24753669685     
   2182.500       3542.54444901645     
   2205.000       3610.23769050203     
   2227.500       3658.00654662062     
   2250.000       3636.71905059727     
   2272.500       3515.92138549999     
   2295.000       3342.42620309875     
   2317.500       3173.10659390791     
   2340.000       3055.20202666149     
   2362.500       2980.16372249398     
   2385.000       2954.56334811044     
   2407.500       2992.65822231936     
   2430.000       3067.95541392067     
   2452.500       3161.48292220916     
   2475.000       3294.86229720831     
   2497.500       3407.52589686064     
   2520.000       3484.24753669685     
   2520.000       2936.00136987333     
   2542.500       2961.48162106754     
   2565.000       2988.04792586936     
   2587.500       2993.48746642853     
   2610.000       2954.38262938737     
   2632.500       2862.23669384714     
   2655.000       2751.10904172135     
   2677.500       2652.83775866180     
   2700.000       2589.19095663995     
   2722.500       2555.55931558460     
   2745.000       2558.81251592888     
   2767.500       2601.92807542909     
   2790.000       2666.53245309982     
   2812.500       2745.04738704000     
   2835.000       2835.47981400109     
   2857.500       2897.48519828231     
   2880.000       2936.00136987333     
   2880.000       2462.85366454843     
   2902.500       2468.59583987589     
   2925.000       2471.89544788551     
   2947.500       2458.20046512296     
   2970.000       2419.26934546586     
   2992.500       2354.84965058643     
   3015.000       2287.81789876023     
   3037.500       2233.22494370247     
   3060.000       2201.44552719303     
   3082.500       2190.40957016714     
   3105.000       2205.03596884690     
   3127.500       2244.19302277512     
   3150.000       2296.89654202420     
   3172.500       2357.58253958224     
   3195.000       2415.13633471727     
   3217.500       2446.80144636798     
   3240.000       2462.85366454843     
   3240.000       2071.73087866982     
   3262.500       2067.17173904946     
   3285.000       2059.63763157898     
   3307.500       2040.05207716816     
   3330.000       2007.95038335045     
   3352.500       1965.32617387818     
   3375.000       1926.42849041530     
   3397.500       1896.97097682297     
   3420.000       1882.59591269914     
   3442.500       1882.29984401597     
   3465.000       1899.31461193956     
   3487.500       1931.49831017438     
   3510.000       1972.17344690001     
   3532.500       2016.55022647665     
   3555.000       2052.20991155915     
   3577.500       2067.52691027545     
   3600.000       2071.73087866982     
   3600.000       1752.88201268071     
   3622.500       1744.33091701765     
   3645.000       1733.03337753678     
   3667.500       1713.51706160813     
   3690.000       1688.81645503689     
   3712.500       1661.17607425356     
   3735.000       1639.09424196720     
   3757.500       1623.66428151608     
   3780.000       1618.41202519076     
   3802.500       1622.57664456887     
   3825.000       1638.20296584276     
   3847.500       1663.24110372797     
   3870.000       1693.75830518009     
   3892.500       1725.20036669966     
   3915.000       1747.03979137509     
   3937.500       1754.05140609671     
   3960.000       1752.88201268071     
   3960.000       1491.95975593950     
   3982.500       1482.93742999447     
   4005.000       1471.47694856084     
   4027.500       1454.32994906959     
   4050.000       1435.73441358261     
   4072.500       1417.71645017622     
   4095.000       1405.25619401345     
   4117.500       1397.44882351178     
   4140.000       1396.69061459856     
   4162.500       1402.16989226246     
   4185.000       1415.13659230275     
   4207.500       1433.93029496744     
   4230.000       1456.22415147309     
   4252.500       1478.10422085848     
   4275.000       1491.63926098574     
   4297.500       1494.86557658286     
   4320.000       1491.95975593950     
   4320.000       1275.18444638950     
   4342.500       1267.40193724811     
   4365.000       1257.44448218287     
   4387.500       1243.39603476336     
   4410.000       1229.51306206826     
   4432.500       1217.56626896447     
   4455.000       1210.48311181595     
   4477.500       1206.69276499520     
   4500.000       1207.85648111765     
   4522.500       1213.11784175877     
   4545.000       1223.20011643173     
   4567.500       1236.85146490143     
   4590.000       1252.69050908474     
   4612.500       1267.65987724630     
   4635.000       1276.27125920333     
   4657.500       1278.00918671372     
   4680.000       1275.18444638950     
   4680.000       1093.30356960103     
   4702.500       1087.40682226961     
   4725.000       1079.59438728486     
   4747.500       1068.74405570080     
   4770.000       1058.51624046597     
   4792.500       1050.35633807216     
   4815.000       1046.11715868152     
   4837.500       1044.34105639383     
   4860.000       1046.05811246751     
   4882.500       1050.44384914830     
   4905.000       1057.87137967894     
   4927.500       1067.43560072307     
   4950.000       1078.33299930087     
   4972.500       1088.44505454519     
   4995.000       1094.08644578975     
   5017.500       1095.31791002121     
   5040.000       1093.30356960103     
   5040.000       938.446211897622     
   5062.500       934.498643095596     
   5085.000       928.954444191115     
   5107.500       921.154709074531     
   5130.000       913.886242109987     
   5152.500       908.370772928206     
   5175.000       905.785894079305     
   5197.500       904.987933960677     
   5220.000       906.565333725859     
   5242.500       909.817840534654     
   5265.000       914.890145212847     
   5287.500       921.167223952312     
   5310.000       928.197967322746     
   5332.500       934.705912307712     
   5355.000       938.440152460499     
   5377.500       939.550565531813     
   5400.000       938.446211897622     
   5400.000       804.190687970092     
   5422.500       802.059709844423     
   5445.000       798.774748138653     
   5467.500       793.975142691675     
   5490.000       789.419304951598     
   5512.500       785.996871836501     
   5535.000       784.480905190397     
   5557.500       784.178580220525     
   5580.000       785.309835054342     
   5602.500       787.361362302103     
   5625.000       790.335809940241     
   5647.500       793.844831468495     
   5670.000       797.709058971963     
   5692.500       801.349468329819     
   5715.000       803.600094573902     
   5737.500       804.527063562586     
   5760.000       804.190687970092     
