  0.0000000E+00   9111.99303046753     
   22.50000       9519.41398133908     
   45.00000       9871.19821418290     
   67.50000       10600.9283934196     
   90.00000       10874.9178425666     
   112.5000       10185.6609850130     
   135.0000       9094.75884855526     
   157.5000       7708.28918497251     
   180.0000       6379.34200952724     
   202.5000       5528.98065364466     
   225.0000       4918.00550915878     
   247.5000       4707.34925482778     
   270.0000       5562.53086337566     
   292.5000       6843.55829398571     
   315.0000       7684.32705276297     
   337.5000       8468.75711999008     
   360.0000       9111.99303046753     
   360.0000       7281.98935144868     
   382.5000       7515.72518826266     
   405.0000       7844.50153384098     
   427.5000       8426.61950014284     
   450.0000       8664.93905287720     
   472.5000       8251.39750113197     
   495.0000       7471.94258074000     
   517.5000       6419.13682842281     
   540.0000       5360.98519132171     
   562.5000       4691.08627236434     
   585.0000       4229.95795895933     
   607.5000       4162.43497030859     
   630.0000       4906.52525823976     
   652.5000       5674.06869201710     
   675.0000       6272.87660919175     
   697.5000       6831.06401499482     
   720.0000       7281.98935144868     
   720.0000       5865.47131193530     
   742.5000       6037.31719362051     
   765.0000       6252.31160823396     
   787.5000       6637.74394499305     
   810.0000       6932.11389154854     
   832.5000       6879.03644156560     
   855.0000       6509.61249547116     
   877.5000       5854.74610872108     
   900.0000       5087.63436474493     
   922.5000       4541.19552018157     
   945.0000       4133.92977279975     
   967.5000       4008.54303234367     
   990.0000       4351.63477824774     
   1012.500       4769.46303042465     
   1035.000       5154.49568801708     
   1057.500       5530.02662728733     
   1080.000       5865.47131193530     
   1080.000       4689.50345301076     
   1102.500       4835.51148842763     
   1125.000       4956.64238252401     
   1147.500       5161.01823557377     
   1170.000       5416.90724856415     
   1192.500       5548.56649110393     
   1215.000       5493.49621696706     
   1237.500       5221.63894115412     
   1260.000       4766.96228889139     
   1282.500       4354.78254111183     
   1305.000       3990.84027242053     
   1327.500       3765.44514969337     
   1350.000       3812.74417635504     
   1372.500       3995.49705567437     
   1395.000       4217.35882042883     
   1417.500       4447.93341229088     
   1440.000       4689.50345301076     
   1440.000       3822.44606946199     
   1462.500       3937.07269725135     
   1485.000       4011.61778346178     
   1507.500       4111.13371272914     
   1530.000       4287.96370098083     
   1552.500       4444.13707798387     
   1575.000       4507.80981953477     
   1597.500       4424.47325583289     
   1620.000       4173.35614524252     
   1642.500       3888.23623924142     
   1665.000       3608.89929653139     
   1687.500       3390.30899815403     
   1710.000       3332.02684541142     
   1732.500       3398.34110301688     
   1755.000       3524.02647542034     
   1777.500       3661.58353107304     
   1800.000       3822.44606946199     
   1800.000       3243.97343240019     
   1822.500       3320.39419952399     
   1845.000       3368.73358066414     
   1867.500       3431.07916106683     
   1890.000       3554.88017796827     
   1912.500       3671.78948432460     
   1935.000       3726.03914683847     
   1957.500       3670.88604250782     
   1980.000       3498.57757482176     
   2002.500       3296.89921662510     
   2025.000       3103.17806205041     
   2047.500       2954.31787959977     
   2070.000       2912.52358782024     
   2092.500       2957.86673501378     
   2115.000       3045.56687234720     
   2137.500       3137.71423496646     
   2160.000       3243.97343240019     
   2160.000       2816.91913922649     
   2182.500       2860.65245638766     
   2205.000       2892.02560959126     
   2227.500       2940.04146286795     
   2250.000       3025.62654737121     
   2272.500       3091.38664702159     
   2295.000       3102.11298189346     
   2317.500       3030.94366820037     
   2340.000       2894.75111778385     
   2362.500       2753.76593670299     
   2385.000       2632.85171377210     
   2407.500       2557.02967250028     
   2430.000       2557.69860507650     
   2452.500       2609.84972490910     
   2475.000       2681.47054453601     
   2497.500       2748.33017206084     
   2520.000       2816.91913922649     
   2520.000       2447.65305499655     
   2542.500       2469.23974635376     
   2565.000       2489.00429853627     
   2587.500       2523.27190514679     
   2610.000       2575.65941807244     
   2632.500       2602.25506391048     
   2655.000       2584.25847501106     
   2677.500       2510.94185059347     
   2700.000       2409.22274441748     
   2722.500       2317.23766723584     
   2745.000       2250.05069015289     
   2767.500       2223.27981445994     
   2790.000       2248.85156173947     
   2812.500       2301.75420897385     
   2835.000       2359.51478409610     
   2857.500       2406.56674709443     
   2880.000       2447.65305499655     
   2880.000       2124.61339924430     
   2902.500       2133.77433201437     
   2925.000       2145.37171161188     
   2947.500       2166.38371272360     
   2970.000       2194.25540373968     
   2992.500       2198.51703388869     
   3015.000       2170.60985554908     
   3037.500       2108.45402674871     
   3060.000       2037.72409187520     
   3082.500       1980.86835646212     
   3105.000       1947.10101580187     
   3127.500       1945.35501964576     
   3150.000       1978.04851506895     
   3172.500       2024.67358435359     
   3195.000       2069.30933901537     
   3217.500       2101.26231866797     
   3240.000       2124.61339924430     
   3240.000       1850.02681145878     
   3262.500       1853.25194962308     
   3285.000       1859.51511576929     
   3307.500       1870.27635315106     
   3330.000       1882.26965005313     
   3352.500       1875.64398673057     
   3375.000       1847.66572368831     
   3397.500       1799.80625807744     
   3420.000       1752.58734983690     
   3442.500       1718.54893724064     
   3465.000       1703.45140612279     
   3487.500       1712.04126090768     
   3510.000       1742.94664473908     
   3532.500       1780.99958661482     
   3555.000       1814.79376861514     
   3577.500       1836.62019206714     
   3600.000       1850.02681145878     
   3600.000       1616.54145812607     
   3622.500       1617.48767818087     
   3645.000       1620.59585715771     
   3667.500       1624.53448038147     
   3690.000       1627.08160423923     
   3712.500       1615.93226750590     
   3735.000       1591.51873137371     
   3757.500       1556.27767591875     
   3780.000       1525.34841094410     
   3802.500       1505.36093997411     
   3825.000       1499.94635332465     
   3847.500       1511.42123047438     
   3870.000       1537.32035429380     
   3892.500       1567.08787208591     
   3915.000       1592.59185217753     
   3937.500       1608.12101249584     
   3960.000       1616.54145812607     
   3960.000       1414.55844205381     
   3982.500       1414.99949801944     
   4005.000       1416.45305626211     
   4027.500       1416.43313028161     
   4050.000       1413.91560348585     
   4072.500       1401.67222914263     
   4095.000       1381.67723682424     
   4117.500       1356.25808403629     
   4140.000       1336.11731359453     
   4162.500       1324.49486771942     
   4185.000       1323.66268710582     
   4207.500       1334.61500303190     
   4230.000       1354.91916557346     
   4252.500       1377.54848143505     
   4275.000       1396.82697155250     
   4297.500       1408.46047773375     
   4320.000       1414.55844205381     
   4320.000       1235.75438560682     
   4342.500       1236.36492491740     
   4365.000       1237.07399507383     
   4387.500       1235.18496784346     
   4410.000       1230.51177332789     
   4432.500       1219.07062022896     
   4455.000       1203.37147855159     
   4477.500       1185.28511262842     
   4500.000       1172.15793794923     
   4522.500       1165.37672095515     
   4545.000       1166.34993929900     
   4567.500       1175.41826554466     
   4590.000       1190.59608918908     
   4612.500       1207.29680569439     
   4635.000       1221.78475793391     
   4657.500       1230.80218445731     
   4680.000       1235.75438560682     
   4680.000       1076.67842359793     
   4702.500       1077.53411728205     
   4725.000       1077.97821158428     
   4747.500       1075.57216900556     
   4770.000       1070.56949544031     
   4792.500       1060.96758249158     
   4815.000       1049.20576887925     
   4837.500       1036.60755850017     
   4860.000       1028.08462403113     
   4882.500       1024.11053354339     
   4905.000       1025.50732527930     
   4927.500       1032.31561894478     
   4950.000       1043.04786414449     
   4972.500       1054.94415568692     
   4995.000       1065.57267693270     
   5017.500       1072.54592075219     
   5040.000       1076.67842359793     
   5040.000       934.175112951771     
   5062.500       935.161475239989     
   5085.000       935.500794181929     
   5107.500       933.340858554238     
   5130.000       929.063577030527     
   5152.500       921.796767805536     
   5175.000       913.542596429637     
   5197.500       905.212009724538     
   5220.000       899.863781172214     
   5242.500       897.550592948148     
   5265.000       898.724962134702     
   5287.500       903.326754009420     
   5310.000       910.362530920477     
   5332.500       918.259686401411     
   5355.000       925.632347507069     
   5377.500       930.812794045610     
   5400.000       934.175112951771     
   5400.000       805.728975276705     
   5422.500       806.585360587508     
   5445.000       806.871281657269     
   5467.500       805.410054322241     
   5490.000       802.517352297603     
   5512.500       797.921800924559     
   5535.000       792.981392176145     
   5557.500       788.193133699930     
   5580.000       785.222643848290     
   5602.500       783.990703440657     
   5625.000       784.691282696334     
   5647.500       787.257552998242     
   5670.000       791.151471233473     
   5692.500       795.628522333153     
   5715.000       800.046965779655     
   5737.500       803.384687551096     
   5760.000       805.728975276705     
