  0.0000000E+00  9.935782660677640E+035
   15.00000      9.366156440691169E+035
   30.00000      8.524425273889586E+035
   45.00000      7.732510477723057E+035
   60.00000      7.099896589720333E+035
   75.00000      6.635906122749683E+035
   90.00000      6.379971107144711E+035
   105.0000      6.211960039936069E+035
   120.0000      6.113580254032794E+035
   135.0000      6.085617622616915E+035
   150.0000      6.131454506589715E+035
   165.0000      6.284842966008188E+035
   180.0000      6.478358560396240E+035
   195.0000      6.691444536941585E+035
   210.0000      7.141479992556869E+035
   225.0000      7.811271478140419E+035
   240.0000      8.389633948194417E+035
   255.0000      8.881248566988899E+035
   270.0000      9.303347644571892E+035
   285.0000      9.707635425182354E+035
   300.0000      1.003117932472263E+036
   315.0000      1.017669470495352E+036
   330.0000      1.014267944463072E+036
   345.0000      1.006743760080962E+036
   360.0000      9.935782660677640E+035
   360.0000      9.641724177473043E+035
   375.0000      9.160444951285541E+035
   390.0000      8.385448476877019E+035
   405.0000      7.638837434892394E+035
   420.0000      7.033737875567504E+035
   435.0000      6.583024727742449E+035
   450.0000      6.328258469317009E+035
   465.0000      6.159450502457260E+035
   480.0000      6.059798340635408E+035
   495.0000      6.028658535781575E+035
   510.0000      6.069032443463971E+035
   525.0000      6.214281045162056E+035
   540.0000      6.398698792630249E+035
   555.0000      6.607923507761597E+035
   570.0000      7.029515225243181E+035
   585.0000      7.603708056092955E+035
   600.0000      8.132173114657467E+035
   615.0000      8.595122730405424E+035
   630.0000      8.997271298697357E+035
   645.0000      9.383732017394083E+035
   660.0000      9.697578362396873E+035
   675.0000      9.847749922267529E+035
   690.0000      9.829165602665317E+035
   705.0000      9.765365286789601E+035
   720.0000      9.641724177473043E+035
   720.0000      9.166775971537365E+035
   735.0000      8.790144621520269E+035
   750.0000      8.143870743266381E+035
   765.0000      7.474451663530099E+035
   780.0000      6.914906332510305E+035
   795.0000      6.482512176706522E+035
   810.0000      6.225030788514991E+035
   825.0000      6.051440267306848E+035
   840.0000      5.946460985987558E+035
   855.0000      5.907212299501402E+035
   870.0000      5.934597978465814E+035
   885.0000      6.061753008901831E+035
   900.0000      6.228239285062687E+035
   915.0000      6.422384920581137E+035
   930.0000      6.782440803956569E+035
   945.0000      7.235777413476139E+035
   960.0000      7.693562625189960E+035
   975.0000      8.111565617238592E+035
   990.0000      8.482016589382861E+035
   1005.000      8.840255609484347E+035
   1020.000      9.140870399445910E+035
   1035.000      9.302690788453745E+035
   1050.000      9.312242030461886E+035
   1065.000      9.269415831259834E+035
   1080.000      9.166775971537365E+035
   1080.000      8.594827040597664E+035
   1095.000      8.324109364998535E+035
   1110.000      7.830356522691717E+035
   1125.000      7.260759524546817E+035
   1140.000      6.756914603532232E+035
   1155.000      6.344601163967807E+035
   1170.000      6.079673071810429E+035
   1185.000      5.896639406009069E+035
   1200.000      5.781395633613800E+035
   1215.000      5.728804541535223E+035
   1230.000      5.736232653142944E+035
   1245.000      5.835465113138121E+035
   1260.000      5.974842951248714E+035
   1275.000      6.140336019192374E+035
   1290.000      6.415456826614160E+035
   1305.000      6.765174513254496E+035
   1320.000      7.145271171740621E+035
   1335.000      7.511996521797406E+035
   1350.000      7.845861360548496E+035
   1365.000      8.171056544030619E+035
   1380.000      8.456717403998628E+035
   1395.000      8.635408594103870E+035
   1410.000      8.680908881146539E+035
   1425.000      8.665209998860263E+035
   1440.000      8.594827040597664E+035
   1440.000      7.974767117304848E+035
   1455.000      7.798113058810016E+035
   1470.000      7.444335904300214E+035
   1485.000      6.990308591311547E+035
   1500.000      6.551629803623865E+035
   1515.000      6.164083140844489E+035
   1530.000      5.893160155875454E+035
   1545.000      5.700278899030518E+035
   1560.000      5.573052081089428E+035
   1575.000      5.505356303525184E+035
   1590.000      5.489423015022260E+035
   1605.000      5.555545234840168E+035
   1620.000      5.662003354312556E+035
   1635.000      5.789149903700816E+035
   1650.000      5.990656747537546E+035
   1665.000      6.253611856329979E+035
   1680.000      6.558113675396136E+035
   1695.000      6.871711592264092E+035
   1710.000      7.167330242352085E+035
   1725.000      7.457323083981580E+035
   1740.000      7.724929612279505E+035
   1755.000      7.918101468708065E+035
   1770.000      7.998784646002007E+035
   1785.000      8.010981812899911E+035
   1800.000      7.974767117304848E+035
   1800.000      7.335122938275456E+035
   1815.000      7.226625464190432E+035
   1830.000      6.982368013808976E+035
   1845.000      6.633261683032396E+035
   1860.000      6.268281798056752E+035
   1875.000      5.916684977848565E+035
   1890.000      5.650666348039367E+035
   1905.000      5.455111244093312E+035
   1920.000      5.320940620393306E+035
   1935.000      5.242652788778684E+035
   1950.000      5.208168801965607E+035
   1965.000      5.243768090125372E+035
   1980.000      5.317962791119426E+035
   1995.000      5.413478087912053E+035
   2010.000      5.561173457473314E+035
   2025.000      5.757244836130020E+035
   2040.000      5.996075857597588E+035
   2055.000      6.258595180944944E+035
   2070.000      6.515945053494453E+035
   2085.000      6.769915511068467E+035
   2100.000      7.013207210233288E+035
   2115.000      7.208836264873498E+035
   2130.000      7.313247465869081E+035
   2145.000      7.346522023875105E+035
   2160.000      7.335122938275456E+035
   2160.000      6.698710545836847E+035
   2175.000      6.626755887613983E+035
   2190.000      6.452426738683166E+035
   2205.000      6.181978832501843E+035
   2220.000      5.882394754371897E+035
   2235.000      5.578197484581273E+035
   2250.000      5.334135473378494E+035
   2265.000      5.149739088359806E+035
   2280.000      5.020278389081198E+035
   2295.000      4.941282648000720E+035
   2310.000      4.899115050823537E+035
   2325.000      4.915288913392923E+035
   2340.000      4.968645382625812E+035
   2355.000      5.044289815192407E+035
   2370.000      5.158294936358043E+035
   2385.000      5.309540302240866E+035
   2400.000      5.499035629397922E+035
   2415.000      5.717498675267422E+035
   2430.000      5.938489434268795E+035
   2445.000      6.157156420128829E+035
   2460.000      6.370121705280259E+035
   2475.000      6.551692039808830E+035
   2490.000      6.660260981827676E+035
   2505.000      6.700859821009070E+035
   2520.000      6.698710545836847E+035
   2520.000      6.082567642086056E+035
   2535.000      6.020921301342797E+035
   2550.000      5.881053457436438E+035
   2565.000      5.661547769362934E+035
   2580.000      5.413497393566218E+035
   2595.000      5.157134611564592E+035
   2610.000      4.947078448294160E+035
   2625.000      4.787147743435941E+035
   2640.000      4.675304692656310E+035
   2655.000      4.606738240929346E+035
   2670.000      4.570405992300005E+035
   2685.000      4.582582698914406E+035
   2700.000      4.627427120340015E+035
   2715.000      4.694118933294007E+035
   2730.000      4.790529411850038E+035
   2745.000      4.915786654447903E+035
   2760.000      5.072985499724360E+035
   2775.000      5.257123850397487E+035
   2790.000      5.445296840067077E+035
   2805.000      5.630526056662294E+035
   2820.000      5.809921736324935E+035
   2835.000      5.963873948983707E+035
   2850.000      6.057348946027381E+035
   2865.000      6.090064573193099E+035
   2880.000      6.082567642086056E+035
   2880.000      5.494947558079484E+035
   2895.000      5.428826872970632E+035
   2910.000      5.301710298793828E+035
   2925.000      5.113813604451581E+035
   2940.000      4.905702809959120E+035
   2955.000      4.694210043378944E+035
   2970.000      4.523505979698274E+035
   2985.000      4.395283412206202E+035
   3000.000      4.308558466454029E+035
   3015.000      4.257837524583892E+035
   3030.000      4.235881451786364E+035
   3045.000      4.253949008611605E+035
   3060.000      4.298751516835067E+035
   3075.000      4.363581246710324E+035
   3090.000      4.451920701006256E+035
   3105.000      4.562933163768750E+035
   3120.000      4.699668114886052E+035
   3135.000      4.857231161748546E+035
   3150.000      5.015987341690356E+035
   3165.000      5.169955540429112E+035
   3180.000      5.315068153624112E+035
   3195.000      5.434532229976111E+035
   3210.000      5.501422308347116E+035
   3225.000      5.516392351611870E+035
   3240.000      5.494947558079484E+035
   3240.000      4.940173338841752E+035
   3255.000      4.865616213089553E+035
   3270.000      4.743549798737503E+035
   3285.000      4.578571084326588E+035
   3300.000      4.403703017779850E+035
   3315.000      4.232982124917452E+035
   3330.000      4.100725470557303E+035
   3345.000      4.004548896529097E+035
   3360.000      3.943806622989730E+035
   3375.000      3.912587427909108E+035
   3390.000      3.907109708873927E+035
   3405.000      3.934034367926780E+035
   3420.000      3.981956526956712E+035
   3435.000      4.047337736199578E+035
   3450.000      4.131203454505620E+035
   3465.000      4.232997616458090E+035
   3480.000      4.354585216436367E+035
   3495.000      4.489601617921006E+035
   3510.000      4.621738783587363E+035
   3525.000      4.746768661405011E+035
   3540.000      4.859020913084353E+035
   3555.000      4.943755374043668E+035
   3570.000      4.982001723489566E+035
   3585.000      4.977099279789358E+035
   3600.000      4.940173338841752E+035
   3600.000      4.422565199894047E+035
   3615.000      4.342044923484435E+035
   3630.000      4.225386531755918E+035
   3645.000      4.080833222693972E+035
   3660.000      3.935285366612635E+035
   3675.000      3.800273318273121E+035
   3690.000      3.701450964659335E+035
   3705.000      3.633053079567444E+035
   3720.000      3.594703647538317E+035
   3735.000      3.580541941897348E+035
   3750.000      3.589146504144619E+035
   3765.000      3.623405549770718E+035
   3780.000      3.673958214864392E+035
   3795.000      3.739203448727644E+035
   3810.000      3.818762842112883E+035
   3825.000      3.912375596087970E+035
   3840.000      4.020240396708784E+035
   3855.000      4.134789569669710E+035
   3870.000      4.243064544829818E+035
   3885.000      4.342119654343886E+035
   3900.000      4.425039425202051E+035
   3915.000      4.479523642958183E+035
   3930.000      4.493310906689985E+035
   3945.000      4.471748679263153E+035
   3960.000      4.422565199894047E+035
   3960.000      3.944885244962614E+035
   3975.000      3.862818285340731E+035
   3990.000      3.754175700968445E+035
   4005.000      3.629174586904393E+035
   4020.000      3.509510324341765E+035
   4035.000      3.404437770929812E+035
   4050.000      3.332511345327429E+035
   4065.000      3.286037739971835E+035
   4080.000      3.264970530390016E+035
   4095.000      3.263819983364602E+035
   4110.000      3.282448461653729E+035
   4125.000      3.321057258678623E+035
   4140.000      3.372398712551152E+035
   4155.000      3.435785162735357E+035
   4170.000      3.510096971098784E+035
   4185.000      3.595195741933370E+035
   4200.000      3.689683131211294E+035
   4215.000      3.785643304228556E+035
   4230.000      3.873140006966374E+035
   4245.000      3.949842174052511E+035
   4260.000      4.008314677518043E+035
   4275.000      4.038997209958393E+035
   4290.000      4.034645477609869E+035
   4305.000      4.001490722214840E+035
   4320.000      3.944885244962614E+035
   4320.000      3.506773492090390E+035
   4335.000      3.426999850719433E+035
   4350.000      3.328429288448500E+035
   4365.000      3.221807394344573E+035
   4380.000      3.124474783823669E+035
   4395.000      3.043636609167683E+035
   4410.000      2.992372414576199E+035
   4425.000      2.962301193622686E+035
   4440.000      2.953697192933396E+035
   4455.000      2.961576416218622E+035
   4470.000      2.986349438587402E+035
   4485.000      3.026548410973172E+035
   4500.000      3.076833172246502E+035
   4515.000      3.136789408841844E+035
   4530.000      3.204985364893740E+035
   4545.000      3.281224474946696E+035
   4560.000      3.362877275969416E+035
   4575.000      3.442396168339587E+035
   4590.000      3.512317331833664E+035
   4605.000      3.570496330353608E+035
   4620.000      3.609655772380131E+035
   4635.000      3.622862741074223E+035
   4650.000      3.606327943183219E+035
   4665.000      3.566361447528417E+035
   4680.000      3.506773492090390E+035
   4680.000      3.105503413542271E+035
   4695.000      3.030671381493294E+035
   4710.000      2.943109376060715E+035
   4725.000      2.853190260124317E+035
   4740.000      2.774672140175158E+035
   4755.000      2.713021887339820E+035
   4770.000      2.677226358908691E+035
   4785.000      2.659038229770390E+035
   4800.000      2.658982584963081E+035
   4815.000      2.672606634672742E+035
   4830.000      2.700458660116869E+035
   4845.000      2.740181881532302E+035
   4860.000      2.787991943700857E+035
   4875.000      2.843433875326909E+035
   4890.000      2.905024866323159E+035
   4905.000      2.972402232309794E+035
   4920.000      3.042141224113445E+035
   4935.000      3.107474565970760E+035
   4950.000      3.162842229068300E+035
   4965.000      3.206110743851225E+035
   4980.000      3.230612309567733E+035
   4995.000      3.231656476360624E+035
   5010.000      3.207706949179114E+035
   5025.000      3.164695020252275E+035
   5040.000      3.105503413542271E+035
   5040.000      2.737398393843902E+035
   5055.000      2.669077408450352E+035
   5070.000      2.592597666466922E+035
   5085.000      2.517469151249567E+035
   5100.000      2.454543190181971E+035
   5115.000      2.407875000558738E+035
   5130.000      2.383461344566906E+035
   5145.000      2.373655834924390E+035
   5160.000      2.379145122804897E+035
   5175.000      2.395988005045713E+035
   5190.000      2.424676972540650E+035
   5205.000      2.462499027446250E+035
   5220.000      2.506856577447165E+035
   5235.000      2.557146396160326E+035
   5250.000      2.611977993466402E+035
   5265.000      2.670790954935883E+035
   5280.000      2.729757711400500E+035
   5295.000      2.783058984409867E+035
   5310.000      2.826554188074298E+035
   5325.000      2.858097176930269E+035
   5340.000      2.871857648409956E+035
   5355.000      2.864913502448886E+035
   5370.000      2.837117024587762E+035
   5385.000      2.793847790680690E+035
   5400.000      2.737398393843902E+035
   5400.000      2.398659168382752E+035
   5415.000      2.337651632784951E+035
   5430.000      2.271814912855619E+035
   5445.000      2.209570811849558E+035
   5460.000      2.159434065423520E+035
   5475.000      2.124349442256919E+035
   5490.000      2.108175197329059E+035
   5505.000      2.104094978725331E+035
   5520.000      2.112873492393180E+035
   5535.000      2.131049997815129E+035
   5550.000      2.158991754794973E+035
   5565.000      2.193966137849079E+035
   5580.000      2.234239911721663E+035
   5595.000      2.279063516872453E+035
   5610.000      2.327206220832123E+035
   5625.000      2.377932909203411E+035
   5640.000      2.427326393269889E+035
   5655.000      2.470530351416424E+035
   5670.000      2.504447347274386E+035
   5685.000      2.526963588839478E+035
   5700.000      2.533144299011099E+035
   5715.000      2.521396927082837E+035
   5730.000      2.492372072757644E+035
   5745.000      2.450825468626977E+035
   5760.000      2.398659168382752E+035
   5760.000      2.085722180285731E+035
   5775.000      2.032331978746125E+035
   5790.000      1.976444777060740E+035
   5805.000      1.925325396607688E+035
   5820.000      1.885624808263607E+035
   5835.000      1.859424304536069E+035
   5850.000      1.849100810960377E+035
   5865.000      1.848747836280382E+035
   5880.000      1.859140389798784E+035
   5895.000      1.877269129546860E+035
   5910.000      1.903370171764284E+035
   5925.000      1.934889372383052E+035
   5940.000      1.970701361392314E+035
   5955.000      2.009960686665059E+035
   5970.000      2.051618667558379E+035
   5985.000      2.094819965829209E+035
   6000.000      2.135790022111276E+035
   6015.000      2.170568429393828E+035
   6030.000      2.196822822219812E+035
   6045.000      2.212531287568034E+035
   6060.000      2.213637689509218E+035
   6075.000      2.199474130528068E+035
   6090.000      2.171103065230955E+035
   6105.000      2.132646190928814E+035
   6120.000      2.085722180285731E+035
   6120.000      1.795381041706808E+035
   6135.000      1.749605417883420E+035
   6150.000      1.702883994940938E+035
   6165.000      1.661342138332265E+035
   6180.000      1.630144980256100E+035
   6195.000      1.610720661025626E+035
   6210.000      1.604449412933030E+035
   6225.000      1.606335005520852E+035
   6240.000      1.617112560519498E+035
   6255.000      1.634200697867056E+035
   6270.000      1.657726541172297E+035
   6285.000      1.685421098056975E+035
   6300.000      1.716573960134228E+035
   6315.000      1.750308747317594E+035
   6330.000      1.785756785027484E+035
   6345.000      1.822009837982363E+035
   6360.000      1.855598456607603E+035
   6375.000      1.883355156765274E+035
   6390.000      1.903513257336407E+035
   6405.000      1.914203716138521E+035
   6420.000      1.912174484828702E+035
   6435.000      1.897354634016358E+035
   6450.000      1.870964471118901E+035
   6465.000      1.836510778972255E+035
   6480.000      1.795381041706808E+035
   6480.000      1.524809225253635E+035
   6495.000      1.486468014440180E+035
   6510.000      1.448135373510866E+035
   6525.000      1.414858762471573E+035
   6540.000      1.390607955255764E+035
   6555.000      1.376337441101511E+035
   6570.000      1.372779546294908E+035
   6585.000      1.375808613061368E+035
   6600.000      1.386085394342880E+035
   6615.000      1.401438124353273E+035
   6630.000      1.421915801904291E+035
   6645.000      1.445584013499612E+035
   6660.000      1.472007733237150E+035
   6675.000      1.500341874744854E+035
   6690.000      1.529884400072723E+035
   6705.000      1.559741505137254E+035
   6720.000      1.586855943130661E+035
   6735.000      1.608742063339191E+035
   6750.000      1.624056681989171E+035
   6765.000      1.631142497118935E+035
   6780.000      1.627444853143812E+035
   6795.000      1.613240238901110E+035
   6810.000      1.589742079259839E+035
   6825.000      1.559872239701123E+035
   6840.000      1.524809225253635E+035
   6840.000      1.271542720513419E+035
   6855.000      1.240362569838601E+035
   6870.000      1.209702443480557E+035
   6885.000      1.183604422054117E+035
   6900.000      1.165072550279928E+035
   6915.000      1.154727075938124E+035
   6930.000      1.152901267651485E+035
   6945.000      1.156283739253413E+035
   6960.000      1.165438798554607E+035
   6975.000      1.178589413073414E+035
   6990.000      1.195736343622465E+035
   7005.000      1.215295196890035E+035
   7020.000      1.237008565843375E+035
   7035.000      1.260114353751695E+035
   7050.000      1.284060049480207E+035
   7065.000      1.308025708234885E+035
   7080.000      1.329431718919909E+035
   7095.000      1.346370512174650E+035
   7110.000      1.357826686834520E+035
   7125.000      1.362391369078452E+035
   7140.000      1.358106801950605E+035
   7155.000      1.345410158475046E+035
   7170.000      1.325403226366561E+035
   7185.000      1.300455026822970E+035
   7200.000      1.271542720513419E+035
   7200.000      1.033456034893619E+035
   7215.000      1.009123790242687E+035
   7230.000      9.855028426398913E+034
   7245.000      9.657065193822036E+034
   7260.000      9.519472664499729E+034
   7275.000      9.446155908768474E+034
   7290.000      9.438194866812173E+034
   7305.000      9.470031025467003E+034
   7320.000      9.546206516052084E+034
   7335.000      9.652771234068646E+034
   7350.000      9.789496385140691E+034
   7365.000      9.944000424295726E+034
   7380.000      1.011483011803427E+035
   7395.000      1.029557571295579E+035
   7410.000      1.048204151986600E+035
   7425.000      1.066724009940978E+035
   7440.000      1.083050460636560E+035
   7455.000      1.095765200280060E+035
   7470.000      1.104116233083358E+035
   7485.000      1.106966624273039E+035
   7500.000      1.102863209991456E+035
   7515.000      1.092273820232268E+035
   7530.000      1.076123133148587E+035
   7545.000      1.056257721759922E+035
   7560.000      1.033456034893619E+035
   7560.000      8.087203868852066E+034
   7575.000      7.909152520077160E+034
   7590.000      7.737926697826920E+034
   7605.000      7.596078231615266E+034
   7620.000      7.499103997538939E+034
   7635.000      7.449364821110196E+034
   7650.000      7.446854290977363E+034
   7665.000      7.473023423326912E+034
   7680.000      7.531257133167072E+034
   7695.000      7.611297068332591E+034
   7710.000      7.712857231108214E+034
   7725.000      7.826894358053930E+034
   7740.000      7.952633337733624E+034
   7755.000      8.085133441958203E+034
   7770.000      8.221392666380947E+034
   7785.000      8.355970667761539E+034
   7800.000      8.473470021245313E+034
   7815.000      8.563890816847402E+034
   7830.000      8.621918156498923E+034
   7845.000      8.639025991890196E+034
   7860.000      8.604984008287901E+034
   7875.000      8.523884526696754E+034
   7890.000      8.402830204592170E+034
   7905.000      8.255336423638190E+034
   7920.000      8.087203868852066E+034
   7920.000      5.957645968362767E+034
   7935.000      5.841765560553919E+034
   7950.000      5.731028412483034E+034
   7965.000      5.640006990730150E+034
   7980.000      5.578492037474110E+034
   7995.000      5.547805074422783E+034
   8010.000      5.547600138986361E+034
   8025.000      5.565866377872463E+034
   8040.000      5.604825847678418E+034
   8055.000      5.657779480988131E+034
   8070.000      5.724497147419672E+034
   8085.000      5.799113760274689E+034
   8100.000      5.881249403463740E+034
   8115.000      5.967581683705735E+034
   8130.000      6.056187692706140E+034
   8145.000      6.143382303737025E+034
   8160.000      6.219029050136620E+034
   8175.000      6.276783690935222E+034
   8190.000      6.313254570174939E+034
   8205.000      6.322797006332092E+034
   8220.000      6.298924647982319E+034
   8235.000      6.244586668123265E+034
   8250.000      6.164552689601995E+034
   8265.000      6.067629563859201E+034
   8280.000      5.957645968362767E+034
   8280.000      3.932384802052952E+034
   8295.000      3.875777142470959E+034
   8310.000      3.821871412508602E+034
   8325.000      3.777757021442464E+034
   8340.000      3.748138555194423E+034
   8355.000      3.733603391871273E+034
   8370.000      3.733890140691074E+034
   8385.000      3.743144124976125E+034
   8400.000      3.762452630355283E+034
   8415.000      3.788537578099879E+034
   8430.000      3.821278709871360E+034
   8445.000      3.857821469860568E+034
   8460.000      3.898015189427093E+034
   8475.000      3.940209572364071E+034
   8490.000      3.983473731589857E+034
   8505.000      4.025968655864161E+034
   8520.000      4.062712387026105E+034
   8535.000      4.090648431777486E+034
   8550.000      4.108133411358953E+034
   8565.000      4.112380600455532E+034
   8580.000      4.100264882745973E+034
   8595.000      4.073302775963802E+034
   8610.000      4.033866183623100E+034
   8625.000      3.986264326244121E+034
   8640.000      3.932384802052952E+034
