  0.0000000E+00  7.125483891938661E+035   6.000000    
   15.00000      6.707242806792378E+035   6.000000    
   30.00000      6.254469865542701E+035   6.000000    
   45.00000      5.846752151396658E+035   6.000000    
   60.00000      5.524830686903182E+035   6.000000    
   75.00000      5.302939767868793E+035   6.000000    
   90.00000      5.172152073243234E+035   6.000000    
   105.0000      5.087136707615409E+035   6.000000    
   120.0000      5.056798013457014E+035   6.000000    
   135.0000      5.079965698261683E+035   6.000000    
   150.0000      5.151829680999579E+035   6.000000    
   165.0000      5.282716457649059E+035   6.000000    
   180.0000      5.443325324595095E+035   6.000000    
   195.0000      5.664186801411185E+035   6.000000    
   210.0000      5.983426371619932E+035   6.000000    
   225.0000      6.327074460090367E+035   6.000000    
   240.0000      6.617940888637099E+035   6.000000    
   255.0000      6.875089911348628E+035   6.000000    
   270.0000      7.109107139332829E+035   6.000000    
   285.0000      7.312654166337097E+035   6.000000    
   300.0000      7.443803569878634E+035   6.000000    
   315.0000      7.479666814654110E+035   6.000000    
   330.0000      7.440439804664072E+035   6.000000    
   345.0000      7.352690598025385E+035   6.000000    
  0.0000000E+00  7.125483891938661E+035   6.000000    
 
  0.0000000E+00  6.958542505241477E+035   6.184783    
   15.00000      6.585727596552399E+035   6.184783    
   30.00000      6.159717871405658E+035   6.184783    
   45.00000      5.771304962953106E+035   6.184783    
   60.00000      5.459750681063333E+035   6.184783    
   75.00000      5.241644887941527E+035   6.184783    
   90.00000      5.110373525932944E+035   6.184783    
   105.0000      5.024480953686364E+035   6.184783    
   120.0000      4.991831263778551E+035   6.184783    
   135.0000      5.011291246971380E+035   6.184783    
   150.0000      5.078880296033522E+035   6.184783    
   165.0000      5.202983842831741E+035   6.184783    
   180.0000      5.356428199083817E+035   6.184783    
   195.0000      5.566137716122313E+035   6.184783    
   210.0000      5.857815857527474E+035   6.184783    
   225.0000      6.159136728063587E+035   6.184783    
   240.0000      6.433110745873579E+035   6.184783    
   255.0000      6.678366033613344E+035   6.184783    
   270.0000      6.903022363063252E+035   6.184783    
   285.0000      7.100110275406558E+035   6.184783    
   300.0000      7.230658131279731E+035   6.184783    
   315.0000      7.272269413935119E+035   6.184783    
   330.0000      7.241674753142301E+035   6.184783    
   345.0000      7.162608902812696E+035   6.184783    
  0.0000000E+00  6.958542505241477E+035   6.184783    
 
  0.0000000E+00  6.684452452395922E+035   6.369565    
   15.00000      6.378448451336033E+035   6.369565    
   30.00000      6.001167031252098E+035   6.369565    
   45.00000      5.644179928082610E+035   6.369565    
   60.00000      5.349575206728290E+035   6.369565    
   75.00000      5.135439560190430E+035   6.369565    
   90.00000      5.001131362661234E+035   6.369565    
   105.0000      4.911763523437738E+035   6.369565    
   120.0000      4.873147991043077E+035   6.369565    
   135.0000      4.884299357087962E+035   6.369565    
   150.0000      4.941622397965111E+035   6.369565    
   165.0000      5.052654277378133E+035   6.369565    
   180.0000      5.191023312214696E+035   6.369565    
   195.0000      5.377057532038607E+035   6.369565    
   210.0000      5.618728046891391E+035   6.369565    
   225.0000      5.875230931169815E+035   6.369565    
   240.0000      6.121958061359532E+035   6.369565    
   255.0000      6.348341858836821E+035   6.369565    
   270.0000      6.557903146614766E+035   6.369565    
   285.0000      6.745268317486936E+035   6.369565    
   300.0000      6.876519991754656E+035   6.369565    
   315.0000      6.929465883885489E+035   6.369565    
   330.0000      6.914772006409806E+035   6.369565    
   345.0000      6.851926273037435E+035   6.369565    
  0.0000000E+00  6.684452452395922E+035   6.369565    
 
  0.0000000E+00  6.346916025275227E+035   6.554348    
   15.00000      6.110507458070232E+035   6.554348    
   30.00000      5.798815926863531E+035   6.554348    
   45.00000      5.482020541969091E+035   6.554348    
   60.00000      5.208101466849359E+035   6.554348    
   75.00000      4.997367651339950E+035   6.554348    
   90.00000      4.857451580401379E+035   6.554348    
   105.0000      4.761886420582622E+035   6.554348    
   120.0000      4.713656464416525E+035   6.554348    
   135.0000      4.712391211736659E+035   6.554348    
   150.0000      4.753905513359319E+035   6.554348    
   165.0000      4.845257519999208E+035   6.554348    
   180.0000      4.961388174490716E+035   6.554348    
   195.0000      5.113390357871207E+035   6.554348    
   210.0000      5.305243812348349E+035   6.554348    
   225.0000      5.518100577287499E+035   6.554348    
   240.0000      5.733256376150838E+035   6.554348    
   255.0000      5.937343261162030E+035   6.554348    
   270.0000      6.129122774671019E+035   6.554348    
   285.0000      6.305299269381001E+035   6.554348    
   300.0000      6.438522167594577E+035   6.554348    
   315.0000      6.506162319823411E+035   6.554348    
   330.0000      6.512024838471839E+035   6.554348    
   345.0000      6.471355633238470E+035   6.554348    
  0.0000000E+00  6.346916025275227E+035   6.554348    
 
  0.0000000E+00  5.968727404334945E+035   6.739130    
   15.00000      5.796888584064607E+035   6.739130    
   30.00000      5.553245431092576E+035   6.739130    
   45.00000      5.283531783784311E+035   6.739130    
   60.00000      5.034744724238259E+035   6.739130    
   75.00000      4.829565011499067E+035   6.739130    
   90.00000      4.684613014986400E+035   6.739130    
   105.0000      4.582591914438767E+035   6.739130    
   120.0000      4.523847531117038E+035   6.739130    
   135.0000      4.508454270029695E+035   6.739130    
   150.0000      4.531485496491325E+035   6.739130    
   165.0000      4.599644540371572E+035   6.739130    
   180.0000      4.689816290302470E+035   6.739130    
   195.0000      4.807771930330465E+035   6.739130    
   210.0000      4.957296689718240E+035   6.739130    
   225.0000      5.129473034651032E+035   6.739130    
   240.0000      5.312129392729681E+035   6.739130    
   255.0000      5.492404952740250E+035   6.739130    
   270.0000      5.664945250971204E+035   6.739130    
   285.0000      5.828095884621520E+035   6.739130    
   300.0000      5.961611572701820E+035   6.739130    
   315.0000      6.043190417392742E+035   6.739130    
   330.0000      6.069303390311379E+035   6.739130    
   345.0000      6.051820664399894E+035   6.739130    
  0.0000000E+00  5.968727404334945E+035   6.739130    
 
  0.0000000E+00  5.561265301854869E+035   6.923913    
   15.00000      5.439866474604140E+035   6.923913    
   30.00000      5.254198582588729E+035   6.923913    
   45.00000      5.032732444687164E+035   6.923913    
   60.00000      4.814555526247247E+035   6.923913    
   75.00000      4.621336009499412E+035   6.923913    
   90.00000      4.477106843049428E+035   6.923913    
   105.0000      4.372835728631635E+035   6.923913    
   120.0000      4.307397773197284E+035   6.923913    
   135.0000      4.280988860431993E+035   6.923913    
   150.0000      4.288069211566329E+035   6.923913    
   165.0000      4.334873024089617E+035   6.923913    
   180.0000      4.402042383768608E+035   6.923913    
   195.0000      4.493643079968588E+035   6.923913    
   210.0000      4.610122582112730E+035   6.923913    
   225.0000      4.747893295699546E+035   6.923913    
   240.0000      4.900217360164688E+035   6.923913    
   255.0000      5.056585439781905E+035   6.923913    
   270.0000      5.208982858685388E+035   6.923913    
   285.0000      5.356304654739628E+035   6.923913    
   300.0000      5.484474871467669E+035   6.923913    
   315.0000      5.573136894843440E+035   6.923913    
   330.0000      5.613148344220771E+035   6.923913    
   345.0000      5.612971665155101E+035   6.923913    
  0.0000000E+00  5.561265301854869E+035   6.923913    
 
  0.0000000E+00  5.135673815683205E+035   7.108696    
   15.00000      5.045649918548557E+035   7.108696    
   30.00000      4.901095573940575E+035   7.108696    
   45.00000      4.719684146022054E+035   7.108696    
   60.00000      4.532932890971572E+035   7.108696    
   75.00000      4.360694186099067E+035   7.108696    
   90.00000      4.226757970979758E+035   7.108696    
   105.0000      4.128204069001631E+035   7.108696    
   120.0000      4.063774188190777E+035   7.108696    
   135.0000      4.033476859835836E+035   7.108696    
   150.0000      4.031948104889783E+035   7.108696    
   165.0000      4.065145185555912E+035   7.108696    
   180.0000      4.118006537079300E+035   7.108696    
   195.0000      4.192231519084184E+035   7.108696    
   210.0000      4.286172945194053E+035   7.108696    
   225.0000      4.398507650951483E+035   7.108696    
   240.0000      4.525777684824419E+035   7.108696    
   255.0000      4.659991411475366E+035   7.108696    
   270.0000      4.792225762364069E+035   7.108696    
   285.0000      4.921154553654348E+035   7.108696    
   300.0000      5.036753830863210E+035   7.108696    
   315.0000      5.121667902779221E+035   7.108696    
   330.0000      5.164646591870908E+035   7.108696    
   345.0000      5.171013928816189E+035   7.108696    
  0.0000000E+00  5.135673815683205E+035   7.108696    
 
  0.0000000E+00  4.704897704894613E+035   7.293478    
   15.00000      4.628720590999649E+035   7.293478    
   30.00000      4.508488989264079E+035   7.293478    
   45.00000      4.356744801980383E+035   7.293478    
   60.00000      4.198643004362479E+035   7.293478    
   75.00000      4.051470970678314E+035   7.293478    
   90.00000      3.935946070025645E+035   7.293478    
   105.0000      3.851329006736902E+035   7.293478    
   120.0000      3.796381298178469E+035   7.293478    
   135.0000      3.770896896053260E+035   7.293478    
   150.0000      3.770365409842718E+035   7.293478    
   165.0000      3.799296332195144E+035   7.293478    
   180.0000      3.845880585629489E+035   7.293478    
   195.0000      3.910971141696773E+035   7.293478    
   210.0000      3.991569389459825E+035   7.293478    
   225.0000      4.087195968094074E+035   7.293478    
   240.0000      4.195691911466711E+035   7.293478    
   255.0000      4.310612954118977E+035   7.293478    
   270.0000      4.423405713083609E+035   7.293478    
   285.0000      4.532467955190509E+035   7.293478    
   300.0000      4.629630214760577E+035   7.293478    
   315.0000      4.700860167706642E+035   7.293478    
   330.0000      4.735698247281559E+035   7.293478    
   345.0000      4.737769586736143E+035   7.293478    
  0.0000000E+00  4.704897704894613E+035   7.293478    
 
  0.0000000E+00  4.280070542985967E+035   7.478261    
   15.00000      4.207118577687164E+035   7.478261    
   30.00000      4.100256901403902E+035   7.478261    
   45.00000      3.970369999657377E+035   7.478261    
   60.00000      3.837771422446279E+035   7.478261    
   75.00000      3.716930684773193E+035   7.478261    
   90.00000      3.624147637998738E+035   7.478261    
   105.0000      3.558294500809287E+035   7.478261    
   120.0000      3.518213728954756E+035   7.478261    
   135.0000      3.503253892008223E+035   7.478261    
   150.0000      3.509858313379305E+035   7.478261    
   165.0000      3.540736288160892E+035   7.478261    
   180.0000      3.586405675569108E+035   7.478261    
   195.0000      3.647592349214299E+035   7.478261    
   210.0000      3.720526518263443E+035   7.478261    
   225.0000      3.805224709550619E+035   7.478261    
   240.0000      3.899379275149099E+035   7.478261    
   255.0000      3.997285576991170E+035   7.478261    
   270.0000      4.091428415415891E+035   7.478261    
   285.0000      4.180155806526488E+035   7.478261    
   300.0000      4.255856202686668E+035   7.478261    
   315.0000      4.307641972630078E+035   7.478261    
   330.0000      4.327505613627541E+035   7.478261    
   345.0000      4.318641826860473E+035   7.478261    
  0.0000000E+00  4.280070542985967E+035   7.478261    
 
  0.0000000E+00  3.870440979610104E+035   7.663043    
   15.00000      3.797493925619986E+035   7.663043    
   30.00000      3.699883960711344E+035   7.663043    
   45.00000      3.588076462794986E+035   7.663043    
   60.00000      3.478574444319352E+035   7.663043    
   75.00000      3.383022014254377E+035   7.663043    
   90.00000      3.313136646719072E+035   7.663043    
   105.0000      3.266623936701319E+035   7.663043    
   120.0000      3.242452008472179E+035   7.663043    
   135.0000      3.239476906579516E+035   7.663043    
   150.0000      3.254878232738586E+035   7.663043    
   165.0000      3.289695846965472E+035   7.663043    
   180.0000      3.336291748122778E+035   7.663043    
   195.0000      3.395341889597807E+035   7.663043    
   210.0000      3.462779244236586E+035   7.663043    
   225.0000      3.538915984826802E+035   7.663043    
   240.0000      3.620691830028086E+035   7.663043    
   255.0000      3.702904054291065E+035   7.663043    
   270.0000      3.779329506816470E+035   7.663043    
   285.0000      3.848284329444966E+035   7.663043    
   300.0000      3.902509155852581E+035   7.663043    
   315.0000      3.934043488866613E+035   7.663043    
   330.0000      3.937621442681130E+035   7.663043    
   345.0000      3.916546567534524E+035   7.663043    
  0.0000000E+00  3.870440979610104E+035   7.663043    
 
  0.0000000E+00  3.483555027147989E+035   7.847826    
   15.00000      3.411731847328202E+035   7.847826    
   30.00000      3.323145946436578E+035   7.847826    
   45.00000      3.227840677082104E+035   7.847826    
   60.00000      3.139137405843339E+035   7.847826    
   75.00000      3.066022831958665E+035   7.847826    
   90.00000      3.016249694490403E+035   7.847826    
   105.0000      2.986636511399137E+035   7.847826    
   120.0000      2.976298492178484E+035   7.847826    
   135.0000      2.983678980255835E+035   7.847826    
   150.0000      3.006422762968995E+035   7.847826    
   165.0000      3.044329992616995E+035   7.847826    
   180.0000      3.091313269845475E+035   7.847826    
   195.0000      3.147866259023061E+035   7.847826    
   210.0000      3.209973318741791E+035   7.847826    
   225.0000      3.278000533206343E+035   7.847826    
   240.0000      3.348121657518889E+035   7.847826    
   255.0000      3.415786309853023E+035   7.847826    
   270.0000      3.475990636671602E+035   7.847826    
   285.0000      3.527008221633930E+035   7.847826    
   300.0000      3.562201037246356E+035   7.847826    
   315.0000      3.576199815404596E+035   7.847826    
   330.0000      3.566005422300074E+035   7.847826    
   345.0000      3.535088045808994E+035   7.847826    
  0.0000000E+00  3.483555027147989E+035   7.847826    
 
  0.0000000E+00  3.123615441681714E+035   8.032609    
   15.00000      3.055176250785457E+035   8.032609    
   30.00000      2.976280724009276E+035   8.032609    
   45.00000      2.896219561330628E+035   8.032609    
   60.00000      2.825625024629298E+035   8.032609    
   75.00000      2.771155607675597E+035   8.032609    
   90.00000      2.737525775176323E+035   8.032609    
   105.0000      2.721193073482515E+035   8.032609    
   120.0000      2.721390745209318E+035   8.032609    
   135.0000      2.736281450374906E+035   8.032609    
   150.0000      2.763794592480035E+035   8.032609    
   165.0000      2.802971430978832E+035   8.032609    
   180.0000      2.848995695561817E+035   8.032609    
   195.0000      2.902084056835226E+035   8.032609    
   210.0000      2.958479728802449E+035   8.032609    
   225.0000      3.018407789880555E+035   8.032609    
   240.0000      3.077558673104660E+035   8.032609    
   255.0000      3.132188194423653E+035   8.032609    
   270.0000      3.178279682554481E+035   8.032609    
   285.0000      3.214114909951808E+035   8.032609    
   300.0000      3.233954407031878E+035   8.032609    
   315.0000      3.234535451259815E+035   8.032609    
   330.0000      3.214472401222287E+035   8.032609    
   345.0000      3.177315271805229E+035   8.032609    
  0.0000000E+00  3.123615441681714E+035   8.032609    
 
  0.0000000E+00  2.791198416227835E+035   8.217392    
   15.00000      2.727921720875001E+035   8.217392    
   30.00000      2.658962194099942E+035   8.217392    
   45.00000      2.592608758625314E+035   8.217392    
   60.00000      2.537219974194203E+035   8.217392    
   75.00000      2.497556175500540E+035   8.217392    
   90.00000      2.476180178914823E+035   8.217392    
   105.0000      2.469590803408180E+035   8.217392    
   120.0000      2.477091718143292E+035   8.217392    
   135.0000      2.496699733675679E+035   8.217392    
   150.0000      2.526542922353059E+035   8.217392    
   165.0000      2.565283811159188E+035   8.217392    
   180.0000      2.609104438169756E+035   8.217392    
   195.0000      2.657937226311405E+035   8.217392    
   210.0000      2.708379161078094E+035   8.217392    
   225.0000      2.760419798944406E+035   8.217392    
   240.0000      2.809595643254071E+035   8.217392    
   255.0000      2.852992640248394E+035   8.217392    
   270.0000      2.887341072374031E+035   8.217392    
   285.0000      2.911016373620956E+035   8.217392    
   300.0000      2.919291676334772E+035   8.217392    
   315.0000      2.910491019261288E+035   8.217392    
   330.0000      2.884289194956199E+035   8.217392    
   345.0000      2.844220685683098E+035   8.217392    
  0.0000000E+00  2.791198416227835E+035   8.217392    
 
  0.0000000E+00  2.484643160745039E+035   8.402174    
   15.00000      2.427543467570650E+035   8.402174    
   30.00000      2.368193970490491E+035   8.402174    
   45.00000      2.313797261519217E+035   8.402174    
   60.00000      2.270835424075316E+035   8.402174    
   75.00000      2.242589362160188E+035   8.402174    
   90.00000      2.230178812092078E+035   8.402174    
   105.0000      2.230370956228552E+035   8.402174    
   120.0000      2.242503079583417E+035   8.402174    
   135.0000      2.264559759912840E+035   8.402174    
   150.0000      2.294836817618294E+035   8.402174    
   165.0000      2.331869544874684E+035   8.402174    
   180.0000      2.372604950011999E+035   8.402174    
   195.0000      2.416740225660217E+035   8.402174    
   210.0000      2.461252552291190E+035   8.402174    
   225.0000      2.505885239000398E+035   8.402174    
   240.0000      2.546284656237373E+035   8.402174    
   255.0000      2.580290326815680E+035   8.402174    
   270.0000      2.605193208918044E+035   8.402174    
   285.0000      2.619536899898002E+035   8.402174    
   300.0000      2.619576518852309E+035   8.402174    
   315.0000      2.604760150941549E+035   8.402174    
   330.0000      2.575424434244162E+035   8.402174    
   345.0000      2.534988060340292E+035   8.402174    
  0.0000000E+00  2.484643160745039E+035   8.402174    
 
  0.0000000E+00  2.201489785964443E+035   8.586957    
   15.00000      2.150953399433828E+035   8.586957    
   30.00000      2.100517718891198E+035   8.586957    
   45.00000      2.056319793723655E+035   8.586957    
   60.00000      2.023322766013504E+035   8.586957    
   75.00000      2.003694987703233E+035   8.586957    
   90.00000      1.997634982097335E+035   8.586957    
   105.0000      2.002279123635981E+035   8.586957    
   120.0000      2.016980686450075E+035   8.586957    
   135.0000      2.039778942114243E+035   8.586957    
   150.0000      2.069130924172718E+035   8.586957    
   165.0000      2.103594547189052E+035   8.586957    
   180.0000      2.140701509561728E+035   8.586957    
   195.0000      2.179983276655340E+035   8.586957    
   210.0000      2.218789534662867E+035   8.586957    
   225.0000      2.256656057853454E+035   8.586957    
   240.0000      2.289516717908091E+035   8.586957    
   255.0000      2.315842034636559E+035   8.586957    
   270.0000      2.333355359670683E+035   8.586957    
   285.0000      2.340812669598215E+035   8.586957    
   300.0000      2.335337188502203E+035   8.586957    
   315.0000      2.317117079586098E+035   8.586957    
   330.0000      2.286898050209939E+035   8.586957    
   345.0000      2.247905222092721E+035   8.586957    
  0.0000000E+00  2.201489785964443E+035   8.586957    
 
  0.0000000E+00  1.939179561803504E+035   8.771739    
   15.00000      1.895188255818681E+035   8.771739    
   30.00000      1.852804001648780E+035   8.771739    
   45.00000      1.817176185731854E+035   8.771739    
   60.00000      1.792057210039404E+035   8.771739    
   75.00000      1.778806266559584E+035   8.771739    
   90.00000      1.777070141696376E+035   8.771739    
   105.0000      1.784381310717131E+035   8.771739    
   120.0000      1.800107604313734E+035   8.771739    
   135.0000      1.822405946908972E+035   8.771739    
   150.0000      1.849896565137844E+035   8.771739    
   165.0000      1.881242065242232E+035   8.771739    
   180.0000      1.914427875790233E+035   8.771739    
   195.0000      1.948888700173658E+035   8.771739    
   210.0000      1.982325149049991E+035   8.771739    
   225.0000      2.014126224710103E+035   8.771739    
   240.0000      2.040618372324252E+035   8.771739    
   255.0000      2.060770726883282E+035   8.771739    
   270.0000      2.072654814741289E+035   8.771739    
   285.0000      2.075252486306254E+035   8.771739    
   300.0000      2.066400897707789E+035   8.771739    
   315.0000      2.046760502934321E+035   8.771739    
   330.0000      2.017286321699468E+035   8.771739    
   345.0000      1.980957543014466E+035   8.771739    
  0.0000000E+00  1.939179561803504E+035   8.771739    
 
  0.0000000E+00  1.695320076237376E+035   8.956522    
   15.00000      1.657625661814712E+035   8.956522    
   30.00000      1.622404988242359E+035   8.956522    
   45.00000      1.593908117053188E+035   8.956522    
   60.00000      1.574948385059634E+035   8.956522    
   75.00000      1.566313074750504E+035   8.956522    
   90.00000      1.567352455910718E+035   8.956522    
   105.0000      1.575983751653312E+035   8.956522    
   120.0000      1.591598399634999E+035   8.956522    
   135.0000      1.612514455341459E+035   8.956522    
   150.0000      1.637518881549278E+035   8.956522    
   165.0000      1.665419247020700E+035   8.956522    
   180.0000      1.694562930135529E+035   8.956522    
   195.0000      1.724347004493124E+035   8.956522    
   210.0000      1.752798098987522E+035   8.956522    
   225.0000      1.779223978314478E+035   8.956522    
   240.0000      1.800395920688813E+035   8.956522    
   255.0000      1.815658339709282E+035   8.956522    
   270.0000      1.823376217274787E+035   8.956522    
   285.0000      1.822742231739591E+035   8.956522    
   300.0000      1.812172156370319E+035   8.956522    
   315.0000      1.792580717638097E+035   8.956522    
   330.0000      1.764998903858167E+035   8.956522    
   345.0000      1.732119753409552E+035   8.956522    
  0.0000000E+00  1.695320076237376E+035   8.956522    
 
  0.0000000E+00  1.467763901626808E+035   9.141304    
   15.00000      1.436005412182230E+035   9.141304    
   30.00000      1.407107349862765E+035   9.141304    
   45.00000      1.384519109658158E+035   9.141304    
   60.00000      1.370334073000759E+035   9.141304    
   75.00000      1.364952056991763E+035   9.141304    
   90.00000      1.367599476357917E+035   9.141304    
   105.0000      1.376550054722828E+035   9.141304    
   120.0000      1.391233085894605E+035   9.141304    
   135.0000      1.410156302080656E+035   9.141304    
   150.0000      1.432275107378491E+035   9.141304    
   165.0000      1.456558443344319E+035   9.141304    
   180.0000      1.481652360847589E+035   9.141304    
   195.0000      1.506962983743625E+035   9.141304    
   210.0000      1.530819369805817E+035   9.141304    
   225.0000      1.552508812926288E+035   9.141304    
   240.0000      1.569264269044742E+035   9.141304    
   255.0000      1.580699420513268E+035   9.141304    
   270.0000      1.585436767937490E+035   9.141304    
   285.0000      1.582853229870061E+035   9.141304    
   300.0000      1.571818088607994E+035   9.141304    
   315.0000      1.553340432408076E+035   9.141304    
   330.0000      1.528435595526809E+035   9.141304    
   345.0000      1.499481540662466E+035   9.141304    
  0.0000000E+00  1.467763901626808E+035   9.141304    
 
  0.0000000E+00  1.254619019778607E+035   9.326087    
   15.00000      1.228398436380191E+035   9.326087    
   30.00000      1.205067384162239E+035   9.326087    
   45.00000      1.187379153492874E+035   9.326087    
   60.00000      1.176876123501925E+035   9.326087    
   75.00000      1.173710921178630E+035   9.326087    
   90.00000      1.177100548446624E+035   9.326087    
   105.0000      1.185641635657071E+035   9.326087    
   120.0000      1.198816958317333E+035   9.326087    
   135.0000      1.215342475184981E+035   9.326087    
   150.0000      1.234337691105156E+035   9.326087    
   165.0000      1.254939671644616E+035   9.326087    
   180.0000      1.276048332127559E+035   9.326087    
   195.0000      1.297113931123779E+035   9.326087    
   210.0000      1.316747059433762E+035   9.326087    
   225.0000      1.334265865019009E+035   9.326087    
   240.0000      1.347360000282048E+035   9.326087    
   255.0000      1.355826140456416E+035   9.326087    
   270.0000      1.358520020156003E+035   9.326087    
   285.0000      1.354972218391976E+035   9.326087    
   300.0000      1.344395945319751E+035   9.326087    
   315.0000      1.327782514928704E+035   9.326087    
   330.0000      1.306068404809565E+035   9.326087    
   345.0000      1.281297491931325E+035   9.326087    
  0.0000000E+00  1.254619019778607E+035   9.326087    
 
  0.0000000E+00  1.054235199509183E+035   9.510870    
   15.00000      1.033156790508818E+035   9.510870    
   30.00000      1.014743169838245E+035   9.510870    
   45.00000      1.001143546868412E+035   9.510870    
   60.00000      9.934785796656188E+034   9.510870    
   75.00000      9.917573592114232E+034   9.510870    
   90.00000      9.952622927950806E+034   9.510870    
   105.0000      1.002878686433638E+035   9.510870    
   120.0000      1.014157835629662E+035   9.510870    
   135.0000      1.028033118744900E+035   9.510870    
   150.0000      1.043785340456096E+035   9.510870    
   165.0000      1.060715687884899E+035   9.510870    
   180.0000      1.077946902603937E+035   9.510870    
   195.0000      1.094999827781777E+035   9.510870    
   210.0000      1.110748002027385E+035   9.510870    
   225.0000      1.124580567522757E+035   9.510870    
   240.0000      1.134626802807621E+035   9.510870    
   255.0000      1.140799216322453E+035   9.510870    
   270.0000      1.142169602741813E+035   9.510870    
   285.0000      1.138393688840907E+035   9.510870    
   300.0000      1.128935144403949E+035   9.510870    
   315.0000      1.114691981982705E+035   9.510870    
   330.0000      1.096482639995425E+035   9.510870    
   345.0000      1.076002675570740E+035   9.510870    
  0.0000000E+00  1.054235199509183E+035   9.510870    
 
  0.0000000E+00  8.651823808423233E+034   9.695652    
   15.00000      8.488795050878967E+034   9.695652    
   30.00000      8.348433262450307E+034   9.695652    
   45.00000      8.246962573176151E+034   9.695652    
   60.00000      8.192344173312723E+034   9.695652    
   75.00000      8.183964591519183E+034   9.695652    
   90.00000      8.215767614852441E+034   9.695652    
   105.0000      8.279207006148990E+034   9.695652    
   120.0000      8.370595415607809E+034   9.695652    
   135.0000      8.481473363875893E+034   9.695652    
   150.0000      8.606218455310496E+034   9.695652    
   165.0000      8.739408328931337E+034   9.695652    
   180.0000      8.874285146011919E+034   9.695652    
   195.0000      9.006919423031022E+034   9.695652    
   210.0000      9.128536843439927E+034   9.695652    
   225.0000      9.234023790281996E+034   9.695652    
   240.0000      9.308845799791475E+034   9.695652    
   255.0000      9.352785665604126E+034   9.695652    
   270.0000      9.358593462976390E+034   9.695652    
   285.0000      9.323821396869634E+034   9.695652    
   300.0000      9.244894218291067E+034   9.695652    
   315.0000      9.129363851461448E+034   9.695652    
   330.0000      8.983959254377461E+034   9.695652    
   345.0000      8.822122551148859E+034   9.695652    
  0.0000000E+00  8.651823808423233E+034   9.695652    
 
  0.0000000E+00  6.862259658449453E+034   9.880435    
   15.00000      6.743738586917144E+034   9.880435    
   30.00000      6.642795063397603E+034   9.880435    
   45.00000      6.571006888414690E+034   9.880435    
   60.00000      6.533789170671571E+034   9.880435    
   75.00000      6.530331596519096E+034   9.880435    
   90.00000      6.555966676943697E+034   9.880435    
   105.0000      6.604514773591366E+034   9.880435    
   120.0000      6.673168438924792E+034   9.880435    
   135.0000      6.755665513231070E+034   9.880435    
   150.0000      6.847894512243916E+034   9.880435    
   165.0000      6.945913666334280E+034   9.880435    
   180.0000      7.044821938079437E+034   9.880435    
   195.0000      7.141644712739330E+034   9.880435    
   210.0000      7.229967600557670E+034   9.880435    
   225.0000      7.305860512454826E+034   9.880435    
   240.0000      7.358732913730124E+034   9.880435    
   255.0000      7.388668775735366E+034   9.880435    
   270.0000      7.390348117260953E+034   9.880435    
   285.0000      7.362108192027280E+034   9.880435    
   300.0000      7.301647929283530E+034   9.880435    
   315.0000      7.214779926118957E+034   9.880435    
   330.0000      7.106614964942219E+034   9.880435    
   345.0000      6.987109709172641E+034   9.880435    
  0.0000000E+00  6.862259658449453E+034   9.880435    
 
  0.0000000E+00  5.163007790813131E+034   10.06522    
   15.00000      5.086201910528871E+034   10.06522    
   30.00000      5.021263541391135E+034   10.06522    
   45.00000      4.975600549517969E+034   10.06522    
   60.00000      4.952562784264031E+034   10.06522    
   75.00000      4.951467561649163E+034   10.06522    
   90.00000      4.969174753624537E+034   10.06522    
   105.0000      5.001687761375845E+034   10.06522    
   120.0000      5.047126450257285E+034   10.06522    
   135.0000      5.101385290197321E+034   10.06522    
   150.0000      5.161795866112772E+034   10.06522    
   165.0000      5.225811018400576E+034   10.06522    
   180.0000      5.290261963966854E+034   10.06522    
   195.0000      5.353171698051293E+034   10.06522    
   210.0000      5.410367652592886E+034   10.06522    
   225.0000      5.459210800694517E+034   10.06522    
   240.0000      5.492830831248112E+034   10.06522    
   255.0000      5.511383907609410E+034   10.06522    
   270.0000      5.511394665435626E+034   10.06522    
   285.0000      5.491831255522732E+034   10.06522    
   300.0000      5.451327086618027E+034   10.06522    
   315.0000      5.393787382309503E+034   10.06522    
   330.0000      5.322622166134258E+034   10.06522    
   345.0000      5.244370288483916E+034   10.06522    
  0.0000000E+00  5.163007790813131E+034   10.06522    
 
  0.0000000E+00  3.544864853497190E+034   10.25000    
   15.00000      3.507431265811531E+034   10.25000    
   30.00000      3.475910510282464E+034   10.25000    
   45.00000      3.453887518004603E+034   10.25000    
   60.00000      3.442952505525481E+034   10.25000    
   75.00000      3.442730311373045E+034   10.25000    
   90.00000      3.451658002295631E+034   10.25000    
   105.0000      3.467786403035284E+034   10.25000    
   120.0000      3.490180418697538E+034   10.25000    
   135.0000      3.516827180733752E+034   10.25000    
   150.0000      3.546428330696611E+034   10.25000    
   165.0000      3.577747945703754E+034   10.25000    
   180.0000      3.609245369133386E+034   10.25000    
   195.0000      3.639945046081395E+034   10.25000    
   210.0000      3.667809187876111E+034   10.25000    
   225.0000      3.691527201710394E+034   10.25000    
   240.0000      3.707749130170455E+034   10.25000    
   255.0000      3.716576834712158E+034   10.25000    
   270.0000      3.716306294353781E+034   10.25000    
   285.0000      3.706443563650122E+034   10.25000    
   300.0000      3.686353273659043E+034   10.25000    
   315.0000      3.657975576409787E+034   10.25000    
   330.0000      3.623001069314003E+034   10.25000    
   345.0000      3.584642868770808E+034   10.25000    
  0.0000000E+00  3.544864853497190E+034   10.25000    
 
