  0.0000000E+00   65.8825376412394        6.000000    
   22.50000       64.7342302435019        6.000000    
   45.00000       63.4488947196321        6.000000    
   67.50000       62.6639605603365        6.000000    
   90.00000       62.7295983429354        6.000000    
   112.5000       62.7835775953031        6.000000    
   135.0000       62.5832723413427        6.000000    
   157.5000       61.9482022102926        6.000000    
   180.0000       60.9041658685886        6.000000    
   202.5000       60.5448135111407        6.000000    
   225.0000       60.9940478924063        6.000000    
   247.5000       62.8577351217941        6.000000    
   270.0000       64.8086451139387        6.000000    
   292.5000       66.4861996581942        6.000000    
   315.0000       67.3214434895410        6.000000    
   337.5000       67.4994429937286        6.000000    
  0.0000000E+00   65.8825376412394        6.000000    
 
  0.0000000E+00   63.0806312049085        6.283333    
   22.50000       61.7712185902274        6.283333    
   45.00000       60.3802072179574        6.283333    
   67.50000       59.3359829451491        6.283333    
   90.00000       59.3330588682854        6.283333    
   112.5000       59.4724718162988        6.283333    
   135.0000       59.3069774588319        6.283333    
   157.5000       58.6940561977318        6.283333    
   180.0000       57.4250729545946        6.283333    
   202.5000       56.7941659752988        6.283333    
   225.0000       56.7934683428453        6.283333    
   247.5000       57.9683851748009        6.283333    
   270.0000       60.0043388928290        6.283333    
   292.5000       62.1223484910645        6.283333    
   315.0000       63.4502172157386        6.283333    
   337.5000       63.8901784259636        6.283333    
  0.0000000E+00   63.0806312049085        6.283333    
 
  0.0000000E+00   60.6869772257710        6.566667    
   22.50000       60.0627479741108        6.566667    
   45.00000       59.2482622010865        6.566667    
   67.50000       58.3856612719348        6.566667    
   90.00000       58.3892308568906        6.566667    
   112.5000       58.6336859023017        6.566667    
   135.0000       58.5682966959846        6.566667    
   157.5000       58.1601754026584        6.566667    
   180.0000       56.8444785631574        6.566667    
   202.5000       55.7758123461013        6.566667    
   225.0000       55.1894802760080        6.566667    
   247.5000       55.5673869136728        6.566667    
   270.0000       56.9905048350353        6.566667    
   292.5000       58.8552037297835        6.566667    
   315.0000       60.2798349014958        6.566667    
   337.5000       60.9693282808253        6.566667    
  0.0000000E+00   60.6869772257710        6.566667    
 
  0.0000000E+00   59.2117864706680        6.850000    
   22.50000       58.9698811521994        6.850000    
   45.00000       58.6398401901557        6.850000    
   67.50000       58.2283947110224        6.850000    
   90.00000       58.3412068465754        6.850000    
   112.5000       58.7322500216124        6.850000    
   135.0000       58.8073642161301        6.850000    
   157.5000       58.4973217424682        6.850000    
   180.0000       57.3674088756696        6.850000    
   202.5000       56.1574551077807        6.850000    
   225.0000       55.1975430848305        6.850000    
   247.5000       54.9193283362692        6.850000    
   270.0000       55.5933923268484        6.850000    
   292.5000       56.9581228172899        6.850000    
   315.0000       58.2497704401856        6.850000    
   337.5000       59.1175470681187        6.850000    
  0.0000000E+00   59.2117864706680        6.850000    
 
  0.0000000E+00   58.7429687788366        7.133333    
   22.50000       58.5566224855666        7.133333    
   45.00000       58.3542885312203        7.133333    
   67.50000       58.1898577357850        7.133333    
   90.00000       58.5079914459133        7.133333    
   112.5000       59.1463532292940        7.133333    
   135.0000       59.4417535133196        7.133333    
   157.5000       59.2298653778450        7.133333    
   180.0000       58.2015241196258        7.133333    
   202.5000       56.9256511844872        7.133333    
   225.0000       55.7963250944371        7.133333    
   247.5000       55.2469403177289        7.133333    
   270.0000       55.5806070408738        7.133333    
   292.5000       56.6757049870142        7.133333    
   315.0000       57.8040126841283        7.133333    
   337.5000       58.6104899854890        7.133333    
  0.0000000E+00   58.7429687788366        7.133333    
 
  0.0000000E+00   59.1290773176002        7.416667    
   22.50000       58.7106975683133        7.416667    
   45.00000       58.4465802878477        7.416667    
   67.50000       58.5160772591727        7.416667    
   90.00000       59.2291204839916        7.416667    
   112.5000       60.1977970591213        7.416667    
   135.0000       60.5631904625934        7.416667    
   157.5000       60.1145410519971        7.416667    
   180.0000       58.8443170770331        7.416667    
   202.5000       57.4296935904267        7.416667    
   225.0000       56.3256180825515        7.416667    
   247.5000       55.9874831702305        7.416667    
   270.0000       56.6179093574492        7.416667    
   292.5000       57.8945029500237        7.416667    
   315.0000       58.9197907382988        7.416667    
   337.5000       59.3690942431135        7.416667    
  0.0000000E+00   59.1290773176002        7.416667    
 
  0.0000000E+00   59.9591760890600        7.700000    
   22.50000       59.2779385393890        7.700000    
   45.00000       59.0299290364319        7.700000    
   67.50000       59.4881561056437        7.700000    
   90.00000       60.7167700561189        7.700000    
   112.5000       61.9099435036492        7.700000    
   135.0000       62.0384189165322        7.700000    
   157.5000       61.0518548045309        7.700000    
   180.0000       59.3958266778341        7.700000    
   202.5000       57.9192514231795        7.700000    
   225.0000       57.0885293717236        7.700000    
   247.5000       57.3267245701772        7.700000    
   270.0000       58.5899823083730        7.700000    
   292.5000       60.1426781316858        7.700000    
   315.0000       60.9040355796248        7.700000    
   337.5000       60.7415614852988        7.700000    
  0.0000000E+00   59.9591760890600        7.700000    
 
  0.0000000E+00   61.1906881520123        7.983334    
   22.50000       60.3554607852505        7.983334    
   45.00000       60.2255668164790        7.983334    
   67.50000       61.0940777459149        7.983334    
   90.00000       62.7355222100799        7.983334    
   112.5000       63.9889126667327        7.983334    
   135.0000       63.7617907742751        7.983334    
   157.5000       62.2683164400867        7.983334    
   180.0000       60.3536298750750        7.983334    
   202.5000       58.9497894496816        7.983334    
   225.0000       58.4931317073183        7.983334    
   247.5000       59.3268185798221        7.983334    
   270.0000       61.1265689998207        7.983334    
   292.5000       62.7940569082393        7.983334    
   315.0000       63.1753766231440        7.983334    
   337.5000       62.4110382862034        7.983334    
  0.0000000E+00   61.1906881520123        7.983334    
 
  0.0000000E+00   62.9359175482506        8.266666    
   22.50000       62.0259832995200        8.266666    
   45.00000       62.0191773574045        8.266666    
   67.50000       63.1868531880912        8.266666    
   90.00000       65.0805735838504        8.266666    
   112.5000       66.3246232805627        8.266666    
   135.0000       65.8163216594233        8.266666    
   157.5000       63.9955287657233        8.266666    
   180.0000       61.9720167324933        8.266666    
   202.5000       60.6896414832880        8.266666    
   225.0000       60.5472422158362        8.266666    
   247.5000       61.8048692276368        8.266666    
   270.0000       63.9284442681965        8.266666    
   292.5000       65.5945156750800        8.266666    
   315.0000       65.6416291185832        8.266666    
   337.5000       64.4368217787680        8.266666    
  0.0000000E+00   62.9359175482506        8.266666    
 
  0.0000000E+00   65.2535100778863        8.550000    
   22.50000       64.3217177465256        8.550000    
   45.00000       64.4099503520186        8.550000    
   67.50000       65.7519560397184        8.550000    
   90.00000       67.7622310210256        8.550000    
   112.5000       68.9675708060377        8.550000    
   135.0000       68.2827716149677        8.550000    
   157.5000       66.3020346458139        8.550000    
   180.0000       64.2784280994189        8.550000    
   202.5000       63.1263842854568        8.550000    
   225.0000       63.2074940963885        8.550000    
   247.5000       64.7110717452798        8.550000    
   270.0000       66.9778986646067        8.550000    
   292.5000       68.5792624860363        8.550000    
   315.0000       68.3806043874096        8.550000    
   337.5000       66.9021375173870        8.550000    
  0.0000000E+00   65.2535100778863        8.550000    
 
  0.0000000E+00   68.2280545315882        8.833333    
   22.50000       67.3175523920977        8.833333    
   45.00000       67.4721064568495        8.833333    
   67.50000       68.8833148819150        8.833333    
   90.00000       70.9001336143672        8.833333    
   112.5000       72.0412234492798        8.833333    
   135.0000       71.2654210703950        8.833333    
   157.5000       69.2559822765592        8.833333    
   180.0000       67.3130221326335        8.833333    
   202.5000       66.2940811970301        8.833333    
   225.0000       66.5219837909454        8.833333    
   247.5000       68.1284731686672        8.833333    
   270.0000       70.3989433257686        8.833333    
   292.5000       71.8921343362012        8.833333    
   315.0000       71.5283502291333        8.833333    
   337.5000       69.9162325124281        8.833333    
  0.0000000E+00   68.2280545315882        8.833333    
 
  0.0000000E+00   72.0341620853893        9.116667    
   22.50000       71.1814555128731        9.116667    
   45.00000       71.3764255888226        9.116667    
   67.50000       72.7694548184315        9.116667    
   90.00000       74.7003352302928        9.116667    
   112.5000       75.7510279124429        9.116667    
   135.0000       74.9519271009901        9.116667    
   157.5000       73.0182682916390        9.116667    
   180.0000       71.2200853330646        9.116667    
   202.5000       70.3370207710846        9.116667    
   225.0000       70.6503113423336        9.116667    
   247.5000       72.2459599562253        9.116667    
   270.0000       74.4093948051540        9.116667    
   292.5000       75.7604344736235        9.116667    
   315.0000       75.3005691414471        9.116667    
   337.5000       73.6716956547592        9.116667    
  0.0000000E+00   72.0341620853893        9.116667    
 
  0.0000000E+00   76.9900614911365        9.400000    
   22.50000       76.2264036205984        9.400000    
   45.00000       76.4376824850065        9.400000    
   67.50000       77.7368750245914        9.400000    
   90.00000       79.5003704204865        9.400000    
   112.5000       80.4342597792055        9.400000    
   135.0000       79.6682874571893        9.400000    
   157.5000       77.8978990021193        9.400000    
   180.0000       76.2985447444511        9.400000    
   202.5000       75.5541279629602        9.400000    
   225.0000       75.9014198883205        9.400000    
   247.5000       77.3915581328568        9.400000    
   270.0000       79.3558760308840        9.400000    
   292.5000       80.5366685748810        9.400000    
   315.0000       80.0422369171024        9.400000    
   337.5000       78.4984252854023        9.400000    
  0.0000000E+00   76.9900614911365        9.400000    
 
  0.0000000E+00   83.6565011745840        9.683333    
   22.50000       83.0097453052281        9.683333    
   45.00000       83.2134167661789        9.683333    
   67.50000       84.3488476362036        9.683333    
   90.00000       85.8691540004468        9.683333    
   112.5000       86.6595441128740        9.683333    
   135.0000       85.9773112335905        9.683333    
   157.5000       84.4479482346439        9.683333    
   180.0000       83.0949111773803        9.683333    
   202.5000       82.4899132133394        9.683333    
   225.0000       82.8233871665002        9.683333    
   247.5000       84.1227030783620        9.683333    
   270.0000       85.8067033461344        9.683333    
   292.5000       86.7939498510803        9.683333    
   315.0000       86.3251415215763        9.683333    
   337.5000       84.9622177191656        9.683333    
  0.0000000E+00   83.6565011745840        9.683333    
 
  0.0000000E+00   93.0768582466856        9.966667    
   22.50000       92.5730191307256        9.966667    
   45.00000       92.7426601309447        9.966667    
   67.50000       93.6439764246436        9.966667    
   90.00000       94.8466834945096        9.966667    
   112.5000       95.4666968474067        9.966667    
   135.0000       94.9179422137581        9.966667    
   157.5000       93.7017234306367        9.966667    
   180.0000       92.6348368554215        9.966667    
   202.5000       92.1617083306497        9.966667    
   225.0000       92.4275024406008        9.966667    
   247.5000       93.4498799434731        9.966667    
   270.0000       94.7789861522128        9.966667    
   292.5000       95.5576593700730        9.966667    
   315.0000       95.1843293499258        9.966667    
   337.5000       94.1039223573551        9.966667    
  0.0000000E+00   93.0768582466856        9.966667    
 
  0.0000000E+00   107.391512248541        10.25000    
   22.50000       107.053765389496        10.25000    
   45.00000       107.154152548584        10.25000    
   67.50000       107.743789232521        10.25000    
   90.00000       108.556337748621        10.25000    
   112.5000       108.983014435481        10.25000    
   135.0000       108.622372638531        10.25000    
   157.5000       107.781456690356        10.25000    
   180.0000       107.017631841019        10.25000    
   202.5000       106.639321035109        10.25000    
   225.0000       106.756396302796        10.25000    
   247.5000       107.401284583424        10.25000    
   270.0000       108.312463223946        10.25000    
   292.5000       108.893861588356        10.25000    
   315.0000       108.721939640607        10.25000    
   337.5000       108.051725261602        10.25000    
  0.0000000E+00   107.391512248541        10.25000    
 
