  0.0000000E+00   77.9186700404637     
   22.50000       77.8523877485850     
   45.00000       79.4214382251236     
   67.50000       81.8240290500504     
   90.00000       84.0908862229323     
   112.5000       85.5136888479625     
   135.0000       86.3433635735425     
   157.5000       87.1978273221746     
   180.0000       86.9274302718776     
   202.5000       85.2237152976270     
   225.0000       83.7268241698583     
   247.5000       83.1108516596201     
   270.0000       83.4933859854038     
   292.5000       84.1949474943740     
   315.0000       82.8732646743261     
   337.5000       79.9323584276425     
   360.0000       77.9186700404637     
   360.0000       83.7293896625744     
   382.5000       83.6208338226401     
   405.0000       85.6042671756050     
   427.5000       88.6906724446400     
   450.0000       91.6805472617310     
   472.5000       93.7133879330600     
   495.0000       95.2406381040886     
   517.5000       96.1408732257980     
   540.0000       94.9522953129638     
   562.5000       92.6044823352285     
   585.0000       90.4427231349945     
   607.5000       89.2750959179779     
   630.0000       89.3651432370357     
   652.5000       90.0707660053678     
   675.0000       89.2945437314252     
   697.5000       86.1648357333551     
   720.0000       83.7293896625744     
   720.0000       89.2746083655935     
   742.5000       88.8207005520349     
   765.0000       90.2650569847934     
   787.5000       93.0588117705877     
   810.0000       96.0876248006888     
   832.5000       98.4849274145343     
   855.0000       100.499091473117     
   877.5000       101.221459387722     
   900.0000       100.111168072649     
   922.5000       97.8469444978532     
   945.0000       95.5153812887167     
   967.5000       93.8852782186086     
   990.0000       93.3777233652820     
   1012.500       93.7091932006293     
   1035.000       93.4069140399425     
   1057.500       91.4379077091449     
   1080.000       89.2746083655935     
   1080.000       94.0791286636716     
   1102.500       93.3657654225442     
   1125.000       93.9314774451613     
   1147.500       95.9331674660348     
   1170.000       98.6042373441671     
   1192.500       101.147522812591     
   1215.000       103.405605648364     
   1237.500       104.432597985650     
   1260.000       103.886249825817     
   1282.500       102.085070483289     
   1305.000       99.8326004373157     
   1327.500       97.8553032844362     
   1350.000       96.6827842241359     
   1372.500       96.4763093226717     
   1395.000       96.3150726070104     
   1417.500       95.3067376842298     
   1440.000       94.0791286636716     
   1440.000       97.0300567127667     
   1462.500       96.4699758308527     
   1485.000       96.8114811852072     
   1507.500       98.4390285611329     
   1530.000       100.820029455584     
   1552.500       103.371019693235     
   1575.000       105.578927032849     
   1597.500       106.666800662538     
   1620.000       106.330656291150     
   1642.500       104.778863927562     
   1665.000       102.641759705008     
   1687.500       100.582773194761     
   1710.000       99.1523042274569     
   1732.500       98.6580224776991     
   1755.000       98.4673690562959     
   1777.500       97.8700890830592     
   1800.000       97.0300567127667     
   1800.000       98.9691248761452     
   1822.500       98.6451575520934     
   1845.000       99.2129138417807     
   1867.500       100.985405434069     
   1890.000       103.501310933255     
   1912.500       106.042380008094     
   1935.000       107.809484836731     
   1957.500       108.251518155657     
   1980.000       107.321406271706     
   2002.500       105.452644634529     
   2025.000       103.296066488334     
   2047.500       101.474652018141     
   2070.000       100.441366475694     
   2092.500       100.231073433482     
   2115.000       100.137234858588     
   2137.500       99.6560191072805     
   2160.000       98.9691248761452     
   2160.000       100.528376705821     
   2182.500       100.511658462060     
   2205.000       101.496329305143     
   2227.500       103.615150708136     
   2250.000       106.281195419071     
   2272.500       108.551130687760     
   2295.000       109.471437033193     
   2317.500       108.796192621732     
   2340.000       106.937442797365     
   2362.500       104.649790235866     
   2385.000       102.632883168339     
   2407.500       101.432337792931     
   2430.000       101.232870408575     
   2452.500       101.578543565846     
   2475.000       101.618973835400     
   2497.500       101.121500833383     
   2520.000       100.528376705821     
   2520.000       101.953926717239     
   2542.500       102.157607922970     
   2565.000       103.427329721487     
   2587.500       105.750159258964     
   2610.000       108.399883409377     
   2632.500       110.227054549066     
   2655.000       110.243521915151     
   2677.500       108.549513038365     
   2700.000       105.985278333942     
   2722.500       103.526316386794     
   2745.000       101.866781211266     
   2767.500       101.431534382851     
   2790.000       102.077231810275     
   2812.500       102.916567372604     
   2835.000       103.041180575654     
   2857.500       102.488253725493     
   2880.000       101.953926717239     
   2880.000       103.238479450150     
   2902.500       103.502078104904     
   2925.000       104.856670110385     
   2947.500       107.216684249549     
   2970.000       109.763867478324     
   2992.500       111.193247606034     
   3015.000       110.517703867231     
   3037.500       108.118258019891     
   3060.000       105.146344432533     
   3082.500       102.701295883698     
   3105.000       101.448261617836     
   3127.500       101.691915489181     
   3150.000       103.013059715697     
   3172.500       104.228775718660     
   3195.000       104.410310795394     
   3217.500       103.787620286526     
   3240.000       103.238479450150     
   3240.000       104.401638158576     
   3262.500       104.614687442557     
   3285.000       105.933598960494     
   3307.500       108.245591849569     
   3330.000       110.677838728465     
   3352.500       111.813671885278     
   3375.000       110.673716930636     
   3397.500       107.841678916416     
   3420.000       104.676334139463     
   3442.500       102.338188800377     
   3465.000       101.457309648073     
   3487.500       102.236897000671     
   3510.000       104.053704880172     
   3532.500       105.534483964942     
   3555.000       105.740446880912     
   3577.500       105.028458547452     
   3600.000       104.401638158576     
   3600.000       105.552194412203     
   3622.500       105.667682338564     
   3645.000       106.902221667101     
   3667.500       109.134918138794     
   3690.000       111.462182173607     
   3712.500       112.394732897431     
   3735.000       110.968660963236     
   3757.500       107.907539650367     
   3780.000       104.696335878624     
   3802.500       102.515613062882     
   3825.000       101.954499341536     
   3847.500       103.130052246582     
   3870.000       105.279905266056     
   3892.500       106.918202269186     
   3915.000       107.105911394170     
   3937.500       106.287473873633     
   3960.000       105.552194412203     
   3960.000       106.856006367410     
   3982.500       106.866922833050     
   4005.000       108.006010228060     
   4027.500       110.148929927673     
   4050.000       112.380913721221     
   4072.500       113.178756719588     
   4095.000       111.605661790787     
   4117.500       108.473607616939     
   4140.000       105.328966185358     
   4162.500       103.337226156608     
   4185.000       103.039378249682     
   4207.500       104.481301524208     
   4230.000       106.816615106841     
   4252.500       108.508630422473     
   4275.000       108.634214863485     
   4297.500       107.702193772296     
   4320.000       106.856006367410     
   4320.000       108.499790720133     
   4342.500       108.420788365068     
   4365.000       109.465531487984     
   4387.500       111.506382827215     
   4410.000       113.640344861216     
   4432.500       114.354469910859     
   4455.000       112.755212190013     
   4477.500       109.694531187830     
   4500.000       106.718912389027     
   4522.500       104.942153840958     
   4545.000       104.849255332097     
   4567.500       106.429963608594     
   4590.000       108.805841320754     
   4612.500       110.448164659200     
   4635.000       110.473639886926     
   4657.500       109.436743907085     
   4680.000       108.499790720133     
   4680.000       110.667526452727     
   4702.500       110.525694342462     
   4725.000       111.470923204708     
   4747.500       113.374269728805     
   4770.000       115.380069559129     
   4792.500       116.047549005368     
   4815.000       114.551311160335     
   4837.500       111.725597320362     
   4860.000       109.040412703350     
   4882.500       107.512493627854     
   4905.000       107.559533860851     
   4927.500       109.132959740438     
   4950.000       111.382642134761     
   4972.500       112.860557474236     
   4995.000       112.758507465364     
   5017.500       111.650349539272     
   5040.000       110.667526452727     
   5040.000       113.551302030033     
   5062.500       113.385110689530     
   5085.000       114.203372710362     
   5107.500       115.883985584029     
   5130.000       117.681311229202     
   5152.500       118.328386262398     
   5175.000       117.111017329319     
   5197.500       114.758807317165     
   5220.000       112.547359627923     
   5242.500       111.325237367446     
   5265.000       111.426826043850     
   5287.500       112.790149277488     
   5310.000       114.679680520629     
   5332.500       115.840655186379     
   5355.000       115.597540802633     
   5377.500       114.496177002240     
   5400.000       113.551302030033     
   5400.000       117.446682599152     
   5422.500       117.311768672910     
   5445.000       117.937145600049     
   5467.500       119.225614099058     
   5490.000       120.651699561851     
   5512.500       121.299682971965     
   5535.000       120.645599388182     
   5557.500       119.167485703508     
   5580.000       117.742445433586     
   5602.500       116.929020562717     
   5625.000       116.952223942141     
   5647.500       117.778373355190     
   5670.000       118.929322554366     
   5692.500       119.534652759633     
   5715.000       119.150675718016     
   5737.500       118.206483982924     
   5760.000       117.446682599152     
