  0.0000000E+00   68.1152792835318     
   22.50000       66.2310036519930     
   45.00000       64.8591577676717     
   67.50000       63.7957436136116     
   90.00000       63.3776127727103     
   112.5000       63.1414385149440     
   135.0000       62.7681208970271     
   157.5000       62.0631691517534     
   180.0000       61.5385825264273     
   202.5000       61.2025083193568     
   225.0000       61.8703974126458     
   247.5000       64.9313793825076     
   270.0000       67.2506574689701     
   292.5000       68.8178767825498     
   315.0000       69.4026805443324     
   337.5000       68.8968162279324     
   360.0000       68.1152792835318     
   360.0000       65.4799556515493     
   382.5000       64.1361101376859     
   405.0000       62.5179937228511     
   427.5000       61.1462489712505     
   450.0000       60.5118207643365     
   472.5000       60.1788728462368     
   495.0000       59.7801221059197     
   517.5000       58.9164338494317     
   540.0000       58.2115420637370     
   562.5000       57.8807208412209     
   585.0000       58.5957314222029     
   607.5000       61.0075910470189     
   630.0000       63.5436307692805     
   652.5000       65.6138023681156     
   675.0000       66.6323623886752     
   697.5000       66.3882355667600     
   720.0000       65.4799556515493     
   720.0000       63.6408666882982     
   742.5000       62.6185830679464     
   765.0000       61.6658730310180     
   787.5000       60.5946287494592     
   810.0000       60.0774304699686     
   832.5000       59.7949851373851     
   855.0000       59.5169279567621     
   877.5000       58.7835400835653     
   900.0000       58.0318393839365     
   922.5000       57.5376362143341     
   945.0000       57.5702251574302     
   967.5000       58.8718234331996     
   990.0000       60.8283937480959     
   1012.500       62.8169883592454     
   1035.000       64.0618891217147     
   1057.500       64.2531166309181     
   1080.000       63.6408666882982     
   1080.000       62.6809120804519     
   1102.500       61.9611544889003     
   1125.000       61.2884686300474     
   1147.500       60.6227615457721     
   1170.000       60.4483518380487     
   1192.500       60.4023936065551     
   1215.000       60.3784814332088     
   1237.500       59.8226164376735     
   1260.000       58.9913089399754     
   1282.500       58.2002976145190     
   1305.000       57.7161916885590     
   1327.500       58.1167778350864     
   1350.000       59.3080541571511     
   1372.500       60.9580410585732     
   1395.000       62.2859818546355     
   1417.500       62.8604561987895     
   1440.000       62.6809120804519     
   1440.000       62.4211974038330     
   1462.500       61.8099722541442     
   1485.000       61.1980601414482     
   1507.500       60.7269186123069     
   1530.000       60.8192906512495     
   1552.500       61.1499897055770     
   1575.000       61.3922577102626     
   1597.500       61.0121073882150     
   1620.000       60.1674095028254     
   1642.500       59.2028225537735     
   1665.000       58.4463564765306     
   1687.500       58.3982739066649     
   1710.000       59.1517055235046     
   1732.500       60.5598525871503     
   1755.000       61.8329580625125     
   1777.500       62.4766431242947     
   1800.000       62.4211974038330     
   1800.000       62.6671594568424     
   1822.500       61.8643933382586     
   1845.000       61.2245742152057     
   1867.500       61.0218580997621     
   1890.000       61.5589310854355     
   1912.500       62.3408669938742     
   1935.000       62.7187260119994     
   1957.500       62.2124491638350     
   1980.000       61.1506210054697     
   2002.500       60.0077757867521     
   2025.000       59.2256062839060     
   2047.500       59.2602463054311     
   2070.000       60.1785320172415     
   2092.500       61.6804417172343     
   2115.000       62.7890124965845     
   2137.500       63.0865530435330     
   2160.000       62.6671594568424     
   2160.000       63.1564058780517     
   2182.500       62.1310885514029     
   2205.000       61.5967993973493     
   2227.500       61.8711938645685     
   2250.000       62.9953903325938     
   2272.500       64.1223367235679     
   2295.000       64.3364093622879     
   2317.500       63.4087076671961     
   2340.000       62.0110677306757     
   2362.500       60.7754240047136     
   2385.000       60.2175187675656     
   2407.500       60.7005177175604     
   2430.000       62.1137932014682     
   2452.500       63.7631051603613     
   2475.000       64.4864361643439     
   2497.500       64.1424551252235     
   2520.000       63.1564058780517     
   2520.000       64.0148985172513     
   2542.500       62.9007827878767     
   2565.000       62.5833597062305     
   2587.500       63.3547894146588     
   2610.000       64.9636647027275     
   2632.500       66.2441502198497     
   2655.000       66.1594438043921     
   2677.500       64.8070671766117     
   2700.000       63.1591417819077     
   2722.500       61.9495682823063     
   2745.000       61.7015992842684     
   2767.500       62.6573181079488     
   2790.000       64.4947382565615     
   2812.500       66.1465965593206     
   2835.000       66.4020410431422     
   2857.500       65.4448373068071     
   2880.000       64.0148985172513     
   2880.000       65.4237921425830     
   2902.500       64.3074263623707     
   2925.000       64.1932088583009     
   2947.500       65.3303933896634     
   2970.000       67.2481133256086     
   2992.500       68.5781345887867     
   3015.000       68.2457922228595     
   3037.500       66.6074198184602     
   3060.000       64.8255505415518     
   3082.500       63.6863674841935     
   3105.000       63.6869532381338     
   3127.500       64.9687078068727     
   3150.000       67.0539600162826     
   3172.500       68.6286654608282     
   3195.000       68.5083212266495     
   3217.500       67.1191188027526     
   3240.000       65.4237921425830     
   3240.000       67.4445409857718     
   3262.500       66.3708525378241     
   3285.000       66.4092726899585     
   3307.500       67.7677120820767     
   3330.000       69.8411137184136     
   3352.500       71.1648106978330     
   3375.000       70.6705236134992     
   3397.500       68.8840795109442     
   3420.000       67.0628898565137     
   3442.500       66.0076937133792     
   3465.000       66.1746503907135     
   3487.500       67.6336707363689     
   3510.000       69.8172568495457     
   3532.500       71.2839998172852     
   3555.000       70.9071602153261     
   3577.500       69.2621670254084     
   3600.000       67.4445409857718     
   3600.000       70.1499013869258     
   3622.500       69.1488625293838     
   3645.000       69.2923082156460     
   3667.500       70.7508442550928     
   3690.000       72.8549220214538     
   3712.500       74.1288494544844     
   3735.000       73.5443172953444     
   3757.500       71.7225773996523     
   3780.000       69.9400757652872     
   3802.500       68.9795629923425     
   3825.000       69.2481530223260     
   3847.500       70.7670935734753     
   3870.000       72.9323845973105     
   3892.500       74.2718420449945     
   3915.000       73.7366894161078     
   3937.500       71.9789685803151     
   3960.000       70.1499013869258     
   3960.000       73.7015844861386     
   3982.500       72.7962253888557     
   4005.000       73.0041509770402     
   4027.500       74.4624565851330     
   4050.000       76.4924850095855     
   4072.500       77.6782329247720     
   4095.000       77.0609923814369     
   4117.500       75.2974263059540     
   4140.000       73.6204501813941     
   4162.500       72.7659303799020     
   4185.000       73.0869984392885     
   4207.500       74.5729512182518     
   4230.000       76.6256531886776     
   4252.500       77.8211719667667     
   4275.000       77.2062565477461     
   4297.500       75.4530159943870     
   4320.000       73.7015844861386     
   4320.000       78.4042519668361     
   4342.500       77.6138035276592     
   4365.000       77.8507772866866     
   4387.500       79.2221426624818     
   4410.000       81.0861214449610     
   4432.500       82.1478474206754     
   4455.000       81.5462200008309     
   4477.500       79.9219836634700     
   4500.000       78.4098748064704     
   4522.500       77.6726496694439     
   4545.000       78.0064947074386     
   4567.500       79.3817915831416     
   4590.000       81.2415718125837     
   4612.500       82.2777460701508     
   4635.000       81.6496929768383     
   4657.500       80.0022569020917     
   4680.000       78.4042519668361     
   4680.000       84.8014590147890     
   4702.500       84.1432539248050     
   4725.000       84.3759318789031     
   4747.500       85.5796242137407     
   4770.000       87.1910132327944     
   4792.500       88.0927938516406     
   4815.000       87.5498882219326     
   4837.500       86.1393510511839     
   4860.000       84.8468458165233     
   4882.500       84.2369421942035     
   4905.000       84.5475974566935     
   4927.500       85.7422536678235     
   4950.000       87.3368039175076     
   4972.500       88.2004082436262     
   4995.000       87.6222210130139     
   5017.500       86.1760098842949     
   5040.000       84.8014590147890     
   5040.000       93.9084394129095     
   5062.500       93.3982063707283     
   5085.000       93.5905877577633     
   5107.500       94.5428755411668     
   5130.000       95.8130455568800     
   5152.500       96.5156563195322     
   5175.000       96.0725613558315     
   5197.500       94.9467565016023     
   5220.000       93.9246640561723     
   5242.500       93.4471461463106     
   5265.000       93.6956059586634     
   5287.500       94.6410382112136     
   5310.000       95.9034717889644     
   5332.500       96.5887868102576     
   5355.000       96.1315339795648     
   5377.500       94.9880553705892     
   5400.000       93.9084394129095     
   5400.000       107.807505769807     
   5422.500       107.454534900658     
   5445.000       107.557624447713     
   5467.500       108.158304631641     
   5490.000       108.989020405828     
   5512.500       109.446854788711     
   5535.000       109.144852715952     
   5557.500       108.368353079478     
   5580.000       107.655508956538     
   5602.500       107.297090690474     
   5625.000       107.428407744659     
   5647.500       108.052774447763     
   5670.000       108.928787772852     
   5692.500       109.458065571467     
   5715.000       109.225846585259     
   5737.500       108.512312490852     
   5760.000       107.807505769807     
