  0.0000000E+00  1.415155109334841E+036   6.000000    
   22.50000      1.378178139809053E+036   6.000000    
   45.00000      1.359958163744687E+036   6.000000    
   67.50000      1.360676155739483E+036   6.000000    
   90.00000      1.379763904209519E+036   6.000000    
   112.5000      1.416918216637551E+036   6.000000    
   135.0000      1.456660956491252E+036   6.000000    
   157.5000      1.485706192365799E+036   6.000000    
   180.0000      1.507391720454993E+036   6.000000    
   202.5000      1.509887107153116E+036   6.000000    
   225.0000      1.504700738398964E+036   6.000000    
   247.5000      1.502740259519684E+036   6.000000    
   270.0000      1.504266791675738E+036   6.000000    
   292.5000      1.505472964677375E+036   6.000000    
   315.0000      1.486500817807762E+036   6.000000    
   337.5000      1.452331893888486E+036   6.000000    
  0.0000000E+00  1.415155109334841E+036   6.000000    
 
  0.0000000E+00  1.326663099871348E+036   6.283333    
   22.50000      1.293880238937029E+036   6.283333    
   45.00000      1.275668238049303E+036   6.283333    
   67.50000      1.274858144669218E+036   6.283333    
   90.00000      1.290622308504701E+036   6.283333    
   112.5000      1.321803482817480E+036   6.283333    
   135.0000      1.354504216927524E+036   6.283333    
   157.5000      1.376100552105640E+036   6.283333    
   180.0000      1.390121551171399E+036   6.283333    
   202.5000      1.390751975572203E+036   6.283333    
   225.0000      1.389245696427274E+036   6.283333    
   247.5000      1.390571339178291E+036   6.283333    
   270.0000      1.395545079504024E+036   6.283333    
   292.5000      1.401393484883188E+036   6.283333    
   315.0000      1.389305272383155E+036   6.283333    
   337.5000      1.359327547743898E+036   6.283333    
  0.0000000E+00  1.326663099871348E+036   6.283333    
 
  0.0000000E+00  1.215275450459546E+036   6.566667    
   22.50000      1.187402541735907E+036   6.566667    
   45.00000      1.169053358200997E+036   6.566667    
   67.50000      1.163771581497031E+036   6.566667    
   90.00000      1.172427996553908E+036   6.566667    
   112.5000      1.194022556323778E+036   6.566667    
   135.0000      1.217038467137221E+036   6.566667    
   157.5000      1.231829499406131E+036   6.566667    
   180.0000      1.241203831781135E+036   6.566667    
   202.5000      1.240569348175451E+036   6.566667    
   225.0000      1.239970862865075E+036   6.566667    
   247.5000      1.242632271709883E+036   6.566667    
   270.0000      1.249896253841440E+036   6.566667    
   292.5000      1.260012506184819E+036   6.566667    
   315.0000      1.258239843370751E+036   6.566667    
   337.5000      1.240400129925622E+036   6.566667    
  0.0000000E+00  1.215275450459546E+036   6.566667    
 
  0.0000000E+00  1.099700319717728E+036   6.850000    
   22.50000      1.079215893676015E+036   6.850000    
   45.00000      1.061992323491771E+036   6.850000    
   67.50000      1.051946307218419E+036   6.850000    
   90.00000      1.053510126905061E+036   6.850000    
   112.5000      1.065762219776137E+036   6.850000    
   135.0000      1.080571006876690E+036   6.850000    
   157.5000      1.089847508620866E+036   6.850000    
   180.0000      1.095125195564760E+036   6.850000    
   202.5000      1.092853136295002E+036   6.850000    
   225.0000      1.091131827638187E+036   6.850000    
   247.5000      1.093378423058855E+036   6.850000    
   270.0000      1.101063399374891E+036   6.850000    
   292.5000      1.113546222447842E+036   6.850000    
   315.0000      1.120157213104326E+036   6.850000    
   337.5000      1.114339949239212E+036   6.850000    
  0.0000000E+00  1.099700319717728E+036   6.850000    
 
  0.0000000E+00  9.797955657603330E+035   7.133333    
   22.50000      9.663608091221043E+035   7.133333    
   45.00000      9.538589230313303E+035   7.133333    
   67.50000      9.449443152051973E+035   7.133333    
   90.00000      9.438144481836700E+035   7.133333    
   112.5000      9.502406168327952E+035   7.133333    
   135.0000      9.590156329727129E+035   7.133333    
   157.5000      9.634653146284041E+035   7.133333    
   180.0000      9.648943076609242E+035   7.133333    
   202.5000      9.608756703203295E+035   7.133333    
   225.0000      9.576888191304829E+035   7.133333    
   247.5000      9.590333365024861E+035   7.133333    
   270.0000      9.661009397117044E+035   7.133333    
   292.5000      9.780944953570090E+035   7.133333    
   315.0000      9.872553894768461E+035   7.133333    
   337.5000      9.874185801879682E+035   7.133333    
  0.0000000E+00  9.797955657603330E+035   7.133333    
 
  0.0000000E+00  8.618268907607062E+035   7.416667    
   22.50000      8.527804074520305E+035   7.416667    
   45.00000      8.448837062871256E+035   7.416667    
   67.50000      8.399925443708401E+035   7.416667    
   90.00000      8.408692808935139E+035   7.416667    
   112.5000      8.460678203580035E+035   7.416667    
   135.0000      8.512681988154666E+035   7.416667    
   157.5000      8.521026624864015E+035   7.416667    
   180.0000      8.507192579391576E+035   7.416667    
   202.5000      8.456868735943308E+035   7.416667    
   225.0000      8.423561802055414E+035   7.416667    
   247.5000      8.435995439800773E+035   7.416667    
   270.0000      8.500152947698097E+035   7.416667    
   292.5000      8.598426871523298E+035   7.416667    
   315.0000      8.669472511563011E+035   7.416667    
   337.5000      8.671315604999516E+035   7.416667    
  0.0000000E+00  8.618268907607062E+035   7.416667    
 
  0.0000000E+00  7.539415318546086E+035   7.700000    
   22.50000      7.474999833336191E+035   7.700000    
   45.00000      7.428433972801786E+035   7.700000    
   67.50000      7.413193836604180E+035   7.700000    
   90.00000      7.445422278780670E+035   7.700000    
   112.5000      7.500302686079192E+035   7.700000    
   135.0000      7.535649747266056E+035   7.700000    
   157.5000      7.525215927289534E+035   7.700000    
   180.0000      7.494124805468715E+035   7.700000    
   202.5000      7.437651481553926E+035   7.700000    
   225.0000      7.404812324399335E+035   7.700000    
   247.5000      7.413350384244696E+035   7.700000    
   270.0000      7.467901131483318E+035   7.700000    
   292.5000      7.545311604987322E+035   7.700000    
   315.0000      7.592914698338100E+035   7.700000    
   337.5000      7.584389116360880E+035   7.700000    
  0.0000000E+00  7.539415318546086E+035   7.700000    
 
  0.0000000E+00  6.581427102412336E+035   7.983334    
   22.50000      6.533713480383687E+035   7.983334    
   45.00000      6.506865298907966E+035   7.983334    
   67.50000      6.511298095036092E+035   7.983334    
   90.00000      6.557586201913442E+035   7.983334    
   112.5000      6.615088326917769E+035   7.983334    
   135.0000      6.641123091032813E+035   7.983334    
   157.5000      6.619720997902742E+035   7.983334    
   180.0000      6.575719329438628E+035   7.983334    
   202.5000      6.513842129773686E+035   7.983334    
   225.0000      6.478729188867478E+035   7.983334    
   247.5000      6.481548674145575E+035   7.983334    
   270.0000      6.529570273447368E+035   7.983334    
   292.5000      6.595876690133359E+035   7.983334    
   315.0000      6.631783705387641E+035   7.983334    
   337.5000      6.619657687851360E+035   7.983334    
  0.0000000E+00  6.581427102412336E+035   7.983334    
 
  0.0000000E+00  5.726119733163828E+035   8.266666    
   22.50000      5.690349377073201E+035   8.266666    
   45.00000      5.675366234019332E+035   8.266666    
   67.50000      5.689654334204633E+035   8.266666    
   90.00000      5.740888544771042E+035   8.266666    
   112.5000      5.796029299272981E+035   8.266666    
   135.0000      5.814194585873375E+035   8.266666    
   157.5000      5.785683706106245E+035   8.266666    
   180.0000      5.734045197977785E+035   8.266666    
   202.5000      5.670958248508041E+035   8.266666    
   225.0000      5.635261702440234E+035   8.266666    
   247.5000      5.635023360186367E+035   8.266666    
   270.0000      5.679271066688330E+035   8.266666    
   292.5000      5.738758144840869E+035   8.266666    
   315.0000      5.768950333811623E+035   8.266666    
   337.5000      5.757515289633675E+035   8.266666    
  0.0000000E+00  5.726119733163828E+035   8.266666    
 
  0.0000000E+00  4.953363028260271E+035   8.550000    
   22.50000      4.926483557094875E+035   8.550000    
   45.00000      4.918546245488391E+035   8.550000    
   67.50000      4.936662202731648E+035   8.550000    
   90.00000      4.986573289435452E+035   8.550000    
   112.5000      5.035725319394535E+035   8.550000    
   135.0000      5.047262318147418E+035   8.550000    
   157.5000      5.015362068818852E+035   8.550000    
   180.0000      4.961824028250951E+035   8.550000    
   202.5000      4.902044099344617E+035   8.550000    
   225.0000      4.868385372590430E+035   8.550000    
   247.5000      4.867382549707283E+035   8.550000    
   270.0000      4.908183007670570E+035   8.550000    
   292.5000      4.961380958331137E+035   8.550000    
   315.0000      4.987745156086465E+035   8.550000    
   337.5000      4.978437228435667E+035   8.550000    
  0.0000000E+00  4.953363028260271E+035   8.550000    
 
  0.0000000E+00  4.248312859061809E+035   8.833333    
   22.50000      4.228102449688930E+035   8.833333    
   45.00000      4.224186780264339E+035   8.833333    
   67.50000      4.242567175949438E+035   8.833333    
   90.00000      4.287511526510031E+035   8.833333    
   112.5000      4.329078214048200E+035   8.833333    
   135.0000      4.335625080097997E+035   8.833333    
   157.5000      4.303692771565073E+035   8.833333    
   180.0000      4.252874338425437E+035   8.833333    
   202.5000      4.199553629016892E+035   8.833333    
   225.0000      4.169761581856787E+035   8.833333    
   247.5000      4.169074552981733E+035   8.833333    
   270.0000      4.205711574669712E+035   8.833333    
   292.5000      4.252118879439868E+035   8.833333    
   315.0000      4.275020200506959E+035   8.833333    
   337.5000      4.267958366078915E+035   8.833333    
  0.0000000E+00  4.248312859061809E+035   8.833333    
 
  0.0000000E+00  3.600364442005600E+035   9.116667    
   22.50000      3.585249366011184E+035   9.116667    
   45.00000      3.583513429789043E+035   9.116667    
   67.50000      3.600139204446308E+035   9.116667    
   90.00000      3.638222097253916E+035   9.116667    
   112.5000      3.671840998489917E+035   9.116667    
   135.0000      3.675011202573523E+035   9.116667    
   157.5000      3.645699659664009E+035   9.116667    
   180.0000      3.600826300664436E+035   9.116667    
   202.5000      3.555793973913823E+035   9.116667    
   225.0000      3.530856649271782E+035   9.116667    
   247.5000      3.530760329263828E+035   9.116667    
   270.0000      3.562313461325842E+035   9.116667    
   292.5000      3.601317938096347E+035   9.116667    
   315.0000      3.620622603654172E+035   9.116667    
   337.5000      3.615469447497234E+035   9.116667    
  0.0000000E+00  3.600364442005600E+035   9.116667    
 
  0.0000000E+00  3.001771197204234E+035   9.400000    
   22.50000      2.990681242986812E+035   9.400000    
   45.00000      2.990047189789661E+035   9.400000    
   67.50000      3.003842371191662E+035   9.400000    
   90.00000      3.034227234783796E+035   9.400000    
   112.5000      3.060137822430745E+035   9.400000    
   135.0000      3.061274748188405E+035   9.400000    
   157.5000      3.036467479002864E+035   9.400000    
   180.0000      2.999554543892356E+035   9.400000    
   202.5000      2.963677457676360E+035   9.400000    
   225.0000      2.943989427781512E+035   9.400000    
   247.5000      2.944363291091646E+035   9.400000    
   270.0000      2.970066474250771E+035   9.400000    
   292.5000      3.001231957056850E+035   9.400000    
   315.0000      3.016719204986912E+035   9.400000    
   337.5000      3.013062910612456E+035   9.400000    
  0.0000000E+00  3.001771197204234E+035   9.400000    
 
  0.0000000E+00  2.446668135106909E+035   9.683333    
   22.50000      2.438895191289390E+035   9.683333    
   45.00000      2.438757793552167E+035   9.683333    
   67.50000      2.449209062074822E+035   9.683333    
   90.00000      2.471670735734778E+035   9.683333    
   112.5000      2.490351932418231E+035   9.683333    
   135.0000      2.490457506713945E+035   9.683333    
   157.5000      2.471343214419948E+035   9.683333    
   180.0000      2.443473436336976E+035   9.683333    
   202.5000      2.416987726707305E+035   9.683333    
   225.0000      2.402577490273597E+035   9.683333    
   247.5000      2.403165949407232E+035   9.683333    
   270.0000      2.422528046186251E+035   9.683333    
   292.5000      2.445663133114407E+035   9.683333    
   315.0000      2.457187547139649E+035   9.683333    
   337.5000      2.454687480290201E+035   9.683333    
  0.0000000E+00  2.446668135106909E+035   9.683333    
 
  0.0000000E+00  1.930434383894516E+035   9.966667    
   22.50000      1.925517934052491E+035   9.966667    
   45.00000      1.925555005904285E+035   9.966667    
   67.50000      1.932479808603164E+035   9.966667    
   90.00000      1.947133305158736E+035   9.966667    
   112.5000      1.959116688570886E+035   9.966667    
   135.0000      1.958867558839378E+035   9.966667    
   157.5000      1.946056997635403E+035   9.966667    
   180.0000      1.927638510880110E+035   9.966667    
   202.5000      1.910392199340448E+035   9.966667    
   225.0000      1.901078609600439E+035   9.966667    
   247.5000      1.901635491821170E+035   9.966667    
   270.0000      1.914446394318443E+035   9.966667    
   292.5000      1.929590506564248E+035   9.966667    
   315.0000      1.937132323076470E+035   9.966667    
   337.5000      1.935559221796126E+035   9.966667    
  0.0000000E+00  1.930434383894516E+035   9.966667    
 
  0.0000000E+00  1.449278850235552E+035   10.25000    
   22.50000      1.446918538087808E+035   10.25000    
   45.00000      1.446970960569167E+035   10.25000    
   67.50000      1.450375961242870E+035   10.25000    
   90.00000      1.457513495763168E+035   10.25000    
   112.5000      1.463293494728454E+035   10.25000    
   135.0000      1.463084772184900E+035   10.25000    
   157.5000      1.456755627468656E+035   10.25000    
   180.0000      1.447730962118702E+035   10.25000    
   202.5000      1.439351935995213E+035   10.25000    
   225.0000      1.434854071445991E+035   10.25000    
   247.5000      1.435185643831139E+035   10.25000    
   270.0000      1.441476601995345E+035   10.25000    
   292.5000      1.448861093198575E+035   10.25000    
   315.0000      1.452526867422294E+035   10.25000    
   337.5000      1.451759557611048E+035   10.25000    
  0.0000000E+00  1.449278850235552E+035   10.25000    
 
