  0.0000000E+00  1.254085612382747E+036
   22.50000      1.249078517648858E+036
   45.00000      1.199433282881436E+036
   67.50000      1.122434302309839E+036
   90.00000      1.044839945679600E+036
   112.5000      9.702925879183325E+035
   135.0000      9.081686887348347E+035
   157.5000      8.579019002403029E+035
   180.0000      8.185387299508025E+035
   202.5000      8.146410361627766E+035
   225.0000      8.614320519900561E+035
   247.5000      9.378330517918521E+035
   270.0000      1.025530911741751E+036
   292.5000      1.117460228204820E+036
   315.0000      1.188319553840021E+036
   337.5000      1.231110464312490E+036
   360.0000      1.254085612382747E+036
   360.0000      1.150133919887443E+036
   382.5000      1.150240610281685E+036
   405.0000      1.115743597269015E+036
   427.5000      1.055883391350583E+036
   450.0000      9.923729664662768E+035
   472.5000      9.290100978529911E+035
   495.0000      8.746176752248323E+035
   517.5000      8.292899031464740E+035
   540.0000      7.922659534653380E+035
   562.5000      7.843623855789487E+035
   585.0000      8.175546333685103E+035
   607.5000      8.731153160164193E+035
   630.0000      9.434845810096802E+035
   652.5000      1.020681958399027E+036
   675.0000      1.083907584372323E+036
   697.5000      1.125345420185236E+036
   720.0000      1.150133919887443E+036
   720.0000      1.010968560902333E+036
   742.5000      1.020815837385796E+036
   765.0000      1.004929941229586E+036
   787.5000      9.682113377951556E+035
   810.0000      9.238454296365196E+035
   832.5000      8.759676545295729E+035
   855.0000      8.319099644167587E+035
   877.5000      7.927884606048180E+035
   900.0000      7.575356286787166E+035
   922.5000      7.414052888617081E+035
   945.0000      7.542822469170265E+035
   967.5000      7.853284067815819E+035
   990.0000      8.324266010785341E+035
   1012.500      8.903036189815532E+035
   1035.000      9.436662266227560E+035
   1057.500      9.832180599681152E+035
   1080.000      1.010968560902333E+036
   1080.000      8.689920582773133E+035
   1102.500      8.868575482882618E+035
   1125.000      8.883193812390006E+035
   1147.500      8.723545372984543E+035
   1170.000      8.468028404363244E+035
   1192.500      8.150479331078419E+035
   1215.000      7.822593916017067E+035
   1237.500      7.501861236416771E+035
   1260.000      7.177496385631208E+035
   1282.500      6.945956586065869E+035
   1305.000      6.895144847692117E+035
   1327.500      6.996192958324344E+035
   1350.000      7.245548855779546E+035
   1372.500      7.628730293544199E+035
   1395.000      8.049085167914869E+035
   1417.500      8.404740172719320E+035
   1440.000      8.689920582773133E+035
   1440.000      7.489422504682257E+035
   1462.500      7.668249583202984E+035
   1485.000      7.751590823240025E+035
   1507.500      7.714092261000424E+035
   1530.000      7.588551459006477E+035
   1552.500      7.393219750032339E+035
   1575.000      7.159550783835824E+035
   1597.500      6.906553419973729E+035
   1620.000      6.631451007821302E+035
   1642.500      6.399285637561523E+035
   1665.000      6.280925844059291E+035
   1687.500      6.283965824448612E+035
   1710.000      6.408938238026481E+035
   1732.500      6.655833834365966E+035
   1755.000      6.965861625916899E+035
   1777.500      7.249626144189705E+035
   1800.000      7.489422504682257E+035
   1800.000      6.581442874048787E+035
   1822.500      6.700096213834033E+035
   1845.000      6.757703403665080E+035
   1867.500      6.738756933594986E+035
   1890.000      6.658489382062902E+035
   1912.500      6.522344201299558E+035
   1935.000      6.347438998344715E+035
   1957.500      6.148631989959487E+035
   1980.000      5.935227243269746E+035
   2002.500      5.759602616435733E+035
   2025.000      5.672583057127701E+035
   2047.500      5.684687372377062E+035
   2070.000      5.792678549643663E+035
   2092.500      5.986910303506103E+035
   2115.000      6.217316616849317E+035
   2137.500      6.418679909921672E+035
   2160.000      6.581442874048787E+035
   2160.000      5.828843948948910E+035
   2182.500      5.873521273467783E+035
   2205.000      5.877141439969639E+035
   2227.500      5.838331321575663E+035
   2250.000      5.768493726169587E+035
   2272.500      5.665897671914398E+035
   2295.000      5.536967179216426E+035
   2317.500      5.390779349728833E+035
   2340.000      5.245289518812379E+035
   2362.500      5.143964416272766E+035
   2385.000      5.118387832659633E+035
   2407.500      5.171720904336879E+035
   2430.000      5.294122086307099E+035
   2452.500      5.461623421312669E+035
   2475.000      5.625759307799040E+035
   2497.500      5.746869488496556E+035
   2520.000      5.828843948948910E+035
   2520.000      5.134696832858610E+035
   2542.500      5.122695263527091E+035
   2565.000      5.088744695374859E+035
   2587.500      5.041104659861314E+035
   2610.000      4.988465288848463E+035
   2632.500      4.921918806417714E+035
   2655.000      4.837302747244422E+035
   2677.500      4.739713810195782E+035
   2700.000      4.651372089590179E+035
   2722.500      4.606671189467718E+035
   2745.000      4.624036998563957E+035
   2767.500      4.701566805792843E+035
   2790.000      4.824400814201159E+035
   2812.500      4.959639033061487E+035
   2835.000      5.063966704207116E+035
   2857.500      5.117794323880695E+035
   2880.000      5.134696832858610E+035
   2880.000      4.491883946657566E+035
   2902.500      4.447785912495855E+035
   2925.000      4.399046059628461E+035
   2947.500      4.357902705432246E+035
   2970.000      4.329038267274153E+035
   2992.500      4.296485395242686E+035
   3015.000      4.247907735920992E+035
   3037.500      4.186936582316582E+035
   3060.000      4.136872460115415E+035
   3082.500      4.124695452693931E+035
   3105.000      4.161674329775740E+035
   3127.500      4.243826918541513E+035
   3150.000      4.353659108408031E+035
   3172.500      4.455093661767406E+035
   3195.000      4.511809798983704E+035
   3217.500      4.517605959861349E+035
   3240.000      4.491883946657566E+035
   3240.000      3.907108335151438E+035
   3262.500      3.849554520069531E+035
   3285.000      3.800343864381444E+035
   3307.500      3.772139568753368E+035
   3330.000      3.765474197705502E+035
   3352.500      3.759070242160784E+035
   3375.000      3.735753162736279E+035
   3397.500      3.699006453536482E+035
   3420.000      3.671500835995008E+035
   3442.500      3.674978147448829E+035
   3465.000      3.717049660749448E+035
   3487.500      3.793232423575999E+035
   3510.000      3.885274027160126E+035
   3532.500      3.957607074778195E+035
   3555.000      3.980579257421571E+035
   3577.500      3.956259023803055E+035
   3600.000      3.907108335151438E+035
   3600.000      3.378620334465731E+035
   3622.500      3.319394181400061E+035
   3645.000      3.276576629806345E+035
   3667.500      3.261526717346647E+035
   3690.000      3.271409973057897E+035
   3712.500      3.282087268230246E+035
   3735.000      3.274483264591181E+035
   3757.500      3.252387020998142E+035
   3780.000      3.236970398705517E+035
   3802.500      3.246282785756210E+035
   3825.000      3.286022983300646E+035
   3847.500      3.351865903035773E+035
   3870.000      3.426198120729158E+035
   3892.500      3.476023901502285E+035
   3915.000      3.477449508985060E+035
   3937.500      3.437204521694383E+035
   3960.000      3.378620334465731E+035
   3960.000      2.899713269504078E+035
   3982.500      2.845731174954107E+035
   4005.000      2.811767985054824E+035
   4027.500      2.807194644410862E+035
   4050.000      2.826970174342131E+035
   4072.500      2.846614568016294E+035
   4095.000      2.847430170919956E+035
   4117.500      2.833499595653909E+035
   4140.000      2.823961515834260E+035
   4162.500      2.833960033068582E+035
   4185.000      2.868015206825546E+035
   4207.500      2.922265374127875E+035
   4230.000      2.980697795516744E+035
   4252.500      3.014173410000692E+035
   4275.000      3.003701686108184E+035
   4297.500      2.958104134169083E+035
   4320.000      2.899713269504078E+035
   4320.000      2.462542789345514E+035
   4342.500      2.417589594413124E+035
   4365.000      2.392648739103056E+035
   4387.500      2.394910408491061E+035
   4410.000      2.418407572830859E+035
   4432.500      2.440573841685550E+035
   4455.000      2.444749512250389E+035
   4477.500      2.435098742533628E+035
   4500.000      2.428202879886736E+035
   4522.500      2.436533149606828E+035
   4545.000      2.463681521541683E+035
   4567.500      2.506384241839183E+035
   4590.000      2.550945995969773E+035
   4612.500      2.572976678268974E+035
   4635.000      2.557762523515617E+035
   4657.500      2.514353364767193E+035
   4680.000      2.462542789345514E+035
   4680.000      2.059752477962565E+035
   4702.500      2.025686632514252E+035
   4725.000      2.008871742694736E+035
   4747.500      2.014405606040277E+035
   4770.000      2.036554565474864E+035
   4792.500      2.056535300171346E+035
   4815.000      2.060927686324048E+035
   4837.500      2.053623705157563E+035
   4860.000      2.048051471221928E+035
   4882.500      2.053920844372671E+035
   4905.000      2.073939507567299E+035
   4927.500      2.105529370645442E+035
   4950.000      2.137862550438245E+035
   4972.500      2.151974816308256E+035
   4995.000      2.137030544779580E+035
   5017.500      2.100953310709069E+035
   5040.000      2.059752477962565E+035
   5040.000      1.685025249948510E+035
   5062.500      1.662526753151264E+035
   5085.000      1.652588348593724E+035
   5107.500      1.658394718024556E+035
   5130.000      1.675410512396080E+035
   5152.500      1.690112976081218E+035
   5175.000      1.693130827574608E+035
   5197.500      1.687622024167044E+035
   5220.000      1.683215931936753E+035
   5242.500      1.686638806276023E+035
   5265.000      1.699692744190253E+035
   5287.500      1.720564108125696E+035
   5310.000      1.741733152156220E+035
   5332.500      1.750188633456649E+035
   5355.000      1.738759469499119E+035
   5377.500      1.713284056643066E+035
   5400.000      1.685025249948510E+035
   5400.000      1.333117364519834E+035
   5422.500      1.322134224241168E+035
   5445.000      1.317775242062899E+035
   5467.500      1.321525440702390E+035
   5490.000      1.330823864701682E+035
   5512.500      1.338517798674295E+035
   5535.000      1.339784204789209E+035
   5557.500      1.336499329050150E+035
   5580.000      1.333812394668385E+035
   5602.500      1.335207591973465E+035
   5625.000      1.341577735516240E+035
   5647.500      1.351961158085375E+035
   5670.000      1.362477791820976E+035
   5692.500      1.366485543517355E+035
   5715.000      1.360401900091703E+035
   5737.500      1.347333948896584E+035
   5760.000      1.333117364519834E+035
