  0.0000000E+00  1.012843237818854E+036
   22.50000      9.542713250222418E+035
   45.00000      9.331114124498838E+035
   67.50000      9.488540212601073E+035
   90.00000      9.934605002289175E+035
   112.5000      1.045085653912026E+036
   135.0000      1.107597907499166E+036
   157.5000      1.180418049053459E+036
   180.0000      1.246103842780191E+036
   202.5000      1.297420692077571E+036
   225.0000      1.327152420035580E+036
   247.5000      1.329529196936072E+036
   270.0000      1.316671339699091E+036
   292.5000      1.278731642787240E+036
   315.0000      1.196000017307690E+036
   337.5000      1.099160070064220E+036
   360.0000      1.012843237818854E+036
   360.0000      9.721126543182076E+035
   382.5000      9.186000907059402E+035
   405.0000      8.955076336423499E+035
   427.5000      9.032010145943717E+035
   450.0000      9.364309628995260E+035
   472.5000      9.778140040237389E+035
   495.0000      1.028700592241384E+036
   517.5000      1.087448547981440E+036
   540.0000      1.141918805224497E+036
   562.5000      1.187089726205236E+036
   585.0000      1.215542415809387E+036
   607.5000      1.221955019192051E+036
   630.0000      1.214984571829833E+036
   652.5000      1.186850338805396E+036
   675.0000      1.125449225917233E+036
   697.5000      1.046332628112268E+036
   720.0000      9.721126543182076E+035
   720.0000      9.184961519739584E+035
   742.5000      8.713413592628601E+035
   765.0000      8.446008533880964E+035
   787.5000      8.405148322284433E+035
   810.0000      8.578240468175778E+035
   832.5000      8.844000126733804E+035
   855.0000      9.199977580343929E+035
   877.5000      9.613003426144389E+035
   900.0000      1.002588214787229E+036
   922.5000      1.039952929021898E+036
   945.0000      1.068151530912132E+036
   967.5000      1.081137308861543E+036
   990.0000      1.083359470122821E+036
   1012.500      1.070309271120523E+036
   1035.000      1.031842206060685E+036
   1057.500      9.764893834064006E+035
   1080.000      9.184961519739584E+035
   1080.000      8.557505680929180E+035
   1102.500      8.160037564217921E+035
   1125.000      7.879787843042373E+035
   1147.500      7.744942963657259E+035
   1170.000      7.775085445573063E+035
   1192.500      7.904412553448842E+035
   1215.000      8.113685387373168E+035
   1237.500      8.371272775719870E+035
   1260.000      8.651254701649884E+035
   1282.500      8.934646499883887E+035
   1305.000      9.197412723882456E+035
   1327.500      9.379566732964892E+035
   1350.000      9.486304885195593E+035
   1372.500      9.494983385123046E+035
   1395.000      9.322953789609428E+035
   1417.500      8.979771014505723E+035
   1440.000      8.557505680929180E+035
   1440.000      7.763361024958278E+035
   1462.500      7.450828943505704E+035
   1485.000      7.202902799300671E+035
   1507.500      7.049020920641205E+035
   1530.000      7.017315286897008E+035
   1552.500      7.075446432445007E+035
   1575.000      7.196759240658754E+035
   1597.500      7.353896566554201E+035
   1620.000      7.534374683478085E+035
   1642.500      7.732988815344941E+035
   1665.000      7.945545243952353E+035
   1687.500      8.124652188683641E+035
   1710.000      8.256166378605928E+035
   1732.500      8.325607078891917E+035
   1755.000      8.266098846970696E+035
   1777.500      8.060273044482615E+035
   1800.000      7.763361024958278E+035
   1800.000      6.827406352218371E+035
   1822.500      6.592050445923359E+035
   1845.000      6.409913739974815E+035
   1867.500      6.303340598144546E+035
   1890.000      6.290235386153470E+035
   1912.500      6.344456744218548E+035
   1935.000      6.439681053076295E+035
   1957.500      6.553879523609085E+035
   1980.000      6.683046726624099E+035
   2002.500      6.827400534262585E+035
   2025.000      6.985510945902457E+035
   2047.500      7.120888503175878E+035
   2070.000      7.220023748948853E+035
   2092.500      7.269008282124826E+035
   2115.000      7.217418355649800E+035
   2137.500      7.055614376162193E+035
   2160.000      6.827406352218371E+035
   2160.000      5.906734397088841E+035
   2182.500      5.741565081021379E+035
   2205.000      5.631839316011104E+035
   2227.500      5.589490934695089E+035
   2250.000      5.619725001664747E+035
   2272.500      5.693474268810082E+035
   2295.000      5.786398514514291E+035
   2317.500      5.881882397507491E+035
   2340.000      5.981147909301792E+035
   2362.500      6.084294213283751E+035
   2385.000      6.186849021853407E+035
   2407.500      6.263586936392408E+035
   2430.000      6.310218392993914E+035
   2452.500      6.312230950807396E+035
   2475.000      6.235873636925002E+035
   2497.500      6.087072034090816E+035
   2520.000      5.906734397088841E+035
   2520.000      5.103818404404789E+035
   2542.500      4.998198319989383E+035
   2565.000      4.946240094406863E+035
   2587.500      4.951980502831660E+035
   2610.000      5.012225576709077E+035
   2632.500      5.097303010281193E+035
   2655.000      5.185298536551051E+035
   2677.500      5.262884598035039E+035
   2700.000      5.333685231964919E+035
   2722.500      5.397126709591644E+035
   2745.000      5.449199822952104E+035
   2767.500      5.476955604009966E+035
   2790.000      5.483380612531589E+035
   2812.500      5.453604899922242E+035
   2835.000      5.367053028033711E+035
   2857.500      5.238429396474728E+035
   2880.000      5.103818404404789E+035
   2880.000      4.421596367871860E+035
   2902.500      4.359702332360466E+035
   2925.000      4.345136014070925E+035
   2947.500      4.377566411226813E+035
   2970.000      4.449878003860816E+035
   2992.500      4.534464508012892E+035
   3015.000      4.611560702785766E+035
   3037.500      4.670008453702606E+035
   3060.000      4.714663818172044E+035
   3082.500      4.745307912447281E+035
   3105.000      4.760997829756216E+035
   3127.500      4.758130710495508E+035
   3150.000      4.742671365359453E+035
   3172.500      4.700346855205578E+035
   3195.000      4.619366993551175E+035
   3217.500      4.516501365956975E+035
   3240.000      4.421596367871860E+035
   3240.000      3.831926176871746E+035
   3262.500      3.799187990365403E+035
   3285.000      3.805838275106722E+035
   3307.500      3.849622071020557E+035
   3330.000      3.922190570091433E+035
   3352.500      3.999195445828276E+035
   3375.000      4.062915066524059E+035
   3397.500      4.104061134358325E+035
   3420.000      4.128139723228161E+035
   3442.500      4.135815437086765E+035
   3465.000      4.129233308632681E+035
   3487.500      4.110553340341242E+035
   3510.000      4.086066788365333E+035
   3532.500      4.042808788748155E+035
   3555.000      3.974351465921986E+035
   3577.500      3.896144651953679E+035
   3600.000      3.831926176871746E+035
   3600.000      3.310958286584890E+035
   3622.500      3.296289261703566E+035
   3645.000      3.313222819944483E+035
   3667.500      3.358941876745414E+035
   3690.000      3.425270439485854E+035
   3712.500      3.491454175599179E+035
   3735.000      3.541908203124107E+035
   3757.500      3.569144117766856E+035
   3780.000      3.578841466809547E+035
   3802.500      3.572553210195579E+035
   3825.000      3.554574260976155E+035
   3847.500      3.529850082022081E+035
   3870.000      3.503831247501678E+035
   3892.500      3.465252243805324E+035
   3915.000      3.410716203760160E+035
   3937.500      3.353132260637771E+035
   3960.000      3.310958286584890E+035
   3960.000      2.842527597115409E+035
   3982.500      2.838107017987495E+035
   4005.000      2.858349697177988E+035
   4027.500      2.900528974733728E+035
   4050.000      2.957343251093782E+035
   4072.500      3.011622775906566E+035
   4095.000      3.050092814026801E+035
   4117.500      3.066991390470198E+035
   4140.000      3.067785828330239E+035
   4162.500      3.054629919163472E+035
   4185.000      3.032778557942760E+035
   4207.500      3.007978068439241E+035
   4230.000      2.984454680735022E+035
   4252.500      2.952757623577640E+035
   4275.000      2.911076757821440E+035
   4297.500      2.869614885544802E+035
   4320.000      2.842527597115409E+035
   4320.000      2.415728798719322E+035
   4342.500      2.416348299749239E+035
   4365.000      2.435618787368105E+035
   4387.500      2.471209656078548E+035
   4410.000      2.517029891998177E+035
   4432.500      2.559391638488325E+035
   4455.000      2.587501090079095E+035
   4477.500      2.597184166507708E+035
   4500.000      2.593406049591858E+035
   4522.500      2.578490761726929E+035
   4545.000      2.557627825949186E+035
   4567.500      2.536155589052672E+035
   4590.000      2.517067335618238E+035
   4612.500      2.492718395501510E+035
   4635.000      2.462062872150370E+035
   4657.500      2.432855512883853E+035
   4680.000      2.415728798719322E+035
   4680.000      2.022949989857966E+035
   4702.500      2.025334498510372E+035
   4725.000      2.041122886681398E+035
   4747.500      2.068515019367214E+035
   4770.000      2.102799144258295E+035
   4792.500      2.133690284992069E+035
   4815.000      2.153010138954120E+035
   4837.500      2.157994683339876E+035
   4860.000      2.152783667975706E+035
   4882.500      2.139507347797955E+035
   4905.000      2.122527348761137E+035
   4927.500      2.106106099099802E+035
   4950.000      2.092159017732509E+035
   4972.500      2.074833451100691E+035
   4995.000      2.053443125940065E+035
   5017.500      2.033588115533638E+035
   5040.000      2.022949989857966E+035
   5040.000      1.658643967992518E+035
   5062.500      1.660909430382159E+035
   5085.000      1.671860068792515E+035
   5107.500      1.690278191259550E+035
   5130.000      1.712943191594436E+035
   5152.500      1.732956976456890E+035
   5175.000      1.744847321515533E+035
   5197.500      1.747026692737397E+035
   5220.000      1.742507078529601E+035
   5242.500      1.732906193044612E+035
   5265.000      1.721297108562312E+035
   5287.500      1.710556215197662E+035
   5310.000      1.701732294362035E+035
   5332.500      1.690811532050798E+035
   5355.000      1.677313995308251E+035
   5377.500      1.664907492052669E+035
   5400.000      1.658643967992518E+035
   5400.000      1.318656752403739E+035
   5422.500      1.319903546837806E+035
   5445.000      1.325419479738659E+035
   5467.500      1.334591568630590E+035
   5490.000      1.345777046418766E+035
   5512.500      1.355507398692381E+035
   5535.000      1.361057258532368E+035
   5557.500      1.361754829181539E+035
   5580.000      1.359206282864463E+035
   5602.500      1.354287522671329E+035
   5625.000      1.348554808215413E+035
   5647.500      1.343417023460074E+035
   5670.000      1.339293486257611E+035
   5692.500      1.334117740620059E+035
   5715.000      1.327615184312051E+035
   5737.500      1.321617445349844E+035
   5760.000      1.318656752403739E+035
