  0.0000000E+00  1.090615766560817E+035
   15.00000      1.162463452473254E+035
   30.00000      1.244626667181270E+035
   45.00000      1.317389753669663E+035
   60.00000      1.371138539788406E+035
   75.00000      1.425713503418766E+035
   90.00000      1.487908595494435E+035
   105.0000      1.531791487541267E+035
   120.0000      1.535027355773736E+035
   135.0000      1.491464317999069E+035
   150.0000      1.410218378916918E+035
   165.0000      1.313605610680846E+035
   180.0000      1.219110561323182E+035
   195.0000      1.126011886860712E+035
   210.0000      1.036492398341086E+035
   225.0000      9.683514217707019E+034
   240.0000      9.216832798092538E+034
   255.0000      8.718219283879520E+034
   270.0000      8.205714937081869E+034
   285.0000      8.017588711634448E+034
   300.0000      8.322010036093207E+034
   315.0000      8.923271841804589E+034
   330.0000      9.626183403198587E+034
   345.0000      1.029852659719127E+035
   360.0000      1.090615766560817E+035
   360.0000      1.096478110078531E+035
   375.0000      1.164841386395307E+035
   390.0000      1.243888215353640E+035
   405.0000      1.316242467834800E+035
   420.0000      1.372601548479938E+035
   435.0000      1.428913628267292E+035
   450.0000      1.491261905656041E+035
   465.0000      1.537331046257069E+035
   480.0000      1.545113209170919E+035
   495.0000      1.508368189170432E+035
   510.0000      1.433568570020121E+035
   525.0000      1.340996862468201E+035
   540.0000      1.248746253260290E+035
   555.0000      1.156969541480721E+035
   570.0000      1.067733738514495E+035
   585.0000      9.985471464238745E+034
   600.0000      9.505545307541841E+034
   615.0000      9.001965634020414E+034
   630.0000      8.487388991830984E+034
   645.0000      8.291893660802982E+034
   660.0000      8.573578282889064E+034
   675.0000      9.130589117007820E+034
   690.0000      9.774357909045013E+034
   705.0000      1.039100827162633E+035
   720.0000      1.096478110078531E+035
   720.0000      1.097386682833055E+035
   735.0000      1.159768512129045E+035
   750.0000      1.232873044601798E+035
   765.0000      1.302290962959442E+035
   780.0000      1.359338595699515E+035
   795.0000      1.415544692748727E+035
   810.0000      1.476560209149479E+035
   825.0000      1.524829261528331E+035
   840.0000      1.541941204438563E+035
   855.0000      1.519899450435056E+035
   870.0000      1.459303299421108E+035
   885.0000      1.377253659128076E+035
   900.0000      1.291200340399022E+035
   915.0000      1.203463809508818E+035
   930.0000      1.116285612788871E+035
   945.0000      1.045882202032412E+035
   960.0000      9.957270196340015E+034
   975.0000      9.449633248053633E+034
   990.0000      8.932665459720467E+034
   1005.000      8.709097748701448E+034
   1020.000      8.928803214388785E+034
   1035.000      9.389445423836224E+034
   1050.000      9.911605120111740E+034
   1065.000      1.045096593404838E+035
   1080.000      1.097386682833055E+035
   1080.000      1.091469162051239E+035
   1095.000      1.145866399975648E+035
   1110.000      1.210796158841473E+035
   1125.000      1.275578552886014E+035
   1140.000      1.331741135293419E+035
   1155.000      1.386143774826568E+035
   1170.000      1.444269030595845E+035
   1185.000      1.494120875289430E+035
   1200.000      1.520810187340575E+035
   1215.000      1.514866070195189E+035
   1230.000      1.474393505616433E+035
   1245.000      1.409816611465338E+035
   1260.000      1.334552533296182E+035
   1275.000      1.254796890920097E+035
   1290.000      1.172456691056689E+035
   1305.000      1.101501385799988E+035
   1320.000      1.048842587798087E+035
   1335.000      9.982223416094549E+034
   1350.000      9.465415437101333E+034
   1365.000      9.191005222645345E+034
   1380.000      9.303593487009004E+034
   1395.000      9.617517643677250E+034
   1410.000      1.000754584454005E+035
   1425.000      1.045664924464674E+035
   1440.000      1.091469162051239E+035
   1440.000      1.081831562833547E+035
   1455.000      1.127486646190965E+035
   1470.000      1.183009390251491E+035
   1485.000      1.241827248479425E+035
   1500.000      1.295766181931100E+035
   1515.000      1.347197800219312E+035
   1530.000      1.401099049014811E+035
   1545.000      1.450899129744394E+035
   1560.000      1.485263088730137E+035
   1575.000      1.494203385930643E+035
   1590.000      1.473388953524171E+035
   1605.000      1.427016783335921E+035
   1620.000      1.366322593504366E+035
   1635.000      1.298126632251234E+035
   1650.000      1.224286184043166E+035
   1665.000      1.154848235282591E+035
   1680.000      1.100402608406139E+035
   1695.000      1.050849420073974E+035
   1710.000      1.000302842726835E+035
   1725.000      9.671729182524031E+034
   1740.000      9.654396372762026E+034
   1755.000      9.814702613780149E+034
   1770.000      1.007864248614904E+035
   1785.000      1.043164041008274E+035
   1800.000      1.081831562833547E+035
   1800.000      1.074078272297529E+035
   1815.000      1.111941612935848E+035
   1830.000      1.158447023662872E+035
   1845.000      1.210541721631285E+035
   1860.000      1.260996127870329E+035
   1875.000      1.308704000404396E+035
   1890.000      1.357445627145546E+035
   1905.000      1.404740092657795E+035
   1920.000      1.442627605751125E+035
   1935.000      1.461781610549256E+035
   1950.000      1.456165104304089E+035
   1965.000      1.425614380547378E+035
   1980.000      1.378174257958796E+035
   1995.000      1.321066653628453E+035
   2010.000      1.256425875568005E+035
   2025.000      1.191376823743344E+035
   2040.000      1.137478982832396E+035
   2055.000      1.090503969845077E+035
   2070.000      1.043272203348471E+035
   2085.000      1.007138233557031E+035
   2100.000      9.948111693522914E+034
   2115.000      9.994021198748453E+034
   2130.000      1.015402458207881E+035
   2145.000      1.042000905006587E+035
   2160.000      1.074078272297529E+035
   2160.000      1.072561811480284E+035
   2175.000      1.104885035417869E+035
   2190.000      1.144405677581922E+035
   2205.000      1.190147226192364E+035
   2220.000      1.236159156718017E+035
   2235.000      1.279503945567270E+035
   2250.000      1.322588048346282E+035
   2265.000      1.365114292314959E+035
   2280.000      1.401659910594716E+035
   2295.000      1.424273535408910E+035
   2310.000      1.426471174641160E+035
   2325.000      1.405927875080590E+035
   2340.000      1.368013951183730E+035
   2355.000      1.319713696730239E+035
   2370.000      1.263556215008709E+035
   2385.000      1.204587527659150E+035
   2400.000      1.153771362915907E+035
   2415.000      1.110456279263718E+035
   2430.000      1.068036551755046E+035
   2445.000      1.033154017359808E+035
   2460.000      1.016366100499304E+035
   2475.000      1.014858053207287E+035
   2490.000      1.024597335903736E+035
   2505.000      1.045264343072906E+035
   2520.000      1.072561811480284E+035
   2520.000      1.078101819326374E+035
   2535.000      1.107315157088635E+035
   2550.000      1.142362666775972E+035
   2565.000      1.182872608404596E+035
   2580.000      1.223908215730578E+035
   2595.000      1.262219076046103E+035
   2610.000      1.299318541362596E+035
   2625.000      1.335563837300598E+035
   2640.000      1.366912418958999E+035
   2655.000      1.386792624371035E+035
   2670.000      1.389384244641211E+035
   2685.000      1.372121028358116E+035
   2700.000      1.339066240490992E+035
   2715.000      1.296534848219594E+035
   2730.000      1.247143719829422E+035
   2745.000      1.194940501878967E+035
   2760.000      1.149472730141122E+035
   2775.000      1.111114917418040E+035
   2790.000      1.074683463504120E+035
   2805.000      1.044603698820039E+035
   2820.000      1.029061776860607E+035
   2835.000      1.026798889453470E+035
   2850.000      1.034924946228665E+035
   2865.000      1.053244039749632E+035
   2880.000      1.078101819326374E+035
   2880.000      1.088400150387413E+035
   2895.000      1.116064030451389E+035
   2910.000      1.148261788300135E+035
   2925.000      1.184327543155794E+035
   2940.000      1.220026718325423E+035
   2955.000      1.252727691257548E+035
   2970.000      1.283558391768995E+035
   2985.000      1.312679187708091E+035
   3000.000      1.336574699383954E+035
   3015.000      1.349896544761023E+035
   3030.000      1.348106155330912E+035
   3045.000      1.329573862101893E+035
   3060.000      1.298130567181099E+035
   3075.000      1.259227140244869E+035
   3090.000      1.215274089535183E+035
   3105.000      1.170052803264750E+035
   3120.000      1.131299011881641E+035
   3135.000      1.098866920805024E+035
   3150.000      1.069209261312231E+035
   3165.000      1.046049869522321E+035
   3180.000      1.035344008876392E+035
   3195.000      1.035927724457863E+035
   3210.000      1.045721837331310E+035
   3225.000      1.064298291311952E+035
   3240.000      1.088400150387413E+035
   3240.000      1.099627296176001E+035
   3255.000      1.126148760351493E+035
   3270.000      1.155875674564831E+035
   3285.000      1.187593143262312E+035
   3300.000      1.217746355809609E+035
   3315.000      1.244623075399515E+035
   3330.000      1.269141641775260E+035
   3345.000      1.290928312092335E+035
   3360.000      1.306733405807697E+035
   3375.000      1.312373392703488E+035
   3390.000      1.304784010758919E+035
   3405.000      1.283639230029256E+035
   3420.000      1.252861838732012E+035
   3435.000      1.216946105820584E+035
   3450.000      1.178042082292001E+035
   3465.000      1.139848467651948E+035
   3480.000      1.108118798258443E+035
   3495.000      1.081890621668999E+035
   3510.000      1.059223470636609E+035
   3525.000      1.043546105259516E+035
   3540.000      1.038814862787404E+035
   3555.000      1.043518718036962E+035
   3570.000      1.056125346653297E+035
   3585.000      1.075795137553424E+035
   3600.000      1.099627296176001E+035
   3600.000      1.108344711747197E+035
   3615.000      1.133418977165296E+035
   3630.000      1.160391229720986E+035
   3645.000      1.187650128607633E+035
   3660.000      1.212399050537661E+035
   3675.000      1.233728969784894E+035
   3690.000      1.252296975065666E+035
   3705.000      1.267239058052723E+035
   3720.000      1.275647716300886E+035
   3735.000      1.274462490240065E+035
   3750.000      1.261976397136715E+035
   3765.000      1.238988743859015E+035
   3780.000      1.209361528492547E+035
   3795.000      1.176664280987396E+035
   3810.000      1.142853555279667E+035
   3825.000      1.111386659513747E+035
   3840.000      1.086155904254993E+035
   3855.000      1.065773533560658E+035
   3870.000      1.049632414207792E+035
   3885.000      1.040717558896804E+035
   3900.000      1.041344411502479E+035
   3915.000      1.049749445084576E+035
   3930.000      1.064743159908106E+035
   3945.000      1.085104001951176E+035
   3960.000      1.108344711747197E+035
   3960.000      1.112816611310253E+035
   3975.000      1.135991959709683E+035
   3990.000      1.159900570723427E+035
   4005.000      1.182810013459317E+035
   4020.000      1.202655825669806E+035
   4035.000      1.219070609398899E+035
   4050.000      1.232407119080208E+035
   4065.000      1.241512865607633E+035
   4080.000      1.243949377594513E+035
   4095.000      1.237662552225834E+035
   4110.000      1.222021060620448E+035
   4125.000      1.198574760601038E+035
   4140.000      1.170884081351367E+035
   4155.000      1.141741282860027E+035
   4170.000      1.112949068720047E+035
   4185.000      1.087520766049370E+035
   4200.000      1.067857628749438E+035
   4215.000      1.052581220221177E+035
   4230.000      1.041993007694836E+035
   4245.000      1.038455322504448E+035
   4260.000      1.043087060760675E+035
   4275.000      1.054078812967404E+035
   4290.000      1.070438052141115E+035
   4305.000      1.090700706614120E+035
   4320.000      1.112816611310253E+035
   4320.000      1.112920660223792E+035
   4335.000      1.133878695011212E+035
   4350.000      1.154644972898357E+035
   4365.000      1.173561626950755E+035
   4380.000      1.189190587892783E+035
   4395.000      1.201465365149018E+035
   4410.000      1.210459557245364E+035
   4425.000      1.214934997372001E+035
   4440.000      1.212975987728912E+035
   4455.000      1.203357514393327E+035
   4470.000      1.186217248401979E+035
   4485.000      1.163485018796904E+035
   4500.000      1.138296909294111E+035
   4515.000      1.112824142825005E+035
   4530.000      1.088719744257625E+035
   4545.000      1.068446927669221E+035
   4560.000      1.053350235580993E+035
   4575.000      1.042304204198221E+035
   4590.000      1.036109369730474E+035
   4605.000      1.036471237956981E+035
   4620.000      1.043723641671354E+035
   4635.000      1.056157400771102E+035
   4650.000      1.072893023684068E+035
   4665.000      1.092359911656112E+035
   4680.000      1.112920660223792E+035
   4680.000      1.109335687919494E+035
   4695.000      1.127947059643566E+035
   4710.000      1.145694504302420E+035
   4725.000      1.161103471960222E+035
   4740.000      1.173226193251862E+035
   4755.000      1.182132785129988E+035
   4770.000      1.187682990565140E+035
   4785.000      1.188696086916850E+035
   4800.000      1.183758048549114E+035
   4815.000      1.172273037675690E+035
   4830.000      1.154892338553174E+035
   4845.000      1.133661056578832E+035
   4860.000      1.111240411913641E+035
   4875.000      1.089328788065568E+035
   4890.000      1.069415033857133E+035
   4905.000      1.053411020158063E+035
   4920.000      1.041968595800174E+035
   4935.000      1.034295160361130E+035
   4950.000      1.031385536117365E+035
   4965.000      1.034365647253479E+035
   4980.000      1.043099423535646E+035
   4995.000      1.056051508879945E+035
   5010.000      1.072404087687498E+035
   5025.000      1.090596262189875E+035
   5040.000      1.109335687919494E+035
   5040.000      1.102928338614602E+035
   5055.000      1.119203571428293E+035
   5070.000      1.134172811805177E+035
   5085.000      1.146586075472327E+035
   5100.000      1.155856918959659E+035
   5115.000      1.162096958007453E+035
   5130.000      1.165026209700023E+035
   5145.000      1.163601414875371E+035
   5160.000      1.156838948693389E+035
   5175.000      1.144608196157322E+035
   5190.000      1.127856422959167E+035
   5205.000      1.108575809427882E+035
   5220.000      1.088965277576802E+035
   5235.000      1.070365881005007E+035
   5250.000      1.054088008239449E+035
   5265.000      1.041553500189906E+035
   5280.000      1.032989014334112E+035
   5295.000      1.027917177026077E+035
   5310.000      1.027337641321993E+035
   5325.000      1.031919330837554E+035
   5340.000      1.041275970584101E+035
   5355.000      1.054062411720412E+035
   5370.000      1.069507868782538E+035
   5385.000      1.086136765814779E+035
   5400.000      1.102928338614602E+035
   5400.000      1.094488794765282E+035
   5415.000      1.108524671198454E+035
   5430.000      1.121005527095253E+035
   5445.000      1.130906898601900E+035
   5460.000      1.137896371667308E+035
   5475.000      1.142079686709491E+035
   5490.000      1.143103115536624E+035
   5505.000      1.140088973017314E+035
   5520.000      1.132411982865603E+035
   5535.000      1.120253192324140E+035
   5550.000      1.104697472327528E+035
   5565.000      1.087582919148657E+035
   5580.000      1.070691348987155E+035
   5595.000      1.055090398029926E+035
   5610.000      1.041906192614010E+035
   5625.000      1.032157077851340E+035
   5640.000      1.025828441943288E+035
   5655.000      1.022696385691877E+035
   5670.000      1.023665905298952E+035
   5685.000      1.029076399428226E+035
   5700.000      1.038428499965477E+035
   5715.000      1.050565548049837E+035
   5730.000      1.064763284896377E+035
   5745.000      1.079675294361429E+035
   5760.000      1.094488794765282E+035
   5760.000      1.084669061549961E+035
   5775.000      1.096607693337069E+035
   5790.000      1.106896478542251E+035
   5805.000      1.114716910865947E+035
   5820.000      1.119907313825712E+035
   5835.000      1.122549282942693E+035
   5850.000      1.122263563826463E+035
   5865.000      1.118348262881521E+035
   5880.000      1.110450921419218E+035
   5895.000      1.098942676889591E+035
   5910.000      1.084932679692734E+035
   5925.000      1.070050165026124E+035
   5940.000      1.055716475221425E+035
   5955.000      1.042785142945784E+035
   5970.000      1.032204146213399E+035
   5985.000      1.024670354103955E+035
   6000.000      1.020053964311878E+035
   6015.000      1.018311265567781E+035
   6030.000      1.020213248794454E+035
   6045.000      1.025876239272901E+035
   6060.000      1.034776081977833E+035
   6075.000      1.045932062855518E+035
   6090.000      1.058673015019441E+035
   6105.000      1.071803380914158E+035
   6120.000      1.084669061549961E+035
   6120.000      1.073988674026207E+035
   6135.000      1.083989414614679E+035
   6150.000      1.092364438058889E+035
   6165.000      1.098473426646922E+035
   6180.000      1.102263570464217E+035
   6195.000      1.103789834760591E+035
   6210.000      1.102682881571105E+035
   6225.000      1.098407749411184E+035
   6240.000      1.090806317097216E+035
   6255.000      1.080345350860494E+035
   6270.000      1.068079461429964E+035
   6285.000      1.055404892501003E+035
   6300.000      1.043438971373847E+035
   6315.000      1.032862981520374E+035
   6330.000      1.024458641503234E+035
   6345.000      1.018678154047153E+035
   6360.000      1.015353145062330E+035
   6375.000      1.014554795739510E+035
   6390.000      1.016914497861846E+035
   6405.000      1.022409798651874E+035
   6420.000      1.030545104985678E+035
   6435.000      1.040500320762806E+035
   6450.000      1.051666298859654E+035
   6465.000      1.063006099688732E+035
   6480.000      1.073988674026207E+035
   6480.000      1.062855714941712E+035
   6495.000      1.071077181951799E+035
   6510.000      1.077786238111767E+035
   6525.000      1.082491781337582E+035
   6540.000      1.085205382540010E+035
   6555.000      1.085958626371627E+035
   6570.000      1.084421542774082E+035
   6585.000      1.080201066209534E+035
   6600.000      1.073268699289701E+035
   6615.000      1.064115498190838E+035
   6630.000      1.053688858950964E+035
   6645.000      1.043147328854579E+035
   6660.000      1.033354663403722E+035
   6675.000      1.024851344342066E+035
   6690.000      1.018263189265415E+035
   6705.000      1.013869379120291E+035
   6720.000      1.011503649226613E+035
   6735.000      1.011301230292712E+035
   6750.000      1.013762151418999E+035
   6765.000      1.018791392077277E+035
   6780.000      1.025951155568741E+035
   6795.000      1.034567245088583E+035
   6810.000      1.044101291832784E+035
   6825.000      1.053674919839307E+035
   6840.000      1.062855714941712E+035
   6840.000      1.051586540989132E+035
   6855.000      1.058175953008319E+035
   6870.000      1.063431464627708E+035
   6885.000      1.066984559469031E+035
   6900.000      1.068879997603814E+035
   6915.000      1.069133676839578E+035
   6930.000      1.067469113633068E+035
   6945.000      1.063611371343399E+035
   6960.000      1.057607778120926E+035
   6975.000      1.049921651109819E+035
   6990.000      1.041359989376422E+035
   7005.000      1.032851531441975E+035
   7020.000      1.025047328922560E+035
   7035.000      1.018368846644568E+035
   7050.000      1.013302231566623E+035
   7065.000      1.010010110295402E+035
   7080.000      1.008348497949661E+035
   7095.000      1.008476703702626E+035
   7110.000      1.010780829866820E+035
   7125.000      1.015139865187108E+035
   7140.000      1.021188491097840E+035
   7155.000      1.028385539418071E+035
   7170.000      1.036270919808880E+035
   7185.000      1.044121113036775E+035
   7200.000      1.051586540989132E+035
   7200.000      1.040427796037850E+035
   7215.000      1.045514702281404E+035
   7230.000      1.049492995204902E+035
   7245.000      1.052093862645623E+035
   7260.000      1.053373719616980E+035
   7275.000      1.053340114840765E+035
   7290.000      1.051776997131562E+035
   7305.000      1.048502217765906E+035
   7320.000      1.043597882837582E+035
   7335.000      1.037463323102834E+035
   7350.000      1.030746473484245E+035
   7365.000      1.024158972549694E+035
   7380.000      1.018174738202864E+035
   7395.000      1.013111316801274E+035
   7410.000      1.009332648294714E+035
   7425.000      1.006926315412709E+035
   7440.000      1.005778707701289E+035
   7455.000      1.006045107241334E+035
   7470.000      1.008015275063328E+035
   7485.000      1.011572924493997E+035
   7500.000      1.016430909540158E+035
   7515.000      1.022170392022235E+035
   7530.000      1.028415615017205E+035
   7545.000      1.034593289848741E+035
   7560.000      1.040427796037850E+035
   7560.000      1.029570356672967E+035
   7575.000      1.033265571779632E+035
   7590.000      1.036108579268592E+035
   7605.000      1.037913494873477E+035
   7620.000      1.038733415523089E+035
   7635.000      1.038572705770337E+035
   7650.000      1.037276645396843E+035
   7665.000      1.034732982510426E+035
   7680.000      1.031028042358186E+035
   7695.000      1.026473681080487E+035
   7710.000      1.021550878426306E+035
   7725.000      1.016769625831556E+035
   7740.000      1.012456163107600E+035
   7755.000      1.008835285903755E+035
   7770.000      1.006164147994151E+035
   7785.000      1.004485726696279E+035
   7800.000      1.003718123289503E+035
   7815.000      1.003992977812217E+035
   7830.000      1.005518013114029E+035
   7845.000      1.008199892938100E+035
   7860.000      1.011829753421048E+035
   7875.000      1.016102404436181E+035
   7890.000      1.020731265758329E+035
   7905.000      1.025289283913258E+035
   7920.000      1.029570356672967E+035
   7920.000      1.019158409560205E+035
   7935.000      1.021553527733212E+035
   7950.000      1.023372875884891E+035
   7965.000      1.024500478675981E+035
   7980.000      1.024976541681350E+035
   7995.000      1.024804636887183E+035
   8010.000      1.023887939453786E+035
   8025.000      1.022164889171817E+035
   8040.000      1.019704355430871E+035
   8055.000      1.016717437125157E+035
   8070.000      1.013518182002569E+035
   8085.000      1.010431366017176E+035
   8100.000      1.007658691772068E+035
   8115.000      1.005342080974060E+035
   8130.000      1.003644344396184E+035
   8145.000      1.002584369842433E+035
   8160.000      1.002110293901079E+035
   8175.000      1.002316644175788E+035
   8190.000      1.003338645964752E+035
   8205.000      1.005114421528622E+035
   8220.000      1.007510114351267E+035
   8235.000      1.010327223994297E+035
   8250.000      1.013372410937363E+035
   8265.000      1.016362141673988E+035
   8280.000      1.019158409560205E+035
   8280.000      1.009296028557393E+035
   8295.000      1.010464296563593E+035
   8310.000      1.011344153250914E+035
   8325.000      1.011880331924664E+035
   8340.000      1.012094288014168E+035
   8355.000      1.011988620189208E+035
   8370.000      1.011518057889699E+035
   8385.000      1.010656715379848E+035
   8400.000      1.009442156167756E+035
   8415.000      1.007979527944227E+035
   8430.000      1.006421633087527E+035
   8445.000      1.004924074112079E+035
   8460.000      1.003581782292634E+035
   8475.000      1.002462360785382E+035
   8490.000      1.001643893758778E+035
   8505.000      1.001133224816664E+035
   8520.000      1.000905682122409E+035
   8535.000      1.001010362046404E+035
   8550.000      1.001514298761712E+035
   8565.000      1.002388087771269E+035
   8580.000      1.003567578279964E+035
   8595.000      1.004955655812912E+035
   8610.000      1.006455191763755E+035
   8625.000      1.007925090632739E+035
   8640.000      1.009296028557393E+035
