  0.0000000E+00   5.71412242651982     
   22.50000       5.37606311731945     
   45.00000       5.10806188898926     
   67.50000       4.92508893027065     
   90.00000       4.78828721662701     
   112.5000       4.71069298124656     
   135.0000       4.71496692507945     
   157.5000       4.74832245414713     
   180.0000       4.83886996834277     
   202.5000       5.02979669371512     
   225.0000       5.46348064295168     
   247.5000       5.79313390575498     
   270.0000       5.82059274960897     
   292.5000       5.84007909366537     
   315.0000       5.84936216024061     
   337.5000       5.85909403771591     
   360.0000       5.71412242651982     
   360.0000       5.70809462594913     
   382.5000       5.58546117716145     
   405.0000       5.22689085732872     
   427.5000       5.02925658387627     
   450.0000       4.89724762418327     
   472.5000       4.83545577245874     
   495.0000       4.85089725139279     
   517.5000       4.90331586607916     
   540.0000       5.04896579091564     
   562.5000       5.31641054318622     
   585.0000       5.60596405443402     
   607.5000       5.64161029737582     
   630.0000       5.66855131700194     
   652.5000       5.69140135377274     
   675.0000       5.70365859156402     
   697.5000       5.71010244679992     
   720.0000       5.70809462594913     
   720.0000       5.56504888734704     
   742.5000       5.55949876222108     
   765.0000       5.48965143473794     
   787.5000       5.21020175731028     
   810.0000       5.07456294281841     
   832.5000       5.02965135960516     
   855.0000       5.05871159353573     
   877.5000       5.16788090473083     
   900.0000       5.37735499735087     
   922.5000       5.47683941964177     
   945.0000       5.48573795596339     
   967.5000       5.50426428042791     
   990.0000       5.52362945129248     
   1012.500       5.54423909757336     
   1035.000       5.55827474302484     
   1057.500       5.56604896558176     
   1080.000       5.56504888734704     
   1080.000       5.44698657544751     
   1102.500       5.44468232872654     
   1125.000       5.43548140786109     
   1147.500       5.42120971077223     
   1170.000       5.32393129921959     
   1192.500       5.26374766900583     
   1215.000       5.34376684480116     
   1237.500       5.38756152812683     
   1260.000       5.38834708732985     
   1282.500       5.38682319297472     
   1305.000       5.38803576014971     
   1327.500       5.39402951414529     
   1350.000       5.40439506782315     
   1372.500       5.42031115637516     
   1395.000       5.43468748738162     
   1417.500       5.44528747747064     
   1440.000       5.44698657544751     
   1440.000       5.32578777403716     
   1462.500       5.32347750496691     
   1485.000       5.31646075357382     
   1507.500       5.30831686347049     
   1530.000       5.30237362881630     
   1552.500       5.29796525385994     
   1575.000       5.29950795174319     
   1597.500       5.29765376687878     
   1620.000       5.29550601390697     
   1642.500       5.29003792592905     
   1665.000       5.28539309192343     
   1687.500       5.28415977807009     
   1710.000       5.28875390891871     
   1732.500       5.30071761559267     
   1755.000       5.31362102714762     
   1777.500       5.32396956404568     
   1800.000       5.32578777403716     
   1800.000       5.22163332762985     
   1822.500       5.21570088743638     
   1845.000       5.20789906870119     
   1867.500       5.20338043892685     
   1890.000       5.20508949863531     
   1912.500       5.20954685892869     
   1935.000       5.21487327988475     
   1957.500       5.21269223923271     
   1980.000       5.20708404666800     
   2002.500       5.19794729227688     
   2025.000       5.19107610894491     
   2047.500       5.18894744911193     
   2070.000       5.19497200800563     
   2092.500       5.20749902476158     
   2115.000       5.21881879872058     
   2137.500       5.22463047471115     
   2160.000       5.22163332762985     
   2160.000       5.13375566655848     
   2182.500       5.12391418043227     
   2205.000       5.11660988286289     
   2227.500       5.11790271296651     
   2250.000       5.12792617978383     
   2272.500       5.13953959847700     
   2295.000       5.14523551826912     
   2317.500       5.13932972732461     
   2340.000       5.12894472588327     
   2362.500       5.11692173967657     
   2385.000       5.11088685068786     
   2407.500       5.11241186492306     
   2430.000       5.12401417574848     
   2452.500       5.13824572120433     
   2475.000       5.14601536534855     
   2497.500       5.14377929410782     
   2520.000       5.13375566655848     
   2520.000       5.06612773853592     
   2542.500       5.05440418850185     
   2565.000       5.04957382955024     
   2587.500       5.05716346815751     
   2610.000       5.07396129277056     
   2632.500       5.08973304429151     
   2655.000       5.09343338177553     
   2677.500       5.08341788651502     
   2700.000       5.06922234514666     
   2722.500       5.05606837124498     
   2745.000       5.05242936510943     
   2767.500       5.05830061887590     
   2790.000       5.07455823358757     
   2812.500       5.08853448356544     
   2835.000       5.09139768669891     
   2857.500       5.08131751019301     
   2880.000       5.06612773853592     
   2880.000       5.02954417246968     
   2902.500       5.02876261392660     
   2925.000       5.02671326816138     
   2947.500       5.02962064373808     
   2970.000       5.04279380227895     
   2992.500       5.06091477801617     
   3015.000       5.06263540079728     
   3037.500       5.04995847160306     
   3060.000       5.03347041655343     
   3082.500       5.02950578057782     
   3105.000       5.02951897305210     
   3127.500       5.02956739482983     
   3150.000       5.04578503877884     
   3172.500       5.05821191565605     
   3195.000       5.05686763041974     
   3217.500       5.04115235611637     
   3240.000       5.02954417246968     
   3240.000       5.03019557168480     
   3262.500       5.02949599214722     
   3285.000       5.02952802200053     
   3307.500       5.03429037965964     
   3330.000       5.05819561910130     
   3352.500       5.07757625493617     
   3375.000       5.07801418312009     
   3397.500       5.06436966543065     
   3420.000       5.04694537597314     
   3442.500       5.03408342740719     
   3465.000       5.03385481318693     
   3487.500       5.04326693081694     
   3510.000       5.06192066617771     
   3532.500       5.07197609909238     
   3555.000       5.06752917200775     
   3577.500       5.04838380524289     
   3600.000       5.03019557168480     
   3600.000       5.11910317132785     
   3622.500       5.10850588556533     
   3645.000       5.11160087970871     
   3667.500       5.12926925613067     
   3690.000       5.15418583977002     
   3712.500       5.17408486962247     
   3735.000       5.17391052025637     
   3757.500       5.16074624377221     
   3780.000       5.14347007473914     
   3802.500       5.13138462052824     
   3825.000       5.13155164500701     
   3847.500       5.14022098415638     
   3870.000       5.15714653937650     
   3892.500       5.16405051101064     
   3915.000       5.15739448511153     
   3937.500       5.13671831125365     
   3960.000       5.11910317132785     
   3960.000       5.23824009089163     
   3982.500       5.22925527393901     
   4005.000       5.23489617404785     
   4027.500       5.25365388583856     
   4050.000       5.27869881327118     
   4072.500       5.29860467927903     
   4095.000       5.29818696634294     
   4117.500       5.28631100052190     
   4140.000       5.26960288269475     
   4162.500       5.25835635960614     
   4185.000       5.25812343836458     
   4207.500       5.26471480475059     
   4230.000       5.27868637663689     
   4252.500       5.28218697446530     
   4275.000       5.27424812494677     
   4297.500       5.25348986189700     
   4320.000       5.23824009089163     
   4320.000       5.40065705995197     
   4342.500       5.39385431844093     
   4365.000       5.40220384620786     
   4387.500       5.42120750179795     
   4410.000       5.44554889182370     
   4432.500       5.46468285276129     
   4455.000       5.46402903004837     
   4477.500       5.45374514039743     
   4500.000       5.43770577591196     
   4522.500       5.42722098813684     
   4545.000       5.42577383526466     
   4567.500       5.42951432145882     
   4590.000       5.43972498787649     
   4612.500       5.43992372941575     
   4635.000       5.43162570303326     
   4657.500       5.41228755568418     
   4680.000       5.40065705995197     
   4680.000       5.61335774546122     
   4702.500       5.60931920255991     
   4725.000       5.61986426348574     
   4747.500       5.63748308322510     
   4770.000       5.65931703882531     
   4792.500       5.67592884242174     
   4815.000       5.67481390296265     
   4837.500       5.66634967607557     
   4860.000       5.65160305848451     
   4882.500       5.64221331971962     
   4905.000       5.63922206971845     
   4927.500       5.63999088984027     
   4950.000       5.64599544032871     
   4972.500       5.64358563875995     
   4995.000       5.63613407929166     
   5017.500       5.62023212785459     
   5040.000       5.61335774546122     
   5040.000       5.95136816055094     
   5062.500       5.95018850040698     
   5085.000       5.95900169838397     
   5107.500       5.97098141888489     
   5130.000       5.98842317335137     
   5152.500       6.00055297322971     
   5175.000       5.99890521698616     
   5197.500       5.99310753019421     
   5220.000       5.98178176625393     
   5242.500       5.97515661827797     
   5265.000       5.97184713244041     
   5287.500       5.96967412552141     
   5310.000       5.96923861479957     
   5332.500       5.96491586556835     
   5355.000       5.96304831526066     
   5377.500       5.95293093515376     
   5400.000       5.95136816055094     
   5400.000       6.50571664468301     
   5422.500       6.50674322331721     
   5445.000       6.51597364523343     
   5467.500       6.52503843965896     
   5490.000       6.53541960825267     
   5512.500       6.54136193868309     
   5535.000       6.53877245975327     
   5557.500       6.53373355099579     
   5580.000       6.52501828588597     
   5602.500       6.51994524087704     
   5625.000       6.51649476804861     
   5647.500       6.51500420955420     
   5670.000       6.51521707733021     
   5692.500       6.51235170133607     
   5715.000       6.50944419109809     
   5737.500       6.50442769059298     
   5760.000       6.50571664468301     
