  0.0000000E+00   5.71629100924313        6.000000    
   22.50000       5.70903085918010        6.000000    
   45.00000       5.59360926037437        6.000000    
   67.50000       5.54555053458866        6.000000    
   90.00000       5.59034495781432        6.000000    
   112.5000       5.66182092193883        6.000000    
   135.0000       5.58071166930653        6.000000    
   157.5000       5.30004173399409        6.000000    
   180.0000       4.96698573026414        6.000000    
   202.5000       4.68837208754404        6.000000    
   225.0000       4.51691773624286        6.000000    
   247.5000       4.33857592124501        6.000000    
   270.0000       4.32882431779329        6.000000    
   292.5000       4.61083582295049        6.000000    
   315.0000       5.03547405425718        6.000000    
   337.5000       5.47179026557079        6.000000    
  0.0000000E+00   5.71629100924313        6.000000    
 
  0.0000000E+00   5.76773465386783        6.283333    
   22.50000       5.78438833910350        6.283333    
   45.00000       5.78463042810296        6.283333    
   67.50000       5.79340756399946        6.283333    
   90.00000       5.80406078443976        6.283333    
   112.5000       5.79948371670209        6.283333    
   135.0000       5.76100439621528        6.283333    
   157.5000       5.60635215912996        6.283333    
   180.0000       5.15599641315681        6.283333    
   202.5000       4.81467108697421        6.283333    
   225.0000       4.62274692977043        6.283333    
   247.5000       4.42063028973704        6.283333    
   270.0000       4.45757338133591        6.283333    
   292.5000       4.84675940957141        6.283333    
   315.0000       5.38627216241054        6.283333    
   337.5000       5.71593033775488        6.283333    
  0.0000000E+00   5.76773465386783        6.283333    
 
  0.0000000E+00   5.67762765818186        6.566667    
   22.50000       5.70130795752458        6.566667    
   45.00000       5.70665175082026        6.566667    
   67.50000       5.71397153696638        6.566667    
   90.00000       5.72119296197677        6.566667    
   112.5000       5.71804805667152        6.566667    
   135.0000       5.68836125925970        6.566667    
   157.5000       5.62636008978225        6.566667    
   180.0000       5.52655336671038        6.566667    
   202.5000       5.21650134449017        6.566667    
   225.0000       5.01172921496573        6.566667    
   247.5000       4.78239945961963        6.566667    
   270.0000       4.76766937648562        6.566667    
   292.5000       5.15936464179230        6.566667    
   315.0000       5.54718294286750        6.566667    
   337.5000       5.62291989706222        6.566667    
  0.0000000E+00   5.67762765818186        6.566667    
 
  0.0000000E+00   5.56375499712998        6.850000    
   22.50000       5.59992670201309        6.850000    
   45.00000       5.61476175226481        6.850000    
   67.50000       5.62322935829461        6.850000    
   90.00000       5.63012454270735        6.850000    
   112.5000       5.62991755885729        6.850000    
   135.0000       5.61174205530990        6.850000    
   157.5000       5.57125287003403        6.850000    
   180.0000       5.50230928876856        6.850000    
   202.5000       5.44863819012633        6.850000    
   225.0000       5.40501416895352        6.850000    
   247.5000       5.35349529470977        6.850000    
   270.0000       5.33118186343665        6.850000    
   292.5000       5.38341018291969        6.850000    
   315.0000       5.45254286368721        6.850000    
   337.5000       5.50525057571545        6.850000    
  0.0000000E+00   5.56375499712998        6.850000    
 
  0.0000000E+00   5.47156509513904        7.133333    
   22.50000       5.50532294664913        7.133333    
   45.00000       5.52493556980365        7.133333    
   67.50000       5.53395817404708        7.133333    
   90.00000       5.54150634117985        7.133333    
   112.5000       5.54351556068067        7.133333    
   135.0000       5.53165728596473        7.133333    
   157.5000       5.50012760673009        7.133333    
   180.0000       5.45284973814968        7.133333    
   202.5000       5.39268633372854        7.133333    
   225.0000       5.35129333805973        7.133333    
   247.5000       5.30522283585891        7.133333    
   270.0000       5.28318033747033        7.133333    
   292.5000       5.31341072118444        7.133333    
   315.0000       5.36459809740684        7.133333    
   337.5000       5.41966282590198        7.133333    
  0.0000000E+00   5.47156509513904        7.133333    
 
  0.0000000E+00   5.41547701681371        7.416667    
   22.50000       5.44856111937271        7.416667    
   45.00000       5.46151930932509        7.416667    
   67.50000       5.46660488468180        7.416667    
   90.00000       5.47245806680668        7.416667    
   112.5000       5.47220801209422        7.416667    
   135.0000       5.45569410331262        7.416667    
   157.5000       5.41651794061775        7.416667    
   180.0000       5.35448150259506        7.416667    
   202.5000       5.29978042446792        7.416667    
   225.0000       5.26295991823001        7.416667    
   247.5000       5.22829741562661        7.416667    
   270.0000       5.22541798403089        7.416667    
   292.5000       5.26468685278449        7.416667    
   315.0000       5.31607969343906        7.416667    
   337.5000       5.36633389320687        7.416667    
  0.0000000E+00   5.41547701681371        7.416667    
 
  0.0000000E+00   5.37865322469315        7.700000    
   22.50000       5.39286557233152        7.700000    
   45.00000       5.39288020576925        7.700000    
   67.50000       5.39216671906487        7.700000    
   90.00000       5.39282057565532        7.700000    
   112.5000       5.38344538762271        7.700000    
   135.0000       5.35397555027706        7.700000    
   157.5000       5.30216583503866        7.700000    
   180.0000       5.23944347997205        7.700000    
   202.5000       5.19595530987734        7.700000    
   225.0000       5.17108869417249        7.700000    
   247.5000       5.16062659081176        7.700000    
   270.0000       5.19047884731849        7.700000    
   292.5000       5.24825308432805        7.700000    
   315.0000       5.30167984694484        7.700000    
   337.5000       5.34496970835986        7.700000    
  0.0000000E+00   5.37865322469315        7.700000    
 
  0.0000000E+00   5.34787076378707        7.983334    
   22.50000       5.34274905877484        7.983334    
   45.00000       5.33173857662878        7.983334    
   67.50000       5.32464338646413        7.983334    
   90.00000       5.31679131914189        7.983334    
   112.5000       5.29493364406957        7.983334    
   135.0000       5.25152147538736        7.983334    
   157.5000       5.19181370880209        7.983334    
   180.0000       5.13703169703312        7.983334    
   202.5000       5.11064242123072        7.983334    
   225.0000       5.10537172559786        7.983334    
   247.5000       5.12707047938741        7.983334    
   270.0000       5.18730656236192        7.983334    
   292.5000       5.25529007658828        7.983334    
   315.0000       5.30398489406349        7.983334    
   337.5000       5.33457965282049        7.983334    
  0.0000000E+00   5.34787076378707        7.983334    
 
  0.0000000E+00   5.32362658820055        8.266666    
   22.50000       5.30231536997112        8.266666    
   45.00000       5.28176711951252        8.266666    
   67.50000       5.26637964614819        8.266666    
   90.00000       5.24758555621441        8.266666    
   112.5000       5.21314145625915        8.266666    
   135.0000       5.16002313309522        8.266666    
   157.5000       5.10139985419646        8.266666    
   180.0000       5.06239377779985        8.266666    
   202.5000       5.05677395351833        8.266666    
   225.0000       5.07590778073779        8.266666    
   247.5000       5.12862860711098        8.266666    
   270.0000       5.20843936957021        8.266666    
   292.5000       5.27687854444266        8.266666    
   315.0000       5.31602306815514        8.266666    
   337.5000       5.33064090237716        8.266666    
  0.0000000E+00   5.32362658820055        8.266666    
 
  0.0000000E+00   5.33242255127924        8.550000    
   22.50000       5.29726576056620        8.550000    
   45.00000       5.26679821739614        8.550000    
   67.50000       5.24032430636814        8.550000    
   90.00000       5.20877095429918        8.550000    
   112.5000       5.16329984490317        8.550000    
   135.0000       5.10670701394106        8.550000    
   157.5000       5.05829297976692        8.550000    
   180.0000       5.04097665872001        8.550000    
   202.5000       5.05912005056933        8.550000    
   225.0000       5.10460722113005        8.550000    
   247.5000       5.18253950738787        8.550000    
   270.0000       5.27140700992294        8.550000    
   292.5000       5.33389430772529        8.550000    
   315.0000       5.36086723536523        8.550000    
   337.5000       5.35818912808916        8.550000    
  0.0000000E+00   5.33242255127924        8.550000    
 
  0.0000000E+00   5.40836144205096        8.833333    
   22.50000       5.35976275025265        8.833333    
   45.00000       5.31719923853154        8.833333    
   67.50000       5.27657391405337        8.833333    
   90.00000       5.23139767877093        8.833333    
   112.5000       5.17801737772439        8.833333    
   135.0000       5.12565739767180        8.833333    
   157.5000       5.09629467971589        8.833333    
   180.0000       5.10599106910632        8.833333    
   202.5000       5.15098008881009        8.833333    
   225.0000       5.22265031447053        8.833333    
   247.5000       5.31887611496374        8.833333    
   270.0000       5.40788308489872        8.833333    
   292.5000       5.45776743627856        8.833333    
   315.0000       5.47294822944161        8.833333    
   337.5000       5.45186474359837        8.833333    
  0.0000000E+00   5.40836144205096        8.833333    
 
  0.0000000E+00   5.49628917836710        9.116667    
   22.50000       5.43691247175571        9.116667    
   45.00000       5.38036517085506        9.116667    
   67.50000       5.32506954076447        9.116667    
   90.00000       5.26940294561786        9.116667    
   112.5000       5.21544663041205        9.116667    
   135.0000       5.17748280421706        9.116667    
   157.5000       5.17533001752237        9.116667    
   180.0000       5.21508079189329        9.116667    
   202.5000       5.28602156430135        9.116667    
   225.0000       5.37644940236564        9.116667    
   247.5000       5.47462602279668        9.116667    
   270.0000       5.55543654149144        9.116667    
   292.5000       5.59243413322218        9.116667    
   315.0000       5.58855903072171        9.116667    
   337.5000       5.55100076504195        9.116667    
  0.0000000E+00   5.49628917836710        9.116667    
 
  0.0000000E+00   5.60328657149453        9.400000    
   22.50000       5.53141295762770        9.400000    
   45.00000       5.46666136728040        9.400000    
   67.50000       5.40090372873041        9.400000    
   90.00000       5.34257490824494        9.400000    
   112.5000       5.29829068303373        9.400000    
   135.0000       5.28425386986592        9.400000    
   157.5000       5.31357311117813        9.400000    
   180.0000       5.38165351977810        9.400000    
   202.5000       5.47184216577077        9.400000    
   225.0000       5.57655994381499        9.400000    
   247.5000       5.67826941778023        9.400000    
   270.0000       5.74352403842521        9.400000    
   292.5000       5.76064577991234        9.400000    
   315.0000       5.73597259681623        9.400000    
   337.5000       5.67734897467705        9.400000    
  0.0000000E+00   5.60328657149453        9.400000    
 
  0.0000000E+00   5.75081486272210        9.683333    
   22.50000       5.66905492038512        9.683333    
   45.00000       5.59693226596585        9.683333    
   67.50000       5.53329985316706        9.683333    
   90.00000       5.48590137654028        9.683333    
   112.5000       5.46118012659402        9.683333    
   135.0000       5.47477130339750        9.683333    
   157.5000       5.53594899721458        9.683333    
   180.0000       5.62949834190163        9.683333    
   202.5000       5.73549858789222        9.683333    
   225.0000       5.83946071545197        9.683333    
   247.5000       5.92507504707290        9.683333    
   270.0000       5.96449538814698        9.683333    
   292.5000       5.95992969785738        9.683333    
   315.0000       5.91386045215828        9.683333    
   337.5000       5.83760457808343        9.683333    
  0.0000000E+00   5.75081486272210        9.683333    
 
  0.0000000E+00   5.98733745434790        9.966667    
   22.50000       5.91051550525150        9.966667    
   45.00000       5.84598764257285        9.966667    
   67.50000       5.79504098970626        9.966667    
   90.00000       5.76656306747465        9.966667    
   112.5000       5.76808770461015        9.966667    
   135.0000       5.80936789442078        9.966667    
   157.5000       5.88624324262034        9.966667    
   180.0000       5.98184485779035        9.966667    
   202.5000       6.07882489542176        9.966667    
   225.0000       6.16311720923713        9.966667    
   247.5000       6.22176142184251        9.966667    
   270.0000       6.23590642146323        9.966667    
   292.5000       6.20966629498632        9.966667    
   315.0000       6.15170459070168        9.966667    
   337.5000       6.07162174523574        9.966667    
  0.0000000E+00   5.98733745434790        9.966667    
 
  0.0000000E+00   6.44504826366619        10.25000    
   22.50000       6.39575771265265        10.25000    
   45.00000       6.35820541173918        10.25000    
   67.50000       6.33311277670314        10.25000    
   90.00000       6.32634031529935        10.25000    
   112.5000       6.34195963062176        10.25000    
   135.0000       6.38396187189941        10.25000    
   157.5000       6.44516681653965        10.25000    
   180.0000       6.51208511747781        10.25000    
   202.5000       6.57234909917998        10.25000    
   225.0000       6.61850370083325        10.25000    
   247.5000       6.64365065514317        10.25000    
   270.0000       6.63893723617615        10.25000    
   292.5000       6.60968056012441        10.25000    
   315.0000       6.56213743799567        10.25000    
   337.5000       6.50352658457926        10.25000    
  0.0000000E+00   6.44504826366619        10.25000    
 
