  0.0000000E+00   4.55065922845167     
   22.50000       4.55554276210615     
   45.00000       4.61728595403464     
   67.50000       4.70176221724723     
   90.00000       4.77876648431785     
   112.5000       4.88728533356464     
   135.0000       5.08790750837748     
   157.5000       5.44592616718047     
   180.0000       5.85137397646185     
   202.5000       5.86070148493668     
   225.0000       5.83782530726821     
   247.5000       5.81244553841883     
   270.0000       5.78216907542083     
   292.5000       5.65445385473658     
   315.0000       4.98639635631906     
   337.5000       4.66074632023194     
   360.0000       4.55065922845167     
   360.0000       4.63417617785601     
   382.5000       4.66081990975406     
   405.0000       4.78486604489907     
   427.5000       4.91078515025839     
   450.0000       5.01200822763977     
   472.5000       5.16863489922679     
   495.0000       5.43436831618810     
   517.5000       5.76289000517381     
   540.0000       5.78407774388657     
   562.5000       5.77634100745548     
   585.0000       5.74188994250935     
   607.5000       5.71017280734786     
   630.0000       5.67851862043321     
   652.5000       5.61547698444342     
   675.0000       5.25704595424395     
   697.5000       4.80898399350093     
   720.0000       4.63417617785601     
   720.0000       4.90976795816490     
   742.5000       4.88622726469943     
   765.0000       4.98524138743734     
   787.5000       5.08577700140562     
   810.0000       5.19519883772854     
   832.5000       5.38272129136953     
   855.0000       5.65921811198120     
   877.5000       5.68690285687489     
   900.0000       5.69762526162486     
   922.5000       5.68710409771793     
   945.0000       5.65149037811491     
   967.5000       5.61528158905611     
   990.0000       5.58369832762699     
   1012.500       5.53583089718287     
   1035.000       5.48557308360746     
   1057.500       5.17169368532583     
   1080.000       4.90976795816490     
   1080.000       5.39011712313716     
   1102.500       5.39909006965452     
   1125.000       5.30204191635791     
   1147.500       5.28318213303703     
   1170.000       5.31872401056833     
   1192.500       5.44925338579270     
   1215.000       5.57539367085298     
   1237.500       5.59444914736679     
   1260.000       5.60418916679188     
   1282.500       5.59949814954316     
   1305.000       5.57020117953006     
   1327.500       5.53267091768318     
   1350.000       5.49964278553610     
   1372.500       5.47400346674992     
   1395.000       5.43151851692288     
   1417.500       5.39702401248172     
   1440.000       5.39011712313716     
   1440.000       5.31467657094405     
   1462.500       5.33243559067304     
   1485.000       5.36789797935244     
   1507.500       5.40777365423769     
   1530.000       5.44188571546065     
   1552.500       5.47164315099358     
   1575.000       5.48851747791267     
   1597.500       5.50476762886637     
   1620.000       5.51286698437929     
   1642.500       5.51117574105773     
   1665.000       5.48658224520796     
   1687.500       5.46152919467788     
   1710.000       5.42642164920919     
   1732.500       5.39008180049873     
   1755.000       5.35186606370194     
   1777.500       5.32277379318988     
   1800.000       5.31467657094405     
   1800.000       5.23975479764525     
   1822.500       5.26198300445501     
   1845.000       5.29807466111345     
   1867.500       5.33825812144996     
   1890.000       5.37451691814628     
   1912.500       5.40536037928378     
   1935.000       5.42998908807283     
   1957.500       5.43932571045426     
   1980.000       5.43988989272013     
   2002.500       5.43031632445570     
   2025.000       5.39868235938396     
   2047.500       5.35903786545978     
   2070.000       5.32586922956831     
   2092.500       5.29264546243771     
   2115.000       5.25986174153359     
   2137.500       5.23923332191827     
   2160.000       5.23975479764525     
   2160.000       5.18540001580703     
   2182.500       5.21684970627686     
   2205.000       5.25549779207552     
   2227.500       5.29498494632277     
   2250.000       5.32929715044666     
   2272.500       5.35604314727181     
   2295.000       5.37040136133396     
   2317.500       5.36630861708523     
   2340.000       5.35342217218880     
   2362.500       5.32843891353903     
   2385.000       5.28758885096002     
   2407.500       5.24995642561044     
   2430.000       5.22228895613812     
   2452.500       5.19545686457071     
   2475.000       5.17436900661075     
   2497.500       5.16967774385356     
   2520.000       5.18540001580703     
   2520.000       5.15809088984448     
   2542.500       5.19482421918176     
   2565.000       5.23257312899984     
   2587.500       5.26807037448850     
   2610.000       5.29727228264877     
   2632.500       5.31668956869755     
   2655.000       5.31759317401941     
   2677.500       5.29881015950712     
   2700.000       5.27054553901477     
   2722.500       5.23021006234864     
   2745.000       5.18439008707935     
   2767.500       5.15245282140702     
   2790.000       5.13250533216786     
   2812.500       5.11743079737639     
   2835.000       5.11473107001129     
   2857.500       5.12897546141158     
   2880.000       5.15809088984448     
   2880.000       5.15518061945353     
   2902.500       5.19211989232561     
   2925.000       5.22540832271205     
   2947.500       5.25448366843889     
   2970.000       5.27701695166801     
   2992.500       5.28751271835171     
   3015.000       5.27465789216432     
   3037.500       5.24171378206813     
   3060.000       5.19833626930537     
   3082.500       5.14591186827364     
   3105.000       5.09975680660081     
   3127.500       5.07529182759382     
   3150.000       5.06564037625498     
   3172.500       5.06810127255281     
   3195.000       5.08699018026160     
   3217.500       5.11792832449310     
   3240.000       5.15518061945353     
   3240.000       5.19724107653815     
   3262.500       5.23112254273367     
   3285.000       5.25767451466121     
   3307.500       5.27875565496149     
   3330.000       5.29320034046963     
   3352.500       5.29306752537574     
   3375.000       5.26620904214469     
   3397.500       5.21936414430427     
   3420.000       5.16174501732667     
   3442.500       5.10120460323322     
   3465.000       5.05882643745023     
   3487.500       5.04296748649336     
   3510.000       5.04733815416829     
   3532.500       5.07177188863434     
   3555.000       5.11208429296553     
   3577.500       5.15606601940475     
   3600.000       5.19724107653815     
   3600.000       5.31764451223129     
   3622.500       5.34628446641527     
   3645.000       5.36427940465853     
   3667.500       5.37549522587774     
   3690.000       5.37936445128195     
   3712.500       5.36584662941941     
   3735.000       5.32368561525777     
   3757.500       5.26246466489597     
   3780.000       5.19194681849645     
   3802.500       5.12727129760076     
   3825.000       5.09184529941702     
   3847.500       5.08875668301555     
   3870.000       5.11190694391452     
   3892.500       5.16113430674763     
   3915.000       5.22128379555893     
   3937.500       5.27529637382412     
   3960.000       5.31764451223129     
   3960.000       5.45953454904579     
   3982.500       5.47749122792830     
   4005.000       5.48684402484113     
   4027.500       5.48824421718049     
   4050.000       5.48153403214422     
   4072.500       5.45305413723470     
   4095.000       5.39448317049098     
   4117.500       5.31968176018608     
   4140.000       5.24038404519368     
   4162.500       5.17868988701276     
   4185.000       5.15641945743991     
   4207.500       5.17076159120506     
   4230.000       5.21692646815287     
   4252.500       5.28981316492459     
   4275.000       5.36413363350255     
   4297.500       5.42186944532074     
   4320.000       5.45953454904579     
   4320.000       5.63999774724124     
   4342.500       5.64865880198549     
   4365.000       5.64181243752271     
   4387.500       5.62560729522663     
   4410.000       5.59998764923370     
   4432.500       5.55503131468835     
   4455.000       5.48736019519732     
   4477.500       5.40456908513992     
   4500.000       5.32459707620266     
   4522.500       5.27499683340774     
   4545.000       5.27222646357825     
   4567.500       5.30785063011451     
   4590.000       5.37616979205158     
   4612.500       5.46485802153640     
   4635.000       5.54831233920691     
   4657.500       5.60752891554321     
   4680.000       5.63999774724124     
   4680.000       5.87200228347453     
   4702.500       5.86450388586116     
   4725.000       5.84039013452314     
   4747.500       5.80603727262647     
   4770.000       5.76198509107051     
   4792.500       5.70011284103343     
   4815.000       5.62136769867066     
   4837.500       5.54227067984881     
   4860.000       5.47828948630855     
   4882.500       5.44919664108948     
   4905.000       5.46781935289411     
   4927.500       5.52596935444063     
   4950.000       5.61541146896905     
   4972.500       5.71826052329250     
   4995.000       5.80159299614689     
   5017.500       5.85276907969545     
   5040.000       5.87200228347453     
   5040.000       6.16557078792078     
   5062.500       6.14387793476612     
   5085.000       6.10755691827553     
   5107.500       6.06269391504000     
   5130.000       6.01119232365147     
   5152.500       5.94742945566999     
   5175.000       5.87412240693568     
   5197.500       5.80850508085847     
   5220.000       5.76464202328364     
   5242.500       5.76387011390913     
   5265.000       5.80626533525488     
   5287.500       5.87649920346330     
   5310.000       5.96596386523857     
   5332.500       6.05951352830592     
   5355.000       6.12748728123866     
   5377.500       6.16225995565936     
   5400.000       6.16557078792078     
   5400.000       6.60815597105705     
   5422.500       6.58432146009724     
   5445.000       6.55162715620009     
   5467.500       6.51420894079145     
   5490.000       6.47372532306033     
   5512.500       6.42790091480150     
   5535.000       6.38216339801580     
   5557.500       6.34714689554618     
   5580.000       6.33163436941908     
   5602.500       6.34713237433432     
   5625.000       6.38873779533810     
   5647.500       6.44395636752090     
   5670.000       6.50631277494097     
   5692.500       6.56454499179021     
   5715.000       6.60190764910338     
   5737.500       6.61574809184933     
   5760.000       6.60815597105705     
