  0.0000000E+00   60.3424780036065        6.000000    
   22.50000       57.8586725561378        6.000000    
   45.00000       56.7400237524882        6.000000    
   67.50000       57.0701935860341        6.000000    
   90.00000       58.1445742978189        6.000000    
   112.5000       59.2060180142574        6.000000    
   135.0000       60.3073618959851        6.000000    
   157.5000       61.2750892829144        6.000000    
   180.0000       63.0735992648202        6.000000    
   202.5000       65.2308278707186        6.000000    
   225.0000       64.5747308206265        6.000000    
   247.5000       63.9253594252052        6.000000    
   270.0000       63.8767400173804        6.000000    
   292.5000       64.0796582701129        6.000000    
   315.0000       64.4134062159384        6.000000    
   337.5000       63.5434575130587        6.000000    
  0.0000000E+00   60.3424780036065        6.000000    
 
  0.0000000E+00   60.4771913772171        6.283333    
   22.50000       57.5366370719216        6.283333    
   45.00000       55.9912974244280        6.283333    
   67.50000       56.2279161774735        6.283333    
   90.00000       57.4883424798510        6.283333    
   112.5000       58.8725566808714        6.283333    
   135.0000       60.4494780713885        6.283333    
   157.5000       62.1751095685069        6.283333    
   180.0000       64.8085982039630        6.283333    
   202.5000       65.5104345844437        6.283333    
   225.0000       64.3841127138012        6.283333    
   247.5000       63.3280602070502        6.283333    
   270.0000       63.0364312272013        6.283333    
   292.5000       63.2321595839756        6.283333    
   315.0000       63.5236002237255        6.283333    
   337.5000       63.1841952507264        6.283333    
  0.0000000E+00   60.4771913772171        6.283333    
 
  0.0000000E+00   61.4043296247028        6.566667    
   22.50000       59.1387764600429        6.566667    
   45.00000       57.6393008062119        6.566667    
   67.50000       57.4956998896244        6.566667    
   90.00000       58.4225524746186        6.566667    
   112.5000       59.6076063293294        6.566667    
   135.0000       61.1563237228519        6.566667    
   157.5000       63.2118393147263        6.566667    
   180.0000       65.1652212472036        6.566667    
   202.5000       65.4265039055954        6.566667    
   225.0000       64.3615960935289        6.566667    
   247.5000       63.1275462538394        6.566667    
   270.0000       62.4694764426384        6.566667    
   292.5000       62.3960452091255        6.566667    
   315.0000       62.5183189114069        6.566667    
   337.5000       62.4148954347508        6.566667    
  0.0000000E+00   61.4043296247028        6.566667    
 
  0.0000000E+00   60.9647689413777        6.850000    
   22.50000       60.1633887485330        6.850000    
   45.00000       59.3188770738574        6.850000    
   67.50000       58.8643531403249        6.850000    
   90.00000       59.3185139964717        6.850000    
   112.5000       60.2085710577226        6.850000    
   135.0000       61.4257983311827        6.850000    
   157.5000       63.1543376940512        6.850000    
   180.0000       64.4810612985309        6.850000    
   202.5000       64.8684775461772        6.850000    
   225.0000       64.1921232501032        6.850000    
   247.5000       63.0107051240844        6.850000    
   270.0000       62.0258988311623        6.850000    
   292.5000       61.5669900269570        6.850000    
   315.0000       61.4379259440817        6.850000    
   337.5000       61.3881610469574        6.850000    
  0.0000000E+00   60.9647689413777        6.850000    
 
  0.0000000E+00   60.0913528921735        7.133333    
   22.50000       59.7514338419413        7.133333    
   45.00000       59.4168941775346        7.133333    
   67.50000       59.3366457370879        7.133333    
   90.00000       59.8561728926273        7.133333    
   112.5000       60.6940155958561        7.133333    
   135.0000       61.6345997883834        7.133333    
   157.5000       62.7931045409659        7.133333    
   180.0000       63.6803505511849        7.133333    
   202.5000       64.0031398309622        7.133333    
   225.0000       63.5472220457612        7.133333    
   247.5000       62.5015973276260        7.133333    
   270.0000       61.4222953501496        7.133333    
   292.5000       60.7560119939166        7.133333    
   315.0000       60.4504142029701        7.133333    
   337.5000       60.3380035126107        7.133333    
  0.0000000E+00   60.0913528921735        7.133333    
 
  0.0000000E+00   59.2363241969368        7.416667    
   22.50000       59.0896583294644        7.416667    
   45.00000       59.0511766226790        7.416667    
   67.50000       59.3259847900268        7.416667    
   90.00000       60.0778133435005        7.416667    
   112.5000       61.0111942304085        7.416667    
   135.0000       61.8819438492177        7.416667    
   157.5000       62.6569512028256        7.416667    
   180.0000       63.0327606449131        7.416667    
   202.5000       62.9687193011241        7.416667    
   225.0000       62.3485724838623        7.416667    
   247.5000       61.3292477643182        7.416667    
   270.0000       60.3739267878261        7.416667    
   292.5000       59.8142964413524        7.416667    
   315.0000       59.5528846731657        7.416667    
   337.5000       59.4205198508033        7.416667    
  0.0000000E+00   59.2363241969368        7.416667    
 
  0.0000000E+00   58.7145157747238        7.700000    
   22.50000       58.7406656659068        7.700000    
   45.00000       58.9738664720068        7.700000    
   67.50000       59.5781807102604        7.700000    
   90.00000       60.5214578835901        7.700000    
   112.5000       61.4728922479562        7.700000    
   135.0000       62.1669465528567        7.700000    
   157.5000       62.4845710092673        7.700000    
   180.0000       62.3098449896759        7.700000    
   202.5000       61.7875244469394        7.700000    
   225.0000       60.9211183026329        7.700000    
   247.5000       59.9684977085541        7.700000    
   270.0000       59.2951164131409        7.700000    
   292.5000       59.0089124421991        7.700000    
   315.0000       58.9013098046193        7.700000    
   337.5000       58.8116771867786        7.700000    
  0.0000000E+00   58.7145157747238        7.700000    
 
  0.0000000E+00   58.6855463455876        7.983334    
   22.50000       58.8772409678078        7.983334    
   45.00000       59.3206407040953        7.983334    
   67.50000       60.1133562581399        7.983334    
   90.00000       61.1037080799597        7.983334    
   112.5000       61.9646654819385        7.983334    
   135.0000       62.3864223934588        7.983334    
   157.5000       62.2614187094056        7.983334    
   180.0000       61.6544144093784        7.983334    
   202.5000       60.8060229385493        7.983334    
   225.0000       59.8175677192415        7.983334    
   247.5000       59.0185700962560        7.983334    
   270.0000       58.6465888565801        7.983334    
   292.5000       58.6198581873512        7.983334    
   315.0000       58.6621183744053        7.983334    
   337.5000       58.6591664881400        7.983334    
  0.0000000E+00   58.6855463455876        7.983334    
 
  0.0000000E+00   59.2117865172756        8.266666    
   22.50000       59.5276295961519        8.266666    
   45.00000       60.0842080078875        8.266666    
   67.50000       60.9225911763368        8.266666    
   90.00000       61.8569041648565        8.266666    
   112.5000       62.5807340919630        8.266666    
   135.0000       62.7496344414638        8.266666    
   157.5000       62.2941443918111        8.266666    
   180.0000       61.4041563935311        8.266666    
   202.5000       60.3659351355488        8.266666    
   225.0000       59.3515669522579        8.266666    
   247.5000       58.7171200497465        8.266666    
   270.0000       58.5852887647437        8.266666    
   292.5000       58.7621737946360        8.266666    
   315.0000       58.9472069781040        8.266666    
   337.5000       59.0578415532534        8.266666    
  0.0000000E+00   59.2117865172756        8.266666    
 
  0.0000000E+00   60.3748358209774        8.550000    
   22.50000       60.7692843849465        8.550000    
   45.00000       61.3615578462426        8.550000    
   67.50000       62.1586683924327        8.550000    
   90.00000       62.9899598117331        8.550000    
   112.5000       63.5720715238274        8.550000    
   135.0000       63.5378224655478        8.550000    
   157.5000       62.8638120932069        8.550000    
   180.0000       61.8095042339944        8.550000    
   202.5000       60.6747047807117        8.550000    
   225.0000       59.6812021288406        8.550000    
   247.5000       59.1874652125923        8.550000    
   270.0000       59.2294575926124        8.550000    
   292.5000       59.5616323869068        8.550000    
   315.0000       59.8787411764276        8.550000    
   337.5000       60.1094215985592        8.550000    
  0.0000000E+00   60.3748358209774        8.550000    
 
  0.0000000E+00   62.3376969865062        8.833333    
   22.50000       62.7732033282242        8.833333    
   45.00000       63.3516751141291        8.833333    
   67.50000       64.0643813973490        8.833333    
   90.00000       64.7757989807568        8.833333    
   112.5000       65.2256320263977        8.833333    
   135.0000       65.0391366133760        8.833333    
   157.5000       64.2335423061404        8.833333    
   180.0000       63.0983572678837        8.833333    
   202.5000       61.9294458769258        8.833333    
   225.0000       60.9814140351321        8.833333    
   247.5000       60.6018027857087        8.833333    
   270.0000       60.7658157542244        8.833333    
   292.5000       61.2141945485092        8.833333    
   315.0000       61.6453518439859        8.833333    
   337.5000       61.9854265716744        8.833333    
  0.0000000E+00   62.3376969865062        8.833333    
 
  0.0000000E+00   65.3795023551781        9.116667    
   22.50000       65.8257995383615        9.116667    
   45.00000       66.3606739377159        9.116667    
   67.50000       66.9709897000181        9.116667    
   90.00000       67.5601764913639        9.116667    
   112.5000       67.8920271639435        9.116667    
   135.0000       67.5990371204567        9.116667    
   157.5000       66.7292851414151        9.116667    
   180.0000       65.5760409966539        9.116667    
   202.5000       64.4208796864792        9.116667    
   225.0000       63.5359560976011        9.116667    
   247.5000       63.2494878271718        9.116667    
   270.0000       63.4964727133194        9.116667    
   292.5000       64.0256437265169        9.116667    
   315.0000       64.5439532735199        9.116667    
   337.5000       64.9695182070123        9.116667    
  0.0000000E+00   65.3795023551781        9.116667    
 
  0.0000000E+00   69.9728821668553        9.400000    
   22.50000       70.4039262062304        9.400000    
   45.00000       70.8772461165600        9.400000    
   67.50000       71.3809488816217        9.400000    
   90.00000       71.8532664151239        9.400000    
   112.5000       72.0847696543250        9.400000    
   135.0000       71.7294827953232        9.400000    
   157.5000       70.8547594565499        9.400000    
   180.0000       69.7391544462721        9.400000    
   202.5000       68.6422068349186        9.400000    
   225.0000       67.8380960857865        9.400000    
   247.5000       67.6285995193958        9.400000    
   270.0000       67.9248618230992        9.400000    
   292.5000       68.4958099469423        9.400000    
   315.0000       69.0631312133777        9.400000    
   337.5000       69.5384232444468        9.400000    
  0.0000000E+00   69.9728821668553        9.400000    
 
  0.0000000E+00   76.9683894476797        9.683333    
   22.50000       77.3596457955334        9.683333    
   45.00000       77.7610013344848        9.683333    
   67.50000       78.1633221173338        9.683333    
   90.00000       78.5309580741723        9.683333    
   112.5000       78.6867181499933        9.683333    
   135.0000       78.3226030471814        9.683333    
   157.5000       77.5102446758747        9.683333    
   180.0000       76.4968322184969        9.683333    
   202.5000       75.5104433805757        9.683333    
   225.0000       74.8084044890022        9.683333    
   247.5000       74.6573217038558        9.683333    
   270.0000       74.9605017303037        9.683333    
   292.5000       75.5166251472460        9.683333    
   315.0000       76.0752202867967        9.683333    
   337.5000       76.5489970038820        9.683333    
  0.0000000E+00   76.9683894476797        9.683333    
 
  0.0000000E+00   88.1107309310270        9.966667    
   22.50000       88.4348988426640        9.966667    
   45.00000       88.7627945191260        9.966667    
   67.50000       89.0839993157376        9.966667    
   90.00000       89.3747246736448        9.966667    
   112.5000       89.5031579943579        9.966667    
   135.0000       89.2264489501283        9.966667    
   157.5000       88.5934864828434        9.966667    
   180.0000       87.7928905241705        9.966667    
   202.5000       87.0000521279436        9.966667    
   225.0000       86.4266316444344        9.966667    
   247.5000       86.2896475075329        9.966667    
   270.0000       86.5107183115259        9.966667    
   292.5000       86.9359837453334        9.966667    
   315.0000       87.3771357038232        9.966667    
   337.5000       87.7627081457397        9.966667    
  0.0000000E+00   88.1107309310270        9.966667    
 
  0.0000000E+00   107.665998472614        10.25000    
   22.50000       107.887402109209        10.25000    
   45.00000       108.170431864055        10.25000    
   67.50000       108.486112228845        10.25000    
   90.00000       108.790197251010        10.25000    
   112.5000       109.036945678962        10.25000    
   135.0000       109.117815998099        10.25000    
   157.5000       108.984275430946        10.25000    
   180.0000       108.689396623177        10.25000    
   202.5000       108.287200915227        10.25000    
   225.0000       107.871888567761        10.25000    
   247.5000       107.578722608809        10.25000    
   270.0000       107.428456806651        10.25000    
   292.5000       107.377289637596        10.25000    
   315.0000       107.410818654609        10.25000    
   337.5000       107.501613976811        10.25000    
  0.0000000E+00   107.665998472614        10.25000    
 
