  0.0000000E+00   55.8705011699877     
   22.50000       53.8798384446334     
   45.00000       51.8512541277436     
   67.50000       50.4765443704623     
   90.00000       49.7652500978174     
   112.5000       49.6651658451126     
   135.0000       49.9081190706900     
   157.5000       50.1069858398288     
   180.0000       50.3470819886617     
   202.5000       50.8425812723624     
   225.0000       53.0458009888630     
   247.5000       55.1603728616615     
   270.0000       56.2467531167895     
   292.5000       56.9239497763081     
   315.0000       57.0672666001239     
   337.5000       56.6326361480256     
   360.0000       55.8705011699877     
   360.0000       51.9415023204907     
   382.5000       50.7779378155759     
   405.0000       48.3928395436522     
   427.5000       46.5542714671271     
   450.0000       45.6494722025654     
   472.5000       45.4523976677051     
   495.0000       45.7610098708242     
   517.5000       46.0944454445635     
   540.0000       46.5907135810319     
   562.5000       47.3426416916095     
   585.0000       49.1451412101294     
   607.5000       50.5158511485517     
   630.0000       51.6444599722582     
   652.5000       52.5610057195212     
   675.0000       52.9914555360447     
   697.5000       52.7029205023856     
   720.0000       51.9415023204907     
   720.0000       49.9250698097775     
   742.5000       49.2479129316838     
   765.0000       47.9367189923630     
   787.5000       46.2966393735781     
   810.0000       45.3076987952230     
   832.5000       44.9771910864061     
   855.0000       45.2530013114939     
   877.5000       45.7165804129468     
   900.0000       46.3499872983781     
   922.5000       46.8227647570846     
   945.0000       47.4893187636860     
   967.5000       48.1671293274688     
   990.0000       48.9625256029870     
   1012.500       49.8023043007788     
   1035.000       50.3978829025935     
   1057.500       50.4515002515655     
   1080.000       49.9250698097775     
   1080.000       48.6565870188136     
   1102.500       48.2873476133670     
   1125.000       47.4911365028858     
   1147.500       46.6206328650467     
   1170.000       45.8477190192366     
   1192.500       45.4865324052286     
   1215.000       45.6880401316020     
   1237.500       46.1165164912397     
   1260.000       46.4669031226316     
   1282.500       46.5768845075691     
   1305.000       46.7116717973371     
   1327.500       46.8850549798840     
   1350.000       47.2692383366450     
   1372.500       47.8766967803156     
   1395.000       48.4938023700387     
   1417.500       48.8602913392257     
   1440.000       48.6565870188136     
   1440.000       47.8151583960066     
   1462.500       47.5802993194692     
   1485.000       46.9976274104428     
   1507.500       46.4152006682413     
   1530.000       45.9709119217048     
   1552.500       45.8415258454452     
   1575.000       46.0367051133644     
   1597.500       46.3288231566456     
   1620.000       46.5393007741448     
   1642.500       46.5011760496097     
   1665.000       46.3957251467536     
   1687.500       46.2960787058808     
   1710.000       46.4242314925714     
   1732.500       46.8461418676616     
   1755.000       47.3941808439471     
   1777.500       47.8534914737451     
   1800.000       47.8151583960066     
   1800.000       47.3494592236157     
   1822.500       47.0466114641639     
   1845.000       46.5142870436262     
   1867.500       46.1178926313813     
   1890.000       45.9727548526682     
   1912.500       46.1504962123564     
   1935.000       46.4666376345106     
   1957.500       46.6853104117210     
   1980.000       46.7154758545883     
   2002.500       46.5052627783542     
   2025.000       46.2564633925916     
   2047.500       46.0799777007820     
   2070.000       46.2100776639590     
   2092.500       46.6347985432384     
   2115.000       47.1369301199800     
   2137.500       47.4724550272597     
   2160.000       47.3494592236157     
   2160.000       47.1872448224383     
   2182.500       46.7636095299329     
   2205.000       46.2888553010242     
   2227.500       46.1249499552343     
   2250.000       46.3060482186018     
   2272.500       46.7617514992082     
   2295.000       47.1216781573561     
   2317.500       47.1929760046253     
   2340.000       46.9906674298234     
   2362.500       46.6125840318883     
   2385.000       46.3042132596237     
   2407.500       46.2009893023233     
   2430.000       46.4888347004407     
   2452.500       46.9931768696475     
   2475.000       47.4155914772467     
   2497.500       47.5028844967518     
   2520.000       47.1872448224383     
   2520.000       47.4244397403042     
   2542.500       46.9386728087879     
   2565.000       46.5688814074988     
   2587.500       46.6302878283570     
   2610.000       47.0683964810159     
   2632.500       47.6860235990250     
   2655.000       47.9990289368960     
   2677.500       47.9045329061091     
   2700.000       47.5111109959878     
   2722.500       47.0333972450352     
   2745.000       46.7322738794345     
   2767.500       46.7438291857904     
   2790.000       47.1772584974933     
   2812.500       47.7190448312387     
   2835.000       48.0251513749965     
   2857.500       47.8833619846587     
   2880.000       47.4244397403042     
   2880.000       48.1944107698806     
   2902.500       47.6975159694883     
   2925.000       47.4324161351893     
   2947.500       47.6513991423357     
   2970.000       48.2446260346995     
   2992.500       48.9339051341315     
   3015.000       49.1822280355442     
   3037.500       48.9692593270372     
   3060.000       48.4595327357690     
   3082.500       47.9390509046010     
   3105.000       47.6619468126821     
   3127.500       47.7550037290896     
   3150.000       48.2660347036425     
   3172.500       48.8029188948255     
   3195.000       49.0086300220082     
   3217.500       48.7196438575518     
   3240.000       48.1944107698806     
   3240.000       49.6139856115722     
   3262.500       49.1328537095225     
   3285.000       48.9515958556347     
   3307.500       49.2614307879536     
   3330.000       49.9298740817858     
   3352.500       50.6383019403318     
   3375.000       50.8341147138733     
   3397.500       50.5560424111145     
   3420.000       49.9914986987719     
   3442.500       49.4631882073247     
   3465.000       49.2078352438367     
   3487.500       49.3412816181878     
   3510.000       49.8736690966136     
   3532.500       50.3824735579494     
   3555.000       50.5168369824406     
   3577.500       50.1513819549660     
   3600.000       49.6139856115722     
   3600.000       51.8627565964233     
   3622.500       51.4108989382274     
   3645.000       51.2922839741469     
   3667.500       51.6445323064580     
   3690.000       52.3342018141542     
   3712.500       53.0307390854803     
   3735.000       53.1890152089165     
   3757.500       52.8860359256982     
   3780.000       52.3097988051654     
   3802.500       51.7958588719483     
   3825.000       51.5586373361499     
   3847.500       51.7034358177556     
   3870.000       52.2206870240349     
   3892.500       52.6887187215441     
   3915.000       52.7745632656807     
   3937.500       52.3798798276928     
   3960.000       51.8627565964233     
   3960.000       55.2567601333758     
   3982.500       54.8411809476712     
   4005.000       54.7680147004277     
   4027.500       55.1297766532721     
   4050.000       55.8046428794529     
   4072.500       56.4690510568159     
   4095.000       56.6011112123886     
   4117.500       56.3004004280218     
   4140.000       55.7420442931460     
   4162.500       55.2578482192852     
   4185.000       55.0376550803838     
   4207.500       55.1767658148438     
   4230.000       55.6570239102135     
   4252.500       56.0771087782740     
   4275.000       56.1295541806065     
   4297.500       55.7352628568266     
   4320.000       55.2567601333758     
   4320.000       60.3608569812332     
   4342.500       59.9864153397134     
   4365.000       59.9453817993571     
   4387.500       60.2936285915911     
   4410.000       60.9273233823449     
   4432.500       61.5431479286494     
   4455.000       61.6558105010995     
   4477.500       61.3753646269144     
   4500.000       60.8565799816144     
   4522.500       60.4145355325187     
   4545.000       60.2132524650401     
   4567.500       60.3380330379226     
   4590.000       60.7681704883731     
   4612.500       61.1357336601703     
   4635.000       61.1644638229932     
   4657.500       60.7899647929579     
   4680.000       60.3608569812332     
   4680.000       68.2565511984477     
   4702.500       67.9304500348441     
   4725.000       67.9108084359022     
   4747.500       68.2262528463009     
   4770.000       68.7929322207094     
   4792.500       69.3404722462117     
   4815.000       69.4363912999579     
   4837.500       69.1899162832552     
   4860.000       68.7310518124044     
   4882.500       68.3442734499757     
   4905.000       68.1667414766811     
   4927.500       68.2724502384616     
   4950.000       68.6416413174229     
   4972.500       68.9517042398483     
   4995.000       68.9641110754943     
   5017.500       68.6265863122649     
   5040.000       68.2565511984477     
   5040.000       81.3713753571519     
   5062.500       81.1127034877787     
   5085.000       81.1030960880716     
   5107.500       81.3598457925756     
   5130.000       81.8160345896094     
   5152.500       82.2577749337865     
   5175.000       82.3358570715429     
   5197.500       82.1413164309143     
   5220.000       81.7739423575223     
   5242.500       81.4626628478111     
   5265.000       81.3170430189095     
   5287.500       81.3948767549145     
   5310.000       81.6830693233092     
   5332.500       81.9247037377991     
   5355.000       81.9325287213064     
   5377.500       81.6621614524230     
   5400.000       81.3713753571519     
   5400.000       106.609640058269     
   5422.500       106.488375267159     
   5445.000       106.463294726720     
   5467.500       106.593149263009     
   5490.000       106.807020836478     
   5512.500       107.029387074708     
   5535.000       107.084696554014     
   5557.500       106.993285116855     
   5580.000       106.806828019237     
   5602.500       106.620713757923     
   5625.000       106.520816596939     
   5647.500       106.529491429297     
   5670.000       106.666251526177     
   5692.500       106.803272262146     
   5715.000       106.849962369448     
   5737.500       106.748200057418     
   5760.000       106.609640058269     
