  0.0000000E+00   75.3905432882125     
   22.50000       73.8173053771839     
   45.00000       72.9657853463330     
   67.50000       69.9544804566531     
   90.00000       67.3728967606355     
   112.5000       65.9269315404219     
   135.0000       65.7506358887203     
   157.5000       66.2786876136215     
   180.0000       66.9332399801487     
   202.5000       68.1845859590079     
   225.0000       71.9601862800678     
   247.5000       78.1220599272681     
   270.0000       80.7149227024157     
   292.5000       80.3283839292697     
   315.0000       79.0976371694174     
   337.5000       77.5292196747707     
   360.0000       75.3905432882125     
   360.0000       82.1209734582499     
   382.5000       79.8681153626738     
   405.0000       78.7549804915468     
   427.5000       76.4991069511356     
   450.0000       73.4838516653802     
   472.5000       71.5430275671171     
   495.0000       71.1276913991385     
   517.5000       71.8472551680887     
   540.0000       72.8025753200153     
   562.5000       74.6005539040394     
   585.0000       80.2009393724627     
   607.5000       87.1016492911032     
   630.0000       88.7608318751886     
   652.5000       88.0533780034912     
   675.0000       86.5232427719051     
   697.5000       84.7139250181733     
   720.0000       82.1209734582499     
   720.0000       87.3109339325303     
   742.5000       84.7805724026988     
   765.0000       83.2581301277452     
   787.5000       81.9495945352918     
   810.0000       79.8865269215655     
   832.5000       78.1004618893812     
   855.0000       77.5186549019581     
   877.5000       78.2522663760160     
   900.0000       79.3463062164962     
   922.5000       81.1037332570961     
   945.0000       86.3104861389285     
   967.5000       91.7322605633291     
   990.0000       93.3226014447259     
   1012.500       92.8249617084479     
   1035.000       91.3799939770489     
   1057.500       89.7520305465166     
   1080.000       87.3109339325303     
   1080.000       91.2745414330794     
   1102.500       88.7188099112427     
   1125.000       86.6967759985850     
   1147.500       85.2530948657247     
   1170.000       84.1899062500937     
   1192.500       83.1782162292677     
   1215.000       82.7150192174684     
   1237.500       83.4510981548738     
   1260.000       84.6858772513201     
   1282.500       86.2499243900994     
   1305.000       89.9846540149555     
   1327.500       93.7576210123464     
   1350.000       95.6921825185776     
   1372.500       95.8562535926326     
   1395.000       94.7366348837719     
   1417.500       93.3513493870724     
   1440.000       91.2745414330794     
   1440.000       93.3954038256538     
   1462.500       90.9968466368912     
   1485.000       88.6661676066481     
   1507.500       86.8922895807251     
   1530.000       85.8928518017519     
   1552.500       85.2969582342966     
   1575.000       85.3443016196769     
   1597.500       86.3722674582306     
   1620.000       87.8161338540083     
   1642.500       89.5071760951830     
   1665.000       92.2162362200790     
   1687.500       94.9977261077368     
   1710.000       96.8749806346893     
   1732.500       97.4420136200116     
   1755.000       96.6044008451561     
   1777.500       95.2692820035582     
   1800.000       93.3954038256538     
   1800.000       93.1603120555323     
   1822.500       90.8760789685261     
   1845.000       88.5882920285552     
   1867.500       86.9157796337700     
   1890.000       86.1516554392899     
   1912.500       86.0268968117268     
   1935.000       86.7083763329659     
   1957.500       88.1940282946169     
   1980.000       89.8814921476121     
   2002.500       91.7693893080087     
   2025.000       94.0798113305421     
   2047.500       96.1278750208100     
   2070.000       97.3984785523620     
   2092.500       97.6288185737847     
   2115.000       96.6358696891126     
   2137.500       95.1036608955528     
   2160.000       93.1603120555323     
   2160.000       91.3500509774100     
   2182.500       89.2081749121083     
   2205.000       87.2847154363789     
   2227.500       86.1590181645230     
   2250.000       86.0023670309773     
   2272.500       86.6167248945204     
   2295.000       88.0638043525831     
   2317.500       89.9603532443762     
   2340.000       91.7753542650096     
   2362.500       93.6008243227929     
   2385.000       95.3251828549052     
   2407.500       96.4788963454169     
   2430.000       96.9056158068936     
   2452.500       96.4837717050007     
   2475.000       95.1346064325314     
   2497.500       93.3782236168207     
   2520.000       91.3500509774100     
   2520.000       89.2503117195351     
   2542.500       87.3565417128973     
   2565.000       85.9326674118013     
   2587.500       85.4691741864320     
   2610.000       86.0095207905637     
   2632.500       87.3730573471976     
   2655.000       89.4106310696493     
   2677.500       91.4709589427564     
   2700.000       93.1767672280170     
   2722.500       94.5888139813098     
   2745.000       95.5297630265968     
   2767.500       95.8418759589392     
   2790.000       95.5779094756459     
   2812.500       94.6607148918617     
   2835.000       93.0862451786025     
   2857.500       91.2389323093300     
   2880.000       89.2503117195351     
   2880.000       87.5442049105796     
   2902.500       85.9386991410882     
   2925.000       84.9912031662256     
   2947.500       85.1064675390204     
   2970.000       86.2396272117422     
   2992.500       88.1774476037001     
   3015.000       90.5369648042659     
   3037.500       92.5556746308082     
   3060.000       93.9825654590963     
   3082.500       94.8401094751039     
   3105.000       95.0706658980830     
   3127.500       94.7656195367618     
   3150.000       94.0534217233029     
   3172.500       92.8626117151450     
   3195.000       91.2172254825155     
   3217.500       89.4015602485775     
   3240.000       87.5442049105796     
   3240.000       86.4853246816058     
   3262.500       85.1628307801044     
   3285.000       84.6171761670406     
   3307.500       85.1795440478366     
   3330.000       86.7447228108187     
   3352.500       89.0412467287736     
   3375.000       91.5017632171212     
   3397.500       93.3632909720270     
   3420.000       94.4531677790136     
   3442.500       94.7978324112145     
   3465.000       94.4975386481190     
   3487.500       93.7869498017093     
   3510.000       92.8079091800511     
   3532.500       91.4934745166914     
   3555.000       89.8770779644814     
   3577.500       88.1668691711474     
   3600.000       86.4853246816058     
   3600.000       86.2489744381411     
   3622.500       85.1865092934283     
   3645.000       84.9590403819289     
   3667.500       85.8328541324923     
   3690.000       87.6600176394637     
   3712.500       90.1108975931190     
   3735.000       92.5111743430619     
   3757.500       94.1603727909309     
   3780.000       94.9321620551893     
   3802.500       94.8826802493602     
   3825.000       94.2330896705141     
   3847.500       93.2809771682003     
   3870.000       92.1633319957709     
   3892.500       90.8222110194834     
   3915.000       89.2961288114982     
   3937.500       87.7349226691572     
   3960.000       86.2489744381411     
   3960.000       87.0378272999106     
   3982.500       86.2049494334307     
   4005.000       86.2094533739923     
   4027.500       87.2596404089525     
   4050.000       89.1768702892879     
   4072.500       91.5954137839661     
   4095.000       93.8158328023514     
   4117.500       95.2330909363946     
   4140.000       95.7480109545733     
   4162.500       95.4439148454860     
   4185.000       94.6059886524265     
   4207.500       93.5447022819971     
   4230.000       92.3875727154389     
   4252.500       91.0920862087775     
   4275.000       89.7013796806369     
   4297.500       88.3191251327197     
   4320.000       87.0378272999106     
   4320.000       89.1226980932839     
   4342.500       88.4872172565745     
   4365.000       88.6319652320624     
   4387.500       89.7125211688325     
   4410.000       91.5369992197732     
   4432.500       93.7434605483922     
   4455.000       95.6873659667119     
   4477.500       96.8741849734611     
   4500.000       97.2162351181860     
   4522.500       96.8007785589757     
   4545.000       95.9203115664878     
   4567.500       94.8655166307218     
   4590.000       93.7557111801513     
   4612.500       92.5718047863414     
   4635.000       91.3615190947234     
   4657.500       90.1890725759694     
   4680.000       89.1226980932839     
   4680.000       92.8949818049914     
   4702.500       92.4254032509289     
   4725.000       92.6022528860773     
   4747.500       93.5335935615031     
   4770.000       95.0460910022670     
   4792.500       96.8447917477066     
   4815.000       98.4223412897913     
   4837.500       99.3968968337583     
   4860.000       99.6703099908401     
   4882.500       99.2953623293892     
   4905.000       98.5172935807560     
   4927.500       97.5800873466687     
   4950.000       96.6005958479860     
   4972.500       95.5995015605087     
   4995.000       94.6318427940704     
   5017.500       93.7205632726681     
   5040.000       92.8949818049914     
   5040.000       98.9970700685160     
   5062.500       98.6647474694220     
   5085.000       98.7223637975462     
   5107.500       99.2413229642063     
   5130.000       100.131494896275     
   5152.500       101.271165453247     
   5175.000       102.385147379949     
   5197.500       103.188239783077     
   5220.000       103.532433213510     
   5242.500       103.381802730044     
   5265.000       102.873168804507     
   5287.500       102.171503446563     
   5310.000       101.404248491736     
   5332.500       100.673524249763     
   5355.000       100.055844130574     
   5377.500       99.5134804673603     
   5400.000       98.9970700685160     
   5400.000       108.596905579187     
   5422.500       108.378864014631     
   5445.000       108.055946519178     
   5467.500       107.697816084731     
   5490.000       107.446571420553     
   5512.500       107.545805613222     
   5535.000       108.072616935578     
   5557.500       108.787691546189     
   5580.000       109.418559114973     
   5602.500       109.759858955453     
   5625.000       109.753235186095     
   5647.500       109.428553593488     
   5670.000       108.953511249215     
   5692.500       108.616055759134     
   5715.000       108.560778604050     
   5737.500       108.631952421663     
   5760.000       108.596905579187     
