  0.0000000E+00  0.8674176    
   22.50000      0.9102415    
   45.00000      0.9795106    
   67.50000       1.044604    
   90.00000       1.163998    
   112.5000       1.289485    
   135.0000       1.301933    
   157.5000       1.260005    
   180.0000       1.132585    
   202.5000      0.9261625    
   225.0000      0.8608209    
   247.5000      0.8996542    
   270.0000      0.8753389    
   292.5000      0.8087203    
   315.0000      0.8273906    
   337.5000      0.8521333    
   360.0000      0.8674176    
   360.0000      0.8722802    
   382.5000      0.9098184    
   405.0000      0.9640449    
   427.5000       1.026539    
   450.0000       1.156351    
   472.5000       1.293860    
   495.0000       1.281689    
   517.5000       1.181312    
   540.0000       1.072923    
   562.5000      0.9558864    
   585.0000      0.8950128    
   607.5000      0.9431990    
   630.0000      0.8941241    
   652.5000      0.8359227    
   675.0000      0.8501031    
   697.5000      0.8669345    
   720.0000      0.8722802    
   720.0000      0.8392447    
   742.5000      0.8555903    
   765.0000      0.9290819    
   787.5000       1.030264    
   810.0000       1.146725    
   832.5000       1.222957    
   855.0000       1.199000    
   877.5000       1.111674    
   900.0000       1.025251    
   922.5000      0.9501818    
   945.0000      0.9399896    
   967.5000      0.9991918    
   990.0000       1.014322    
   1012.500      0.9339414    
   1035.000      0.9265566    
   1057.500      0.8760297    
   1080.000      0.8392447    
   1080.000      0.8249007    
   1102.500      0.8254021    
   1125.000      0.8922591    
   1147.500       1.000636    
   1170.000       1.111578    
   1192.500       1.180233    
   1215.000       1.160069    
   1237.500       1.077874    
   1260.000       1.006556    
   1282.500      0.9582080    
   1305.000      0.9640687    
   1327.500       1.032408    
   1350.000       1.075550    
   1372.500       1.041004    
   1395.000      0.9673132    
   1417.500      0.8819405    
   1440.000      0.8249007    
   1440.000      0.8232834    
   1462.500      0.8124962    
   1485.000      0.8736576    
   1507.500      0.9854713    
   1530.000       1.098429    
   1552.500       1.161790    
   1575.000       1.138132    
   1597.500       1.052944    
   1620.000      0.9845938    
   1642.500      0.9509570    
   1665.000      0.9708130    
   1687.500       1.049725    
   1710.000       1.112021    
   1732.500       1.088943    
   1755.000       1.001098    
   1777.500      0.8956452    
   1800.000      0.8232834    
   1800.000      0.8216965    
   1822.500      0.8069721    
   1845.000      0.8695860    
   1867.500      0.9896392    
   1890.000       1.112959    
   1912.500       1.177467    
   1935.000       1.143089    
   1957.500       1.044162    
   1980.000      0.9635867    
   2002.500      0.9266841    
   2025.000      0.9539214    
   2047.500       1.042742    
   2070.000       1.119362    
   2092.500       1.108111    
   2115.000       1.017721    
   2137.500      0.9023019    
   2160.000      0.8216965    
   2160.000      0.8213714    
   2182.500      0.8061439    
   2205.000      0.8737715    
   2227.500       1.005040    
   2250.000       1.143476    
   2272.500       1.211611    
   2295.000       1.162008    
   2317.500       1.042495    
   2340.000      0.9406250    
   2362.500      0.8924059    
   2385.000      0.9233679    
   2407.500       1.021516    
   2430.000       1.111848    
   2452.500       1.112080    
   2475.000       1.025759    
   2497.500      0.9064808    
   2520.000      0.8213714    
   2520.000      0.8240777    
   2542.500      0.8077455    
   2565.000      0.8792587    
   2587.500       1.020832    
   2610.000       1.173480    
   2632.500       1.243613    
   2655.000       1.178290    
   2677.500       1.037526    
   2700.000      0.9166971    
   2722.500      0.8591321    
   2745.000      0.8933041    
   2767.500      0.9977027    
   2790.000       1.099490    
   2812.500       1.117417    
   2835.000       1.037854    
   2857.500      0.9135823    
   2880.000      0.8240777    
   2880.000      0.8295814    
   2902.500      0.8107452    
   2925.000      0.8846661    
   2947.500       1.035112    
   2970.000       1.197781    
   2992.500       1.268619    
   3015.000       1.189788    
   3037.500       1.029042    
   3060.000      0.8894465    
   3082.500      0.8277130    
   3105.000      0.8655632    
   3127.500      0.9772670    
   3150.000       1.093036    
   3172.500       1.125709    
   3195.000       1.051109    
   3217.500      0.9248212    
   3240.000      0.8295814    
   3240.000      0.8331696    
   3262.500      0.8109159    
   3285.000      0.8860056    
   3307.500       1.043712    
   3330.000       1.217454    
   3352.500       1.286410    
   3375.000       1.193253    
   3397.500       1.015937    
   3420.000      0.8650314    
   3442.500      0.8023553    
   3465.000      0.8442042    
   3487.500      0.9641479    
   3510.000       1.094473    
   3532.500       1.140152    
   3555.000       1.067544    
   3577.500      0.9352354    
   3600.000      0.8331696    
   3600.000      0.8360788    
   3622.500      0.8098881    
   3645.000      0.8853637    
   3667.500       1.048639    
   3690.000       1.229026    
   3712.500       1.296067    
   3735.000       1.191767    
   3757.500       1.001294    
   3780.000      0.8435783    
   3802.500      0.7820975    
   3825.000      0.8282242    
   3847.500      0.9570081    
   3870.000       1.101547    
   3892.500       1.158276    
   3915.000       1.085469    
   3937.500      0.9456770    
   3960.000      0.8360788    
   3960.000      0.8385286    
   3982.500      0.8082167    
   4005.000      0.8831736    
   4027.500       1.049677    
   4050.000       1.233564    
   4072.500       1.298108    
   4095.000       1.185342    
   4117.500      0.9861978    
   4140.000      0.8259372    
   4162.500      0.7671748    
   4185.000      0.8178292    
   4207.500      0.9554210    
   4230.000       1.112839    
   4252.500       1.178441    
   4275.000       1.103769    
   4297.500      0.9557797    
   4320.000      0.8385286    
   4320.000      0.8403227    
   4342.500      0.8065954    
   4365.000      0.8807064    
   4387.500       1.047627    
   4410.000       1.231073    
   4432.500       1.292473    
   4455.000       1.174928    
   4477.500      0.9726645    
   4500.000      0.8139335    
   4522.500      0.7591276    
   4545.000      0.8144282    
   4567.500      0.9596049    
   4590.000       1.125948    
   4612.500       1.197014    
   4635.000       1.119502    
   4657.500      0.9640517    
   4680.000      0.8403227    
   4680.000      0.8432435    
   4702.500      0.8055531    
   4725.000      0.8759563    
   4747.500       1.038818    
   4770.000       1.217564    
   4792.500       1.276869    
   4815.000       1.160365    
   4837.500      0.9621150    
   4860.000      0.8090295    
   4882.500      0.7589842    
   4905.000      0.8180838    
   4927.500      0.9689218    
   4950.000       1.141872    
   4972.500       1.215615    
   4995.000       1.134432    
   5017.500      0.9725773    
   5040.000      0.8432435    
   5040.000      0.8469262    
   5062.500      0.8068885    
   5085.000      0.8726853    
   5107.500       1.026974    
   5130.000       1.195146    
   5152.500       1.250950    
   5175.000       1.142840    
   5197.500      0.9575152    
   5220.000      0.8147305    
   5242.500      0.7705081    
   5265.000      0.8327848    
   5287.500      0.9840005    
   5310.000       1.154301    
   5332.500       1.224838    
   5355.000       1.141102    
   5377.500      0.9778086    
   5400.000      0.8469262    
   5400.000      0.8520587    
   5422.500      0.8132329    
   5445.000      0.8737748    
   5467.500       1.014812    
   5490.000       1.166698    
   5512.500       1.219473    
   5535.000       1.127230    
   5557.500      0.9636180    
   5580.000      0.8349754    
   5602.500      0.7957943    
   5625.000      0.8565519    
   5647.500      0.9990989    
   5670.000       1.155457    
   5692.500       1.216294    
   5715.000       1.133541    
   5737.500      0.9773889    
   5760.000      0.8520587    
