  0.0000000E+00  7.8613307E-29   6.000000    
   22.50000      7.8635960E-29   6.000000    
   45.00000      8.3549098E-29   6.000000    
   67.50000      8.0661672E-29   6.000000    
   90.00000      7.4258057E-29   6.000000    
   112.5000      6.4470360E-29   6.000000    
   135.0000      5.3215057E-29   6.000000    
   157.5000      4.4165997E-29   6.000000    
   180.0000      3.9304035E-29   6.000000    
   202.5000      3.8486761E-29   6.000000    
   225.0000      4.2564298E-29   6.000000    
   247.5000      5.4970326E-29   6.000000    
   270.0000      7.7812451E-29   6.000000    
   292.5000      8.6200544E-29   6.000000    
   315.0000      8.7190532E-29   6.000000    
   337.5000      8.3305654E-29   6.000000    
  0.0000000E+00  7.8613307E-29   6.000000    
 
  0.0000000E+00  4.1148324E-29   6.283333    
   22.50000      4.1218428E-29   6.283333    
   45.00000      4.4314504E-29   6.283333    
   67.50000      4.7318660E-29   6.283333    
   90.00000      4.3651557E-29   6.283333    
   112.5000      3.7555110E-29   6.283333    
   135.0000      3.0538496E-29   6.283333    
   157.5000      2.4893475E-29   6.283333    
   180.0000      2.1899542E-29   6.283333    
   202.5000      2.1517212E-29   6.283333    
   225.0000      2.4276529E-29   6.283333    
   247.5000      3.2361858E-29   6.283333    
   270.0000      4.1592395E-29   6.283333    
   292.5000      4.5112724E-29   6.283333    
   315.0000      4.5569862E-29   6.283333    
   337.5000      4.3518629E-29   6.283333    
  0.0000000E+00  4.1148324E-29   6.283333    
 
  0.0000000E+00  2.1617849E-29   6.566667    
   22.50000      2.1703714E-29   6.566667    
   45.00000      2.3489517E-29   6.566667    
   67.50000      2.5940724E-29   6.566667    
   90.00000      2.6993714E-29   6.566667    
   112.5000      2.3451637E-29   6.566667    
   135.0000      1.9089476E-29   6.566667    
   157.5000      1.5411318E-29   6.566667    
   180.0000      1.3439103E-29   6.566667    
   202.5000      1.3138675E-29   6.566667    
   225.0000      1.4702766E-29   6.566667    
   247.5000      1.9359345E-29   6.566667    
   270.0000      2.2232391E-29   6.566667    
   292.5000      2.3934127E-29   6.566667    
   315.0000      2.3997657E-29   6.566667    
   337.5000      2.2854630E-29   6.566667    
  0.0000000E+00  2.1617849E-29   6.566667    
 
  0.0000000E+00  1.1373739E-29   6.850000    
   22.50000      1.1408533E-29   6.850000    
   45.00000      1.2436788E-29   6.850000    
   67.50000      1.4085708E-29   6.850000    
   90.00000      1.5320923E-29   6.850000    
   112.5000      1.5081384E-29   6.850000    
   135.0000      1.3052816E-29   6.850000    
   157.5000      1.0728691E-29   6.850000    
   180.0000      9.3589783E-30   6.850000    
   202.5000      8.9799312E-30   6.850000    
   225.0000      9.4087937E-30   6.850000    
   247.5000      1.0611789E-29   6.850000    
   270.0000      1.2028818E-29   6.850000    
   292.5000      1.2815677E-29   6.850000    
   315.0000      1.2699818E-29   6.850000    
   337.5000      1.2022452E-29   6.850000    
  0.0000000E+00  1.1373739E-29   6.850000    
 
  0.0000000E+00  6.4210279E-30   7.133333    
   22.50000      6.4053496E-30   7.133333    
   45.00000      6.9796371E-30   7.133333    
   67.50000      8.0125818E-30   7.133333    
   90.00000      8.9288429E-30   7.133333    
   112.5000      9.0097230E-30   7.133333    
   135.0000      8.0924605E-30   7.133333    
   157.5000      6.8027005E-30   7.133333    
   180.0000      5.8508465E-30   7.133333    
   202.5000      5.4574419E-30   7.133333    
   225.0000      5.6349878E-30   7.133333    
   247.5000      6.2999324E-30   7.133333    
   270.0000      7.0923581E-30   7.133333    
   292.5000      7.4902771E-30   7.133333    
   315.0000      7.3188919E-30   7.133333    
   337.5000      6.8385898E-30   7.133333    
  0.0000000E+00  6.4210279E-30   7.133333    
 
  0.0000000E+00  3.8166880E-30   7.416667    
   22.50000      3.7762999E-30   7.416667    
   45.00000      4.1102414E-30   7.416667    
   67.50000      4.7456697E-30   7.416667    
   90.00000      5.3414019E-30   7.416667    
   112.5000      5.4249941E-30   7.416667    
   135.0000      4.8770181E-30   7.416667    
   157.5000      4.0998328E-30   7.416667    
   180.0000      3.5165931E-30   7.416667    
   202.5000      3.2871975E-30   7.416667    
   225.0000      3.4259894E-30   7.416667    
   247.5000      3.8619364E-30   7.416667    
   270.0000      4.3796490E-30   7.416667    
   292.5000      4.6283828E-30   7.416667    
   315.0000      4.4830996E-30   7.416667    
   337.5000      4.1236726E-30   7.416667    
  0.0000000E+00  3.8166880E-30   7.416667    
 
  0.0000000E+00  2.3373586E-30   7.700000    
   22.50000      2.2888178E-30   7.700000    
   45.00000      2.4850161E-30   7.700000    
   67.50000      2.8753927E-30   7.700000    
   90.00000      3.2492992E-30   7.700000    
   112.5000      3.2920827E-30   7.700000    
   135.0000      2.9433675E-30   7.700000    
   157.5000      2.4620122E-30   7.700000    
   180.0000      2.1117017E-30   7.700000    
   202.5000      1.9888330E-30   7.700000    
   225.0000      2.1082986E-30   7.700000    
   247.5000      2.4236220E-30   7.700000    
   270.0000      2.7831463E-30   7.700000    
   292.5000      2.9573292E-30   7.700000    
   315.0000      2.8460648E-30   7.700000    
   337.5000      2.5721133E-30   7.700000    
  0.0000000E+00  2.3373586E-30   7.700000    
 
  0.0000000E+00  1.4601404E-30   7.983334    
   22.50000      1.4136316E-30   7.983334    
   45.00000      1.5276123E-30   7.983334    
   67.50000      1.7658887E-30   7.983334    
   90.00000      1.9926956E-30   7.983334    
   112.5000      2.0177285E-30   7.983334    
   135.0000      1.8031591E-30   7.983334    
   157.5000      1.5100217E-30   7.983334    
   180.0000      1.2984768E-30   7.983334    
   202.5000      1.2334998E-30   7.983334    
   225.0000      1.3270222E-30   7.983334    
   247.5000      1.5514159E-30   7.983334    
   270.0000      1.8021086E-30   7.983334    
   292.5000      1.9234582E-30   7.983334    
   315.0000      1.8377137E-30   7.983334    
   337.5000      1.6321015E-30   7.983334    
  0.0000000E+00  1.4601404E-30   7.983334    
 
  0.0000000E+00  9.2050696E-31   8.266666    
   22.50000      8.8182050E-31   8.266666    
   45.00000      9.4850094E-31   8.266666    
   67.50000      1.0968156E-30   8.266666    
   90.00000      1.2413944E-30   8.266666    
   112.5000      1.2612974E-30   8.266666    
   135.0000      1.1314303E-30   8.266666    
   157.5000      9.5038737E-31   8.266666    
   180.0000      8.1967710E-31   8.266666    
   202.5000      7.8396652E-31   8.266666    
   225.0000      8.5208896E-31   8.266666    
   247.5000      1.0078764E-30   8.266666    
   270.0000      1.1838449E-30   8.266666    
   292.5000      1.2646423E-30   8.266666    
   315.0000      1.1998120E-30   8.266666    
   337.5000      1.0481136E-30   8.266666    
  0.0000000E+00  9.2050696E-31   8.266666    
 
  0.0000000E+00  5.8744211E-31   8.550000    
   22.50000      5.5754007E-31   8.550000    
   45.00000      5.9761305E-31   8.550000    
   67.50000      6.9253497E-31   8.550000    
   90.00000      7.8835629E-31   8.550000    
   112.5000      8.0634182E-31   8.550000    
   135.0000      7.2738768E-31   8.550000    
   157.5000      6.1271251E-31   8.550000    
   180.0000      5.2947458E-31   8.550000    
   202.5000      5.0850602E-31   8.550000    
   225.0000      5.5631333E-31   8.550000    
   247.5000      6.6321805E-31   8.550000    
   270.0000      7.8379081E-31   8.550000    
   292.5000      8.3852695E-31   8.550000    
   315.0000      7.8772416E-31   8.550000    
   337.5000      6.7821181E-31   8.550000    
  0.0000000E+00  5.8744211E-31   8.550000    
 
  0.0000000E+00  3.7935168E-31   8.833333    
   22.50000      3.5735668E-31   8.833333    
   45.00000      3.8235368E-31   8.833333    
   67.50000      4.4483499E-31   8.833333    
   90.00000      5.1040219E-31   8.833333    
   112.5000      5.2650354E-31   8.833333    
   135.0000      4.7778231E-31   8.833333    
   157.5000      4.0327633E-31   8.833333    
   180.0000      3.4875993E-31   8.833333    
   202.5000      3.3553386E-31   8.833333    
   225.0000      3.6838371E-31   8.833333    
   247.5000      4.4134081E-31   8.833333    
   270.0000      5.2351882E-31   8.833333    
   292.5000      5.5945133E-31   8.833333    
   315.0000      5.2118509E-31   8.833333    
   337.5000      4.4310081E-31   8.833333    
  0.0000000E+00  3.7935168E-31   8.833333    
 
  0.0000000E+00  2.4812151E-31   9.116667    
   22.50000      2.3257381E-31   9.116667    
   45.00000      2.4885862E-31   9.116667    
   67.50000      2.9102837E-31   9.116667    
   90.00000      3.3686177E-31   9.116667    
   112.5000      3.5057748E-31   9.116667    
   135.0000      3.1987463E-31   9.116667    
   157.5000      2.7029947E-31   9.116667    
   180.0000      2.3353861E-31   9.116667    
   202.5000      2.2449010E-31   9.116667    
   225.0000      2.4674865E-31   9.116667    
   247.5000      2.9628645E-31   9.116667    
   270.0000      3.5209032E-31   9.116667    
   292.5000      3.7569486E-31   9.116667    
   315.0000      3.4737607E-31   9.116667    
   337.5000      2.9237276E-31   9.116667    
  0.0000000E+00  2.4812151E-31   9.116667    
 
  0.0000000E+00  1.6454591E-31   9.400000    
   22.50000      1.5395699E-31   9.400000    
   45.00000      1.6503041E-31   9.400000    
   67.50000      1.9401600E-31   9.400000    
   90.00000      2.2630471E-31   9.400000    
   112.5000      2.3727967E-31   9.400000    
   135.0000      2.1755187E-31   9.400000    
   157.5000      1.8417452E-31   9.400000    
   180.0000      1.5910210E-31   9.400000    
   202.5000      1.5279205E-31   9.400000    
   225.0000      1.6762398E-31   9.400000    
   247.5000      2.0089593E-31   9.400000    
   270.0000      2.3816724E-31   9.400000    
   292.5000      2.5313932E-31   9.400000    
   315.0000      2.3289059E-31   9.400000    
   337.5000      1.9483032E-31   9.400000    
  0.0000000E+00  1.6454591E-31   9.400000    
 
  0.0000000E+00  1.1128259E-31   9.683333    
   22.50000      1.0437613E-31   9.683333    
   45.00000      1.1217048E-31   9.683333    
   67.50000      1.3229126E-31   9.683333    
   90.00000      1.5510963E-31   9.683333    
   112.5000      1.6366500E-31   9.683333    
   135.0000      1.5082193E-31   9.683333    
   157.5000      1.2796061E-31   9.683333    
   180.0000      1.1049603E-31   9.683333    
   202.5000      1.0581246E-31   9.683333    
   225.0000      1.1553887E-31   9.683333    
   247.5000      1.3765594E-31   9.683333    
   270.0000      1.6225909E-31   9.683333    
   292.5000      1.7164794E-31   9.683333    
   315.0000      1.5737076E-31   9.683333    
   337.5000      1.3156087E-31   9.683333    
  0.0000000E+00  1.1128259E-31   9.683333    
 
  0.0000000E+00  7.8686017E-32   9.966667    
   22.50000      7.4238346E-32   9.966667    
   45.00000      7.9980212E-32   9.966667    
   67.50000      9.4244096E-32   9.966667    
   90.00000      1.1025924E-31   9.966667    
   112.5000      1.1644692E-31   9.966667    
   135.0000      1.0772387E-31   9.966667    
   157.5000      9.1779225E-32   9.966667    
   180.0000      7.9384490E-32   9.966667    
   202.5000      7.5830447E-32   9.966667    
   225.0000      8.2245754E-32   9.966667    
   247.5000      9.7046809E-32   9.966667    
   270.0000      1.1337187E-31   9.966667    
   292.5000      1.1941946E-31   9.966667    
   315.0000      1.0968365E-31   9.966667    
   337.5000      9.2312700E-32   9.966667    
  0.0000000E+00  7.8686017E-32   9.966667    
 
  0.0000000E+00  6.1318487E-32   10.25000    
   22.50000      5.8349341E-32   10.25000    
   45.00000      6.2717055E-32   10.25000    
   67.50000      7.3095648E-32   10.25000    
   90.00000      8.4498766E-32   10.25000    
   112.5000      8.8843087E-32   10.25000    
   135.0000      8.2555203E-32   10.25000    
   157.5000      7.0966733E-32   10.25000    
   180.0000      6.1791900E-32   10.25000    
   202.5000      5.9028601E-32   10.25000    
   225.0000      6.3519953E-32   10.25000    
   247.5000      7.3919640E-32   10.25000    
   270.0000      8.5208606E-32   10.25000    
   292.5000      8.9332304E-32   10.25000    
   315.0000      8.2719508E-32   10.25000    
   337.5000      7.0783368E-32   10.25000    
  0.0000000E+00  6.1318487E-32   10.25000    
 
