  0.0000000E+00   58.2325751733394        6.000000    
   22.50000       56.9896521756072        6.000000    
   45.00000       56.6199069822353        6.000000    
   67.50000       57.3693043404532        6.000000    
   90.00000       57.8358967651834        6.000000    
   112.5000       58.2929922174325        6.000000    
   135.0000       59.3999025041586        6.000000    
   157.5000       59.9298100892970        6.000000    
   180.0000       61.7547700556935        6.000000    
   202.5000       62.5937999163902        6.000000    
   225.0000       61.5334129012320        6.000000    
   247.5000       61.1495366996523        6.000000    
   270.0000       61.4901376166506        6.000000    
   292.5000       62.1563719010871        6.000000    
   315.0000       62.4608474971919        6.000000    
   337.5000       60.0095792055135        6.000000    
  0.0000000E+00   58.2325751733394        6.000000    
 
  0.0000000E+00   59.5070970279384        6.283333    
   22.50000       58.0839924591075        6.283333    
   45.00000       57.4845084312562        6.283333    
   67.50000       58.5056020888107        6.283333    
   90.00000       59.0877060053097        6.283333    
   112.5000       59.5951923048865        6.283333    
   135.0000       61.2192567223426        6.283333    
   157.5000       62.4033266508787        6.283333    
   180.0000       64.1750743537031        6.283333    
   202.5000       63.3915070161497        6.283333    
   225.0000       61.7598596451490        6.283333    
   247.5000       60.9820446016761        6.283333    
   270.0000       61.1710495216098        6.283333    
   292.5000       61.8566568643828        6.283333    
   315.0000       62.3292332056804        6.283333    
   337.5000       61.2629966622701        6.283333    
  0.0000000E+00   59.5070970279384        6.283333    
 
  0.0000000E+00   61.9375605017330        6.566667    
   22.50000       60.8749166022321        6.566667    
   45.00000       60.2984003545967        6.566667    
   67.50000       61.0670635192542        6.566667    
   90.00000       61.6178286256485        6.566667    
   112.5000       61.9824912617817        6.566667    
   135.0000       63.6224095966121        6.566667    
   157.5000       65.0477702525336        6.566667    
   180.0000       65.6550096096893        6.566667    
   202.5000       64.7151470753789        6.566667    
   225.0000       63.0305992224851        6.566667    
   247.5000       61.9136447374958        6.566667    
   270.0000       61.6557339235144        6.566667    
   292.5000       62.0245157302526        6.566667    
   315.0000       62.4141952482229        6.566667    
   337.5000       62.4454449797178        6.566667    
  0.0000000E+00   61.9375605017330        6.566667    
 
  0.0000000E+00   62.7561663480552        6.850000    
   22.50000       62.7981013194954        6.850000    
   45.00000       62.6213620859480        6.850000    
   67.50000       63.0378882415328        6.850000    
   90.00000       63.5392790198471        6.850000    
   112.5000       63.8185377662890        6.850000    
   135.0000       65.0827214238984        6.850000    
   157.5000       66.0078674347866        6.850000    
   180.0000       66.3966844239438        6.850000    
   202.5000       65.8184968945967        6.850000    
   225.0000       64.3933339212768        6.850000    
   247.5000       63.0570870772191        6.850000    
   270.0000       62.2966733886388        6.850000    
   292.5000       62.2075784885532        6.850000    
   315.0000       62.3874109008558        6.850000    
   337.5000       62.5990020609807        6.850000    
  0.0000000E+00   62.7561663480552        6.850000    
 
  0.0000000E+00   62.9115765482128        7.133333    
   22.50000       63.2132433666183        7.133333    
   45.00000       63.4005524908334        7.133333    
   67.50000       63.9850329035447        7.133333    
   90.00000       64.6612076652947        7.133333    
   112.5000       65.1460984242707        7.133333    
   135.0000       65.9921865738575        7.133333    
   157.5000       66.5728905999069        7.133333    
   180.0000       66.7542732428445        7.133333    
   202.5000       66.3385594666992        7.133333    
   225.0000       65.1490898858996        7.133333    
   247.5000       63.7914331184743        7.133333    
   270.0000       62.8225450672235        7.133333    
   292.5000       62.4822245101458        7.133333    
   315.0000       62.4946460558618        7.133333    
   337.5000       62.6531714994617        7.133333    
  0.0000000E+00   62.9115765482128        7.133333    
 
  0.0000000E+00   63.3573790940595        7.416667    
   22.50000       63.6879697650198        7.416667    
   45.00000       64.0335162826621        7.416667    
   67.50000       64.7790609286129        7.416667    
   90.00000       65.5756596325161        7.416667    
   112.5000       66.2644294484615        7.416667    
   135.0000       66.9727382351677        7.416667    
   157.5000       67.1767456028167        7.416667    
   180.0000       66.9440600134341        7.416667    
   202.5000       66.2745767301681        7.416667    
   225.0000       65.0551617428463        7.416667    
   247.5000       63.8245706280365        7.416667    
   270.0000       63.0609650129534        7.416667    
   292.5000       62.8779191733381        7.416667    
   315.0000       62.9437704078025        7.416667    
   337.5000       63.1015680024211        7.416667    
  0.0000000E+00   63.3573790940595        7.416667    
 
  0.0000000E+00   64.4293364846109        7.700000    
   22.50000       64.7421121046522        7.700000    
   45.00000       65.2051848613518        7.700000    
   67.50000       66.0547331484647        7.700000    
   90.00000       66.9041825165824        7.700000    
   112.5000       67.6730903647126        7.700000    
   135.0000       68.1152355777962        7.700000    
   157.5000       67.8089665997937        7.700000    
   180.0000       67.0771654774294        7.700000    
   202.5000       66.0298707584254        7.700000    
   225.0000       64.7703439635365        7.700000    
   247.5000       63.8522177535292        7.700000    
   270.0000       63.5627478674860        7.700000    
   292.5000       63.7413469441845        7.700000    
   315.0000       63.9708993042400        7.700000    
   337.5000       64.1835394971817        7.700000    
  0.0000000E+00   64.4293364846109        7.700000    
 
  0.0000000E+00   66.2204299926903        7.983334    
   22.50000       66.4947811033299        7.983334    
   45.00000       67.0053214931857        7.983334    
   67.50000       67.8510806745572        7.983334    
   90.00000       68.6909592038846        7.983334    
   112.5000       69.4079310930419        7.983334    
   135.0000       69.4819089273490        7.983334    
   157.5000       68.7130554822938        7.983334    
   180.0000       67.5928289022050        7.983334    
   202.5000       66.3023582207208        7.983334    
   225.0000       65.1513529079430        7.983334    
   247.5000       64.6476770162496        7.983334    
   270.0000       64.8407503726161        7.983334    
   292.5000       65.3567147403189        7.983334    
   315.0000       65.7479769106455        7.983334    
   337.5000       66.0140230479668        7.983334    
  0.0000000E+00   66.2204299926903        7.983334    
 
  0.0000000E+00   68.7581210280235        8.266666    
   22.50000       68.9697036556569        8.266666    
   45.00000       69.4436673721979        8.266666    
   67.50000       70.2025339274043        8.266666    
   90.00000       70.9860984652336        8.266666    
   112.5000       71.5838552430730        8.266666    
   135.0000       71.3356186114738        8.266666    
   157.5000       70.2645061637451        8.266666    
   180.0000       68.9169037707647        8.266666    
   202.5000       67.5382756487203        8.266666    
   225.0000       66.5794011671490        8.266666    
   247.5000       66.4523848792799        8.266666    
   270.0000       67.0178864760267        8.266666    
   292.5000       67.7915000529619        8.266666    
   315.0000       68.3179536934352        8.266666    
   337.5000       68.6161484335862        8.266666    
  0.0000000E+00   68.7581210280235        8.266666    
 
  0.0000000E+00   72.0225980803360        8.550000    
   22.50000       72.1587461358239        8.550000    
   45.00000       72.5443941133900        8.550000    
   67.50000       73.1767957980746        8.550000    
   90.00000       73.8713380313622        8.550000    
   112.5000       74.3287823368282        8.550000    
   135.0000       73.8538392860375        8.550000    
   157.5000       72.6355431821030        8.550000    
   180.0000       71.2001251836730        8.550000    
   202.5000       69.8493055880927        8.550000    
   225.0000       69.1073495906037        8.550000    
   247.5000       69.2726622424377        8.550000    
   270.0000       70.0866280918731        8.550000    
   292.5000       71.0308261985472        8.550000    
   315.0000       71.6495727761553        8.550000    
   337.5000       71.9532273736100        8.550000    
  0.0000000E+00   72.0225980803360        8.550000    
 
  0.0000000E+00   75.9325408750586        8.833333    
   22.50000       75.9963446981935        8.833333    
   45.00000       76.2770972443674        8.833333    
   67.50000       76.7742787270231        8.833333    
   90.00000       77.3604449624068        8.833333    
   112.5000       77.6814311198737        8.833333    
   135.0000       77.0778028971826        8.833333    
   157.5000       75.8381423308050        8.833333    
   180.0000       74.4286575951026        8.833333    
   202.5000       73.1895685102768        8.833333    
   225.0000       72.6584486629769        8.833333    
   247.5000       73.0231736060922        8.833333    
   270.0000       73.9681268378605        8.833333    
   292.5000       74.9903952062103        8.833333    
   315.0000       75.6455083484875        8.833333    
   337.5000       75.9291034275250        8.833333    
  0.0000000E+00   75.9325408750586        8.833333    
 
  0.0000000E+00   80.3624801417912        9.116667    
   22.50000       80.3689792981122        9.116667    
   45.00000       80.5532427567312        9.116667    
   67.50000       80.9257658019810        9.116667    
   90.00000       81.3981193673773        9.116667    
   112.5000       81.6032510306858        9.116667    
   135.0000       80.9614172186647        9.116667    
   157.5000       79.7996812312117        9.116667    
   180.0000       78.5075491062012        9.116667    
   202.5000       77.4369095417870        9.116667    
   225.0000       77.0893996347437        9.116667    
   247.5000       77.5604405946708        9.116667    
   270.0000       78.5268316116697        9.116667    
   292.5000       79.5330125416021        9.116667    
   315.0000       80.1647977186936        9.116667    
   337.5000       80.4083705774036        9.116667    
  0.0000000E+00   80.3624801417912        9.116667    
 
  0.0000000E+00   85.1889408936219        9.400000    
   22.50000       85.1604415577179        9.400000    
   45.00000       85.2720113060076        9.400000    
   67.50000       85.5423291872696        9.400000    
   90.00000       85.9083035561000        9.400000    
   112.5000       86.0298722264206        9.400000    
   135.0000       85.4314791669285        9.400000    
   157.5000       84.4262613849805        9.400000    
   180.0000       83.3238021847721        9.400000    
   202.5000       82.4545803934629        9.400000    
   225.0000       82.2479761512252        9.400000    
   247.5000       82.7345344022147        9.400000    
   270.0000       83.6206474900128        9.400000    
   292.5000       84.5198448617949        9.400000    
   315.0000       85.0720274703575        9.400000    
   337.5000       85.2621744866696        9.400000    
  0.0000000E+00   85.1889408936219        9.400000    
 
  0.0000000E+00   90.3085463436126        9.683333    
   22.50000       90.2708831482545        9.683333    
   45.00000       90.3420267034468        9.683333    
   67.50000       90.5397687034827        9.683333    
   90.00000       90.8175456600675        9.683333    
   112.5000       90.8954103500780        9.683333    
   135.0000       90.4140964919396        9.683333    
   157.5000       89.6287154823536        9.683333    
   180.0000       88.7730225165584        9.683333    
   202.5000       88.1193672621690        9.683333    
   225.0000       88.0009042383823        9.683333    
   247.5000       88.4153955557209        9.683333    
   270.0000       89.1269574126979        9.683333    
   292.5000       89.8346581633805        9.683333    
   315.0000       90.2573578688714        9.683333    
   337.5000       90.3855190074627        9.683333    
  0.0000000E+00   90.3085463436126        9.683333    
 
  0.0000000E+00   95.6500091112956        9.966667    
   22.50000       95.6286112058733        9.966667    
   45.00000       95.6942352427758        9.966667    
   67.50000       95.8531462200368        9.966667    
   90.00000       96.0691922435165        9.966667    
   112.5000       96.1481850547925        9.966667    
   135.0000       95.8536645040851        9.966667    
   157.5000       95.3436490586853        9.966667    
   180.0000       94.7815400574487        9.966667    
   202.5000       94.3455176282453        9.966667    
   225.0000       94.2572531315007        9.966667    
   247.5000       94.5147683720527        9.966667    
   270.0000       94.9633977684401        9.966667    
   292.5000       95.4015887554269        9.966667    
   315.0000       95.6500852135505        9.966667    
   337.5000       95.7088852822826        9.966667    
  0.0000000E+00   95.6500091112956        9.966667    
 
  0.0000000E+00   101.180982843977        10.25000    
   22.50000       101.198599156980        10.25000    
   45.00000       101.293155101410        10.25000    
   67.50000       101.449064382932        10.25000    
   90.00000       101.635797796478        10.25000    
   112.5000       101.763932010211        10.25000    
   135.0000       101.726318464047        10.25000    
   157.5000       101.546307889638        10.25000    
   180.0000       101.322333274354        10.25000    
   202.5000       101.102339123452        10.25000    
   225.0000       100.984890655815        10.25000    
   247.5000       101.000850553518        10.25000    
   270.0000       101.100264456432        10.25000    
   292.5000       101.193764625088        10.25000    
   315.0000       101.224806592634        10.25000    
   337.5000       101.204083209123        10.25000    
  0.0000000E+00   101.180982843977        10.25000    
 
