  0.0000000E+00   58.4354660034125        6.000000    
   22.50000       57.9001610759458        6.000000    
   45.00000       55.1773868670899        6.000000    
   67.50000       52.6012979534167        6.000000    
   90.00000       51.1623358734404        6.000000    
   112.5000       50.9204420803162        6.000000    
   135.0000       51.4971169916402        6.000000    
   157.5000       52.3689271802380        6.000000    
   180.0000       53.1911025458515        6.000000    
   202.5000       54.0686105751551        6.000000    
   225.0000       56.6286127619641        6.000000    
   247.5000       59.9170139263195        6.000000    
   270.0000       60.7308047503932        6.000000    
   292.5000       60.7976022934311        6.000000    
   315.0000       60.4787888732205        6.000000    
   337.5000       59.5322967204222        6.000000    
  0.0000000E+00   58.4354660034125        6.000000    
 
  0.0000000E+00   56.2209221387989        6.283333    
   22.50000       55.4159849646846        6.283333    
   45.00000       53.4603628193890        6.283333    
   67.50000       50.3386404743534        6.283333    
   90.00000       48.3133386486367        6.283333    
   112.5000       47.7791703215185        6.283333    
   135.0000       48.3600071269242        6.283333    
   157.5000       49.5219356158119        6.283333    
   180.0000       50.6643541832938        6.283333    
   202.5000       52.1511613138199        6.283333    
   225.0000       55.5057997008337        6.283333    
   247.5000       57.8258164112814        6.283333    
   270.0000       58.6278084547188        6.283333    
   292.5000       58.7726459880077        6.283333    
   315.0000       58.5358434678156        6.283333    
   337.5000       57.5620784665973        6.283333    
  0.0000000E+00   56.2209221387989        6.283333    
 
  0.0000000E+00   55.7645199268024        6.566667    
   22.50000       54.8152800198729        6.566667    
   45.00000       53.6381383504422        6.566667    
   67.50000       51.5072376456975        6.566667    
   90.00000       49.5699922744843        6.566667    
   112.5000       48.8179689401239        6.566667    
   135.0000       49.1685508779361        6.566667    
   157.5000       50.2021636809768        6.566667    
   180.0000       51.4720484284467        6.566667    
   202.5000       53.0387512408061        6.566667    
   225.0000       55.4263989948005        6.566667    
   247.5000       56.9157656906272        6.566667    
   270.0000       57.6216494487557        6.566667    
   292.5000       57.8028675316853        6.566667    
   315.0000       57.6951916611932        6.566667    
   337.5000       56.9832760417017        6.566667    
  0.0000000E+00   55.7645199268024        6.566667    
 
  0.0000000E+00   55.9183394692780        6.850000    
   22.50000       54.9394435218591        6.850000    
   45.00000       53.9282043031291        6.850000    
   67.50000       52.8129185983575        6.850000    
   90.00000       51.6055478954628        6.850000    
   112.5000       50.8757040988603        6.850000    
   135.0000       51.0120658327851        6.850000    
   157.5000       51.8274982729631        6.850000    
   180.0000       52.9541797359603        6.850000    
   202.5000       54.0717177635181        6.850000    
   225.0000       55.3783065378581        6.850000    
   247.5000       56.4210114842237        6.850000    
   270.0000       57.0838557011577        6.850000    
   292.5000       57.3176511073628        6.850000    
   315.0000       57.3106788465158        6.850000    
   337.5000       56.8890448403698        6.850000    
  0.0000000E+00   55.9183394692780        6.850000    
 
  0.0000000E+00   56.2348540337714        7.133333    
   22.50000       55.2475575151299        7.133333    
   45.00000       54.2278573505988        7.133333    
   67.50000       53.3956245010366        7.133333    
   90.00000       52.7184809863544        7.133333    
   112.5000       52.4641837077958        7.133333    
   135.0000       52.7676989911921        7.133333    
   157.5000       53.4871271233508        7.133333    
   180.0000       54.3172942638025        7.133333    
   202.5000       55.1246181126351        7.133333    
   225.0000       55.9334100890220        7.133333    
   247.5000       56.6480113628041        7.133333    
   270.0000       57.1980723306128        7.133333    
   292.5000       57.4288678003930        7.133333    
   315.0000       57.4047189085639        7.133333    
   337.5000       57.0616707425031        7.133333    
  0.0000000E+00   56.2348540337714        7.133333    
 
  0.0000000E+00   56.5428207685195        7.416667    
   22.50000       55.5064456275502        7.416667    
   45.00000       54.5417660962381        7.416667    
   67.50000       53.9510997225440        7.416667    
   90.00000       53.7533915804066        7.416667    
   112.5000       54.0425658803628        7.416667    
   135.0000       54.7201206809228        7.416667    
   157.5000       55.5365519762824        7.416667    
   180.0000       56.2315876846113        7.416667    
   202.5000       56.7931486482756        7.416667    
   225.0000       57.2605841208317        7.416667    
   247.5000       57.6801663294282        7.416667    
   270.0000       58.0351944568917        7.416667    
   292.5000       58.1473697012199        7.416667    
   315.0000       57.9631122917406        7.416667    
   337.5000       57.4510210420543        7.416667    
  0.0000000E+00   56.5428207685195        7.416667    
 
  0.0000000E+00   57.1930124425587        7.700000    
   22.50000       56.1863641728509        7.700000    
   45.00000       55.4591682858325        7.700000    
   67.50000       55.3018318359263        7.700000    
   90.00000       55.7030384130727        7.700000    
   112.5000       56.5673433297602        7.700000    
   135.0000       57.5424378806582        7.700000    
   157.5000       58.3216604640881        7.700000    
   180.0000       58.7703325653531        7.700000    
   202.5000       59.0159519321795        7.700000    
   225.0000       59.1658939009306        7.700000    
   247.5000       59.3308224600469        7.700000    
   270.0000       59.4853018791212        7.700000    
   292.5000       59.4187463157659        7.700000    
   315.0000       59.0007293759561        7.700000    
   337.5000       58.2349428471311        7.700000    
  0.0000000E+00   57.1930124425587        7.700000    
 
  0.0000000E+00   58.7618888570982        7.983334    
   22.50000       57.9110369697759        7.983334    
   45.00000       57.5337002670109        7.983334    
   67.50000       57.8745332721081        7.983334    
   90.00000       58.8223869414927        7.983334    
   112.5000       60.0822518354100        7.983334    
   135.0000       61.1246837025387        7.983334    
   157.5000       61.7028866949040        7.983334    
   180.0000       61.8325908576867        7.983334    
   202.5000       61.7585234769081        7.983334    
   225.0000       61.6367913806452        7.983334    
   247.5000       61.5986934852046        7.983334    
   270.0000       61.5913409327342        7.983334    
   292.5000       61.3711978786893        7.983334    
   315.0000       60.7684774422184        7.983334    
   337.5000       59.8356578072271        7.983334    
  0.0000000E+00   58.7618888570982        7.983334    
 
  0.0000000E+00   61.5007113765517        8.266666    
   22.50000       60.8696115805070        8.266666    
   45.00000       60.8360759297791        8.266666    
   67.50000       61.5882131539035        8.266666    
   90.00000       62.8986411812108        8.266666    
   112.5000       64.3260289779189        8.266666    
   135.0000       65.2756287253783        8.266666    
   157.5000       65.6086732585160        8.266666    
   180.0000       65.4501581489907        8.266666    
   202.5000       65.1197644189997        8.266666    
   225.0000       64.7916672428052        8.266666    
   247.5000       64.6015004538860        8.266666    
   270.0000       64.4813255509116        8.266666    
   292.5000       64.1701489510819        8.266666    
   315.0000       63.4804210407405        8.266666    
   337.5000       62.5023130466489        8.266666    
  0.0000000E+00   61.5007113765517        8.266666    
 
  0.0000000E+00   65.3525469901248        8.550000    
   22.50000       64.9511112269333        8.550000    
   45.00000       65.1951154002738        8.550000    
   67.50000       66.2127367181125        8.550000    
   90.00000       67.6833596980655        8.550000    
   112.5000       69.0978440712000        8.550000    
   135.0000       69.8824943009217        8.550000    
   157.5000       69.9976253665672        8.550000    
   180.0000       69.6272099914375        8.550000    
   202.5000       69.1255728539117        8.550000    
   225.0000       68.6619386140853        8.550000    
   247.5000       68.3707520396906        8.550000    
   270.0000       68.1825574581372        8.550000    
   292.5000       67.8368928709217        8.550000    
   315.0000       67.1440857698661        8.550000    
   337.5000       66.2150362963400        8.550000    
  0.0000000E+00   65.3525469901248        8.550000    
 
  0.0000000E+00   70.1205328592807        8.833333    
   22.50000       69.9225639045443        8.833333    
   45.00000       70.3523878976245        8.833333    
   67.50000       71.4821473044223        8.833333    
   90.00000       72.9411158740165        8.833333    
   112.5000       74.2231199353660        8.833333    
   135.0000       74.8252955567850        8.833333    
   157.5000       74.7771116255426        8.833333    
   180.0000       74.2823528720133        8.833333    
   202.5000       73.6953623685694        8.833333    
   225.0000       73.1664650796029        8.833333    
   247.5000       72.8248153618254        8.833333    
   270.0000       72.6070489505016        8.833333    
   292.5000       72.2688327097112        8.833333    
   315.0000       71.6314893040330        8.833333    
   337.5000       70.8123286733373        8.833333    
  0.0000000E+00   70.1205328592807        8.833333    
 
  0.0000000E+00   75.5532323902432        9.116667    
   22.50000       75.5082027948510        9.116667    
   45.00000       76.0244480088017        9.116667    
   67.50000       77.1293489968162        9.116667    
   90.00000       78.4496827574065        9.116667    
   112.5000       79.5321116165092        9.116667    
   135.0000       79.9654897609662        9.116667    
   157.5000       79.8166132436031        9.116667    
   180.0000       79.2820041614596        9.116667    
   202.5000       78.6878202101321        9.116667    
   225.0000       78.1589457059993        9.116667    
   247.5000       77.8140321777515        9.116667    
   270.0000       77.5989163937014        9.116667    
   292.5000       77.2972026680474        9.116667    
   315.0000       76.7510791408710        9.116667    
   337.5000       76.0731623678582        9.116667    
  0.0000000E+00   75.5532323902432        9.116667    
 
  0.0000000E+00   81.4140644060562        9.400000    
   22.50000       81.4586226288975        9.400000    
   45.00000       81.9662985973986        9.400000    
   67.50000       82.9354340645832        9.400000    
   90.00000       84.0326952896661        9.400000    
   112.5000       84.8864369565684        9.400000    
   135.0000       85.1804513289628        9.400000    
   157.5000       84.9919702208009        9.400000    
   180.0000       84.4923397842097        9.400000    
   202.5000       83.9584663276469        9.400000    
   225.0000       83.4876041273126        9.400000    
   247.5000       83.1812332571435        9.400000    
   270.0000       82.9951590648004        9.400000    
   292.5000       82.7488574284433        9.400000    
   315.0000       82.3118455530836        9.400000    
   337.5000       81.7834603364904        9.400000    
  0.0000000E+00   81.4140644060562        9.400000    
 
  0.0000000E+00   87.5108064539417        9.683333    
   22.50000       87.5787751262439        9.683333    
   45.00000       87.9942439054679        9.683333    
   67.50000       88.7433023437976        9.683333    
   90.00000       89.5656887466997        9.683333    
   112.5000       90.1837956468828        9.683333    
   135.0000       90.3723184602020        9.683333    
   157.5000       90.1991664162562        9.683333    
   180.0000       89.7987443458884        9.683333    
   202.5000       89.3818459306013        9.683333    
   225.0000       89.0190574084074        9.683333    
   247.5000       88.7869842817973        9.683333    
   270.0000       88.6512861316095        9.683333    
   292.5000       88.4723055145669        9.683333    
   315.0000       88.1501186525764        9.683333    
   337.5000       87.7641017685524        9.683333    
  0.0000000E+00   87.5108064539417        9.683333    
 
  0.0000000E+00   93.7118378813522        9.966667    
   22.50000       93.7408003480030        9.966667    
   45.00000       93.9930070809131        9.966667    
   67.50000       94.4574036898789        9.966667    
   90.00000       94.9719083555133        9.966667    
   112.5000       95.3569735663695        9.966667    
   135.0000       95.4716690515192        9.966667    
   157.5000       95.3602979926551        9.966667    
   180.0000       95.1126825350795        9.966667    
   202.5000       94.8604057132257        9.966667    
   225.0000       94.6493251835424        9.966667    
   247.5000       94.5230484181557        9.966667    
   270.0000       94.4568188046998        9.966667    
   292.5000       94.3538760455673        9.966667    
   315.0000       94.1461106215932        9.966667    
   337.5000       93.8877529807673        9.966667    
  0.0000000E+00   93.7118378813522        9.966667    
 
  0.0000000E+00   99.9479423811149        10.25000    
   22.50000       99.8827357008072        10.25000    
   45.00000       99.9111611095065        10.25000    
   67.50000       100.037533302504        10.25000    
   90.00000       100.218185179260        10.25000    
   112.5000       100.372357528917        10.25000    
   135.0000       100.438236607267        10.25000    
   157.5000       100.425788026346        10.25000    
   180.0000       100.375250384562        10.25000    
   202.5000       100.328150012414        10.25000    
   225.0000       100.307477418769        10.25000    
   247.5000       100.315895285293        10.25000    
   270.0000       100.338173401907        10.25000    
   292.5000       100.320814359911        10.25000    
   315.0000       100.227317872011        10.25000    
   337.5000       100.082086211901        10.25000    
  0.0000000E+00   99.9479423811149        10.25000    
 
