  0.0000000E+00   158.615343978684     
   22.50000       151.847662635077     
   45.00000       131.261106085660     
   67.50000       116.184355709941     
   90.00000       109.631772658407     
   112.5000       109.476840556646     
   135.0000       112.111238267722     
   157.5000       114.255721944612     
   180.0000       115.953818670109     
   202.5000       122.862635602183     
   225.0000       140.090219754627     
   247.5000       154.187355071029     
   270.0000       161.939155183145     
   292.5000       164.371294062943     
   315.0000       161.263645885854     
   337.5000       156.952179636560     
   360.0000       158.615343978684     
   360.0000       183.323469265462     
   382.5000       179.274365795997     
   405.0000       157.235671818458     
   427.5000       137.554478689533     
   450.0000       127.713773588403     
   472.5000       126.643181244342     
   495.0000       129.984579619972     
   517.5000       132.950913048162     
   540.0000       135.686407263247     
   562.5000       145.423044457928     
   585.0000       162.011095481082     
   607.5000       175.317737339289     
   630.0000       184.723293871294     
   652.5000       189.087019703545     
   675.0000       186.896015383078     
   697.5000       182.386781098759     
   720.0000       183.323469265462     
   720.0000       197.750755288197     
   742.5000       195.811748656786     
   765.0000       181.446528104774     
   787.5000       162.051141597968     
   810.0000       149.065204650225     
   832.5000       144.766522941992     
   855.0000       146.645332556038     
   877.5000       148.699137299834     
   900.0000       151.376762627498     
   922.5000       160.632326202475     
   945.0000       172.424586530900     
   967.5000       183.968127012863     
   990.0000       194.048259301110     
   1012.500       200.773618674943     
   1035.000       201.246496318379     
   1057.500       197.831758943016     
   1080.000       197.750755288197     
   1080.000       208.623968862983     
   1102.500       207.520841055584     
   1125.000       200.355838670390     
   1147.500       188.658317916049     
   1170.000       175.347863207832     
   1192.500       167.350608704137     
   1215.000       165.991446172033     
   1237.500       165.765439065874     
   1260.000       166.554425083801     
   1282.500       171.434608708938     
   1305.000       178.763104218074     
   1327.500       187.883015471619     
   1350.000       197.720837110008     
   1372.500       206.634792231751     
   1395.000       210.851319931444     
   1417.500       209.456504927897     
   1440.000       208.623968862983     
   1440.000       217.077201668763     
   1462.500       215.024988123529     
   1485.000       210.882639185518     
   1507.500       204.605495771808     
   1530.000       196.329336644827     
   1552.500       189.270254813931     
   1575.000       186.145049034120     
   1597.500       183.445202663877     
   1620.000       181.240929283598     
   1642.500       182.058479333009     
   1665.000       185.868532869367     
   1687.500       192.769395675357     
   1710.000       202.047861768754     
   1732.500       212.146296862962     
   1755.000       218.789574344078     
   1777.500       218.865632438799     
   1800.000       217.077201668763     
   1800.000       222.465631128594     
   1822.500       218.299566742165     
   1845.000       214.477668674967     
   1867.500       211.157885298602     
   1890.000       207.692882021965     
   1912.500       204.320307955953     
   1935.000       201.722159971059     
   1957.500       197.629726834087     
   1980.000       193.413629050423     
   2002.500       191.912110410531     
   2025.000       194.120133604725     
   2047.500       200.724674076340     
   2070.000       210.791001016874     
   2092.500       221.568337819873     
   2115.000       227.714065087644     
   2137.500       226.455410662995     
   2160.000       222.465631128594     
   2160.000       223.806551747713     
   2182.500       217.797354008416     
   2205.000       214.374651625515     
   2227.500       213.812088715570     
   2250.000       214.827073082442     
   2272.500       215.091976022855     
   2295.000       212.918286017833     
   2317.500       207.409493699717     
   2340.000       201.769368378960     
   2362.500       199.392406746226     
   2385.000       201.901377061566     
   2407.500       210.055204256396     
   2430.000       221.836669013118     
   2452.500       232.293474964498     
   2475.000       235.408901979507     
   2497.500       230.714304395761     
   2520.000       223.806551747713     
   2520.000       222.613045660753     
   2542.500       215.631726345691     
   2565.000       213.268586984656     
   2587.500       215.645355098969     
   2610.000       220.508822867354     
   2632.500       223.284402934545     
   2655.000       220.890713148807     
   2677.500       213.963438565084     
   2700.000       207.237503634330     
   2722.500       204.614290197414     
   2745.000       208.097389820700     
   2767.500       218.107940845886     
   2790.000       231.192732103461     
   2812.500       240.434356934800     
   2835.000       240.046830826362     
   2857.500       231.975947868341     
   2880.000       222.613045660753     
   2880.000       220.397855228019     
   2902.500       213.021496342437     
   2925.000       211.866086346886     
   2947.500       216.840292501183     
   2970.000       224.721090426795     
   2992.500       229.189401587381     
   3015.000       226.433125299168     
   3037.500       218.317863180121     
   3060.000       210.663740632502     
   3082.500       207.838171279529     
   3105.000       212.100144023520     
   3127.500       223.451427205965     
   3150.000       237.236756720469     
   3172.500       245.208776808138     
   3195.000       242.098400044008     
   3217.500       231.507825651739     
   3240.000       220.397855228019     
   3240.000       217.668488033674     
   3262.500       210.225833193732     
   3285.000       210.168885836320     
   3307.500       217.218241297727     
   3330.000       227.343506692882     
   3352.500       232.966084280712     
   3375.000       229.885609029818     
   3397.500       220.834779603351     
   3420.000       212.389380686267     
   3442.500       209.316069878166     
   3465.000       214.038163825905     
   3487.500       226.193023855145     
   3510.000       240.272748488255     
   3532.500       247.213060164817     
   3555.000       242.224693902990     
   3577.500       229.914420965845     
   3600.000       217.668488033674     
   3600.000       214.597960687548     
   3622.500       207.294005479310     
   3645.000       208.167666658755     
   3667.500       216.773412565584     
   3690.000       228.471011846157     
   3712.500       234.836907631706     
   3735.000       231.483244754426     
   3757.500       221.728982145212     
   3780.000       212.664659989732     
   3802.500       209.353458714689     
   3825.000       214.299522776146     
   3847.500       226.853478747778     
   3870.000       240.957420912225     
   3892.500       247.098758831561     
   3915.000       240.877675155084     
   3937.500       227.482532766973     
   3960.000       214.597960687548     
   3960.000       211.328882744200     
   3982.500       204.297989782999     
   4005.000       205.908444730808     
   4027.500       215.584565376317     
   4050.000       228.272295939028     
   4072.500       235.051876154231     
   4095.000       231.479010359678     
   4117.500       221.247977753388     
   4140.000       211.765002449752     
   4162.500       208.268954804255     
   4185.000       213.272759831642     
   4207.500       225.918636754894     
   4230.000       239.849904226292     
   4252.500       245.379780585344     
   4275.000       238.416738346978     
   4297.500       224.450239366792     
   4320.000       211.328882744200     
   4320.000       208.047032506772     
   4342.500       201.378294536465     
   4365.000       203.521981811759     
   4387.500       213.812937299886     
   4410.000       226.983583194156     
   4432.500       233.912507508566     
   4455.000       230.186129014776     
   4477.500       219.711185237058     
   4500.000       210.024986815133     
   4522.500       206.413002116619     
   4545.000       211.339882092542     
   4567.500       223.820528051784     
   4590.000       237.413045392262     
   4612.500       242.477567290686     
   4635.000       235.168549234395     
   4657.500       221.069117003358     
   4680.000       208.047032506772     
   4680.000       205.048804341575     
   4702.500       198.820516554066     
   4725.000       201.287617511368     
   4747.500       211.740995526895     
   4770.000       224.903689980078     
   4792.500       231.743564088567     
   4815.000       227.957057250085     
   4837.500       217.508030642312     
   4860.000       207.867123770358     
   4882.500       204.224759824749     
   4905.000       208.941047073707     
   4927.500       220.985981790353     
   4950.000       234.054795701400     
   4972.500       238.761489180637     
   4995.000       231.461875222101     
   5017.500       217.650277981716     
   5040.000       205.048804341575     
   5040.000       202.963809998697     
   5062.500       197.296006795126     
   5085.000       199.841602868481     
   5107.500       209.913273313216     
   5130.000       222.495162435271     
   5152.500       228.993651544497     
   5175.000       225.304814457638     
   5197.500       215.262262249457     
   5220.000       206.003027485047     
   5242.500       202.432765024201     
   5265.000       206.738122912067     
   5287.500       217.955130851447     
   5310.000       230.200358493983     
   5332.500       234.610583835730     
   5355.000       227.720352073302     
   5377.500       214.725304999883     
   5400.000       202.963809998697     
   5400.000       203.832378664244     
   5422.500       199.059532519318     
   5445.000       201.294096761578     
   5467.500       210.010223923120     
   5490.000       220.974827056926     
   5512.500       226.707787923165     
   5535.000       223.484060206917     
   5557.500       214.639191340563     
   5580.000       206.417707497579     
   5602.500       203.055822394133     
   5625.000       206.434768762196     
   5647.500       215.882854772172     
   5670.000       226.532866919930     
   5692.500       230.635489191781     
   5715.000       224.924531976868     
   5737.500       213.845149244056     
   5760.000       203.832378664244     
