  0.0000000E+00   150.050790724426     
   22.50000       150.023257226237     
   45.00000       148.958761780135     
   67.50000       150.338582468045     
   90.00000       154.601441074383     
   112.5000       154.943605329652     
   135.0000       150.326313591212     
   157.5000       141.923470254155     
   180.0000       129.280709500583     
   202.5000       120.252247746974     
   225.0000       118.312920028263     
   247.5000       117.534744600865     
   270.0000       121.072114997501     
   292.5000       131.859681366195     
   315.0000       143.366586336184     
   337.5000       148.738471404236     
   360.0000       150.050790724426     
   360.0000       171.080587503613     
   382.5000       172.470052710467     
   405.0000       173.183494988625     
   427.5000       175.538093153074     
   450.0000       181.286868058017     
   472.5000       182.847269360156     
   495.0000       178.426350643452     
   517.5000       169.253835029743     
   540.0000       153.171084971166     
   562.5000       140.696909451085     
   585.0000       137.235604514098     
   607.5000       135.336142543859     
   630.0000       139.721693656213     
   652.5000       153.258704812953     
   675.0000       164.479565642057     
   697.5000       169.398577969750     
   720.0000       171.080587503613     
   720.0000       181.349117887724     
   742.5000       182.984165059084     
   765.0000       184.943935514546     
   787.5000       188.630616590379     
   810.0000       195.397246803236     
   832.5000       199.388426278263     
   855.0000       197.593788689532     
   877.5000       191.359976973845     
   900.0000       177.604808030570     
   922.5000       164.153501799338     
   945.0000       158.597031274561     
   967.5000       154.734266103280     
   990.0000       157.376027954673     
   1012.500       166.599257176173     
   1035.000       175.138970990566     
   1057.500       179.537930352453     
   1080.000       181.349117887724     
   1080.000       189.768002749051     
   1102.500       190.943710175645     
   1125.000       192.918747049242     
   1147.500       196.387354716371     
   1170.000       203.272149858045     
   1192.500       209.982876611741     
   1215.000       211.898720553724     
   1237.500       209.920574622655     
   1260.000       200.533254159485     
   1282.500       187.651174697585     
   1305.000       180.051141573950     
   1327.500       174.564340539937     
   1350.000       173.744301025122     
   1372.500       178.633638454919     
   1395.000       184.641472482933     
   1417.500       188.259601929964     
   1440.000       189.768002749051     
   1440.000       198.352329315065     
   1462.500       198.236127190390     
   1485.000       199.586402631216     
   1507.500       202.816423581401     
   1530.000       209.959003601170     
   1552.500       218.632035781772     
   1575.000       223.108501350553     
   1597.500       223.428654397301     
   1620.000       216.944583235045     
   1642.500       205.302602127701     
   1665.000       196.681263056334     
   1687.500       190.951726874863     
   1710.000       189.157044102513     
   1732.500       191.891261308903     
   1755.000       195.926456476153     
   1777.500       198.118113856297     
   1800.000       198.352329315065     
   1800.000       206.320517404770     
   1822.500       204.528794755296     
   1845.000       205.508515185959     
   1867.500       209.874673287933     
   1890.000       219.056421346426     
   1912.500       229.193066487503     
   1935.000       233.728674211545     
   1957.500       232.541347453391     
   1980.000       224.749499140621     
   2002.500       213.142932941117     
   2025.000       204.913051274706     
   2047.500       201.133453100086     
   2070.000       201.912842773774     
   2092.500       205.662628309426     
   2115.000       208.609118577442     
   2137.500       208.479001883124     
   2160.000       206.320517404770     
   2160.000       211.963502937654     
   2182.500       209.086488856264     
   2205.000       210.840350210169     
   2227.500       217.948032531460     
   2250.000       230.097326512877     
   2272.500       240.431541178370     
   2295.000       242.430503253082     
   2317.500       236.986848272686     
   2340.000       225.863252574125     
   2362.500       214.146146559858     
   2385.000       207.896524456889     
   2407.500       207.940708013572     
   2430.000       212.938201135622     
   2452.500       218.462181104576     
   2475.000       219.950161596802     
   2497.500       216.750451308463     
   2520.000       211.963502937654     
   2520.000       215.491024874139     
   2542.500       212.172941694518     
   2565.000       215.263657283563     
   2587.500       225.254269350125     
   2610.000       239.612582944520     
   2632.500       249.033290241227     
   2655.000       247.735046114334     
   2677.500       237.984795431018     
   2700.000       224.253724933958     
   2722.500       213.117165906465     
   2745.000       209.446074772760     
   2767.500       213.442460928102     
   2790.000       222.107462272690     
   2812.500       228.701206828249     
   2835.000       228.422416090660     
   2857.500       222.358075239062     
   2880.000       215.491024874139     
   2880.000       217.518095553423     
   2902.500       213.932335429950     
   2925.000       218.133104058493     
   2947.500       230.253839041849     
   2970.000       245.889572125039     
   2992.500       254.258619529284     
   3015.000       250.278555931178     
   3037.500       237.362637967838     
   3060.000       222.128502447206     
   3082.500       211.784990439634     
   3105.000       210.313827211248     
   3127.500       217.415318597467     
   3150.000       228.739388520421     
   3172.500       235.948414257461     
   3195.000       234.207778528869     
   3217.500       225.933540762918     
   3240.000       217.518095553423     
   3240.000       218.244572091543     
   3262.500       214.420202375143     
   3285.000       219.359342250367     
   3307.500       232.846428617364     
   3330.000       249.128318954231     
   3352.500       256.636755800929     
   3375.000       250.767326326733     
   3397.500       235.788557075406     
   3420.000       219.816801456602     
   3442.500       210.222932299411     
   3465.000       210.414872867973     
   3487.500       219.751525870767     
   3510.000       232.912079514027     
   3532.500       240.500104808820     
   3555.000       237.686221974290     
   3577.500       227.804423744923     
   3600.000       218.244572091543     
   3600.000       217.794826580456     
   3622.500       213.776942649155     
   3645.000       219.157515065253     
   3667.500       233.419725662910     
   3690.000       249.924763794652     
   3712.500       256.763046414696     
   3735.000       249.646610251516     
   3757.500       233.453921792554     
   3780.000       217.249972783643     
   3802.500       208.334189424397     
   3825.000       209.747564725283     
   3847.500       220.616866733617     
   3870.000       234.969621511869     
   3892.500       242.750334657614     
   3915.000       239.162699282962     
   3937.500       228.157204202183     
   3960.000       217.794826580456     
   3960.000       216.342004794817     
   3982.500       212.197394561260     
   4005.000       217.790476053038     
   4027.500       232.369544665739     
   4050.000       248.791321592902     
   4072.500       255.107814147162     
   4095.000       247.250114215992     
   4117.500       230.491651127709     
   4140.000       214.410959926795     
   4162.500       206.116669953863     
   4185.000       208.397145209294     
   4207.500       220.225278634080     
   4230.000       235.241907214022     
   4252.500       243.050214623353     
   4275.000       238.922492627969     
   4297.500       227.199162434582     
   4320.000       216.342004794817     
   4320.000       214.128960466810     
   4342.500       209.934946429832     
   4365.000       215.548824473123     
   4387.500       230.062425732402     
   4410.000       246.148668677409     
   4432.500       252.051524153548     
   4455.000       243.865704854800     
   4477.500       227.062553226181     
   4500.000       211.387741891595     
   4522.500       203.681740580063     
   4545.000       206.530966562188     
   4567.500       218.821384300235     
   4590.000       234.043179263429     
   4612.500       241.735513093593     
   4635.000       237.264064173995     
   4657.500       225.190234538498     
   4680.000       214.128960466810     
   4680.000       211.487832891046     
   4702.500       207.320759592388     
   4725.000       212.756856534784     
   4747.500       226.825456431471     
   4770.000       242.311301649044     
   4792.500       247.868190479476     
   4815.000       239.726406700968     
   4837.500       223.362631237854     
   4860.000       208.383155299953     
   4882.500       201.274734348405     
   4905.000       204.429497511148     
   4927.500       216.709392086560     
   4950.000       231.693867344223     
   4972.500       239.128106043934     
   4995.000       234.513565058061     
   5017.500       222.458142520389     
   5040.000       211.487832891046     
   5040.000       208.966705179928     
   5062.500       204.913848849563     
   5085.000       209.892958985289     
   5107.500       222.995859511489     
   5130.000       237.478996053115     
   5152.500       242.702179890428     
   5175.000       235.025802974955     
   5197.500       219.705756740645     
   5220.000       205.850766593637     
   5242.500       199.433085373548     
   5265.000       202.608696578892     
   5287.500       214.314428180343     
   5310.000       228.525472283322     
   5332.500       235.535286050579     
   5355.000       231.036400131017     
   5377.500       219.470539023383     
   5400.000       208.966705179928     
   5400.000       208.019549979472     
   5422.500       204.186264143954     
   5445.000       208.050463327871     
   5467.500       219.012896580856     
   5490.000       231.506445418686     
   5512.500       236.288850207211     
   5535.000       229.887481782266     
   5557.500       216.899927251082     
   5580.000       205.214259898014     
   5602.500       199.853802271954     
   5625.000       202.605898723304     
   5647.500       212.696093237087     
   5670.000       225.105135614074     
   5692.500       231.370939064310     
   5715.000       227.497919133299     
   5737.500       217.346021694428     
   5760.000       208.019549979472     
