  0.0000000E+00   158.360789138985     
   22.50000       161.225042891361     
   45.00000       160.743207518563     
   67.50000       145.116799809039     
   90.00000       128.532936785116     
   112.5000       117.790780326018     
   135.0000       113.830340201514     
   157.5000       113.470732115522     
   180.0000       113.925426856610     
   202.5000       116.573090213443     
   225.0000       126.827263529607     
   247.5000       146.850274058698     
   270.0000       161.075132079626     
   292.5000       166.808702919844     
   315.0000       166.908905327519     
   337.5000       162.557295109244     
   360.0000       158.360789138985     
   360.0000       187.436265481933     
   382.5000       189.462092799786     
   405.0000       191.245852559234     
   427.5000       177.039635207882     
   450.0000       156.392929127464     
   472.5000       141.451921729195     
   495.0000       135.642121592107     
   517.5000       134.895658076939     
   540.0000       135.025285329669     
   562.5000       138.620032810987     
   585.0000       152.297840863961     
   607.5000       172.848772066419     
   630.0000       187.168230356438     
   652.5000       194.713359506038     
   675.0000       196.292723479599     
   697.5000       192.196974643708     
   720.0000       187.436265481933     
   720.0000       205.977252939128     
   742.5000       206.482311829370     
   765.0000       208.873484346030     
   787.5000       202.121545403727     
   810.0000       184.275937522599     
   832.5000       166.904496568148     
   855.0000       157.731135064843     
   877.5000       154.941572439228     
   900.0000       153.257921443622     
   922.5000       155.624560236211     
   945.0000       168.090796179563     
   967.5000       184.441296651501     
   990.0000       198.101759702252     
   1012.500       207.426509033646     
   1035.000       211.789740334624     
   1057.500       210.067786584038     
   1080.000       205.977252939128     
   1080.000       219.902868273360     
   1102.500       218.839493506669     
   1125.000       220.332086455896     
   1147.500       218.934253931709     
   1170.000       211.017655289236     
   1192.500       196.015004304422     
   1215.000       183.793050217733     
   1237.500       177.794765040761     
   1260.000       173.041757616159     
   1282.500       171.884341382061     
   1305.000       178.881453890080     
   1327.500       190.133862176313     
   1350.000       202.340297433193     
   1372.500       212.995938852486     
   1395.000       220.540096045103     
   1417.500       222.491931823011     
   1440.000       219.902868273360     
   1440.000       230.207609063288     
   1462.500       227.935459327053     
   1485.000       227.766062712433     
   1507.500       228.293803977971     
   1530.000       226.857992308337     
   1552.500       218.235961903033     
   1575.000       207.048409680517     
   1597.500       199.174165654572     
   1620.000       191.978435440564     
   1642.500       187.506159816811     
   1665.000       189.543362452380     
   1687.500       196.985185265908     
   1710.000       207.588896435308     
   1732.500       218.576546279123     
   1755.000       227.683829790885     
   1777.500       231.755679742434     
   1800.000       230.207609063288     
   1800.000       236.823596745003     
   1822.500       233.220484444777     
   1845.000       231.984841670563     
   1867.500       233.261281906891     
   1890.000       234.528122578717     
   1912.500       229.804969065093     
   1935.000       221.051064901101     
   1957.500       212.951788326589     
   1980.000       204.909613908894     
   2002.500       199.660082122431     
   2025.000       200.393206439906     
   2047.500       207.018475058614     
   2070.000       217.591538108986     
   2092.500       228.683492602317     
   2115.000       237.081810503530     
   2137.500       239.706674880911     
   2160.000       236.823596745003     
   2160.000       239.430695534757     
   2182.500       234.763930068650     
   2205.000       233.560130120386     
   2227.500       235.828385962628     
   2250.000       238.257822702306     
   2272.500       235.434446048484     
   2295.000       228.446938019461     
   2317.500       220.402662099101     
   2340.000       212.485768223461     
   2362.500       208.219208527509     
   2385.000       210.164582311682     
   2407.500       218.186946109295     
   2430.000       229.794288565847     
   2452.500       240.401968978726     
   2475.000       246.044516529157     
   2497.500       244.870847015435     
   2520.000       239.430695534757     
   2520.000       239.318036464202     
   2542.500       234.073916138017     
   2565.000       233.375490359476     
   2587.500       236.699763601430     
   2610.000       240.150029940036     
   2632.500       238.795157009243     
   2655.000       232.921216981814     
   2677.500       224.874670356681     
   2700.000       217.401640087125     
   2722.500       214.411942482784     
   2745.000       217.985741536890     
   2767.500       227.634281143925     
   2790.000       240.020457539937     
   2812.500       249.446256146527     
   2835.000       251.755900287329     
   2857.500       246.875511936200     
   2880.000       239.318036464202     
   2880.000       237.717106189714     
   2902.500       232.124698337227     
   2925.000       231.924604040211     
   2947.500       236.209863780665     
   2970.000       240.850581135480     
   2992.500       240.943446396419     
   3015.000       235.872692224765     
   3037.500       227.810138760589     
   3060.000       220.674248447647     
   3082.500       218.538045897735     
   3105.000       223.232428025259     
   3127.500       233.962402077907     
   3150.000       246.666090474124     
   3172.500       254.821143758159     
   3195.000       254.369981046082     
   3217.500       246.748241126626     
   3240.000       237.717106189714     
   3240.000       235.156895427089     
   3262.500       229.350295405244     
   3285.000       229.571555110783     
   3307.500       234.721234485180     
   3330.000       240.584865982160     
   3352.500       241.989943733251     
   3375.000       237.518111661992     
   3397.500       229.427418270110     
   3420.000       222.446918058502     
   3442.500       220.743098918631     
   3465.000       226.042709335156     
   3487.500       237.352094057304     
   3510.000       250.077970782779     
   3532.500       257.138266653201     
   3555.000       254.651354414881     
   3577.500       245.170989652625     
   3600.000       235.156895427089     
   3600.000       231.933399584620     
   3622.500       226.044759533894     
   3645.000       226.643170723586     
   3667.500       232.552838965495     
   3690.000       239.511575975252     
   3712.500       241.982648789270     
   3735.000       237.935578066811     
   3757.500       229.804427966549     
   3780.000       222.854472359276     
   3802.500       221.308763336461     
   3825.000       226.869930885888     
   3847.500       238.413454949723     
   3870.000       250.982453410003     
   3892.500       257.147028396298     
   3915.000       253.238475397684     
   3937.500       242.555217946024     
   3960.000       231.933399584620     
   3960.000       228.328270527130     
   3982.500       222.482775234664     
   4005.000       223.426445720861     
   4027.500       229.965116932986     
   4050.000       237.800016720368     
   4072.500       241.062563592012     
   4095.000       237.302723523391     
   4117.500       229.125978142218     
   4140.000       222.140400584629     
   4162.500       220.601702798299     
   4185.000       226.207869457816     
   4207.500       237.748556647721     
   4230.000       250.046648214500     
   4252.500       255.498570424103     
   4275.000       250.645656320810     
   4297.500       239.253403623672     
   4320.000       228.328270527130     
   4320.000       224.673730488332     
   4342.500       218.980757450875     
   4365.000       220.233135124587     
   4387.500       227.245124973455     
   4410.000       235.701584339222     
   4432.500       239.494644449722     
   4455.000       235.913142514292     
   4477.500       227.707215397416     
   4500.000       220.675036271762     
   4522.500       219.070204777543     
   4545.000       224.578006026695     
   4567.500       235.939186178278     
   4590.000       247.883926072021     
   4612.500       252.780151053378     
   4635.000       247.358509094400     
   4657.500       235.646429573911     
   4680.000       224.673730488332     
   4680.000       221.402465955282     
   4702.500       215.962684180031     
   4725.000       217.476771229842     
   4747.500       224.784518913486     
   4770.000       233.591174949971     
   4792.500       237.678225104702     
   4815.000       234.207894238746     
   4837.500       226.024740039446     
   4860.000       218.982829155992     
   4882.500       217.281953509214     
   4905.000       222.572629118282     
   4927.500       233.587577878027     
   4950.000       245.092768741740     
   4972.500       249.560329605100     
   4995.000       243.883179788573     
   5017.500       232.186338416309     
   5040.000       221.402465955282     
   5040.000       219.190757243472     
   5062.500       214.131525398250     
   5085.000       215.834700841295     
   5107.500       223.196627451783     
   5130.000       232.037329112581     
   5152.500       236.205202677796     
   5175.000       232.847326006266     
   5197.500       224.824185402131     
   5220.000       217.879698029436     
   5242.500       216.065783173574     
   5265.000       220.962505019920     
   5287.500       231.365804309896     
   5310.000       242.256326841730     
   5332.500       246.382684050666     
   5355.000       240.777019491630     
   5377.500       229.486927914068     
   5400.000       219.190757243472     
   5400.000       219.662290735359     
   5422.500       215.281297465293     
   5445.000       216.994553373971     
   5467.500       223.875390487533     
   5490.000       232.152533078663     
   5512.500       236.137362577061     
   5535.000       233.113505349481     
   5557.500       225.739060735144     
   5580.000       219.245887491397     
   5602.500       217.276277653661     
   5625.000       221.265734463827     
   5647.500       230.265964134551     
   5670.000       239.922502430982     
   5692.500       243.700820643723     
   5715.000       238.778522746963     
   5737.500       228.765331435562     
   5760.000       219.662290735359     
