  0.0000000E+00   159.066460596376     
   22.50000       158.213838805574     
   45.00000       163.971586582907     
   67.50000       159.432323467675     
   90.00000       144.453638894990     
   112.5000       128.172734268854     
   135.0000       117.414231854122     
   157.5000       112.737499522786     
   180.0000       111.161612188209     
   202.5000       111.317331836273     
   225.0000       115.919887627186     
   247.5000       130.957595773167     
   270.0000       152.208629514017     
   292.5000       162.569926174524     
   315.0000       165.430741920927     
   337.5000       163.641493274723     
   360.0000       159.066460596376     
   360.0000       187.903876025515     
   382.5000       186.253844505860     
   405.0000       191.557459987839     
   427.5000       191.817653123457     
   450.0000       176.432282473216     
   472.5000       155.950521358622     
   495.0000       141.149412754502     
   517.5000       134.601414873297     
   540.0000       132.077268070603     
   562.5000       131.406938549807     
   585.0000       137.451528949616     
   607.5000       156.301556993021     
   630.0000       177.140647202219     
   652.5000       188.946398814563     
   675.0000       193.632166838304     
   697.5000       192.761931446638     
   720.0000       187.903876025515     
   720.0000       205.581351144496     
   742.5000       203.497609374895     
   765.0000       207.061185957354     
   787.5000       209.936736845008     
   810.0000       202.483642418359     
   832.5000       184.030919248785     
   855.0000       166.651034184136     
   877.5000       157.178230774555     
   900.0000       152.475627792808     
   922.5000       149.492666643240     
   945.0000       154.011605022883     
   967.5000       170.328411817772     
   990.0000       187.473730935844     
   1012.500       199.853345467886     
   1035.000       206.908548383212     
   1057.500       208.717166373615     
   1080.000       205.581351144496     
   1080.000       218.232155703805     
   1102.500       216.101780738709     
   1125.000       217.442608900217     
   1147.500       220.704065499026     
   1170.000       220.462014601457     
   1192.500       211.796235973645     
   1215.000       195.944812737494     
   1237.500       183.624490481213     
   1260.000       175.977375862807     
   1282.500       169.494667777096     
   1305.000       169.615437270190     
   1327.500       178.845446081540     
   1350.000       191.773617188375     
   1372.500       204.011132534079     
   1395.000       213.281188202165     
   1417.500       218.456510546515     
   1440.000       218.232155703805     
   1440.000       227.495803493314     
   1462.500       225.413814445277     
   1485.000       225.078153005635     
   1507.500       227.446415691266     
   1530.000       230.698709830568     
   1552.500       229.374593420010     
   1575.000       218.679545194060     
   1597.500       206.392830592407     
   1620.000       196.804118467602     
   1642.500       187.959699899451     
   1665.000       184.264868555935     
   1687.500       188.346273120000     
   1710.000       198.053989145529     
   1732.500       209.504212676529     
   1755.000       219.489015064022     
   1777.500       226.125511991660     
   1800.000       227.495803493314     
   1800.000       234.164164975621     
   1822.500       231.076380283534     
   1845.000       230.026303212960     
   1867.500       232.409499495119     
   1890.000       237.236891693445     
   1912.500       238.469556197673     
   1935.000       230.473776347227     
   1957.500       219.145310883652     
   1980.000       208.894191484309     
   2002.500       199.872795114483     
   2025.000       196.024515184535     
   2047.500       199.527600228267     
   2070.000       208.996571946371     
   2092.500       220.268324569697     
   2115.000       229.426468420129     
   2137.500       234.410022918249     
   2160.000       234.164164975621     
   2160.000       237.519526708715     
   2182.500       233.275930935556     
   2205.000       232.567895487577     
   2227.500       236.124548533434     
   2250.000       241.805827748551     
   2272.500       242.751199011530     
   2295.000       235.135792490281     
   2317.500       224.321287463011     
   2340.000       214.174222884663     
   2362.500       206.597916534440     
   2385.000       205.129664603284     
   2407.500       210.977167434170     
   2430.000       222.028922289077     
   2452.500       233.087871041837     
   2475.000       239.858179524527     
   2497.500       240.997320174514     
   2520.000       237.519526708715     
   2520.000       238.163155896590     
   2542.500       233.304387986403     
   2565.000       233.322839536543     
   2587.500       238.097921066606     
   2610.000       244.170729981311     
   2632.500       244.532037718490     
   2655.000       237.032854845041     
   2677.500       226.527897626795     
   2700.000       216.877432449998     
   2722.500       211.146014601628     
   2745.000       212.344999431216     
   2767.500       220.763270298269     
   2790.000       233.202570988757     
   2812.500       243.447300444641     
   2835.000       247.213909469779     
   2857.500       244.391316063830     
   2880.000       238.163155896590     
   2880.000       237.149596119747     
   2902.500       231.949336261105     
   2925.000       232.539812162423     
   2947.500       238.196550235837     
   2970.000       244.627791334077     
   2992.500       245.003666527174     
   3015.000       237.912706177633     
   3037.500       227.675274683129     
   3060.000       218.539754518182     
   3082.500       214.257071206251     
   3105.000       217.404490215004     
   3127.500       227.631096278464     
   3150.000       240.834549927880     
   3172.500       250.076872316903     
   3195.000       251.210757404886     
   3217.500       245.298929522134     
   3240.000       237.149596119747     
   3240.000       235.011167728929     
   3262.500       229.588392403405     
   3285.000       230.559953422774     
   3307.500       236.844996434432     
   3330.000       243.725251287657     
   3352.500       244.541207484553     
   3375.000       237.991752447376     
   3397.500       227.985735249612     
   3420.000       219.256079952763     
   3442.500       215.941641696891     
   3465.000       220.328828891825     
   3487.500       231.647235674423     
   3510.000       245.163115377525     
   3532.500       253.464822943778     
   3555.000       252.553078427963     
   3577.500       244.429294479477     
   3600.000       235.011167728929     
   3600.000       232.060577513587     
   3622.500       226.519392760786     
   3645.000       227.766498136508     
   3667.500       234.526147675483     
   3690.000       241.889580756562     
   3712.500       243.288043077195     
   3735.000       237.259236818588     
   3757.500       227.447790711197     
   3780.000       219.017629101085     
   3802.500       216.315962776088     
   3825.000       221.432862431014     
   3847.500       233.326338952343     
   3870.000       246.858665473997     
   3892.500       254.331628659505     
   3915.000       251.894898690126     
   3937.500       242.273560946426     
   3960.000       232.060577513587     
   3960.000       228.591923184210     
   3982.500       223.039457290238     
   4005.000       224.509333779029     
   4027.500       231.629620645932     
   4050.000       239.431445065492     
   4072.500       241.386325505792     
   4095.000       235.800009719654     
   4117.500       226.163367036297     
   4140.000       217.957510657305     
   4162.500       215.621967023000     
   4185.000       221.111610638842     
   4207.500       233.213564207241     
   4230.000       246.559808155598     
   4252.500       253.320880021828     
   4275.000       249.799705695113     
   4297.500       239.236017655498     
   4320.000       228.591923184210     
   4320.000       224.948275378745     
   4342.500       219.489026567703     
   4365.000       221.148059394468     
   4387.500       228.519645411665     
   4410.000       236.655274145924     
   4432.500       239.063670529453     
   4455.000       233.838751788711     
   4477.500       224.376092427702     
   4500.000       216.354930488800     
   4522.500       214.222964191471     
   4545.000       219.828080264275     
   4567.500       231.861087988980     
   4590.000       244.868479661397     
   4612.500       251.025454914582     
   4635.000       246.789514402879     
   4657.500       235.727662336238     
   4680.000       224.948275378745     
   4680.000       221.571899851803     
   4702.500       216.309086681110     
   4725.000       218.121418110927     
   4747.500       225.617545533930     
   4770.000       233.940638969799     
   4792.500       236.672372456133     
   4815.000       231.753117421341     
   4837.500       222.506785596186     
   4860.000       214.679096112488     
   4882.500       212.646283580968     
   4905.000       218.155808478463     
   4927.500       229.869888534114     
   4950.000       242.390244766941     
   4972.500       248.029808232932     
   4995.000       243.398821307637     
   5017.500       232.221524916683     
   5040.000       221.571899851803     
   5040.000       219.154527038434     
   5062.500       214.214455440791     
   5085.000       216.113413016204     
   5107.500       223.537015061522     
   5130.000       231.833614833271     
   5152.500       234.764360759409     
   5175.000       230.181322262187     
   5197.500       221.302368447714     
   5220.000       213.765980550384     
   5242.500       211.763151258528     
   5265.000       216.924813972679     
   5287.500       227.973950291401     
   5310.000       239.763641835302     
   5332.500       244.924987730846     
   5355.000       240.223290272368     
   5377.500       229.357037933340     
   5400.000       219.154527038434     
   5400.000       219.354001614536     
   5422.500       215.003286716326     
   5445.000       216.784531745229     
   5467.500       223.631901586015     
   5490.000       231.433528490658     
   5512.500       234.459265403466     
   5535.000       230.546388308617     
   5557.500       222.607795452373     
   5580.000       215.766440546008     
   5602.500       213.736355199393     
   5625.000       217.965558922522     
   5647.500       227.449675455971     
   5670.000       237.767177482693     
   5692.500       242.329004049878     
   5715.000       238.105130762053     
   5737.500       228.413536757811     
   5760.000       219.354001614536     
