  0.0000000E+00  0.8690522    
   15.00000      0.8849396    
   30.00000      0.9394538    
   45.00000       1.023552    
   60.00000       1.107525    
   75.00000       1.212186    
   90.00000       1.348311    
   105.0000       1.470958    
   120.0000       1.517361    
   135.0000       1.474413    
   150.0000       1.333248    
   165.0000       1.151417    
   180.0000      0.9903004    
   195.0000      0.8789864    
   210.0000      0.7966313    
   225.0000      0.7482707    
   240.0000      0.7405123    
   255.0000      0.7512937    
   270.0000      0.7540020    
   285.0000      0.7511792    
   300.0000      0.7655019    
   315.0000      0.7984121    
   330.0000      0.8335662    
   345.0000      0.8589289    
   360.0000      0.8690522    
   360.0000      0.8841727    
   375.0000      0.9017761    
   390.0000      0.9576246    
   405.0000       1.039676    
   420.0000       1.119785    
   435.0000       1.223372    
   450.0000       1.357717    
   465.0000       1.448118    
   480.0000       1.471371    
   495.0000       1.428742    
   510.0000       1.328596    
   525.0000       1.164379    
   540.0000       1.000675    
   555.0000      0.8804877    
   570.0000      0.7965724    
   585.0000      0.7442452    
   600.0000      0.7344475    
   615.0000      0.7431569    
   630.0000      0.7453898    
   645.0000      0.7447814    
   660.0000      0.7661352    
   675.0000      0.8043177    
   690.0000      0.8429224    
   705.0000      0.8715382    
   720.0000      0.8841727    
   720.0000      0.8765851    
   735.0000      0.8929902    
   750.0000      0.9397188    
   765.0000       1.015613    
   780.0000       1.105153    
   795.0000       1.206951    
   810.0000       1.314636    
   825.0000       1.397646    
   840.0000       1.425216    
   855.0000       1.390887    
   870.0000       1.303341    
   885.0000       1.183301    
   900.0000       1.042623    
   915.0000      0.9151908    
   930.0000      0.8220581    
   945.0000      0.7667454    
   960.0000      0.7544371    
   975.0000      0.7621598    
   990.0000      0.7635165    
   1005.000      0.7641091    
   1020.000      0.7869892    
   1035.000      0.8276070    
   1050.000      0.8652537    
   1065.000      0.8772736    
   1080.000      0.8765851    
   1080.000      0.8471818    
   1095.000      0.8613952    
   1110.000      0.9039949    
   1125.000      0.9757645    
   1140.000       1.063960    
   1155.000       1.163897    
   1170.000       1.267720    
   1185.000       1.349515    
   1200.000       1.381353    
   1215.000       1.355899    
   1230.000       1.280813    
   1245.000       1.176494    
   1260.000       1.071463    
   1275.000      0.9793118    
   1290.000      0.8847163    
   1305.000      0.8209369    
   1320.000      0.8038908    
   1335.000      0.8085521    
   1350.000      0.8068860    
   1365.000      0.8037907    
   1380.000      0.8233817    
   1395.000      0.8553079    
   1410.000      0.8629310    
   1425.000      0.8508440    
   1440.000      0.8471818    
   1440.000      0.8147216    
   1455.000      0.8255959    
   1470.000      0.8635625    
   1485.000      0.9304401    
   1500.000       1.016173    
   1515.000       1.113104    
   1530.000       1.211959    
   1545.000       1.291274    
   1560.000       1.326583    
   1575.000       1.309956    
   1590.000       1.248586    
   1605.000       1.158676    
   1620.000       1.066901    
   1635.000      0.9936792    
   1650.000      0.9441293    
   1665.000      0.9145339    
   1680.000      0.9033967    
   1695.000      0.9012689    
   1710.000      0.8922994    
   1725.000      0.8756644    
   1740.000      0.8743904    
   1755.000      0.8627409    
   1770.000      0.8392278    
   1785.000      0.8211359    
   1800.000      0.8147216    
   1800.000      0.8038123    
   1815.000      0.8120540    
   1830.000      0.8456326    
   1845.000      0.9086081    
   1860.000      0.9925712    
   1875.000       1.087628    
   1890.000       1.182726    
   1905.000       1.259255    
   1920.000       1.295687    
   1935.000       1.284211    
   1950.000       1.232033    
   1965.000       1.151710    
   1980.000       1.068808    
   1995.000       1.002408    
   2010.000      0.9595156    
   2025.000      0.9377612    
   2040.000      0.9356819    
   2055.000      0.9432040    
   2070.000      0.9439761    
   2085.000      0.9283129    
   2100.000      0.9017209    
   2115.000      0.8701529    
   2130.000      0.8384987    
   2145.000      0.8140336    
   2160.000      0.8038123    
   2160.000      0.8029205    
   2175.000      0.8091461    
   2190.000      0.8400922    
   2205.000      0.9003842    
   2220.000      0.9834844    
   2235.000       1.077976    
   2250.000       1.170975    
   2265.000       1.244779    
   2280.000       1.279853    
   2295.000       1.269655    
   2310.000       1.218115    
   2325.000       1.142115    
   2340.000       1.063787    
   2355.000       1.001607    
   2370.000      0.9632533    
   2385.000      0.9462972    
   2400.000      0.9482575    
   2415.000      0.9591548    
   2430.000      0.9630824    
   2445.000      0.9490028    
   2460.000      0.9200879    
   2475.000      0.8833674    
   2490.000      0.8460211    
   2505.000      0.8165893    
   2520.000      0.8029205    
   2520.000      0.8082446    
   2535.000      0.8128473    
   2550.000      0.8433260    
   2565.000      0.9030928    
   2580.000      0.9866948    
   2595.000       1.082759    
   2610.000       1.175656    
   2625.000       1.247563    
   2640.000       1.278119    
   2655.000       1.261033    
   2670.000       1.204563    
   2685.000       1.125657    
   2700.000       1.046687    
   2715.000      0.9856498    
   2730.000      0.9500886    
   2745.000      0.9375958    
   2760.000      0.9448786    
   2775.000      0.9612151    
   2790.000      0.9706448    
   2805.000      0.9612729    
   2820.000      0.9343770    
   2835.000      0.8967314    
   2850.000      0.8568404    
   2865.000      0.8244637    
   2880.000      0.8082446    
   2880.000      0.8189867    
   2895.000      0.8222497    
   2910.000      0.8528275    
   2925.000      0.9137008    
   2940.000      0.9991163    
   2955.000       1.097250    
   2970.000       1.191665    
   2985.000       1.261066    
   3000.000       1.285058    
   3015.000       1.258056    
   3030.000       1.190750    
   3045.000       1.103359    
   3060.000       1.019819    
   3075.000      0.9577138    
   3090.000      0.9237847    
   3105.000      0.9156977    
   3120.000      0.9297966    
   3135.000      0.9530094    
   3150.000      0.9701883    
   3165.000      0.9684146    
   3180.000      0.9470623    
   3195.000      0.9116672    
   3210.000      0.8714336    
   3225.000      0.8373280    
   3240.000      0.8189867    
   3240.000      0.8328053    
   3255.000      0.8345382    
   3270.000      0.8651822    
   3285.000      0.9270932    
   3300.000       1.014592    
   3315.000       1.115760    
   3330.000       1.211936    
   3345.000       1.278629    
   3360.000       1.294268    
   3375.000       1.254691    
   3390.000       1.173874    
   3405.000       1.076043    
   3420.000      0.9870201    
   3435.000      0.9240182    
   3450.000      0.8927693    
   3465.000      0.8893479    
   3480.000      0.9102024    
   3495.000      0.9419917    
   3510.000      0.9675296    
   3525.000      0.9748689    
   3540.000      0.9609206    
   3555.000      0.9291428    
   3570.000      0.8892633    
   3585.000      0.8535141    
   3600.000      0.8328053    
   3600.000      0.8477818    
   3615.000      0.8475797    
   3630.000      0.8778188    
   3645.000      0.9403327    
   3660.000       1.029673    
   3675.000       1.133546    
   3690.000       1.230845    
   3705.000       1.293931    
   3720.000       1.300327    
   3735.000       1.247748    
   3750.000       1.153834    
   3765.000       1.046993    
   3780.000      0.9546437    
   3795.000      0.8903232    
   3810.000      0.8603044    
   3825.000      0.8623118    
   3840.000      0.8907022    
   3855.000      0.9313732    
   3870.000      0.9670716    
   3885.000      0.9843813    
   3900.000      0.9779683    
   3915.000      0.9495548    
   3930.000      0.9095210    
   3945.000      0.8714367    
   3960.000      0.8477818    
   3960.000      0.8620426    
   3975.000      0.8594070    
   3990.000      0.8886002    
   4005.000      0.9511169    
   4020.000       1.041769    
   4035.000       1.147618    
   4050.000       1.245066    
   4065.000       1.303848    
   4080.000       1.301131    
   4095.000       1.236800    
   4110.000       1.132413    
   4125.000       1.018519    
   4140.000      0.9221176    
   4155.000      0.8587138    
   4170.000      0.8320718    
   4185.000      0.8398547    
   4200.000      0.8757029    
   4215.000      0.9251577    
   4230.000      0.9707370    
   4245.000      0.9978194    
   4260.000      0.9979469    
   4275.000      0.9717820    
   4290.000      0.9305393    
   4305.000      0.8892251    
   4320.000      0.8620426    
   4320.000      0.8744748    
   4335.000      0.8689378    
   4350.000      0.8965083    
   4365.000      0.9585239    
   4380.000       1.049995    
   4395.000       1.157065    
   4410.000       1.253891    
   4425.000       1.308211    
   4440.000       1.297317    
   4455.000       1.223464    
   4470.000       1.109459    
   4485.000      0.9900368    
   4500.000      0.8930093    
   4515.000      0.8316285    
   4530.000      0.8090213    
   4545.000      0.8227355    
   4560.000      0.8658767    
   4575.000      0.9239166    
   4590.000      0.9791762    
   4605.000       1.014888    
   4620.000       1.020146    
   4635.000      0.9948263    
   4650.000      0.9511622    
   4665.000      0.9057294    
   4680.000      0.8744748    
   4680.000      0.8846347    
   4695.000      0.8757643    
   4710.000      0.9012641    
   4725.000      0.9624123    
   4740.000       1.054263    
   4755.000       1.161964    
   4770.000       1.257752    
   4785.000       1.307947    
   4800.000       1.290202    
   4815.000       1.206702    
   4830.000       1.085933    
   4845.000      0.9640683    
   4860.000      0.8677532    
   4875.000      0.8091879    
   4890.000      0.7910154    
   4905.000      0.8106672    
   4920.000      0.8609318    
   4935.000      0.9273314    
   4950.000      0.9918849    
   4965.000       1.035009    
   4980.000       1.043957    
   4995.000       1.018087    
   5010.000      0.9708202    
   5025.000      0.9204482    
   5040.000      0.8846347    
   5040.000      0.8923861    
   5055.000      0.8798214    
   5070.000      0.9029156    
   5085.000      0.9628907    
   5100.000       1.054729    
   5115.000       1.162565    
   5130.000       1.257143    
   5145.000       1.303725    
   5160.000       1.278698    
   5175.000       1.188550    
   5190.000       1.063734    
   5205.000      0.9410774    
   5220.000      0.8464622    
   5235.000      0.7912248    
   5250.000      0.7776656    
   5265.000      0.8031558    
   5280.000      0.8603551    
   5295.000      0.9348259    
   5310.000       1.008121    
   5325.000       1.057567    
   5340.000       1.068856    
   5355.000       1.041139    
   5370.000      0.9892032    
   5385.000      0.9331895    
   5400.000      0.8923861    
   5400.000      0.8976521    
   5415.000      0.8811148    
   5430.000      0.9015430    
   5445.000      0.9600686    
   5460.000       1.051473    
   5475.000       1.159004    
   5490.000       1.252268    
   5505.000       1.294873    
   5520.000       1.264860    
   5535.000       1.170444    
   5550.000       1.043513    
   5565.000      0.9213896    
   5580.000      0.8291696    
   5595.000      0.7775513    
   5610.000      0.7686147    
   5625.000      0.7997559    
   5640.000      0.8636408    
   5655.000      0.9462138    
   5670.000       1.027219    
   5685.000       1.081920    
   5700.000       1.094301    
   5715.000       1.063576    
   5730.000       1.006036    
   5745.000      0.9437990    
   5760.000      0.8976521    
   5760.000      0.9003353    
   5775.000      0.8796423    
   5790.000      0.8972157    
   5805.000      0.9540214    
   5820.000       1.044574    
   5835.000       1.151415    
   5850.000       1.243171    
   5865.000       1.282836    
   5880.000       1.249898    
   5895.000       1.153196    
   5910.000       1.025864    
   5925.000      0.9053134    
   5940.000      0.8159515    
   5955.000      0.7680550    
   5970.000      0.7636095    
   5985.000      0.8001259    
   6000.000      0.8703791    
   6015.000      0.9607064    
   6030.000       1.048549    
   6045.000       1.107431    
   6060.000       1.119723    
   6075.000       1.084927    
   6090.000       1.020991    
   6105.000      0.9520692    
   6120.000      0.9003353    
   6120.000      0.9004541    
   6135.000      0.8755392    
   6150.000      0.8901564    
   6165.000      0.9450272    
   6180.000       1.034392    
   6195.000       1.140290    
   6210.000       1.230600    
   6225.000       1.269002    
   6240.000       1.234851    
   6255.000       1.137728    
   6270.000       1.011450    
   6285.000      0.8932347    
   6300.000      0.8069802    
   6315.000      0.7627360    
   6330.000      0.7625307    
   6345.000      0.8040234    
   6360.000      0.8805321    
   6375.000      0.9775238    
   6390.000       1.071087    
   6405.000       1.132765    
   6420.000       1.143620    
   6435.000       1.104076    
   6450.000       1.033505    
   6465.000      0.9578963    
   6480.000      0.9004541    
   6480.000      0.8979514    
   6495.000      0.8688762    
   6510.000      0.8805219    
   6525.000      0.9333051    
   6540.000       1.021200    
   6555.000       1.125993    
   6570.000       1.215711    
   6585.000       1.253905    
   6600.000       1.220145    
   6615.000       1.124282    
   6630.000       1.000280    
   6645.000      0.8849804    
   6660.000      0.8019254    
   6675.000      0.7611273    
   6690.000      0.7647473    
   6705.000      0.8110425    
   6720.000      0.8931631    
   6735.000      0.9959991    
   6750.000       1.094247    
   6765.000       1.158042    
   6780.000       1.166923    
   6795.000       1.121525    
   6810.000       1.043380    
   6825.000      0.9607270    
   6840.000      0.8979514    
   6840.000      0.8922268    
   6855.000      0.8596056    
   6870.000      0.8685445    
   6885.000      0.9193501    
   6900.000       1.005800    
   6915.000       1.109695    
   6930.000       1.199586    
   6945.000       1.238860    
   6960.000       1.207194    
   6975.000       1.114189    
   6990.000      0.9934769    
   7005.000      0.8814018    
   7020.000      0.8013688    
   7035.000      0.7635471    
   7050.000      0.7707305    
   7065.000      0.8210022    
   7080.000      0.9075650    
   7095.000       1.015072    
   7110.000       1.117056    
   7125.000       1.181447    
   7140.000       1.187028    
   7155.000       1.135306    
   7170.000       1.049677    
   7185.000      0.9602647    
   7200.000      0.8922268    
   7200.000      0.8839793    
   7215.000      0.8483501    
   7230.000      0.8552334    
   7245.000      0.9044186    
   7260.000      0.9896765    
   7275.000       1.093016    
   7290.000       1.183594    
   7305.000       1.225400    
   7320.000       1.197232    
   7335.000       1.108320    
   7350.000      0.9915379    
   7365.000      0.8826553    
   7380.000      0.8053746    
   7395.000      0.7701840    
   7410.000      0.7798371    
   7425.000      0.8328336    
   7440.000      0.9226428    
   7455.000       1.033391    
   7470.000       1.137160    
   7485.000       1.200725    
   7500.000       1.202241    
   7515.000       1.144176    
   7530.000       1.051646    
   7545.000      0.9563767    
   7560.000      0.8839793    
   7560.000      0.8739930    
   7575.000      0.8364022    
   7590.000      0.8419703    
   7605.000      0.8902076    
   7620.000      0.9746463    
   7635.000       1.077765    
   7650.000       1.169372    
   7665.000       1.214073    
   7680.000       1.190707    
   7695.000       1.107090    
   7710.000      0.9949130    
   7725.000      0.8893142    
   7740.000      0.8140649    
   7755.000      0.7802186    
   7770.000      0.7911388    
   7785.000      0.8456142    
   7800.000      0.9369083    
   7815.000       1.048752    
   7830.000       1.152423    
   7845.000       1.213858    
   7860.000       1.210964    
   7875.000       1.147175    
   7890.000       1.049030    
   7905.000      0.9493967    
   7920.000      0.8739930    
   7920.000      0.8638614    
   7935.000      0.8258145    
   7950.000      0.8311232    
   7965.000      0.8791486    
   7980.000      0.9634182    
   7995.000       1.066741    
   8010.000       1.159668    
   8025.000       1.207420    
   8040.000       1.188897    
   8055.000       1.110678    
   8070.000       1.002867    
   8085.000      0.8999207    
   8100.000      0.8258410    
   8115.000      0.7922962    
   8130.000      0.8030624    
   8145.000      0.8570933    
   8160.000      0.9476992    
   8175.000       1.058390    
   8190.000       1.160067    
   8205.000       1.218423    
   8220.000       1.211511    
   8235.000       1.143600    
   8250.000       1.042097    
   8265.000      0.9403600    
   8280.000      0.8638614    
   8280.000      0.8557224    
   8295.000      0.8190500    
   8310.000      0.8254371    
   8325.000      0.8740553    
   8340.000      0.9582241    
   8355.000       1.061143    
   8370.000       1.154266    
   8385.000       1.204281    
   8400.000       1.190304    
   8415.000       1.117637    
   8430.000       1.014297    
   8445.000      0.9135173    
   8460.000      0.8396087    
   8475.000      0.8049896    
   8490.000      0.8139620    
   8505.000      0.8657268    
   8520.000      0.9536083    
   8535.000       1.060983    
   8550.000       1.158971    
   8565.000       1.213706    
   8580.000       1.203732    
   8595.000       1.133923    
   8610.000       1.031920    
   8625.000      0.9309341    
   8640.000      0.8557224    
