  0.0000000E+00  0.8048029    
   15.00000      0.6861071    
   30.00000      0.6181284    
   45.00000      0.6005865    
   60.00000      0.6209167    
   75.00000      0.6566048    
   90.00000      0.6980173    
   105.0000      0.7410482    
   120.0000      0.7783228    
   135.0000      0.8062186    
   150.0000      0.8257037    
   165.0000      0.8542854    
   180.0000      0.9297884    
   195.0000       1.055638    
   210.0000       1.151066    
   225.0000       1.241560    
   240.0000       1.348140    
   255.0000       1.450600    
   270.0000       1.525834    
   285.0000       1.539117    
   300.0000       1.480592    
   315.0000       1.371493    
   330.0000       1.227252    
   345.0000      0.9881784    
   360.0000      0.8048029    
   360.0000      0.8248124    
   375.0000      0.6980199    
   390.0000      0.6283233    
   405.0000      0.6101170    
   420.0000      0.6313990    
   435.0000      0.6677998    
   450.0000      0.7083743    
   465.0000      0.7523201    
   480.0000      0.7951488    
   495.0000      0.8246967    
   510.0000      0.8478386    
   525.0000      0.8872726    
   540.0000      0.9668198    
   555.0000       1.052358    
   570.0000       1.115414    
   585.0000       1.205020    
   600.0000       1.310150    
   615.0000       1.413165    
   630.0000       1.489425    
   645.0000       1.508543    
   660.0000       1.459384    
   675.0000       1.356232    
   690.0000       1.218748    
   705.0000       1.028618    
   720.0000      0.8248124    
   720.0000      0.8580962    
   735.0000      0.7215601    
   750.0000      0.6454977    
   765.0000      0.6275418    
   780.0000      0.6472999    
   795.0000      0.6833341    
   810.0000      0.7260957    
   825.0000      0.7719674    
   840.0000      0.8142774    
   855.0000      0.8471394    
   870.0000      0.8738202    
   885.0000      0.9173312    
   900.0000      0.9825557    
   915.0000       1.016242    
   930.0000       1.075256    
   945.0000       1.161821    
   960.0000       1.265970    
   975.0000       1.370836    
   990.0000       1.451989    
   1005.000       1.479151    
   1020.000       1.438524    
   1035.000       1.343848    
   1050.000       1.213782    
   1065.000       1.066063    
   1080.000      0.8580962    
   1080.000      0.9244718    
   1095.000      0.7692494    
   1110.000      0.6842833    
   1125.000      0.6584390    
   1140.000      0.6753496    
   1155.000      0.7094899    
   1170.000      0.7503805    
   1185.000      0.7923082    
   1200.000      0.8346796    
   1215.000      0.8661498    
   1230.000      0.8931810    
   1245.000      0.9336855    
   1260.000      0.9498059    
   1275.000      0.9772528    
   1290.000       1.031343    
   1305.000       1.114031    
   1320.000       1.216759    
   1335.000       1.323399    
   1350.000       1.409996    
   1365.000       1.446904    
   1380.000       1.418425    
   1395.000       1.332295    
   1410.000       1.210551    
   1425.000       1.077572    
   1440.000      0.9244718    
   1440.000      0.9703971    
   1455.000      0.8626598    
   1470.000      0.7569959    
   1485.000      0.7169062    
   1500.000      0.7225037    
   1515.000      0.7474211    
   1530.000      0.7802550    
   1545.000      0.8160632    
   1560.000      0.8504984    
   1575.000      0.8756027    
   1590.000      0.8986421    
   1605.000      0.9137130    
   1620.000      0.9142898    
   1635.000      0.9359294    
   1650.000      0.9846211    
   1665.000       1.062571    
   1680.000       1.162768    
   1695.000       1.269945    
   1710.000       1.361047    
   1725.000       1.408132    
   1740.000       1.390509    
   1755.000       1.315216    
   1770.000       1.203163    
   1785.000       1.080147    
   1800.000      0.9703971    
   1800.000      0.9715406    
   1815.000      0.8950530    
   1830.000      0.8483920    
   1845.000      0.8109043    
   1860.000      0.7946954    
   1875.000      0.8045942    
   1890.000      0.8255601    
   1905.000      0.8481225    
   1920.000      0.8678436    
   1935.000      0.8834149    
   1950.000      0.8959557    
   1965.000      0.8885418    
   1980.000      0.8833492    
   1995.000      0.8997978    
   2010.000      0.9432610    
   2025.000       1.016217    
   2040.000       1.112954    
   2055.000       1.219148    
   2070.000       1.313163    
   2085.000       1.366596    
   2100.000       1.357580    
   2115.000       1.291533    
   2130.000       1.188237    
   2145.000       1.073546    
   2160.000      0.9715406    
   2160.000      0.9627241    
   2175.000      0.8913747    
   2190.000      0.8500854    
   2205.000      0.8383546    
   2220.000      0.8536733    
   2235.000      0.8791892    
   2250.000      0.8856441    
   2265.000      0.8938419    
   2280.000      0.9002006    
   2295.000      0.9026093    
   2310.000      0.9004805    
   2325.000      0.8776614    
   2340.000      0.8674165    
   2355.000      0.8791808    
   2370.000      0.9183393    
   2385.000      0.9872868    
   2400.000       1.081201    
   2415.000       1.187151    
   2430.000       1.280484    
   2445.000       1.335322    
   2460.000       1.330400    
   2475.000       1.268426    
   2490.000       1.169372    
   2505.000       1.059580    
   2520.000      0.9627241    
   2520.000      0.9438040    
   2535.000      0.8765674    
   2550.000      0.8404629    
   2565.000      0.8345597    
   2580.000      0.8556964    
   2595.000      0.8915532    
   2610.000      0.9275559    
   2625.000      0.9479114    
   2640.000      0.9473862    
   2655.000      0.9373018    
   2670.000      0.9093661    
   2685.000      0.8817937    
   2700.000      0.8677399    
   2715.000      0.8756583    
   2730.000      0.9115908    
   2745.000      0.9780092    
   2760.000       1.069958    
   2775.000       1.173435    
   2790.000       1.265670    
   2805.000       1.318943    
   2820.000       1.312011    
   2835.000       1.247707    
   2850.000       1.147216    
   2865.000       1.038103    
   2880.000      0.9438040    
   2880.000      0.9176779    
   2895.000      0.8547161    
   2910.000      0.8247160    
   2925.000      0.8251583    
   2940.000      0.8548656    
   2955.000      0.8996910    
   2970.000      0.9442946    
   2985.000      0.9733257    
   3000.000      0.9790847    
   3015.000      0.9615844    
   3030.000      0.9297696    
   3045.000      0.8972593    
   3060.000      0.8782051    
   3075.000      0.8820163    
   3090.000      0.9152365    
   3105.000      0.9800168    
   3120.000       1.071116    
   3135.000       1.173871    
   3150.000       1.264156    
   3165.000       1.312925    
   3180.000       1.299392    
   3195.000       1.228000    
   3210.000       1.122065    
   3225.000       1.010857    
   3240.000      0.9176779    
   3240.000      0.8884156    
   3255.000      0.8286526    
   3270.000      0.8044757    
   3285.000      0.8142179    
   3300.000      0.8530767    
   3315.000      0.9083158    
   3330.000      0.9629148    
   3345.000      0.9996582    
   3360.000       1.008989    
   3375.000      0.9904115    
   3390.000      0.9542819    
   3405.000      0.9161427    
   3420.000      0.8915475    
   3435.000      0.8909412    
   3450.000      0.9213092    
   3465.000      0.9843994    
   3480.000       1.074494    
   3495.000       1.176102    
   3510.000       1.263429    
   3525.000       1.305986    
   3540.000       1.284038    
   3555.000       1.204414    
   3570.000       1.093051    
   3585.000      0.9807339    
   3600.000      0.8884156    
   3600.000      0.8590353    
   3615.000      0.8040774    
   3630.000      0.7867765    
   3645.000      0.8053136    
   3660.000      0.8539495    
   3675.000      0.9195457    
   3690.000      0.9840949    
   3705.000       1.028398    
   3720.000       1.040908    
   3735.000       1.020676    
   3750.000      0.9796203    
   3765.000      0.9352523    
   3780.000      0.9046484    
   3795.000      0.8992707    
   3810.000      0.9263744    
   3825.000      0.9872366    
   3840.000       1.075749    
   3855.000       1.175530    
   3870.000       1.259245    
   3885.000       1.295485    
   3900.000       1.266096    
   3915.000       1.180338    
   3930.000       1.063434    
   3945.000      0.9489450    
   3960.000      0.8590353    
   3960.000      0.8345174    
   3975.000      0.7847058    
   3990.000      0.7741146    
   4005.000      0.8006848    
   4020.000      0.8583975    
   4035.000      0.9335102    
   4050.000       1.007121    
   4065.000       1.058026    
   4080.000       1.072746    
   4095.000       1.050075    
   4110.000       1.003496    
   4125.000      0.9524531    
   4140.000      0.9155802    
   4155.000      0.9051877    
   4170.000      0.9286401    
   4185.000      0.9867999    
   4200.000       1.073241    
   4215.000       1.170842    
   4230.000       1.251155    
   4245.000       1.282572    
   4260.000       1.246410    
   4275.000       1.153860    
   4290.000       1.034732    
   4305.000      0.9211335    
   4320.000      0.8345174    
   4320.000      0.8155470    
   4335.000      0.7708281    
   4350.000      0.7664214    
   4365.000      0.8000711    
   4380.000      0.8659410    
   4395.000      0.9495791    
   4410.000       1.031175    
   4425.000       1.087539    
   4440.000       1.103391    
   4455.000       1.077450    
   4470.000       1.024768    
   4485.000      0.9667132    
   4500.000      0.9234137    
   4515.000      0.9078915    
   4530.000      0.9274946    
   4545.000      0.9827490    
   4560.000       1.067045    
   4575.000       1.162731    
   4590.000       1.240390    
   4605.000       1.265915    
   4620.000       1.224939    
   4635.000       1.129584    
   4650.000       1.010014    
   4665.000      0.8984058    
   4680.000      0.8155470    
   4680.000      0.8018035    
   4695.000      0.7618139    
   4710.000      0.7628706    
   4725.000      0.8029351    
   4740.000      0.8758085    
   4755.000      0.9670489    
   4770.000       1.055614    
   4785.000       1.116367    
   4800.000       1.132339    
   4815.000       1.102340    
   4830.000       1.043006    
   4845.000      0.9776549    
   4860.000      0.9278575    
   4875.000      0.9072040    
   4890.000      0.9229487    
   4905.000      0.9753714    
   4920.000       1.057766    
   4935.000       1.151446    
   4950.000       1.225352    
   4965.000       1.248162    
   4980.000       1.204965    
   4995.000       1.108601    
   5010.000      0.9898758    
   5025.000      0.8808503    
   5040.000      0.8018035    
   5040.000      0.7927750    
   5055.000      0.7569420    
   5070.000      0.7626545    
   5085.000      0.8083683    
   5100.000      0.8873181    
   5115.000      0.9852941    
   5130.000       1.079890    
   5145.000       1.144048    
   5160.000       1.159225    
   5175.000       1.124445    
   5190.000       1.057976    
   5205.000      0.9851444    
   5220.000      0.9288821    
   5235.000      0.9032002    
   5250.000      0.9152141    
   5265.000      0.9649829    
   5280.000       1.045285    
   5295.000       1.136580    
   5310.000       1.209229    
   5325.000       1.231002    
   5340.000       1.187375    
   5355.000       1.091467    
   5370.000      0.9744574    
   5385.000      0.8682439    
   5400.000      0.7927750    
   5400.000      0.7880110    
   5415.000      0.7556382    
   5430.000      0.7652935    
   5445.000      0.8157292    
   5460.000      0.8999327    
   5475.000       1.003776    
   5490.000       1.103459    
   5505.000       1.170064    
   5520.000       1.183579    
   5535.000       1.143375    
   5550.000       1.069417    
   5565.000      0.9890724    
   5580.000      0.9265066    
   5595.000      0.8960328    
   5610.000      0.9045427    
   5625.000      0.9518366    
   5640.000       1.029777    
   5655.000       1.120302    
   5670.000       1.192910    
   5685.000       1.215268    
   5700.000       1.172806    
   5715.000       1.078536    
   5730.000      0.9637920    
   5745.000      0.8603457    
   5760.000      0.7880110    
   5760.000      0.7871441    
   5775.000      0.7574434    
   5790.000      0.7704871    
   5805.000      0.8245550    
   5820.000      0.9131603    
   5835.000       1.021932    
   5850.000       1.125686    
   5865.000       1.193745    
   5880.000       1.204765    
   5895.000       1.158604    
   5910.000       1.076995    
   5925.000      0.9893189    
   5940.000      0.9208028    
   5955.000      0.8859381    
   5970.000      0.8913043    
   5985.000      0.9359972    
   6000.000       1.012894    
   6015.000       1.103467    
   6030.000       1.177264    
   6045.000       1.201725    
   6060.000       1.161819    
   6075.000       1.070100    
   6090.000      0.9579073    
   6105.000      0.8569459    
   6120.000      0.7871441    
   6120.000      0.7898211    
   6135.000      0.7622506    
   6150.000      0.7776406    
   6165.000      0.8344680    
   6180.000      0.9264362    
   6195.000       1.038678    
   6210.000       1.145255    
   6225.000       1.213912    
   6240.000       1.222020    
   6255.000       1.169662    
   6270.000       1.080496    
   6285.000      0.9859235    
   6300.000      0.9120532    
   6315.000      0.8733907    
   6330.000      0.8761438    
   6345.000      0.9190794    
   6360.000      0.9955801    
   6375.000       1.087066    
   6390.000       1.163226    
   6405.000       1.191112    
   6420.000       1.154895    
   6435.000       1.066360    
   6450.000      0.9567339    
   6465.000      0.8577971    
   6480.000      0.7898211    
   6480.000      0.7955897    
   6495.000      0.7692244    
   6510.000      0.7858499    
   6525.000      0.8443202    
   6540.000      0.9388157    
   6555.000       1.054181    
   6570.000       1.162691    
   6585.000       1.230617    
   6600.000       1.234662    
   6615.000       1.176091    
   6630.000       1.079950    
   6645.000      0.9791874    
   6660.000      0.9007497    
   6675.000      0.8590304    
   6690.000      0.8598201    
   6705.000      0.9019675    
   6720.000      0.9787093    
   6735.000       1.071894    
   6750.000       1.151387    
   6765.000       1.183765    
   6780.000       1.152100    
   6795.000       1.067148    
   6810.000      0.9598990    
   6825.000      0.8623494    
   6840.000      0.7955897    
   6840.000      0.8042868    
   6855.000      0.7779728    
   6870.000      0.7949489    
   6885.000      0.8544295    
   6900.000      0.9503074    
   6915.000       1.066990    
   6930.000       1.175801    
   6945.000       1.241920    
   6960.000       1.241552    
   6975.000       1.176874    
   6990.000       1.074720    
   7005.000      0.9691913    
   7020.000      0.8874694    
   7035.000      0.8438150    
   7050.000      0.8435872    
   7065.000      0.8858114    
   7080.000      0.9635426    
   7095.000       1.059191    
   7110.000       1.142820    
   7125.000       1.180456    
   7140.000       1.153839    
   7155.000       1.072513    
   7170.000      0.9672198    
   7185.000      0.8707395    
   7200.000      0.8042868    
   7200.000      0.8147683    
   7215.000      0.7876868    
   7230.000      0.8041545    
   7245.000      0.8633363    
   7260.000      0.9591930    
   7275.000       1.075663    
   7290.000       1.183360    
   7305.000       1.246780    
   7320.000       1.242044    
   7335.000       1.172291    
   7350.000       1.065596    
   7365.000      0.9571314    
   7380.000      0.8736907    
   7395.000      0.8293477    
   7410.000      0.8290964    
   7425.000      0.8720323    
   7440.000      0.9516425    
   7455.000       1.050206    
   7470.000       1.138246    
   7485.000       1.181235    
   7500.000       1.159690    
   7515.000       1.082134    
   7530.000      0.9786346    
   7545.000      0.8820370    
   7560.000      0.8147683    
   7560.000      0.8260772    
   7575.000      0.7972698    
   7590.000      0.8121405    
   7605.000      0.8699166    
   7620.000      0.9644132    
   7635.000       1.079170    
   7650.000       1.184452    
   7665.000       1.244612    
   7680.000       1.236112    
   7695.000       1.162945    
   7710.000       1.053924    
   7725.000      0.9444681    
   7740.000      0.8612217    
   7755.000      0.8175295    
   7770.000      0.8182183    
   7785.000      0.8624567    
   7800.000      0.9438874    
   7815.000       1.045546    
   7830.000       1.137956    
   7845.000       1.186254    
   7860.000       1.169582    
   7875.000       1.094903    
   7890.000      0.9921523    
   7905.000      0.8947935    
   7920.000      0.8260772    
   7920.000      0.8362604    
   7935.000      0.8050656    
   7950.000      0.8176057    
   7965.000      0.8730549    
   7980.000      0.9650202    
   7995.000       1.076782    
   8010.000       1.178696    
   8025.000       1.235552    
   8040.000       1.224578    
   8055.000       1.150355    
   8070.000       1.041782    
   8085.000      0.9338477    
   8100.000      0.8525197    
   8115.000      0.8109161    
   8130.000      0.8135577    
   8145.000      0.8596637    
   8160.000      0.9429010    
   8175.000       1.046518    
   8190.000       1.141495    
   8205.000       1.193249    
   8220.000       1.180073    
   8235.000       1.107802    
   8250.000       1.005618    
   8265.000      0.9070875    
   8280.000      0.8362604    
   8280.000      0.8441857    
   8295.000      0.8104303    
   8310.000      0.8201531    
   8325.000      0.8725575    
   8340.000      0.9609833    
   8355.000       1.068650    
   8370.000       1.166430    
   8385.000       1.220209    
   8400.000       1.208356    
   8415.000       1.135902    
   8430.000       1.030995    
   8445.000      0.9274027    
   8460.000      0.8500836    
   8475.000      0.8118294    
   8490.000      0.8170459    
   8505.000      0.8649288    
   8520.000      0.9489534    
   8535.000       1.052677    
   8550.000       1.147606    
   8565.000       1.200116    
   8580.000       1.188688    
   8595.000       1.118193    
   8610.000       1.016560    
   8625.000      0.9170645    
   8640.000      0.8441857    
