  0.0000000E+00  8.3570241E-29   6.000000    
   15.00000      8.2596340E-29   6.000000    
   30.00000      8.3469930E-29   6.000000    
   45.00000      7.9946520E-29   6.000000    
   60.00000      7.5748919E-29   6.000000    
   75.00000      7.2140557E-29   6.000000    
   90.00000      6.8322383E-29   6.000000    
   105.0000      6.4823088E-29   6.000000    
   120.0000      6.0746852E-29   6.000000    
   135.0000      5.6638988E-29   6.000000    
   150.0000      5.2839970E-29   6.000000    
   165.0000      4.9724983E-29   6.000000    
   180.0000      4.7957669E-29   6.000000    
   195.0000      4.8062497E-29   6.000000    
   210.0000      5.0274042E-29   6.000000    
   225.0000      5.4619879E-29   6.000000    
   240.0000      6.3058335E-29   6.000000    
   255.0000      7.5797049E-29   6.000000    
   270.0000      8.2865369E-29   6.000000    
   285.0000      8.7469280E-29   6.000000    
   300.0000      8.9778284E-29   6.000000    
   315.0000      8.9852516E-29   6.000000    
   330.0000      8.8418378E-29   6.000000    
   345.0000      8.6033325E-29   6.000000    
  0.0000000E+00  8.3570241E-29   6.000000    
 
  0.0000000E+00  5.5322807E-29   6.184783    
   15.00000      5.4773556E-29   6.184783    
   30.00000      5.5406778E-29   6.184783    
   45.00000      5.5978737E-29   6.184783    
   60.00000      5.2641106E-29   6.184783    
   75.00000      4.9568321E-29   6.184783    
   90.00000      4.6829700E-29   6.184783    
   105.0000      4.4132137E-29   6.184783    
   120.0000      4.1348762E-29   6.184783    
   135.0000      3.8601318E-29   6.184783    
   150.0000      3.6096110E-29   6.184783    
   165.0000      3.4078337E-29   6.184783    
   180.0000      3.3005071E-29   6.184783    
   195.0000      3.3371810E-29   6.184783    
   210.0000      3.4944973E-29   6.184783    
   225.0000      3.8191001E-29   6.184783    
   240.0000      4.4167171E-29   6.184783    
   255.0000      5.0309160E-29   6.184783    
   270.0000      5.4191745E-29   6.184783    
   285.0000      5.7174938E-29   6.184783    
   300.0000      5.8751119E-29   6.184783    
   315.0000      5.8939722E-29   6.184783    
   330.0000      5.8170620E-29   6.184783    
   345.0000      5.6776427E-29   6.184783    
  0.0000000E+00  5.5322807E-29   6.184783    
 
  0.0000000E+00  3.6769839E-29   6.369565    
   15.00000      3.6459714E-29   6.369565    
   30.00000      3.6918308E-29   6.369565    
   45.00000      3.7638672E-29   6.369565    
   60.00000      3.7240040E-29   6.369565    
   75.00000      3.4891311E-29   6.369565    
   90.00000      3.2802258E-29   6.369565    
   105.0000      3.0936297E-29   6.369565    
   120.0000      2.8958921E-29   6.369565    
   135.0000      2.7030734E-29   6.369565    
   150.0000      2.5287240E-29   6.369565    
   165.0000      2.3903391E-29   6.369565    
   180.0000      2.3185253E-29   6.369565    
   195.0000      2.3483691E-29   6.369565    
   210.0000      2.4744706E-29   6.369565    
   225.0000      2.7100422E-29   6.369565    
   240.0000      3.0851312E-29   6.369565    
   255.0000      3.3443163E-29   6.369565    
   270.0000      3.5909193E-29   6.369565    
   285.0000      3.7853428E-29   6.369565    
   300.0000      3.8896948E-29   6.369565    
   315.0000      3.9032612E-29   6.369565    
   330.0000      3.8541084E-29   6.369565    
   345.0000      3.7661614E-29   6.369565    
  0.0000000E+00  3.6769839E-29   6.369565    
 
  0.0000000E+00  2.4584688E-29   6.554348    
   15.00000      2.4408404E-29   6.554348    
   30.00000      2.4750433E-29   6.554348    
   45.00000      2.5386387E-29   6.554348    
   60.00000      2.5915542E-29   6.554348    
   75.00000      2.5100943E-29   6.554348    
   90.00000      2.3624845E-29   6.554348    
   105.0000      2.2227940E-29   6.554348    
   120.0000      2.0816489E-29   6.554348    
   135.0000      1.9426089E-29   6.554348    
   150.0000      1.8096501E-29   6.554348    
   165.0000      1.7088190E-29   6.554348    
   180.0000      1.6584255E-29   6.554348    
   195.0000      1.6827410E-29   6.554348    
   210.0000      1.7705725E-29   6.554348    
   225.0000      1.9320726E-29   6.554348    
   240.0000      2.0808889E-29   6.554348    
   255.0000      2.2436419E-29   6.554348    
   270.0000      2.4056221E-29   6.554348    
   285.0000      2.5323782E-29   6.554348    
   300.0000      2.6000638E-29   6.554348    
   315.0000      2.6067678E-29   6.554348    
   330.0000      2.5718697E-29   6.554348    
   345.0000      2.5140743E-29   6.554348    
  0.0000000E+00  2.4584688E-29   6.554348    
 
  0.0000000E+00  1.6517311E-29   6.739130    
   15.00000      1.6416580E-29   6.739130    
   30.00000      1.6677976E-29   6.739130    
   45.00000      1.7198324E-29   6.739130    
   60.00000      1.7752772E-29   6.739130    
   75.00000      1.8094991E-29   6.739130    
   90.00000      1.7480195E-29   6.739130    
   105.0000      1.6498774E-29   6.739130    
   120.0000      1.5422170E-29   6.739130    
   135.0000      1.4338509E-29   6.739130    
   150.0000      1.3352549E-29   6.739130    
   165.0000      1.2576512E-29   6.739130    
   180.0000      1.2148948E-29   6.739130    
   195.0000      1.2259064E-29   6.739130    
   210.0000      1.2776120E-29   6.739130    
   225.0000      1.3291035E-29   6.739130    
   240.0000      1.4143887E-29   6.739130    
   255.0000      1.5195524E-29   6.739130    
   270.0000      1.6246427E-29   6.739130    
   285.0000      1.7072119E-29   6.739130    
   300.0000      1.7504476E-29   6.739130    
   315.0000      1.7521447E-29   6.739130    
   330.0000      1.7260061E-29   6.739130    
   345.0000      1.6869129E-29   6.739130    
  0.0000000E+00  1.6517311E-29   6.739130    
 
  0.0000000E+00  1.1203020E-29   6.923913    
   15.00000      1.1139938E-29   6.923913    
   30.00000      1.1336129E-29   6.923913    
   45.00000      1.1730393E-29   6.923913    
   60.00000      1.2203596E-29   6.923913    
   75.00000      1.2594490E-29   6.923913    
   90.00000      1.2725963E-29   6.923913    
   105.0000      1.2479867E-29   6.923913    
   120.0000      1.1765330E-29   6.923913    
   135.0000      1.0919227E-29   6.923913    
   150.0000      1.0134638E-29   6.923913    
   165.0000      9.5077835E-30   6.923913    
   180.0000      9.0779919E-30   6.923913    
   195.0000      8.8221389E-30   6.923913    
   210.0000      8.8578348E-30   6.923913    
   225.0000      9.1736557E-30   6.923913    
   240.0000      9.7326682E-30   6.923913    
   255.0000      1.0432719E-29   6.923913    
   270.0000      1.1122768E-29   6.923913    
   285.0000      1.1665814E-29   6.923913    
   300.0000      1.1939506E-29   6.923913    
   315.0000      1.1924571E-29   6.923913    
   330.0000      1.1718601E-29   6.923913    
   345.0000      1.1438867E-29   6.923913    
  0.0000000E+00  1.1203020E-29   6.923913    
 
  0.0000000E+00  7.7983702E-30   7.108696    
   15.00000      7.7478755E-30   7.108696    
   30.00000      7.8731896E-30   7.108696    
   45.00000      8.1616954E-30   7.108696    
   60.00000      8.5332133E-30   7.108696    
   75.00000      8.8673998E-30   7.108696    
   90.00000      9.0258466E-30   7.108696    
   105.0000      8.9296013E-30   7.108696    
   120.0000      8.5648000E-30   7.108696    
   135.0000      8.0143632E-30   7.108696    
   150.0000      7.4063758E-30   7.108696    
   165.0000      6.8601414E-30   7.108696    
   180.0000      6.4608209E-30   7.108696    
   195.0000      6.2677344E-30   7.108696    
   210.0000      6.2862282E-30   7.108696    
   225.0000      6.5068800E-30   7.108696    
   240.0000      6.8974149E-30   7.108696    
   255.0000      7.3876942E-30   7.108696    
   270.0000      7.8705031E-30   7.108696    
   285.0000      8.2357820E-30   7.108696    
   300.0000      8.4095987E-30   7.108696    
   315.0000      8.3728759E-30   7.108696    
   330.0000      8.1975448E-30   7.108696    
   345.0000      7.9761704E-30   7.108696    
  0.0000000E+00  7.7983702E-30   7.108696    
 
  0.0000000E+00  5.5309793E-30   7.293478    
   15.00000      5.4728579E-30   7.293478    
   30.00000      5.5506445E-30   7.293478    
   45.00000      5.7549322E-30   7.293478    
   60.00000      6.0323835E-30   7.293478    
   75.00000      6.2956017E-30   7.293478    
   90.00000      6.4393769E-30   7.293478    
   105.0000      6.3961683E-30   7.293478    
   120.0000      6.1505953E-30   7.293478    
   135.0000      5.7616481E-30   7.293478    
   150.0000      5.3243499E-30   7.293478    
   165.0000      4.9296475E-30   7.293478    
   180.0000      4.6422311E-30   7.293478    
   195.0000      4.5044928E-30   7.293478    
   210.0000      4.5228637E-30   7.293478    
   225.0000      4.6908157E-30   7.293478    
   240.0000      4.9824831E-30   7.293478    
   255.0000      5.3460994E-30   7.293478    
   270.0000      5.7020812E-30   7.293478    
   285.0000      5.9653637E-30   7.293478    
   300.0000      6.0730665E-30   7.293478    
   315.0000      6.0241501E-30   7.293478    
   330.0000      5.8695544E-30   7.293478    
   345.0000      5.6850725E-30   7.293478    
  0.0000000E+00  5.5309793E-30   7.293478    
 
  0.0000000E+00  3.9607870E-30   7.478261    
   15.00000      3.9001405E-30   7.478261    
   30.00000      3.9435251E-30   7.478261    
   45.00000      4.0843332E-30   7.478261    
   60.00000      4.2860277E-30   7.478261    
   75.00000      4.4853836E-30   7.478261    
   90.00000      4.6044494E-30   7.478261    
   105.0000      4.5890231E-30   7.478261    
   120.0000      4.4237227E-30   7.478261    
   135.0000      4.1502007E-30   7.478261    
   150.0000      3.8375482E-30   7.478261    
   165.0000      3.5544026E-30   7.478261    
   180.0000      3.3503530E-30   7.478261    
   195.0000      3.2563127E-30   7.478261    
   210.0000      3.2786185E-30   7.478261    
   225.0000      3.4134927E-30   7.478261    
   240.0000      3.6410578E-30   7.478261    
   255.0000      3.9216812E-30   7.478261    
   270.0000      4.1934890E-30   7.478261    
   285.0000      4.3900185E-30   7.478261    
   300.0000      4.4626422E-30   7.478261    
   315.0000      4.4067098E-30   7.478261    
   330.0000      4.2653947E-30   7.478261    
   345.0000      4.0977425E-30   7.478261    
  0.0000000E+00  3.9607870E-30   7.478261    
 
  0.0000000E+00  2.8588856E-30   7.663043    
   15.00000      2.7990830E-30   7.663043    
   30.00000      2.8198765E-30   7.663043    
   45.00000      2.9159448E-30   7.663043    
   60.00000      3.0617780E-30   7.663043    
   75.00000      3.2115935E-30   7.663043    
   90.00000      3.3082346E-30   7.663043    
   105.0000      3.3088868E-30   7.663043    
   120.0000      3.1991005E-30   7.663043    
   135.0000      3.0076217E-30   7.663043    
   150.0000      2.7843476E-30   7.663043    
   165.0000      2.5812364E-30   7.663043    
   180.0000      2.4364360E-30   7.663043    
   195.0000      2.3730948E-30   7.663043    
   210.0000      2.3972421E-30   7.663043    
   225.0000      2.5070812E-30   7.663043    
   240.0000      2.6875677E-30   7.663043    
   255.0000      2.9078416E-30   7.663043    
   270.0000      3.1186802E-30   7.663043    
   285.0000      3.2665122E-30   7.663043    
   300.0000      3.3126115E-30   7.663043    
   315.0000      3.2549029E-30   7.663043    
   330.0000      3.1279638E-30   7.663043    
   345.0000      2.9802771E-30   7.663043    
  0.0000000E+00  2.8588856E-30   7.663043    
 
  0.0000000E+00  2.0759629E-30   7.847826    
   15.00000      2.0208236E-30   7.847826    
   30.00000      2.0283469E-30   7.847826    
   45.00000      2.0943614E-30   7.847826    
   60.00000      2.2009290E-30   7.847826    
   75.00000      2.3147895E-30   7.847826    
   90.00000      2.3938779E-30   7.847826    
   105.0000      2.4043223E-30   7.847826    
   120.0000      2.3329162E-30   7.847826    
   135.0000      2.1990334E-30   7.847826    
   150.0000      2.0388955E-30   7.847826    
   165.0000      1.8921632E-30   7.847826    
   180.0000      1.7883177E-30   7.847826    
   195.0000      1.7450942E-30   7.847826    
   210.0000      1.7681049E-30   7.847826    
   225.0000      1.8567360E-30   7.847826    
   240.0000      1.9996297E-30   7.847826    
   255.0000      2.1726100E-30   7.847826    
   270.0000      2.3363620E-30   7.847826    
   285.0000      2.4476879E-30   7.847826    
   300.0000      2.4757387E-30   7.847826    
   315.0000      2.4198804E-30   7.847826    
   330.0000      2.3081804E-30   7.847826    
   345.0000      2.1807672E-30   7.847826    
  0.0000000E+00  2.0759629E-30   7.847826    
 
  0.0000000E+00  1.5152491E-30   8.032609    
   15.00000      1.4672129E-30   8.032609    
   30.00000      1.4680682E-30   8.032609    
   45.00000      1.5147552E-30   8.032609    
   60.00000      1.5946482E-30   8.032609    
   75.00000      1.6835515E-30   8.032609    
   90.00000      1.7491162E-30   8.032609    
   105.0000      1.7635673E-30   8.032609    
   120.0000      1.7180600E-30   8.032609    
   135.0000      1.6239434E-30   8.032609    
   150.0000      1.5078867E-30   8.032609    
   165.0000      1.4004757E-30   8.032609    
   180.0000      1.3246216E-30   8.032609    
   195.0000      1.2942024E-30   8.032609    
   210.0000      1.3142407E-30   8.032609    
   225.0000      1.3847160E-30   8.032609    
   240.0000      1.4970127E-30   8.032609    
   255.0000      1.6321523E-30   8.032609    
   270.0000      1.7587904E-30   8.032609    
   285.0000      1.8422490E-30   8.032609    
   300.0000      1.8580938E-30   8.032609    
   315.0000      1.8065383E-30   8.032609    
   330.0000      1.7105500E-30   8.032609    
   345.0000      1.6032013E-30   8.032609    
  0.0000000E+00  1.5152491E-30   8.032609    
 
  0.0000000E+00  1.1117570E-30   8.217392    
   15.00000      1.0716691E-30   8.217392    
   30.00000      1.0699682E-30   8.217392    
   45.00000      1.1046254E-30   8.217392    
   60.00000      1.1656452E-30   8.217392    
   75.00000      1.2352713E-30   8.217392    
   90.00000      1.2899142E-30   8.217392    
   105.0000      1.3073856E-30   8.217392    
   120.0000      1.2784455E-30   8.217392    
   135.0000      1.2114517E-30   8.217392    
   150.0000      1.1260329E-30   8.217392    
   165.0000      1.0460107E-30   8.217392    
   180.0000      9.8936695E-31   8.217392    
   195.0000      9.6710177E-31   8.217392    
   210.0000      9.8353960E-31   8.217392    
   225.0000      1.0389057E-30   8.217392    
   240.0000      1.1266054E-30   8.217392    
   255.0000      1.2317242E-30   8.217392    
   270.0000      1.3293197E-30   8.217392    
   285.0000      1.3916743E-30   8.217392    
   300.0000      1.3994903E-30   8.217392    
   315.0000      1.3534851E-30   8.217392    
   330.0000      1.2725812E-30   8.217392    
   345.0000      1.1838921E-30   8.217392    
  0.0000000E+00  1.1117570E-30   8.217392    
 
  0.0000000E+00  8.2013395E-31   8.402174    
   15.00000      7.8766914E-31   8.402174    
   30.00000      7.8534030E-31   8.402174    
   45.00000      8.1093923E-31   8.402174    
   60.00000      8.5847199E-31   8.402174    
   75.00000      9.1451664E-31   8.402174    
   90.00000      9.6066514E-31   8.402174    
   105.0000      9.7893392E-31   8.402174    
   120.0000      9.6105334E-31   8.402174    
   135.0000      9.1252253E-31   8.402174    
   150.0000      8.4849853E-31   8.402174    
   165.0000      7.8773276E-31   8.402174    
   180.0000      7.4447471E-31   8.402174    
   195.0000      7.2750678E-31   8.402174    
   210.0000      7.4044342E-31   8.402174    
   225.0000      7.8356925E-31   8.402174    
   240.0000      8.5180045E-31   8.402174    
   255.0000      9.3339367E-31   8.402174    
   270.0000      1.0085174E-30   8.402174    
   285.0000      1.0550526E-30   8.402174    
   300.0000      1.0577793E-30   8.402174    
   315.0000      1.0177327E-30   8.402174    
   330.0000      9.5055749E-31   8.402174    
   345.0000      8.7832167E-31   8.402174    
  0.0000000E+00  8.2013395E-31   8.402174    
 
  0.0000000E+00  6.0831583E-31   8.586957    
   15.00000      5.8240780E-31   8.586957    
   30.00000      5.7986948E-31   8.586957    
   45.00000      5.9997486E-31   8.586957    
   60.00000      6.3790284E-31   8.586957    
   75.00000      6.8353229E-31   8.586957    
   90.00000      7.2249428E-31   8.586957    
   105.0000      7.4009768E-31   8.586957    
   120.0000      7.2932372E-31   8.586957    
   135.0000      6.9345459E-31   8.586957    
   150.0000      6.4456625E-31   8.586957    
   165.0000      5.9756401E-31   8.586957    
   180.0000      5.6385394E-31   8.586957    
   195.0000      5.5045396E-31   8.586957    
   210.0000      5.6032186E-31   8.586957    
   225.0000      5.9370947E-31   8.586957    
   240.0000      6.4667725E-31   8.586957    
   255.0000      7.0995966E-31   8.586957    
   270.0000      7.6780310E-31   8.586957    
   285.0000      8.0256350E-31   8.586957    
   300.0000      8.0225176E-31   8.586957    
   315.0000      7.6806434E-31   8.586957    
   330.0000      7.1293290E-31   8.586957    
   345.0000      6.5470705E-31   8.586957    
  0.0000000E+00  6.0831583E-31   8.586957    
 
  0.0000000E+00  4.5370226E-31   8.771739    
   15.00000      4.3314254E-31   8.771739    
   30.00000      4.3134516E-31   8.771739    
   45.00000      4.4756204E-31   8.771739    
   60.00000      4.7822971E-31   8.771739    
   75.00000      5.1564188E-31   8.771739    
   90.00000      5.4844457E-31   8.771739    
   105.0000      5.6480736E-31   8.771739    
   120.0000      5.5827133E-31   8.771739    
   135.0000      5.3119518E-31   8.771739    
   150.0000      4.9319873E-31   8.771739    
   165.0000      4.5624500E-31   8.771739    
   180.0000      4.2952140E-31   8.771739    
   195.0000      4.1863872E-31   8.771739    
   210.0000      4.2596878E-31   8.771739    
   225.0000      4.5170096E-31   8.771739    
   240.0000      4.9276197E-31   8.771739    
   255.0000      5.4184619E-31   8.771739    
   270.0000      5.8643913E-31   8.771739    
   285.0000      6.1247398E-31   8.771739    
   300.0000      6.1050907E-31   8.771739    
   315.0000      5.8178939E-31   8.771739    
   330.0000      5.3696714E-31   8.771739    
   345.0000      4.9040660E-31   8.771739    
  0.0000000E+00  4.5370226E-31   8.771739    
 
  0.0000000E+00  3.4027195E-31   8.956522    
   15.00000      3.2438580E-31   8.956522    
   30.00000      3.2335437E-31   8.956522    
   45.00000      3.3666805E-31   8.956522    
   60.00000      3.6167201E-31   8.956522    
   75.00000      3.9245036E-31   8.956522    
   90.00000      4.1994413E-31   8.956522    
   105.0000      4.3464849E-31   8.956522    
   120.0000      4.3066328E-31   8.956522    
   135.0000      4.0978904E-31   8.956522    
   150.0000      3.7978868E-31   8.956522    
   165.0000      3.5033507E-31   8.956522    
   180.0000      3.2886117E-31   8.956522    
   195.0000      3.1984512E-31   8.956522    
   210.0000      3.2515953E-31   8.956522    
   225.0000      3.4492458E-31   8.956522    
   240.0000      3.7673860E-31   8.956522    
   255.0000      4.1483379E-31   8.956522    
   270.0000      4.4927958E-31   8.956522    
   285.0000      4.6887131E-31   8.956522    
   300.0000      4.6616570E-31   8.956522    
   315.0000      4.4237144E-31   8.956522    
   330.0000      4.0622800E-31   8.956522    
   345.0000      3.6922687E-31   8.956522    
  0.0000000E+00  3.4027195E-31   8.956522    
 
  0.0000000E+00  2.5692065E-31   9.141304    
   15.00000      2.4475664E-31   9.141304    
   30.00000      2.4436452E-31   9.141304    
   45.00000      2.5540191E-31   9.141304    
   60.00000      2.7587423E-31   9.141304    
   75.00000      3.0119854E-31   9.141304    
   90.00000      3.2429745E-31   9.141304    
   105.0000      3.3701870E-31   9.141304    
   120.0000      3.3449096E-31   9.141304    
   135.0000      3.1806973E-31   9.141304    
   150.0000      2.9408950E-31   9.141304    
   165.0000      2.7037108E-31   9.141304    
   180.0000      2.5294645E-31   9.141304    
   195.0000      2.4538783E-31   9.141304    
   210.0000      2.4915708E-31   9.141304    
   225.0000      2.6431169E-31   9.141304    
   240.0000      2.8896863E-31   9.141304    
   255.0000      3.1857528E-31   9.141304    
   270.0000      3.4526272E-31   9.141304    
   285.0000      3.6010183E-31   9.141304    
   300.0000      3.5722907E-31   9.141304    
   315.0000      3.3775571E-31   9.141304    
   330.0000      3.0880846E-31   9.141304    
   345.0000      2.7955296E-31   9.141304    
  0.0000000E+00  2.5692065E-31   9.141304    
 
  0.0000000E+00  1.9536418E-31   9.326087    
   15.00000      1.8615764E-31   9.326087    
   30.00000      1.8621373E-31   9.326087    
   45.00000      1.9536737E-31   9.326087    
   60.00000      2.1221658E-31   9.326087    
   75.00000      2.3314804E-31   9.326087    
   90.00000      2.5231398E-31   9.326087    
   105.0000      2.6306492E-31   9.326087    
   120.0000      2.6136271E-31   9.326087    
   135.0000      2.4819696E-31   9.326087    
   150.0000      2.2875830E-31   9.326087    
   165.0000      2.0952183E-31   9.326087    
   180.0000      1.9532518E-31   9.326087    
   195.0000      1.8898956E-31   9.326087    
   210.0000      1.9164288E-31   9.326087    
   225.0000      2.0329982E-31   9.326087    
   240.0000      2.2248323E-31   9.326087    
   255.0000      2.4557394E-31   9.326087    
   270.0000      2.6631699E-31   9.326087    
   285.0000      2.7763216E-31   9.326087    
   300.0000      2.7489556E-31   9.326087    
   315.0000      2.5909555E-31   9.326087    
   330.0000      2.3601533E-31   9.326087    
   345.0000      2.1294696E-31   9.326087    
  0.0000000E+00  1.9536418E-31   9.326087    
 
  0.0000000E+00  1.4987142E-31   9.510870    
   15.00000      1.4286319E-31   9.510870    
   30.00000      1.4327337E-31   9.510870    
   45.00000      1.5096287E-31   9.510870    
   60.00000      1.6478679E-31   9.510870    
   75.00000      1.8194825E-31   9.510870    
   90.00000      1.9771909E-31   9.510870    
   105.0000      2.0665071E-31   9.510870    
   120.0000      2.0538576E-31   9.510870    
   135.0000      1.9473911E-31   9.510870    
   150.0000      1.7894393E-31   9.510870    
   165.0000      1.6324548E-31   9.510870    
   180.0000      1.5161084E-31   9.510870    
   195.0000      1.4627302E-31   9.510870    
   210.0000      1.4809435E-31   9.510870    
   225.0000      1.5705393E-31   9.510870    
   240.0000      1.7198928E-31   9.510870    
   255.0000      1.9006392E-31   9.510870    
   270.0000      2.0633405E-31   9.510870    
   285.0000      2.1509219E-31   9.510870    
   300.0000      2.1271031E-31   9.510870    
   315.0000      2.0002682E-31   9.510870    
   330.0000      1.8171363E-31   9.510870    
   345.0000      1.6356712E-31   9.510870    
  0.0000000E+00  1.4987142E-31   9.510870    
 
  0.0000000E+00  1.1640253E-31   9.695652    
   15.00000      1.1105492E-31   9.695652    
   30.00000      1.1161961E-31   9.695652    
   45.00000      1.1800379E-31   9.695652    
   60.00000      1.2931642E-31   9.695652    
   75.00000      1.4333372E-31   9.695652    
   90.00000      1.5623207E-31   9.695652    
   105.0000      1.6358150E-31   9.695652    
   120.0000      1.6257549E-31   9.695652    
   135.0000      1.5383802E-31   9.695652    
   150.0000      1.4089295E-31   9.695652    
   165.0000      1.2803571E-31   9.695652    
   180.0000      1.1848684E-31   9.695652    
   195.0000      1.1401193E-31   9.695652    
   210.0000      1.1526931E-31   9.695652    
   225.0000      1.2221695E-31   9.695652    
   240.0000      1.3393590E-31   9.695652    
   255.0000      1.4817765E-31   9.695652    
   270.0000      1.6102172E-31   9.695652    
   285.0000      1.6794048E-31   9.695652    
   300.0000      1.6599716E-31   9.695652    
   315.0000      1.5588177E-31   9.695652    
   330.0000      1.4137544E-31   9.695652    
   345.0000      1.2709118E-31   9.695652    
  0.0000000E+00  1.1640253E-31   9.695652    
 
  0.0000000E+00  9.2018709E-32   9.880435    
   15.00000      8.7878806E-32   9.880435    
   30.00000      8.8485960E-32   9.880435    
   45.00000      9.3789497E-32   9.880435    
   60.00000      1.0307242E-31   9.880435    
   75.00000      1.1454809E-31   9.880435    
   90.00000      1.2509819E-31   9.880435    
   105.0000      1.3107485E-31   9.880435    
   120.0000      1.3017718E-31   9.880435    
   135.0000      1.2292288E-31   9.880435    
   150.0000      1.1223143E-31   9.880435    
   165.0000      1.0163672E-31   9.880435    
   180.0000      9.3765352E-32   9.880435    
   195.0000      9.0023001E-32   9.880435    
   210.0000      9.0915237E-32   9.880435    
   225.0000      9.6389150E-32   9.880435    
   240.0000      1.0570984E-31   9.880435    
   255.0000      1.1707809E-31   9.880435    
   270.0000      1.2735470E-31   9.880435    
   285.0000      1.3289417E-31   9.880435    
   300.0000      1.3135503E-31   9.880435    
   315.0000      1.2329960E-31   9.880435    
   330.0000      1.1176636E-31   9.880435    
   345.0000      1.0044747E-31   9.880435    
  0.0000000E+00  9.2018709E-32   9.880435    
 
  0.0000000E+00  7.4696424E-32   10.06522    
   15.00000      7.1422079E-32   10.06522    
   30.00000      7.2020552E-32   10.06522    
   45.00000      7.6439247E-32   10.06522    
   60.00000      8.4100355E-32   10.06522    
   75.00000      9.3540133E-32   10.06522    
   90.00000      1.0219488E-31   10.06522    
   105.0000      1.0705551E-31   10.06522    
   120.0000      1.0621910E-31   10.06522    
   135.0000      1.0011280E-31   10.06522    
   150.0000      9.1176308E-32   10.06522    
   165.0000      8.2348399E-32   10.06522    
   180.0000      7.5797992E-32   10.06522    
   195.0000      7.2663454E-32   10.06522    
   210.0000      7.3342172E-32   10.06522    
   225.0000      7.7778488E-32   10.06522    
   240.0000      8.5373545E-32   10.06522    
   255.0000      9.4654702E-32   10.06522    
   270.0000      1.0306647E-31   10.06522    
   285.0000      1.0762735E-31   10.06522    
   300.0000      1.0642759E-31   10.06522    
   315.0000      9.9925436E-32   10.06522    
   330.0000      9.0604037E-32   10.06522    
   345.0000      8.1465461E-32   10.06522    
  0.0000000E+00  7.4696424E-32   10.06522    
 
  0.0000000E+00  6.2701116E-32   10.25000    
   15.00000      6.0013583E-32   10.25000    
   30.00000      6.0549973E-32   10.25000    
   45.00000      6.4261796E-32   10.25000    
   60.00000      7.0662128E-32   10.25000    
   75.00000      7.8528465E-32   10.25000    
   90.00000      8.5722479E-32   10.25000    
   105.0000      8.9726401E-32   10.25000    
   120.0000      8.8929598E-32   10.25000    
   135.0000      8.3695586E-32   10.25000    
   150.0000      7.6092500E-32   10.25000    
   165.0000      6.8606817E-32   10.25000    
   180.0000      6.3065166E-32   10.25000    
   195.0000      6.0413974E-32   10.25000    
   210.0000      6.0975266E-32   10.25000    
   225.0000      6.4692691E-32   10.25000    
   240.0000      7.1062654E-32   10.25000    
   255.0000      7.8852038E-32   10.25000    
   270.0000      8.5926509E-32   10.25000    
   285.0000      8.9794691E-32   10.25000    
   300.0000      8.8868913E-32   10.25000    
   315.0000      8.3528577E-32   10.25000    
   330.0000      7.5840157E-32   10.25000    
   345.0000      6.8290385E-32   10.25000    
  0.0000000E+00  6.2701116E-32   10.25000    
 
