  0.0000000E+00   71.2253331024547        6.000000    
   22.50000       66.0638427444023        6.000000    
   45.00000       62.9282523085666        6.000000    
   67.50000       62.4751032551564        6.000000    
   90.00000       64.2500885494778        6.000000    
   112.5000       66.9483143567302        6.000000    
   135.0000       69.1630584264353        6.000000    
   157.5000       70.6226700749558        6.000000    
   180.0000       72.4475543348478        6.000000    
   202.5000       75.6270183327197        6.000000    
   225.0000       76.7093334264222        6.000000    
   247.5000       76.0967627390995        6.000000    
   270.0000       75.6535137014281        6.000000    
   292.5000       75.2108678278819        6.000000    
   315.0000       74.3149198815404        6.000000    
   337.5000       73.8387412155919        6.000000    
  0.0000000E+00   71.2253331024547        6.000000    
 
  0.0000000E+00   73.5560713064878        6.283333    
   22.50000       67.7713335489122        6.283333    
   45.00000       63.5003035026953        6.283333    
   67.50000       62.3625214963063        6.283333    
   90.00000       64.1935431131958        6.283333    
   112.5000       67.6927153984346        6.283333    
   135.0000       70.7391415508972        6.283333    
   157.5000       73.2540123008407        6.283333    
   180.0000       76.5971008781929        6.283333    
   202.5000       79.7988947342198        6.283333    
   225.0000       79.8816887498595        6.283333    
   247.5000       78.6921735099268        6.283333    
   270.0000       77.8099283366330        6.283333    
   292.5000       77.1786148887565        6.283333    
   315.0000       76.1767334607078        6.283333    
   337.5000       75.5584894407649        6.283333    
  0.0000000E+00   73.5560713064878        6.283333    
 
  0.0000000E+00   74.9278441958562        6.566667    
   22.50000       71.1411608830719        6.566667    
   45.00000       67.1244222677300        6.566667    
   67.50000       65.2255736798751        6.566667    
   90.00000       66.1238115152526        6.566667    
   112.5000       69.1008642208971        6.566667    
   135.0000       72.1336272054160        6.566667    
   157.5000       75.0864444374637        6.566667    
   180.0000       78.9658852915172        6.566667    
   202.5000       81.2911642985116        6.566667    
   225.0000       81.3432557538327        6.566667    
   247.5000       80.1331545598563        6.566667    
   270.0000       78.9611284038953        6.566667    
   292.5000       78.1157613524453        6.566667    
   315.0000       77.0469329592193        6.566667    
   337.5000       76.3221158599246        6.566667    
  0.0000000E+00   74.9278441958562        6.566667    
 
  0.0000000E+00   75.7014755375951        6.850000    
   22.50000       73.4841244550777        6.850000    
   45.00000       71.1465460761894        6.850000    
   67.50000       68.9990424098814        6.850000    
   90.00000       68.7992296765364        6.850000    
   112.5000       70.7356114604251        6.850000    
   135.0000       73.2750076711801        6.850000    
   157.5000       76.0774804973252        6.850000    
   180.0000       79.3075695280453        6.850000    
   202.5000       81.3521641749352        6.850000    
   225.0000       81.8292983340756        6.850000    
   247.5000       81.0208924870456        6.850000    
   270.0000       79.8089278816613        6.850000    
   292.5000       78.8086927409348        6.850000    
   315.0000       77.6375327244857        6.850000    
   337.5000       76.7951874552154        6.850000    
  0.0000000E+00   75.7014755375951        6.850000    
 
  0.0000000E+00   75.7848434621629        7.133333    
   22.50000       74.1934069887487        7.133333    
   45.00000       72.6233009907474        7.133333    
   67.50000       71.2695006001765        7.133333    
   90.00000       71.2030121027653        7.133333    
   112.5000       72.7567966661581        7.133333    
   135.0000       74.9232147905924        7.133333    
   157.5000       77.1800487980349        7.133333    
   180.0000       79.4641084283778        7.133333    
   202.5000       81.0033875492147        7.133333    
   225.0000       81.5046553552695        7.133333    
   247.5000       80.9626998971108        7.133333    
   270.0000       79.8931052904859        7.133333    
   292.5000       78.9300578825997        7.133333    
   315.0000       77.7848176893403        7.133333    
   337.5000       76.8529087647000        7.133333    
  0.0000000E+00   75.7848434621629        7.133333    
 
  0.0000000E+00   75.1095142509344        7.416667    
   22.50000       73.7768493966013        7.416667    
   45.00000       72.7314104004457        7.416667    
   67.50000       72.2005156874405        7.416667    
   90.00000       72.9126973475420        7.416667    
   112.5000       74.8162778108433        7.416667    
   135.0000       76.8812805787376        7.416667    
   157.5000       78.6253159477028        7.416667    
   180.0000       79.9499278239109        7.416667    
   202.5000       80.5934684202592        7.416667    
   225.0000       80.5443468479928        7.416667    
   247.5000       79.8675870838005        7.416667    
   270.0000       78.9593451960687        7.416667    
   292.5000       78.2004405237667        7.416667    
   315.0000       77.2346743127640        7.416667    
   337.5000       76.2800131821903        7.416667    
  0.0000000E+00   75.1095142509344        7.416667    
 
  0.0000000E+00   74.1604387537870        7.700000    
   22.50000       73.1296418357303        7.700000    
   45.00000       72.6911826236206        7.700000    
   67.50000       73.1019433787927        7.700000    
   90.00000       74.7286650330702        7.700000    
   112.5000       76.9655592609100        7.700000    
   135.0000       78.7277365003044        7.700000    
   157.5000       79.6967916938070        7.700000    
   180.0000       79.9555868637625        7.700000    
   202.5000       79.6443726152106        7.700000    
   225.0000       78.9937022420129        7.700000    
   247.5000       78.1961126127912        7.700000    
   270.0000       77.5699679546848        7.700000    
   292.5000       77.1174642161885        7.700000    
   315.0000       76.3466041189281        7.700000    
   337.5000       75.3634883046601        7.700000    
  0.0000000E+00   74.1604387537870        7.700000    
 
  0.0000000E+00   73.5055663506535        7.983334    
   22.50000       72.8442039386519        7.983334    
   45.00000       72.9950435681873        7.983334    
   67.50000       74.1730888843973        7.983334    
   90.00000       76.3690740669706        7.983334    
   112.5000       78.6040755749403        7.983334    
   135.0000       79.8543954163676        7.983334    
   157.5000       79.9930489691687        7.983334    
   180.0000       79.3524905989330        7.983334    
   202.5000       78.3539295415034        7.983334    
   225.0000       77.3581965361476        7.983334    
   247.5000       76.6305223365673        7.983334    
   270.0000       76.3636342806037        7.983334    
   292.5000       76.2190189999803        7.983334    
   315.0000       75.6032577806929        7.983334    
   337.5000       74.6161586264347        7.983334    
  0.0000000E+00   73.5055663506535        7.983334    
 
  0.0000000E+00   73.3208865482515        8.266666    
   22.50000       72.9868076899150        8.266666    
   45.00000       73.5662263948740        8.266666    
   67.50000       75.2023770352067        8.266666    
   90.00000       77.6116234974661        8.266666    
   112.5000       79.6607438422478        8.266666    
   135.0000       80.4145193586532        8.266666    
   157.5000       79.8908389030710        8.266666    
   180.0000       78.6307010110333        8.266666    
   202.5000       77.2206641023708        8.266666    
   225.0000       76.0812113637946        8.266666    
   247.5000       75.5092386588657        8.266666    
   270.0000       75.5726596780187        8.266666    
   292.5000       75.6923928935968        8.266666    
   315.0000       75.2147494558820        8.266666    
   337.5000       74.2749212994880        8.266666    
  0.0000000E+00   73.3208865482515        8.266666    
 
  0.0000000E+00   73.6327689615382        8.550000    
   22.50000       73.5449839485287        8.550000    
   45.00000       74.3859102745400        8.550000    
   67.50000       76.2337609022513        8.550000    
   90.00000       78.6450264518299        8.550000    
   112.5000       80.4605765855716        8.550000    
   135.0000       80.8186659683790        8.550000    
   157.5000       79.8342485014430        8.550000    
   180.0000       78.1911500494029        8.550000    
   202.5000       76.5607808393821        8.550000    
   225.0000       75.3872951534460        8.550000    
   247.5000       74.9785420267629        8.550000    
   270.0000       75.3033812951175        8.550000    
   292.5000       75.6310355512856        8.550000    
   315.0000       75.2787419423972        8.550000    
   337.5000       74.4208458615885        8.550000    
  0.0000000E+00   73.6327689615382        8.550000    
 
  0.0000000E+00   74.5372599403193        8.833333    
   22.50000       74.6205988352577        8.833333    
   45.00000       75.5976397315694        8.833333    
   67.50000       77.4987635023165        8.833333    
   90.00000       79.8043377780109        8.833333    
   112.5000       81.3915722963793        8.833333    
   135.0000       81.4584396086829        8.833333    
   157.5000       80.1825474261653        8.833333    
   180.0000       78.3309087687370        8.833333    
   202.5000       76.6072213562163        8.833333    
   225.0000       75.4588368447869        8.833333    
   247.5000       75.1922365447774        8.833333    
   270.0000       75.7047430067228        8.833333    
   292.5000       76.1815934688049        8.833333    
   315.0000       75.9363545362439        8.833333    
   337.5000       75.1741453772340        8.833333    
  0.0000000E+00   74.5372599403193        8.833333    
 
  0.0000000E+00   76.2806155625232        9.116667    
   22.50000       76.4750287808890        9.116667    
   45.00000       77.5013735987549        9.116667    
   67.50000       79.3582647637779        9.116667    
   90.00000       81.5044007302446        9.116667    
   112.5000       82.8836349737028        9.116667    
   135.0000       82.7488610898611        9.116667    
   157.5000       81.3149720221650        9.116667    
   180.0000       79.3833363802714        9.116667    
   202.5000       77.6546689308980        9.116667    
   225.0000       76.5655045407290        9.116667    
   247.5000       76.4119485253224        9.116667    
   270.0000       77.0438945099667        9.116667    
   292.5000       77.6144974211565        9.116667    
   315.0000       77.4547181467199        9.116667    
   337.5000       76.7887823821078        9.116667    
  0.0000000E+00   76.2806155625232        9.116667    
 
  0.0000000E+00   79.3784976599231        9.400000    
   22.50000       79.6369331678026        9.400000    
   45.00000       80.6514724249317        9.400000    
   67.50000       82.4015946606109        9.400000    
   90.00000       84.3584817092227        9.400000    
   112.5000       85.5507593650640        9.400000    
   135.0000       85.2890722918382        9.400000    
   157.5000       83.8049259098169        9.400000    
   180.0000       81.8934194768780        9.400000    
   202.5000       80.2277878053764        9.400000    
   225.0000       79.2210131239323        9.400000    
   247.5000       79.1509265305496        9.400000    
   270.0000       79.8406871931324        9.400000    
   292.5000       80.4536788767861        9.400000    
   315.0000       80.3567744247370        9.400000    
   337.5000       79.7811892308635        9.400000    
  0.0000000E+00   79.3784976599231        9.400000    
 
  0.0000000E+00   84.9016237159235        9.683333    
   22.50000       85.1835088580444        9.683333    
   45.00000       86.1360175906983        9.683333    
   67.50000       87.7289031080163        9.683333    
   90.00000       89.4717123100478        9.683333    
   112.5000       90.4938486386253        9.683333    
   135.0000       90.1727706262402        9.683333    
   157.5000       88.7374770287974        9.683333    
   180.0000       86.9391040140140        9.683333    
   202.5000       85.3997461332449        9.683333    
   225.0000       84.4966661549204        9.683333    
   247.5000       84.4814797271562        9.683333    
   270.0000       85.1695483135941        9.683333    
   292.5000       85.7738054600655        9.683333    
   315.0000       85.7159562114964        9.683333    
   337.5000       85.2216987946757        9.683333    
  0.0000000E+00   84.9016237159235        9.683333    
 
  0.0000000E+00   95.4118028538335        9.966667    
   22.50000       95.6668588159601        9.966667    
   45.00000       96.5000619186251        9.966667    
   67.50000       97.8799966000607        9.966667    
   90.00000       99.3798587751801        9.966667    
   112.5000       100.249656851154        9.966667    
   135.0000       99.9503809572303        9.966667    
   157.5000       98.6855562177726        9.966667    
   180.0000       97.1170892037592        9.966667    
   202.5000       95.7850330306577        9.966667    
   225.0000       95.0143141469516        9.966667    
   247.5000       95.0205900875853        9.966667    
   270.0000       95.6347883852740        9.966667    
   292.5000       96.1656768729666        9.966667    
   315.0000       96.1131194918233        9.966667    
   337.5000       95.6819368814472        9.966667    
  0.0000000E+00   95.4118028538335        9.966667    
 
  0.0000000E+00   119.092562540738        10.25000    
   22.50000       119.194669590158        10.25000    
   45.00000       119.804352036559        10.25000    
   67.50000       120.902227467819        10.25000    
   90.00000       122.158629787573        10.25000    
   112.5000       122.960670194458        10.25000    
   135.0000       122.879583458339        10.25000    
   157.5000       122.046867561392        10.25000    
   180.0000       120.951691724766        10.25000    
   202.5000       119.987808634234        10.25000    
   225.0000       119.396139152395        10.25000    
   247.5000       119.344954860548        10.25000    
   270.0000       119.734056325854        10.25000    
   292.5000       120.045436483750        10.25000    
   315.0000       119.890760448531        10.25000    
   337.5000       119.429087131362        10.25000    
  0.0000000E+00   119.092562540738        10.25000    
 
