  0.0000000E+00   82.9854957889413        6.000000    
   22.50000       80.0526486777416        6.000000    
   45.00000       78.5328537765815        6.000000    
   67.50000       76.0096775268776        6.000000    
   90.00000       73.1081952408205        6.000000    
   112.5000       71.0023689919571        6.000000    
   135.0000       69.4265593762057        6.000000    
   157.5000       67.9811199046071        6.000000    
   180.0000       67.6190994876277        6.000000    
   202.5000       68.4293884960941        6.000000    
   225.0000       68.8573771387536        6.000000    
   247.5000       72.0315941407228        6.000000    
   270.0000       81.2917478109145        6.000000    
   292.5000       86.4579394110181        6.000000    
   315.0000       87.2993768878913        6.000000    
   337.5000       85.7911689924336        6.000000    
  0.0000000E+00   82.9854957889413        6.000000    
 
  0.0000000E+00   88.0527910899049        6.283333    
   22.50000       84.4714171423817        6.283333    
   45.00000       82.2068508086039        6.283333    
   67.50000       80.8739203446594        6.283333    
   90.00000       77.7455493984202        6.283333    
   112.5000       74.8360021180313        6.283333    
   135.0000       72.6130047698011        6.283333    
   157.5000       70.3702812169138        6.283333    
   180.0000       69.8540262569052        6.283333    
   202.5000       70.7121126941120        6.283333    
   225.0000       70.9886438951994        6.283333    
   247.5000       75.6219005148708        6.283333    
   270.0000       84.6843084500856        6.283333    
   292.5000       90.1053492405164        6.283333    
   315.0000       91.8309026663163        6.283333    
   337.5000       90.8408861474966        6.283333    
  0.0000000E+00   88.0527910899049        6.283333    
 
  0.0000000E+00   89.5948561447451        6.566667    
   22.50000       86.5962074588002        6.566667    
   45.00000       84.0154569905844        6.566667    
   67.50000       82.6167335886511        6.566667    
   90.00000       80.9672085421958        6.566667    
   112.5000       78.6629936398028        6.566667    
   135.0000       76.6462755013230        6.566667    
   157.5000       74.3033257096536        6.566667    
   180.0000       73.5022229990606        6.566667    
   202.5000       74.0927038052431        6.566667    
   225.0000       73.9923016709477        6.566667    
   247.5000       77.8769961125264        6.566667    
   270.0000       83.6790729741593        6.566667    
   292.5000       88.5130175697810        6.566667    
   315.0000       91.0485368094128        6.566667    
   337.5000       91.2413858407171        6.566667    
  0.0000000E+00   89.5948561447451        6.566667    
 
  0.0000000E+00   89.3655539428511        6.850000    
   22.50000       87.4920681575967        6.850000    
   45.00000       85.0597865636444        6.850000    
   67.50000       83.3708804190638        6.850000    
   90.00000       82.0117716311649        6.850000    
   112.5000       80.7059888577242        6.850000    
   135.0000       79.8126258935198        6.850000    
   157.5000       78.1766880370294        6.850000    
   180.0000       77.1933779727867        6.850000    
   202.5000       77.0735739602584        6.850000    
   225.0000       76.5352791087812        6.850000    
   247.5000       78.0565474301069        6.850000    
   270.0000       81.3155068490422        6.850000    
   292.5000       85.2069313755068        6.850000    
   315.0000       88.2430584260791        6.850000    
   337.5000       89.6139241274899        6.850000    
  0.0000000E+00   89.3655539428511        6.850000    
 
  0.0000000E+00   87.9670448773930        7.133333    
   22.50000       86.8327099158173        7.133333    
   45.00000       84.7467251957552        7.133333    
   67.50000       82.9923185415387        7.133333    
   90.00000       81.7343947622719        7.133333    
   112.5000       80.9398153194278        7.133333    
   135.0000       80.6566589266756        7.133333    
   157.5000       79.5737962670606        7.133333    
   180.0000       78.5694632096513        7.133333    
   202.5000       78.0580090864723        7.133333    
   225.0000       77.4178427288308        7.133333    
   247.5000       77.9193195475862        7.133333    
   270.0000       79.8284735654726        7.133333    
   292.5000       82.8558663169335        7.133333    
   315.0000       85.7889776429511        7.133333    
   337.5000       87.5631009781809        7.133333    
  0.0000000E+00   87.9670448773930        7.133333    
 
  0.0000000E+00   86.0117496827800        7.416667    
   22.50000       84.7232770305961        7.416667    
   45.00000       82.7715409823795        7.416667    
   67.50000       81.2582869938123        7.416667    
   90.00000       80.4617881412165        7.416667    
   112.5000       80.3117308369523        7.416667    
   135.0000       80.3719854789365        7.416667    
   157.5000       79.5404122821933        7.416667    
   180.0000       78.5663449481356        7.416667    
   202.5000       77.8520477020127        7.416667    
   225.0000       77.3135352683898        7.416667    
   247.5000       77.7989394005531        7.416667    
   270.0000       79.5401344044288        7.416667    
   292.5000       82.2651216969252        7.416667    
   315.0000       84.7641463685377        7.416667    
   337.5000       86.0387504475325        7.416667    
  0.0000000E+00   86.0117496827800        7.416667    
 
  0.0000000E+00   83.5865054118208        7.700000    
   22.50000       81.8472025053190        7.700000    
   45.00000       80.0564792705820        7.700000    
   67.50000       79.0957505020986        7.700000    
   90.00000       79.0868943015065        7.700000    
   112.5000       79.6163661805675        7.700000    
   135.0000       79.7937066425716        7.700000    
   157.5000       78.9463871080992        7.700000    
   180.0000       77.9139896377346        7.700000    
   202.5000       77.1235353986615        7.700000    
   225.0000       76.8713159186501        7.700000    
   247.5000       77.7988151481700        7.700000    
   270.0000       79.8899632528085        7.700000    
   292.5000       82.4968592150188        7.700000    
   315.0000       84.2579149219788        7.700000    
   337.5000       84.5230459161980        7.700000    
  0.0000000E+00   83.5865054118208        7.700000    
 
  0.0000000E+00   81.1457474106018        7.983334    
   22.50000       79.1567167705188        7.983334    
   45.00000       77.6672471164881        7.983334    
   67.50000       77.3432032531893        7.983334    
   90.00000       78.0891924064737        7.983334    
   112.5000       79.1041222766986        7.983334    
   135.0000       79.2644016833561        7.983334    
   157.5000       78.3213411194998        7.983334    
   180.0000       77.1912161412282        7.983334    
   202.5000       76.4050949544727        7.983334    
   225.0000       76.4624193631181        7.983334    
   247.5000       77.8112103645757        7.983334    
   270.0000       80.1768219855496        7.983334    
   292.5000       82.5419278124054        7.983334    
   315.0000       83.5036243391382        7.983334    
   337.5000       82.8235194058859        7.983334    
  0.0000000E+00   81.1457474106018        7.983334    
 
  0.0000000E+00   79.1905803322781        8.266666    
   22.50000       77.1444486865974        8.266666    
   45.00000       75.9689784810469        8.266666    
   67.50000       76.1678411595627        8.266666    
   90.00000       77.4758879354988        8.266666    
   112.5000       78.8008336572579        8.266666    
   135.0000       78.9358344242994        8.266666    
   157.5000       77.9173492336491        8.266666    
   180.0000       76.6962706113026        8.266666    
   202.5000       75.9307387388651        8.266666    
   225.0000       76.1939137642983        8.266666    
   247.5000       77.7788646654771        8.266666    
   270.0000       80.2377597962404        8.266666    
   292.5000       82.3145175086959        8.266666    
   315.0000       82.6484594074150        8.266666    
   337.5000       81.3130100911488        8.266666    
  0.0000000E+00   79.1905803322781        8.266666    
 
  0.0000000E+00   77.9472142365361        8.550000    
   22.50000       75.9470264688859        8.550000    
   45.00000       75.0376004649986        8.550000    
   67.50000       75.6119149199475        8.550000    
   90.00000       77.2938054491554        8.550000    
   112.5000       78.8069537773323        8.550000    
   135.0000       78.9339457795385        8.550000    
   157.5000       77.8743221628070        8.550000    
   180.0000       76.5905904136396        8.550000    
   202.5000       75.8448447867761        8.550000    
   225.0000       76.2141228084548        8.550000    
   247.5000       77.8854302603311        8.550000    
   270.0000       80.3164747499675        8.550000    
   292.5000       82.1256645536758        8.550000    
   315.0000       82.0261985117853        8.550000    
   337.5000       80.2921525338348        8.550000    
  0.0000000E+00   77.9472142365361        8.550000    
 
  0.0000000E+00   77.5677251385008        8.833333    
   22.50000       75.6666750613778        8.833333    
   45.00000       74.9693723022046        8.833333    
   67.50000       75.7926255164648        8.833333    
   90.00000       77.6954826099756        8.833333    
   112.5000       79.3054233295611        8.833333    
   135.0000       79.4332514428402        8.833333    
   157.5000       78.3636886160902        8.833333    
   180.0000       77.0546737267334        8.833333    
   202.5000       76.3323331431091        8.833333    
   225.0000       76.7441466424024        8.833333    
   247.5000       78.4079852201211        8.833333    
   270.0000       80.7403609723396        8.833333    
   292.5000       82.3158053320954        8.833333    
   315.0000       81.9333721206990        8.833333    
   337.5000       79.9861621445403        8.833333    
  0.0000000E+00   77.5677251385008        8.833333    
 
  0.0000000E+00   78.2924605534211        9.116667    
   22.50000       76.5204619656622        9.116667    
   45.00000       75.9886046243036        9.116667    
   67.50000       76.9584976331734        9.116667    
   90.00000       78.9595811524436        9.116667    
   112.5000       80.5930824505911        9.116667    
   135.0000       80.7231464403156        9.116667    
   157.5000       79.6727824933639        9.116667    
   180.0000       78.3778545799232        9.116667    
   202.5000       77.6877178587857        9.116667    
   225.0000       78.1052969650460        9.116667    
   247.5000       79.7034143975002        9.116667    
   270.0000       81.8931281930771        9.116667    
   292.5000       83.2648096891968        9.116667    
   315.0000       82.7091748710181        9.116667    
   337.5000       80.6817482396788        9.116667    
  0.0000000E+00   78.2924605534211        9.116667    
 
  0.0000000E+00   80.6200735293145        9.400000    
   22.50000       78.9982710646882        9.400000    
   45.00000       78.5940797211270        9.400000    
   67.50000       79.6258162527487        9.400000    
   90.00000       81.6214950133852        9.400000    
   112.5000       83.2148701533395        9.400000    
   135.0000       83.3441070640015        9.400000    
   157.5000       82.3413357386421        9.400000    
   180.0000       81.0994899690081        9.400000    
   202.5000       80.4537738511805        9.400000    
   225.0000       80.8558008201766        9.400000    
   247.5000       82.3485420544625        9.400000    
   270.0000       84.3636542817074        9.400000    
   292.5000       85.5543502680323        9.400000    
   315.0000       84.9082329908094        9.400000    
   337.5000       82.9024044726808        9.400000    
  0.0000000E+00   80.6200735293145        9.400000    
 
  0.0000000E+00   85.6324899893270        9.683333    
   22.50000       84.1834963543892        9.683333    
   45.00000       83.8765794953448        9.683333    
   67.50000       84.8924350691866        9.683333    
   90.00000       86.7831336673884        9.683333    
   112.5000       88.2714563697102        9.683333    
   135.0000       88.3922951755732        9.683333    
   157.5000       87.4664780017537        9.683333    
   180.0000       86.3187691469260        9.683333    
   202.5000       85.7333588004730        9.683333    
   225.0000       86.1061733634535        9.683333    
   247.5000       87.4606103440716        9.683333    
   270.0000       89.2710869494688        9.683333    
   292.5000       90.2963217673864        9.683333    
   315.0000       89.6292845448019        9.683333    
   337.5000       87.7358521577404        9.683333    
  0.0000000E+00   85.6324899893270        9.683333    
 
  0.0000000E+00   96.0570470860890        9.966667    
   22.50000       94.8144065211259        9.966667    
   45.00000       94.5756297626180        9.966667    
   67.50000       95.4839891428018        9.966667    
   90.00000       97.1448546141452        9.966667    
   112.5000       98.4381455655962        9.966667    
   135.0000       98.5288890975780        9.966667    
   157.5000       97.7095626282180        9.966667    
   180.0000       96.7047360235096        9.966667    
   202.5000       96.2011037205196        9.966667    
   225.0000       96.5346291026414        9.966667    
   247.5000       97.7176284282791        9.966667    
   270.0000       99.2910497364471        9.966667    
   292.5000       100.167468535878        9.966667    
   315.0000       99.5616760534097        9.966667    
   337.5000       97.8908936893821        9.966667    
  0.0000000E+00   96.0570470860890        9.966667    
 
  0.0000000E+00   121.232740245450        10.25000    
   22.50000       120.243864977122        10.25000    
   45.00000       120.003843886471        10.25000    
   67.50000       120.613209871921        10.25000    
   90.00000       121.783359177592        10.25000    
   112.5000       122.672834544311        10.25000    
   135.0000       122.637065251556        10.25000    
   157.5000       121.927548272945        10.25000    
   180.0000       121.129459604541        10.25000    
   202.5000       120.739792233743        10.25000    
   225.0000       121.038732255605        10.25000    
   247.5000       122.043297892939        10.25000    
   270.0000       123.390982826132        10.25000    
   292.5000       124.209911609400        10.25000    
   315.0000       123.858988859764        10.25000    
   337.5000       122.630187954522        10.25000    
  0.0000000E+00   121.232740245450        10.25000    
 
