  0.0000000E+00   70.4723383398184     
   22.50000       72.6378921813722     
   45.00000       73.8498509059645     
   67.50000       74.3037225765917     
   90.00000       74.6457983618654     
   112.5000       75.5097890893695     
   135.0000       76.5638629892199     
   157.5000       76.8929329777723     
   180.0000       74.7257061443888     
   202.5000       72.2406442150109     
   225.0000       70.5481760192142     
   247.5000       70.0367162063444     
   270.0000       68.8120797524763     
   292.5000       67.2884292261603     
   315.0000       67.0231790026544     
   337.5000       68.2687506099647     
   360.0000       70.4723383398184     
   360.0000       72.7498873314998     
   382.5000       76.0270672816815     
   405.0000       77.9275398508590     
   427.5000       78.6735769187309     
   450.0000       79.1645828622157     
   472.5000       80.3734864639258     
   495.0000       81.4463365504908     
   517.5000       80.3043398291430     
   540.0000       77.4908124962387     
   562.5000       74.2468307546476     
   585.0000       71.7369796676671     
   607.5000       70.8956197882324     
   630.0000       70.4419496952714     
   652.5000       68.6294291416500     
   675.0000       68.0295487991954     
   697.5000       69.5949347507652     
   720.0000       72.7498873314998     
   720.0000       74.3086729837369     
   742.5000       77.7023954896830     
   765.0000       80.0387438461995     
   787.5000       81.1761112198453     
   810.0000       81.8380071861107     
   832.5000       82.9365763850238     
   855.0000       83.3084688122518     
   877.5000       82.1384676464419     
   900.0000       79.6673542970992     
   922.5000       76.5395411230195     
   945.0000       73.6840333628346     
   967.5000       72.2491496277362     
   990.0000       71.7689257759740     
   1012.500       71.0175302457623     
   1035.000       70.3456117098973     
   1057.500       71.4404736691113     
   1080.000       74.3086729837369     
   1080.000       75.1454949028263     
   1102.500       77.9793431121014     
   1125.000       80.3454832496576     
   1147.500       81.8328240640742     
   1170.000       82.6942781793043     
   1192.500       83.5309218492562     
   1215.000       83.9165986174216     
   1237.500       83.2237550191448     
   1260.000       81.4609048911096     
   1282.500       78.8512395672615     
   1305.000       75.9297449718584     
   1327.500       73.8512126664529     
   1350.000       72.9278704678219     
   1372.500       72.3605719201804     
   1395.000       72.1613421369651     
   1417.500       73.0080068082047     
   1440.000       75.1454949028263     
   1440.000       75.5217422742947     
   1462.500       77.7772463133468     
   1485.000       79.9221126773493     
   1507.500       81.5351118594954     
   1530.000       82.5612841129027     
   1552.500       83.3729340895404     
   1575.000       83.8143823289509     
   1597.500       83.3703108830642     
   1620.000       82.0122371117302     
   1642.500       79.8005791700179     
   1665.000       77.0452042934339     
   1687.500       74.7672507970638     
   1710.000       73.5851272783682     
   1732.500       73.1357750847272     
   1755.000       73.1883371285637     
   1777.500       73.9167417501463     
   1800.000       75.5217422742947     
   1800.000       76.5819970731578     
   1822.500       78.3146075529014     
   1845.000       79.9368724413061     
   1867.500       81.2584957426633     
   1890.000       82.2232628822773     
   1912.500       82.9841129680762     
   1935.000       83.2246798625077     
   1957.500       82.5336553244288     
   1980.000       81.0106429829072     
   2002.500       78.7909268653288     
   2025.000       76.2640271128581     
   2047.500       74.3616885173533     
   2070.000       73.6067607160874     
   2092.500       73.6957641401997     
   2115.000       74.2506369152505     
   2137.500       75.1865558609960     
   2160.000       76.5819970731578     
   2160.000       77.8178486162062     
   2182.500       78.9600540948366     
   2205.000       79.9801899413166     
   2227.500       80.9201121149648     
   2250.000       81.7498239702865     
   2272.500       82.3478023148671     
   2295.000       82.1552612433785     
   2317.500       80.9470002913953     
   2340.000       79.0318600724003     
   2362.500       76.7534859597623     
   2385.000       74.6743147229877     
   2407.500       73.5825570745365     
   2430.000       73.7036205587313     
   2452.500       74.5727182474332     
   2475.000       75.6473291743179     
   2497.500       76.7088045845815     
   2520.000       77.8178486162062     
   2520.000       78.6327303795708     
   2542.500       79.1799149712598     
   2565.000       79.7006181045336     
   2587.500       80.3644919166860     
   2610.000       81.0967988549717     
   2632.500       81.5028361830638     
   2655.000       80.8877751566114     
   2677.500       79.2434101482830     
   2700.000       77.0790188304819     
   2722.500       74.9332546591276     
   2745.000       73.4493995975125     
   2767.500       73.2135849097638     
   2790.000       74.1806683141483     
   2812.500       75.6981727499836     
   2835.000       77.0500661434638     
   2857.500       77.9739268021873     
   2880.000       78.6327303795708     
   2880.000       79.0815771256998     
   2902.500       79.1363512875972     
   2925.000       79.2960244266472     
   2947.500       79.7806589733479     
   2970.000       80.4515560779937     
   2992.500       80.7118574266888     
   3015.000       79.8161043567135     
   3037.500       77.9237550187142     
   3060.000       75.6906134613507     
   3082.500       73.7897624651278     
   3105.000       72.8574672688472     
   3127.500       73.2963422269398     
   3150.000       74.8883126301178     
   3172.500       76.8235451912562     
   3195.000       78.2370625215289     
   3217.500       78.8867558707925     
   3240.000       79.0815771256998     
   3240.000       79.4809300918024     
   3262.500       79.1714935724848     
   3285.000       79.0828862762840     
   3307.500       79.4475551053734     
   3330.000       80.0746271550671     
   3352.500       80.2398042909974     
   3375.000       79.1915698070080     
   3397.500       77.1994933096618     
   3420.000       75.0132100879700     
   3442.500       73.3823739717238     
   3465.000       72.8909505282319     
   3487.500       73.8025034263503     
   3510.000       75.8014282043564     
   3532.500       77.9597012548298     
   3555.000       79.3125594698209     
   3577.500       79.6728419699737     
   3600.000       79.4809300918024     
   3600.000       80.1706640289179     
   3622.500       79.6130496903303     
   3645.000       79.3612290765161     
   3667.500       79.6421647101524     
   3690.000       80.2304926451522     
   3712.500       80.3344523515028     
   3735.000       79.2217985052450     
   3757.500       77.2285965102688     
   3780.000       75.1546817401060     
   3802.500       73.7802899047618     
   3825.000       73.6192124433248     
   3847.500       74.8363320893810     
   3870.000       77.0653629757593     
   3892.500       79.3026747300897     
   3915.000       80.5376635819921     
   3937.500       80.6486496354587     
   3960.000       80.1706640289179     
   3960.000       81.5406406991818     
   3982.500       80.8310968120188     
   4005.000       80.4799538757482     
   4027.500       80.7000561345031     
   4050.000       81.2482641520397     
   4072.500       81.3117777926471     
   4095.000       80.1942941575654     
   4117.500       78.2665292637215     
   4140.000       76.3421855408624     
   4162.500       75.1969322272728     
   4185.000       75.2708309534759     
   4207.500       76.6601999996882     
   4230.000       78.9782792978282     
   4252.500       81.1903951955862     
   4275.000       82.2872641934642     
   4297.500       82.2076899270299     
   4320.000       81.5406406991818     
   4320.000       84.1777893744344     
   4342.500       83.3962390485498     
   4365.000       82.9956074230946     
   4387.500       83.1699980455196     
   4410.000       83.6732813003693     
   4432.500       83.7097097158446     
   4455.000       82.6313190749848     
   4477.500       80.8187800707380     
   4500.000       79.0677711019554     
   4522.500       78.1214767992789     
   4545.000       78.3492345530171     
   4567.500       79.7999629347670     
   4590.000       82.0891640258088     
   4612.500       84.1969444184920     
   4635.000       85.1544627666841     
   4657.500       84.9464850817417     
   4680.000       84.1777893744344     
   4680.000       89.1690953399441     
   4702.500       88.3900332167692     
   4725.000       87.9854826823850     
   4747.500       88.1274041402661     
   4770.000       88.5803486931944     
   4792.500       88.5994066887036     
   4815.000       87.5986633910875     
   4837.500       85.9466917263583     
   4860.000       84.3895436788199     
   4882.500       83.6121330535677     
   4905.000       83.9187610318261     
   4927.500       85.3264963745520     
   4950.000       87.4742436098799     
   4972.500       89.4053276652114     
   4995.000       90.2278026467769     
   5017.500       89.9549844186536     
   5040.000       89.1690953399441     
   5040.000       99.0503361132047     
   5062.500       98.3690878456688     
   5085.000       98.0210044260407     
   5107.500       98.1516905641757     
   5130.000       98.5520343444153     
   5152.500       98.5667335275012     
   5175.000       97.6888401938200     
   5197.500       96.2487705607303     
   5220.000       94.9054136662261     
   5242.500       94.2543407060605     
   5265.000       94.5449470418539     
   5287.500       95.7780720347114     
   5310.000       97.6424939657560     
   5332.500       99.3074748708226     
   5355.000       100.002030003260     
   5377.500       99.7456381891732     
   5400.000       99.0503361132047     
   5400.000       121.967510605159     
   5422.500       121.619107579883     
   5445.000       121.491727907820     
   5467.500       121.697432439242     
   5490.000       122.080248822103     
   5512.500       122.134470887317     
   5535.000       121.450724193861     
   5557.500       120.269840974090     
   5580.000       119.102847315097     
   5602.500       118.410312119548     
   5625.000       118.435835914254     
   5647.500       119.201969161370     
   5670.000       120.500983474607     
   5692.500       121.742255834462     
   5715.000       122.353802841022     
   5737.500       122.312892029856     
   5760.000       121.967510605159     
