  0.0000000E+00  1.451072135025668E+035   6.000000    
   22.50000      1.509331911446015E+035   6.000000    
   45.00000      1.762420380712931E+035   6.000000    
   67.50000      2.026042612518447E+035   6.000000    
   90.00000      2.254342580074347E+035   6.000000    
   112.5000      2.477340540364690E+035   6.000000    
   135.0000      2.882491264966727E+035   6.000000    
   157.5000      3.477859283805413E+035   6.000000    
   180.0000      4.015108391257599E+035   6.000000    
   202.5000      4.325613808128035E+035   6.000000    
   225.0000      4.239123892724582E+035   6.000000    
   247.5000      3.929677489293990E+035   6.000000    
   270.0000      3.463554805435444E+035   6.000000    
   292.5000      2.717524310095702E+035   6.000000    
   315.0000      2.058864032183063E+035   6.000000    
   337.5000      1.656532089636245E+035   6.000000    
  0.0000000E+00  1.451072135025668E+035   6.000000    
 
  0.0000000E+00  1.600718040705161E+035   6.283333    
   22.50000      1.621020378283191E+035   6.283333    
   45.00000      1.827862599665093E+035   6.283333    
   67.50000      2.059017801031145E+035   6.283333    
   90.00000      2.275955112884680E+035   6.283333    
   112.5000      2.502220919787446E+035   6.283333    
   135.0000      2.884504074153826E+035   6.283333    
   157.5000      3.341229251387377E+035   6.283333    
   180.0000      3.801754223396802E+035   6.283333    
   202.5000      4.098218899653950E+035   6.283333    
   225.0000      4.063210604601142E+035   6.283333    
   247.5000      3.819408025368741E+035   6.283333    
   270.0000      3.443295485375541E+035   6.283333    
   292.5000      2.855157377753748E+035   6.283333    
   315.0000      2.230408090513255E+035   6.283333    
   337.5000      1.824073023704513E+035   6.283333    
  0.0000000E+00  1.600718040705161E+035   6.283333    
 
  0.0000000E+00  1.809617036586344E+035   6.566667    
   22.50000      1.748195980960017E+035   6.566667    
   45.00000      1.855767259142320E+035   6.566667    
   67.50000      2.016418584778070E+035   6.566667    
   90.00000      2.192324973810478E+035   6.566667    
   112.5000      2.389184142067686E+035   6.566667    
   135.0000      2.671730110201791E+035   6.566667    
   157.5000      3.003640046949907E+035   6.566667    
   180.0000      3.370993493252115E+035   6.566667    
   202.5000      3.661451403464887E+035   6.566667    
   225.0000      3.721179051889072E+035   6.566667    
   247.5000      3.593558570277362E+035   6.566667    
   270.0000      3.351857408814970E+035   6.566667    
   292.5000      2.948786712516680E+035   6.566667    
   315.0000      2.455991041085556E+035   6.566667    
   337.5000      2.064139148787918E+035   6.566667    
  0.0000000E+00  1.809617036586344E+035   6.566667    
 
  0.0000000E+00  1.997882485689228E+035   6.850000    
   22.50000      1.849746030887473E+035   6.850000    
   45.00000      1.843960835886920E+035   6.850000    
   67.50000      1.915099515625005E+035   6.850000    
   90.00000      2.031139105599206E+035   6.850000    
   112.5000      2.173166862836899E+035   6.850000    
   135.0000      2.362399357885609E+035   6.850000    
   157.5000      2.590590890228266E+035   6.850000    
   180.0000      2.860911775404649E+035   6.850000    
   202.5000      3.129602056923130E+035   6.850000    
   225.0000      3.276093853650821E+035   6.850000    
   247.5000      3.268822541415377E+035   6.850000    
   270.0000      3.158094157350453E+035   6.850000    
   292.5000      2.927232354727517E+035   6.850000    
   315.0000      2.585936137547683E+035   6.850000    
   337.5000      2.261578708803077E+035   6.850000    
  0.0000000E+00  1.997882485689228E+035   6.850000    
 
  0.0000000E+00  2.005601959923092E+035   7.133333    
   22.50000      1.845309751340899E+035   7.133333    
   45.00000      1.787539757423770E+035   7.133333    
   67.50000      1.804957565325102E+035   7.133333    
   90.00000      1.877043014465556E+035   7.133333    
   112.5000      1.973323431388738E+035   7.133333    
   135.0000      2.104975924335610E+035   7.133333    
   157.5000      2.265477358090867E+035   7.133333    
   180.0000      2.458719875193588E+035   7.133333    
   202.5000      2.676385541507736E+035   7.133333    
   225.0000      2.838751483761585E+035   7.133333    
   247.5000      2.886501956060461E+035   7.133333    
   270.0000      2.845271912127624E+035   7.133333    
   292.5000      2.714241649625001E+035   7.133333    
   315.0000      2.484974459854254E+035   7.133333    
   337.5000      2.233681526110855E+035   7.133333    
  0.0000000E+00  2.005601959923092E+035   7.133333    
 
  0.0000000E+00  1.827326988789778E+035   7.416667    
   22.50000      1.709895260413176E+035   7.416667    
   45.00000      1.668511328283021E+035   7.416667    
   67.50000      1.686363902130044E+035   7.416667    
   90.00000      1.748008313523032E+035   7.416667    
   112.5000      1.826691740229119E+035   7.416667    
   135.0000      1.932823130446482E+035   7.416667    
   157.5000      2.058909018635160E+035   7.416667    
   180.0000      2.206819754328507E+035   7.416667    
   202.5000      2.369788028145733E+035   7.416667    
   225.0000      2.488877502220554E+035   7.416667    
   247.5000      2.516865559201806E+035   7.416667    
   270.0000      2.474140683670303E+035   7.416667    
   292.5000      2.365166593639160E+035   7.416667    
   315.0000      2.188249103956484E+035   7.416667    
   337.5000      1.997061066411564E+035   7.416667    
  0.0000000E+00  1.827326988789778E+035   7.416667    
 
  0.0000000E+00  1.591883117118132E+035   7.700000    
   22.50000      1.533115030795894E+035   7.700000    
   45.00000      1.530530525108971E+035   7.700000    
   67.50000      1.567342345736797E+035   7.700000    
   90.00000      1.629918441234999E+035   7.700000    
   112.5000      1.702099230720365E+035   7.700000    
   135.0000      1.794882900435984E+035   7.700000    
   157.5000      1.899102398365232E+035   7.700000    
   180.0000      2.013193214382476E+035   7.700000    
   202.5000      2.120738910756988E+035   7.700000    
   225.0000      2.176773877119116E+035   7.700000    
   247.5000      2.159775481413878E+035   7.700000    
   270.0000      2.092134947354677E+035   7.700000    
   292.5000      1.980084532284240E+035   7.700000    
   315.0000      1.834821182572391E+035   7.700000    
   337.5000      1.698214800969304E+035   7.700000    
  0.0000000E+00  1.591883117118132E+035   7.700000    
 
  0.0000000E+00  1.382633002066299E+035   7.983334    
   22.50000      1.368911001873309E+035   7.983334    
   45.00000      1.393853952744673E+035   7.983334    
   67.50000      1.441279318720233E+035   7.983334    
   90.00000      1.500780459069810E+035   7.983334    
   112.5000      1.565360083411267E+035   7.983334    
   135.0000      1.644326478046253E+035   7.983334    
   157.5000      1.726950885714722E+035   7.983334    
   180.0000      1.807832234502067E+035   7.983334    
   202.5000      1.865509157476588E+035   7.983334    
   225.0000      1.871339992908081E+035   7.983334    
   247.5000      1.823084079759633E+035   7.983334    
   270.0000      1.741925998224878E+035   7.983334    
   292.5000      1.635999036636462E+035   7.983334    
   315.0000      1.524349306488725E+035   7.983334    
   337.5000      1.436795410367351E+035   7.983334    
  0.0000000E+00  1.382633002066299E+035   7.983334    
 
  0.0000000E+00  1.204535528351659E+035   8.266666    
   22.50000      1.217040260115441E+035   8.266666    
   45.00000      1.254509966573955E+035   8.266666    
   67.50000      1.302971126730825E+035   8.266666    
   90.00000      1.355394467371635E+035   8.266666    
   112.5000      1.410106948819451E+035   8.266666    
   135.0000      1.473843305761515E+035   8.266666    
   157.5000      1.535542154748468E+035   8.266666    
   180.0000      1.587462615561719E+035   8.266666    
   202.5000      1.609068911703204E+035   8.266666    
   225.0000      1.585986649671583E+035   8.266666    
   247.5000      1.525255774827310E+035   8.266666    
   270.0000      1.444652290454572E+035   8.266666    
   292.5000      1.353994629145047E+035   8.266666    
   315.0000      1.274124024562746E+035   8.266666    
   337.5000      1.223819128375402E+035   8.266666    
  0.0000000E+00  1.204535528351659E+035   8.266666    
 
  0.0000000E+00  1.046411685767579E+035   8.550000    
   22.50000      1.071469858097541E+035   8.550000    
   45.00000      1.111806302840385E+035   8.550000    
   67.50000      1.156133534050245E+035   8.550000    
   90.00000      1.200035722590056E+035   8.550000    
   112.5000      1.244372318157517E+035   8.550000    
   135.0000      1.293645267691380E+035   8.550000    
   157.5000      1.337481739501685E+035   8.550000    
   180.0000      1.367438329434148E+035   8.550000    
   202.5000      1.366689719576799E+035   8.550000    
   225.0000      1.330736830097845E+035   8.550000    
   247.5000      1.269519384440087E+035   8.550000    
   270.0000      1.197234888011795E+035   8.550000    
   292.5000      1.124465998277034E+035   8.550000    
   315.0000      1.070314225602275E+035   8.550000    
   337.5000      1.045165189247101E+035   8.550000    
  0.0000000E+00  1.046411685767579E+035   8.550000    
 
  0.0000000E+00  9.011942327174198E+034   8.833333    
   22.50000      9.302531097270650E+034   8.833333    
   45.00000      9.681431384138354E+034   8.833333    
   67.50000      1.006116360620609E+035   8.833333    
   90.00000      1.041538322873680E+035   8.833333    
   112.5000      1.076235332551684E+035   8.833333    
   135.0000      1.113095068726078E+035   8.833333    
   157.5000      1.142993128767339E+035   8.833333    
   180.0000      1.157914813504530E+035   8.833333    
   202.5000      1.145289356560173E+035   8.833333    
   225.0000      1.106400790806168E+035   8.833333    
   247.5000      1.050962379142786E+035   8.833333    
   270.0000      9.901015265884049E+034   8.833333    
   292.5000      9.341465159065729E+034   8.833333    
   315.0000      8.989951681472996E+034   8.833333    
   337.5000      8.894211635251093E+034   8.833333    
  0.0000000E+00  9.011942327174198E+034   8.833333    
 
  0.0000000E+00  7.654791088219201E+034   9.116667    
   22.50000      7.934526624116929E+034   9.116667    
   45.00000      8.261769848288680E+034   9.116667    
   67.50000      8.570917264648868E+034   9.116667    
   90.00000      8.846960705591198E+034   9.116667    
   112.5000      9.109900289614682E+034   9.116667    
   135.0000      9.378011305592675E+034   9.116667    
   157.5000      9.574924032384390E+034   9.116667    
   180.0000      9.631184404059061E+034   9.116667    
   202.5000      9.458651486819413E+034   9.116667    
   225.0000      9.097460646306046E+034   9.116667    
   247.5000      8.629809601503482E+034   9.116667    
   270.0000      8.141679956683716E+034   9.116667    
   292.5000      7.725772023212740E+034   9.116667    
   315.0000      7.506251461363794E+034   9.116667    
   337.5000      7.497425383557560E+034   9.116667    
  0.0000000E+00  7.654791088219201E+034   9.116667    
 
  0.0000000E+00  6.378105961950170E+034   9.400000    
   22.50000      6.618062612262603E+034   9.400000    
   45.00000      6.881208629106465E+034   9.400000    
   67.50000      7.120022852884775E+034   9.400000    
   90.00000      7.326398572196030E+034   9.400000    
   112.5000      7.518352075316416E+034   9.400000    
   135.0000      7.707346527567918E+034   9.400000    
   157.5000      7.832991661223395E+034   9.400000    
   180.0000      7.839272040390523E+034   9.400000    
   202.5000      7.667379668712250E+034   9.400000    
   225.0000      7.364434785477028E+034   9.400000    
   247.5000      6.994143925476658E+034   9.400000    
   270.0000      6.621277962272893E+034   9.400000    
   292.5000      6.322767046281444E+034   9.400000    
   315.0000      6.190658040624977E+034   9.400000    
   337.5000      6.222325823020987E+034   9.400000    
  0.0000000E+00  6.378105961950170E+034   9.400000    
 
  0.0000000E+00  5.176076016166472E+034   9.683333    
   22.50000      5.361089268640885E+034   9.683333    
   45.00000      5.555908445027706E+034   9.683333    
   67.50000      5.727857585179607E+034   9.683333    
   90.00000      5.872883647912508E+034   9.683333    
   112.5000      6.005379045106460E+034   9.683333    
   135.0000      6.132521520481141E+034   9.683333    
   157.5000      6.209834722356631E+034   9.683333    
   180.0000      6.195636973016159E+034   9.683333    
   202.5000      6.052560634452207E+034   9.683333    
   225.0000      5.822416061408246E+034   9.683333    
   247.5000      5.550709817198354E+034   9.683333    
   270.0000      5.283806346357302E+034   9.683333    
   292.5000      5.080220373740238E+034   9.683333    
   315.0000      5.004021351665817E+034   9.683333    
   337.5000      5.046384380391042E+034   9.683333    
  0.0000000E+00  5.176076016166472E+034   9.683333    
 
  0.0000000E+00  4.046541941343533E+034   9.966667    
   22.50000      4.170029856745910E+034   9.966667    
   45.00000      4.296814230018222E+034   9.966667    
   67.50000      4.406611039535639E+034   9.966667    
   90.00000      4.497646873048901E+034   9.966667    
   112.5000      4.579932391785484E+034   9.966667    
   135.0000      4.657788053019292E+034   9.966667    
   157.5000      4.702155939693807E+034   9.966667    
   180.0000      4.685591362950758E+034   9.966667    
   202.5000      4.586286263300754E+034   9.966667    
   225.0000      4.434090993354981E+034   9.966667    
   247.5000      4.257879835923880E+034   9.966667    
   270.0000      4.087406076692850E+034   9.966667    
   292.5000      3.961667144566140E+034   9.966667    
   315.0000      3.920779515235532E+034   9.966667    
   337.5000      3.956146098880146E+034   9.966667    
  0.0000000E+00  4.046541941343533E+034   9.966667    
 
  0.0000000E+00  2.988408692377677E+034   10.25000    
   22.50000      3.049126115811408E+034   10.25000    
   45.00000      3.110587279703672E+034   10.25000    
   67.50000      3.163196008808719E+034   10.25000    
   90.00000      3.206368795885203E+034   10.25000    
   112.5000      3.245253441822103E+034   10.25000    
   135.0000      3.281943295231590E+034   10.25000    
   157.5000      3.302208601806573E+034   10.25000    
   180.0000      3.292531756403670E+034   10.25000    
   202.5000      3.242904618164876E+034   10.25000    
   225.0000      3.168424837109431E+034   10.25000    
   247.5000      3.082913839732431E+034   10.25000    
   270.0000      3.000796808126220E+034   10.25000    
   292.5000      2.941351076706554E+034   10.25000    
   315.0000      2.923717089944954E+034   10.25000    
   337.5000      2.942947664727038E+034   10.25000    
  0.0000000E+00  2.988408692377677E+034   10.25000    
 
