  0.0000000E+00   6351.91050535440     
   15.00000       6576.45007339120     
   30.00000       6775.36777350307     
   45.00000       7017.30915737152     
   60.00000       7338.28795570135     
   75.00000       7683.26167798042     
   90.00000       8045.44895158708     
   105.0000       8480.55861975253     
   120.0000       9036.08686418831     
   135.0000       9661.79220478237     
   150.0000       10346.4511682391     
   165.0000       10780.0445940644     
   180.0000       10813.8511493057     
   195.0000       10627.2961775959     
   210.0000       10234.3768194020     
   225.0000       9498.89817394316     
   240.0000       8658.21354010701     
   255.0000       7987.79172658920     
   270.0000       7479.15380266309     
   285.0000       6900.21528306603     
   300.0000       6348.52489823103     
   315.0000       6026.37074938416     
   330.0000       5965.59363490343     
   345.0000       6117.13061618805     
   360.0000       6351.91050535440     
   360.0000       5743.55713558197     
   375.0000       5948.67876753211     
   390.0000       6124.44808100164     
   405.0000       6339.30968517065     
   420.0000       6619.98455360532     
   435.0000       6926.88233110309     
   450.0000       7252.94123536348     
   465.0000       7651.40388201177     
   480.0000       8158.39044426382     
   495.0000       8730.14247740805     
   510.0000       9068.74728833139     
   525.0000       9289.33636508882     
   540.0000       9331.23592568934     
   555.0000       9200.60112445056     
   570.0000       8943.15527993441     
   585.0000       8525.94141837955     
   600.0000       7815.73406974971     
   615.0000       7201.66691064835     
   630.0000       6710.55281282961     
   645.0000       6190.13399226964     
   660.0000       5703.90275841951     
   675.0000       5429.94216930866     
   690.0000       5382.56155955791     
   705.0000       5521.91985858977     
   720.0000       5743.55713558197     
   720.0000       5192.48013100028     
   735.0000       5364.33336849511     
   750.0000       5513.56607417762     
   765.0000       5702.18629480898     
   780.0000       5950.89127555490     
   795.0000       6218.79342748225     
   810.0000       6508.55357837677     
   825.0000       6856.34393523633     
   840.0000       7205.58009983599     
   855.0000       7499.79639144242     
   870.0000       7760.28508746624     
   885.0000       7944.12740315497     
   900.0000       8005.92844030261     
   915.0000       7921.63121910393     
   930.0000       7734.36450456083     
   945.0000       7442.41399464011     
   960.0000       7030.65289352834     
   975.0000       6523.38421490788     
   990.0000       6075.64171490073     
   1005.000       5591.08465486765     
   1020.000       5150.52586628497     
   1035.000       4913.02300481498     
   1050.000       4881.42499007285     
   1065.000       5009.49235638976     
   1080.000       5192.48013100028     
   1080.000       4673.95714946091     
   1095.000       4799.16198755801     
   1110.000       4911.81288205087     
   1125.000       5055.88424433768     
   1140.000       5248.38531136513     
   1155.000       5461.66567842662     
   1170.000       5673.03118942678     
   1185.000       5891.84445179254     
   1200.000       6128.53267955780     
   1215.000       6367.32776750624     
   1230.000       6583.85831361264     
   1245.000       6746.44725213200     
   1260.000       6821.13617429137     
   1275.000       6782.27429232001     
   1290.000       6656.55017326772     
   1305.000       6448.40302410722     
   1320.000       6163.80236169696     
   1335.000       5861.88833755255     
   1350.000       5560.58508817852     
   1365.000       5153.94950880110     
   1380.000       4750.47258105874     
   1395.000       4520.42509341240     
   1410.000       4464.10096450150     
   1425.000       4541.42548573017     
   1440.000       4673.95714946091     
   1440.000       4127.87412606180     
   1455.000       4181.53418502212     
   1470.000       4257.71944431216     
   1485.000       4356.07264223695     
   1500.000       4487.72453662753     
   1515.000       4641.04321753234     
   1530.000       4806.01538157463     
   1545.000       4982.61365289986     
   1560.000       5172.43810211867     
   1575.000       5365.14088700712     
   1590.000       5544.71052028984     
   1605.000       5689.47754818201     
   1620.000       5774.06370307505     
   1635.000       5770.83631782234     
   1650.000       5695.86775016040     
   1665.000       5553.62640090287     
   1680.000       5346.97168636322     
   1695.000       5116.49416144192     
   1710.000       4892.62288665771     
   1725.000       4667.42856545746     
   1740.000       4443.52108343691     
   1755.000       4250.94913237542     
   1770.000       4128.47534394264     
   1785.000       4106.65600369126     
   1800.000       4127.87412606180     
   1800.000       3559.70457874984     
   1815.000       3589.30770435184     
   1830.000       3642.91432923824     
   1845.000       3717.84030409902     
   1860.000       3815.00023224205     
   1875.000       3935.17727181315     
   1890.000       4067.68162363768     
   1905.000       4209.53477147222     
   1920.000       4360.91176527739     
   1935.000       4515.20487217605     
   1950.000       4662.11291775852     
   1965.000       4788.28775011748     
   1980.000       4870.47200639546     
   1995.000       4888.33279715478     
   2010.000       4847.35038913041     
   2025.000       4751.67473365366     
   2040.000       4601.77481383830     
   2055.000       4423.20961838216     
   2070.000       4242.82261396945     
   2085.000       4062.38595286012     
   2100.000       3881.59308028966     
   2115.000       3726.92697550356     
   2130.000       3618.40703123808     
   2145.000       3565.40131498128     
   2160.000       3559.70457874984     
   2160.000       3072.32757841051     
   2175.000       3090.90588501096     
   2190.000       3132.01998950541     
   2205.000       3191.55747898668     
   2220.000       3270.87629920989     
   2235.000       3365.34339030087     
   2250.000       3471.77241358161     
   2265.000       3586.45684405416     
   2280.000       3707.50189156830     
   2295.000       3830.61291790009     
   2310.000       3949.90682741255     
   2325.000       4052.25054764003     
   2340.000       4121.06542102247     
   2355.000       4142.91283125430     
   2370.000       4117.06235246360     
   2385.000       4047.14084267616     
   2400.000       3933.36303611845     
   2415.000       3792.53251379728     
   2430.000       3646.63633277267     
   2445.000       3501.59416164458     
   2460.000       3356.62093468010     
   2475.000       3229.73607386649     
   2490.000       3136.31971242279     
   2505.000       3085.05236689001     
   2520.000       3072.32757841051     
   2520.000       2664.37470857054     
   2535.000       2682.66991967335     
   2550.000       2719.96968862787     
   2565.000       2772.26904412359     
   2580.000       2840.05670389161     
   2595.000       2920.80210411176     
   2610.000       3009.91826729849     
   2625.000       3103.62952749804     
   2640.000       3200.66527267173     
   2655.000       3297.30961642042     
   2670.000       3387.88627447560     
   2685.000       3464.35838774219     
   2700.000       3514.96527314931     
   2715.000       3527.91381325573     
   2730.000       3502.46258764341     
   2745.000       3441.92606943846     
   2760.000       3347.37442624569     
   2775.000       3231.77431841940     
   2790.000       3112.44500599429     
   2805.000       2995.42647390440     
   2820.000       2880.92145809159     
   2835.000       2782.21057064831     
   2850.000       2710.46389807761     
   2865.000       2671.97379975021     
   2880.000       2664.37470857054     
   2880.000       2324.84565793350     
   2895.000       2348.05799750984     
   2910.000       2385.84824129567     
   2925.000       2435.07590276375     
   2940.000       2495.56889201701     
   2955.000       2564.89142104611     
   2970.000       2639.31002333388     
   2985.000       2715.83889353648     
   3000.000       2793.03982592374     
   3015.000       2867.50381727517     
   3030.000       2934.45583588257     
   3045.000       2987.20629039779     
   3060.000       3016.73694162071     
   3075.000       3015.04287349060     
   3090.000       2982.78738891706     
   3105.000       2923.28604947031     
   3120.000       2839.03782793880     
   3135.000       2741.38101322949     
   3150.000       2643.52103816718     
   3165.000       2550.02781503648     
   3180.000       2462.36599666253     
   3195.000       2390.90727659687     
   3210.000       2342.86130515486     
   3225.000       2321.72933473811     
   3240.000       2324.84565793350     
   3240.000       2036.57411937788     
   3255.000       2064.75118529424     
   3270.000       2103.30570811406     
   3285.000       2149.98880509660     
   3300.000       2204.16066144407     
   3315.000       2263.47046419792     
   3330.000       2324.99618524499     
   3345.000       2386.47822700813     
   3360.000       2446.41447733343     
   3375.000       2501.54491850734     
   3390.000       2547.57831301354     
   3405.000       2578.90696958080     
   3420.000       2588.94985891134     
   3435.000       2573.20985315368     
   3450.000       2533.93293552101     
   3465.000       2474.74629376642     
   3480.000       2399.99383822456     
   3495.000       2320.09326911718     
   3510.000       2240.70373608358     
   3525.000       2166.90014604293     
   3540.000       2101.26737087779     
   3555.000       2054.42456411198     
   3570.000       2028.00294019468     
   3585.000       2023.10240533948     
   3600.000       2036.57411937788     
   3600.000       1784.98035423644     
   3615.000       1815.61969553307     
   3630.000       1853.19912097417     
   3645.000       1896.12305999361     
   3660.000       1943.43188649602     
   3675.000       1992.99016917869     
   3690.000       2042.60981024429     
   3705.000       2090.62025289983     
   3720.000       2135.40912494622     
   3735.000       2173.87536405399     
   3750.000       2202.31388422288     
   3765.000       2216.23487434350     
   3780.000       2211.33191922307     
   3795.000       2186.06505006738     
   3810.000       2144.07686827518     
   3825.000       2088.46544301324     
   3840.000       2021.68099850975     
   3855.000       1954.29062290676     
   3870.000       1892.57360767759     
   3885.000       1838.37442629226     
   3900.000       1793.76522876509     
   3915.000       1767.06155008636     
   3930.000       1757.49519082159     
   3945.000       1764.57138012350     
   3960.000       1784.98035423644     
   3960.000       1562.27578508481     
   3975.000       1592.69575947337     
   3990.000       1627.47209885716     
   4005.000       1665.38254923373     
   4020.000       1705.31964040361     
   4035.000       1745.52227231301     
   4050.000       1784.37948493846     
   4065.000       1820.56082588993     
   4080.000       1852.45076352172     
   4095.000       1877.27431011945     
   4110.000       1891.99982884340     
   4125.000       1893.36728591844     
   4140.000       1879.19580926746     
   4155.000       1850.30497242138     
   4170.000       1807.00194662623     
   4185.000       1754.86027785391     
   4200.000       1698.93848164938     
   4215.000       1645.86004814878     
   4230.000       1599.68132498953     
   4245.000       1561.80219043419     
   4260.000       1534.46632073820     
   4275.000       1522.58099622652     
   4290.000       1524.42298545502     
   4305.000       1538.68374883756     
   4320.000       1562.27578508481     
   4320.000       1365.04562535323     
   4335.000       1393.31166210677     
   4350.000       1424.06788506731     
   4365.000       1456.32118821237     
   4380.000       1488.96453206148     
   4395.000       1520.61312849913     
   4410.000       1550.07727326266     
   4425.000       1576.26894294564     
   4440.000       1597.66358143091     
   4455.000       1611.93851906992     
   4470.000       1616.83880722243     
   4485.000       1610.32648566645     
   4500.000       1591.33835506067     
   4515.000       1559.33874672092     
   4530.000       1519.30907895323     
   4545.000       1474.57602792047     
   4560.000       1429.63937615789     
   4575.000       1389.33944054227     
   4590.000       1356.22403019201     
   4605.000       1331.34271533322     
   4620.000       1316.91377061326     
   4635.000       1314.94301027339     
   4650.000       1323.54503666703     
   4665.000       1341.13608155213     
   4680.000       1365.04562535323     
   4680.000       1190.75152763259     
   4695.000       1215.75709939469     
   4710.000       1241.94701337907     
   4725.000       1268.47569093108     
   4740.000       1294.33249655645     
   4755.000       1318.48222860135     
   4770.000       1340.02843826544     
   4785.000       1358.06857622974     
   4800.000       1371.27045094594     
   4815.000       1377.85299061332     
   4830.000       1376.27451061364     
   4845.000       1365.04274748079     
   4860.000       1342.91459700838     
   4875.000       1312.88419592194     
   4890.000       1278.05518319551     
   4905.000       1241.39729962312     
   4920.000       1206.66400946118     
   4935.000       1177.20372463111     
   4950.000       1154.57531733625     
   4965.000       1139.50426863320     
   4980.000       1134.10003895033     
   4995.000       1138.16262650676     
   5010.000       1150.10452299751     
   5025.000       1168.36288187187     
   5040.000       1190.75152763259     
   5040.000       1036.72596738860     
   5055.000       1057.96700895904     
   5070.000       1079.49986713426     
   5085.000       1100.60111661069     
   5100.000       1120.41811852530     
   5115.000       1138.18994923122     
   5130.000       1153.23623696575     
   5145.000       1164.82925233571     
   5160.000       1171.89993387181     
   5175.000       1173.17095100507     
   5190.000       1167.60659683170     
   5205.000       1153.33157796785     
   5220.000       1132.02639520960     
   5235.000       1105.61884734966     
   5250.000       1076.77125368500     
   5265.000       1047.98561846185     
   5280.000       1022.17726091621     
   5295.000       1001.53553087590     
   5310.000       986.969630287960     
   5325.000       979.232769371476     
   5340.000       979.414928276557     
   5355.000       986.669862730894     
   5370.000       999.627877216786     
   5385.000       1016.89113416569     
   5400.000       1036.72596738860     
   5400.000       900.338661949150     
   5415.000       917.702283230610     
   5430.000       934.779536576010     
   5445.000       950.964739095885     
   5460.000       965.574647665955     
   5475.000       978.061876644846     
   5490.000       987.921358648222     
   5505.000       994.599102190230     
   5520.000       997.300888495985     
   5535.000       995.179565885570     
   5550.000       986.951072313823     
   5565.000       972.766466318164     
   5580.000       953.795994817745     
   5595.000       931.825310637709     
   5610.000       909.024504931644     
   5625.000       887.380217007361     
   5640.000       869.008820974734     
   5655.000       855.257644385565     
   5670.000       846.614575670101     
   5685.000       844.027254401240     
   5700.000       847.304895673413     
   5715.000       855.777872334700     
   5730.000       868.254059195984     
   5745.000       883.554910564795     
   5760.000       900.338661949150     
   5760.000       779.246493728133     
   5775.000       792.881847126177     
   5790.000       805.892184224445     
   5805.000       817.787020730088     
   5820.000       828.045886755688     
   5835.000       836.290661351755     
   5850.000       842.164482820313     
   5865.000       845.281839635456     
   5880.000       845.101308587007     
   5895.000       840.982154812198     
   5910.000       832.186868865741     
   5925.000       819.392774350243     
   5940.000       803.569027897436     
   5955.000       786.230486293091     
   5970.000       769.053336970508     
   5985.000       753.509758275235     
   6000.000       741.038772023516     
   6015.000       732.396934436867     
   6030.000       728.112833476858     
   6045.000       728.432687568944     
   6060.000       733.072168276645     
   6075.000       741.421164549887     
   6090.000       752.559824716998     
   6105.000       765.654629718745     
   6120.000       779.246493728133     
   6120.000       671.781141607789     
   6135.000       682.240286850836     
   6150.000       691.789651140803     
   6165.000       700.088450427633     
   6180.000       706.852030436508     
   6195.000       711.839097043732     
   6210.000       714.817071923986     
   6225.000       715.554989655036     
   6240.000       713.724943681853     
   6255.000       708.867567743640     
   6270.000       700.816033660201     
   6285.000       690.153076832881     
   6300.000       677.748965480132     
   6315.000       664.790053080767     
   6330.000       652.493351225508     
   6345.000       641.875418954762     
   6360.000       633.853930858895     
   6375.000       628.938846082427     
   6390.000       627.473783836467     
   6405.000       629.253336238442     
   6420.000       634.109043589327     
   6435.000       641.484909872059     
   6450.000       650.720165182138     
   6465.000       661.098312206334     
   6480.000       671.781141607789     
   6480.000       579.828562358511     
   6495.000       587.282931827591     
   6510.000       593.946223195642     
   6525.000       599.513963790494     
   6540.000       603.608169524465     
   6555.000       606.227579688653     
   6570.000       607.248555559549     
   6585.000       606.565333789098     
   6600.000       604.020182816545     
   6615.000       599.527219539857     
   6630.000       592.832506708684     
   6645.000       584.550712791155     
   6660.000       575.394748289254     
   6675.000       566.221640581731     
   6690.000       557.850347299129     
   6705.000       550.932213773602     
   6720.000       546.215840512770     
   6735.000       543.873979573254     
   6750.000       543.853548258194     
   6765.000       546.111297896365     
   6780.000       550.533820117707     
   6795.000       556.733924188535     
   6810.000       564.068072243477     
   6825.000       571.954217804596     
   6840.000       579.828562358511     
   6840.000       497.060087672551     
   6855.000       502.058783262037     
   6870.000       506.333598423051     
   6885.000       509.692149354494     
   6900.000       511.976805479033     
   6915.000       513.017622084240     
   6930.000       512.882848349167     
   6945.000       511.559709095047     
   6960.000       509.005399824702     
   6975.000       505.236326609156     
   6990.000       500.364632281591     
   7005.000       494.500562178087     
   7020.000       488.202633837122     
   7035.000       482.104360422585     
   7050.000       476.881988723995     
   7065.000       472.878058222006     
   7080.000       470.354557131184     
   7095.000       469.386817628285     
   7110.000       469.975637359428     
   7125.000       472.194796359283     
   7140.000       475.839830620796     
   7155.000       480.565819201875     
   7170.000       485.961874673492     
   7185.000       491.594661757234     
   7200.000       497.060087672551     
   7200.000       422.844228380302     
   7215.000       425.941316930926     
   7230.000       428.455505063524     
   7245.000       430.268170061987     
   7260.000       431.305842931848     
   7275.000       431.554681824113     
   7290.000       430.958591983188     
   7305.000       429.599119100196     
   7320.000       427.508773131762     
   7335.000       424.732441061817     
   7350.000       421.368831563101     
   7365.000       417.615286935237     
   7380.000       413.786822535971     
   7395.000       410.223879054189     
   7410.000       407.227859010163     
   7425.000       405.012246854312     
   7440.000       403.736046398932     
   7455.000       403.479213909828     
   7470.000       404.254752982000     
   7485.000       406.006675247860     
   7500.000       408.643944938201     
   7515.000       411.935874844028     
   7530.000       415.600060701778     
   7545.000       419.328191754001     
   7560.000       422.844228380302     
   7560.000       356.910781927116     
   7575.000       358.667147285189     
   7590.000       360.011911265436     
   7605.000       360.878838135744     
   7620.000       361.239689590002     
   7635.000       361.106176417787     
   7650.000       360.516103920643     
   7665.000       359.519466329599     
   7680.000       358.125466320431     
   7695.000       356.377371481038     
   7710.000       354.369983981655     
   7725.000       352.212847033225     
   7740.000       350.071799586294     
   7755.000       348.119739458372     
   7770.000       346.505086593563     
   7785.000       345.399368432176     
   7800.000       344.834115342703     
   7815.000       344.825490718533     
   7830.000       345.391623590607     
   7845.000       346.534188661899     
   7860.000       348.207707714464     
   7875.000       350.276758528315     
   7890.000       352.565237761650     
   7905.000       354.838133091864     
   7920.000       356.910781927116     
   7920.000       299.135943263595     
   7935.000       300.113732273836     
   7950.000       300.859550606925     
   7965.000       301.327346653095     
   7980.000       301.493055136321     
   7995.000       301.380389417376     
   8010.000       301.016218043747     
   8025.000       300.435637110844     
   8040.000       299.672296170058     
   8055.000       298.756847635057     
   8070.000       297.725955379603     
   8085.000       296.625680426921     
   8100.000       295.538689420966     
   8115.000       294.538756693772     
   8130.000       293.700065720128     
   8145.000       293.075331541797     
   8160.000       292.711695660808     
   8175.000       292.630329051026     
   8190.000       292.875790285441     
   8205.000       293.450225709850     
   8220.000       294.339103638456     
   8235.000       295.464138625335     
   8250.000       296.718253530038     
   8265.000       297.977201503090     
   8280.000       299.135943263595     
   8280.000       250.790517871501     
   8295.000       251.655021101935     
   8310.000       252.465792624804     
   8325.000       253.186069705756     
   8340.000       253.756123677362     
   8355.000       254.137438724283     
   8370.000       254.304946528748     
   8385.000       254.234379688278     
   8400.000       253.930820596986     
   8415.000       253.413280884968     
   8430.000       252.712549687014     
   8445.000       251.890279993590     
   8460.000       250.999310107785     
   8475.000       250.110183824552     
   8490.000       249.284696901916     
   8505.000       248.562260834617     
   8520.000       248.002592914912     
   8535.000       247.624360922229     
   8550.000       247.465936874592     
   8565.000       247.547136149544     
   8580.000       247.872364781942     
   8595.000       248.411770802457     
   8610.000       249.118644492555     
   8625.000       249.930979237950     
   8640.000       250.790517871501     
