  0.0000000E+00   80.6132028215485        6.000000    
   15.00000       80.2797939370959        6.000000    
   30.00000       79.9535835631087        6.000000    
   45.00000       79.6021183343034        6.000000    
   60.00000       79.2666771323497        6.000000    
   75.00000       79.0282516705952        6.000000    
   90.00000       78.9061174393944        6.000000    
   105.0000       78.8666085042499        6.000000    
   120.0000       78.7789236131043        6.000000    
   135.0000       78.5524835411165        6.000000    
   150.0000       78.2178109336451        6.000000    
   165.0000       77.7419774559206        6.000000    
   180.0000       77.1733512868674        6.000000    
   195.0000       76.7896228532866        6.000000    
   210.0000       76.5685873487599        6.000000    
   225.0000       76.4482524497748        6.000000    
   240.0000       76.7516934187229        6.000000    
   255.0000       77.3900254640199        6.000000    
   270.0000       77.9442809962644        6.000000    
   285.0000       78.6533768742645        6.000000    
   300.0000       79.6708921359599        6.000000    
   315.0000       80.5143580248243        6.000000    
   330.0000       80.9071875449111        6.000000    
   345.0000       80.8894660801143        6.000000    
  0.0000000E+00   80.6132028215485        6.000000    
 
  0.0000000E+00   88.9397043438811        6.184783    
   15.00000       88.5612524209326        6.184783    
   30.00000       88.1305718471637        6.184783    
   45.00000       87.6105000861384        6.184783    
   60.00000       87.0980757765861        6.184783    
   75.00000       86.7130336368139        6.184783    
   90.00000       86.4830925898058        6.184783    
   105.0000       86.3459865650964        6.184783    
   120.0000       86.1398395816867        6.184783    
   135.0000       85.7911425174863        6.184783    
   150.0000       85.3375707901630        6.184783    
   165.0000       84.7195536940308        6.184783    
   180.0000       83.9596253312632        6.184783    
   195.0000       83.4126920151120        6.184783    
   210.0000       83.0703074980351        6.184783    
   225.0000       82.8638956306685        6.184783    
   240.0000       83.2606660298573        6.184783    
   255.0000       84.1290102749325        6.184783    
   270.0000       84.9141420030465        6.184783    
   285.0000       86.0033087359899        6.184783    
   300.0000       87.5210373393992        6.184783    
   315.0000       88.6823293465161        6.184783    
   330.0000       89.2236201167679        6.184783    
   345.0000       89.2219901278904        6.184783    
  0.0000000E+00   88.9397043438811        6.184783    
 
  0.0000000E+00   94.7596649455439        6.369565    
   15.00000       94.4698158070783        6.369565    
   30.00000       94.0713072456009        6.369565    
   45.00000       93.5186719436264        6.369565    
   60.00000       92.9410381269413        6.369565    
   75.00000       92.4674185571391        6.369565    
   90.00000       92.1320717795344        6.369565    
   105.0000       91.8523009300391        6.369565    
   120.0000       91.4757011675455        6.369565    
   135.0000       91.0200102228180        6.369565    
   150.0000       90.5330282697843        6.369565    
   165.0000       89.9555282796559        6.369565    
   180.0000       89.2417944154103        6.369565    
   195.0000       88.7094571057883        6.369565    
   210.0000       88.3577407388767        6.369565    
   225.0000       88.1299316086881        6.369565    
   240.0000       88.5306840767219        6.369565    
   255.0000       89.4236540844815        6.369565    
   270.0000       90.2741173960179        6.369565    
   285.0000       91.5101383991817        6.369565    
   300.0000       93.1337548831639        6.369565    
   315.0000       94.3020796514029        6.369565    
   330.0000       94.8765953652421        6.369565    
   345.0000       94.9659715532790        6.369565    
  0.0000000E+00   94.7596649455439        6.369565    
 
  0.0000000E+00   98.8276871217914        6.554348    
   15.00000       98.6168070491983        6.554348    
   30.00000       98.2604363581013        6.554348    
   45.00000       97.7094217186812        6.554348    
   60.00000       97.0999665199615        6.554348    
   75.00000       96.5659794979669        6.554348    
   90.00000       96.1254692342895        6.554348    
   105.0000       95.6938635602933        6.554348    
   120.0000       95.1987119923602        6.554348    
   135.0000       94.6685914199358        6.554348    
   150.0000       94.1513740418713        6.554348    
   165.0000       93.6036977979466        6.554348    
   180.0000       93.0103191108791        6.554348    
   195.0000       92.5910367017734        6.554348    
   210.0000       92.3045055140118        6.554348    
   225.0000       92.1173285974238        6.554348    
   240.0000       92.4765559305826        6.554348    
   255.0000       93.2905338609744        6.554348    
   270.0000       94.1264701016179        6.554348    
   285.0000       95.3523533445123        6.554348    
   300.0000       96.8501689063113        6.554348    
   315.0000       97.9557461419004        6.554348    
   330.0000       98.6443477873327        6.554348    
   345.0000       98.9037143756860        6.554348    
  0.0000000E+00   98.8276871217914        6.554348    
 
  0.0000000E+00   101.709589011178        6.739130    
   15.00000       101.584803973612        6.739130    
   30.00000       101.289677225424        6.739130    
   45.00000       100.775677061779        6.739130    
   60.00000       100.149318097523        6.739130    
   75.00000       99.5498281186988        6.739130    
   90.00000       99.0160265589197        6.739130    
   105.0000       98.4878021881339        6.739130    
   120.0000       97.9149513996550        6.739130    
   135.0000       97.3150518647991        6.739130    
   150.0000       96.7436542607124        6.739130    
   165.0000       96.1847731305904        6.739130    
   180.0000       95.6226873055201        6.739130    
   195.0000       95.2308718371532        6.739130    
   210.0000       94.9855785901550        6.739130    
   225.0000       94.8778431983337        6.739130    
   240.0000       95.2024646324741        6.739130    
   255.0000       95.9073700521459        6.739130    
   270.0000       96.7092416213918        6.739130    
   285.0000       97.8569555987777        6.739130    
   300.0000       99.2280176460338        6.739130    
   315.0000       100.356092412826        6.739130    
   330.0000       101.178951634220        6.739130    
   345.0000       101.628133768321        6.739130    
  0.0000000E+00   101.709589011178        6.739130    
 
  0.0000000E+00   103.779113604078        6.923913    
   15.00000       103.722601120665        6.923913    
   30.00000       103.478905825196        6.923913    
   45.00000       103.010149194750        6.923913    
   60.00000       102.388218832350        6.923913    
   75.00000       101.743373716959        6.923913    
   90.00000       101.140612768833        6.923913    
   105.0000       100.552573798890        6.923913    
   120.0000       99.9333535114924        6.923913    
   135.0000       99.2747355028595        6.923913    
   150.0000       98.6373675527771        6.923913    
   165.0000       98.0353108011517        6.923913    
   180.0000       97.4484113394748        6.923913    
   195.0000       97.0393433166925        6.923913    
   210.0000       96.8059424084611        6.923913    
   225.0000       96.7305320520772        6.923913    
   240.0000       97.0295279697695        6.923913    
   255.0000       97.6891785536645        6.923913    
   270.0000       98.4886691843646        6.923913    
   285.0000       99.5814114908911        6.923913    
   300.0000       100.887821031570        6.923913    
   315.0000       102.049477648149        6.923913    
   330.0000       102.971364791563        6.923913    
   345.0000       103.566345849574        6.923913    
  0.0000000E+00   103.779113604078        6.923913    
 
  0.0000000E+00   105.285332831320        7.108696    
   15.00000       105.239688125108        7.108696    
   30.00000       105.000172090593        7.108696    
   45.00000       104.548663431822        7.108696    
   60.00000       103.933079947875        7.108696    
   75.00000       103.266797405041        7.108696    
   90.00000       102.626994433311        7.108696    
   105.0000       102.010601476480        7.108696    
   120.0000       101.371235570381        7.108696    
   135.0000       100.674648915651        7.108696    
   150.0000       99.9838816719008        7.108696    
   165.0000       99.3356198232369        7.108696    
   180.0000       98.7176081541552        7.108696    
   195.0000       98.2980533952306        7.108696    
   210.0000       98.0866849589054        7.108696    
   225.0000       98.0603613573788        7.108696    
   240.0000       98.3889038902694        7.108696    
   255.0000       99.0701201489788        7.108696    
   270.0000       99.9120312600894        7.108696    
   285.0000       100.998601140781        7.108696    
   300.0000       102.272864534001        7.108696    
   315.0000       103.437666381329        7.108696    
   330.0000       104.383992474517        7.108696    
   345.0000       105.026272791276        7.108696    
  0.0000000E+00   105.285332831320        7.108696    
 
  0.0000000E+00   106.376526989639        7.293478    
   15.00000       106.265535400984        7.293478    
   30.00000       105.971201446716        7.293478    
   45.00000       105.491298740180        7.293478    
   60.00000       104.869003426740        7.293478    
   75.00000       104.200818395423        7.293478    
   90.00000       103.556539129958        7.293478    
   105.0000       102.939752852077        7.293478    
   120.0000       102.298407406578        7.293478    
   135.0000       101.586060027688        7.293478    
   150.0000       100.872647534725        7.293478    
   165.0000       100.204222049987        7.293478    
   180.0000       99.5924317537615        7.293478    
   195.0000       99.2112558049663        7.293478    
   210.0000       99.0661584190818        7.293478    
   225.0000       99.1409535568689        7.293478    
   240.0000       99.5704913801032        7.293478    
   255.0000       100.333809891237        7.293478    
   270.0000       101.255007276016        7.293478    
   285.0000       102.372887511357        7.293478    
   300.0000       103.619258685532        7.293478    
   315.0000       104.732650274954        7.293478    
   330.0000       105.611628074611        7.293478    
   345.0000       106.182605742047        7.293478    
  0.0000000E+00   106.376526989639        7.293478    
 
  0.0000000E+00   107.116861190417        7.478261    
   15.00000       106.887175959962        7.478261    
   30.00000       106.501427994185        7.478261    
   45.00000       105.966733791641        7.478261    
   60.00000       105.332464371260        7.478261    
   75.00000       104.678778038101        7.478261    
   90.00000       104.057555173532        7.478261    
   105.0000       103.461950541893        7.478261    
   120.0000       102.831840311050        7.478261    
   135.0000       102.127082660628        7.478261    
   150.0000       101.426591810152        7.478261    
   165.0000       100.780151334168        7.478261    
   180.0000       100.232325908102        7.478261    
   195.0000       99.9502284473746        7.478261    
   210.0000       99.9226300655616        7.478261    
   225.0000       100.149142078915        7.478261    
   240.0000       100.727732108199        7.478261    
   255.0000       101.600989319783        7.478261    
   270.0000       102.607150228435        7.478261    
   285.0000       103.754588309914        7.478261    
   300.0000       104.942656587808        7.478261    
   315.0000       105.939374032379        7.478261    
   330.0000       106.667688711824        7.478261    
   345.0000       107.072301172795        7.478261    
  0.0000000E+00   107.116861190417        7.478261    
 
  0.0000000E+00   107.550558702194        7.663043    
   15.00000       107.193208498205        7.663043    
   30.00000       106.715230327227        7.663043    
   45.00000       106.130425494548        7.663043    
   60.00000       105.495815203578        7.663043    
   75.00000       104.874005391977        7.663043    
   90.00000       104.295104386472        7.663043    
   105.0000       103.734584299584        7.663043    
   120.0000       103.128246092224        7.663043    
   135.0000       102.454575992584        7.663043    
   150.0000       101.799808511676        7.663043    
   165.0000       101.217249022073        7.663043    
   180.0000       100.781950901136        7.663043    
   195.0000       100.637833622083        7.663043    
   210.0000       100.755750808867        7.663043    
   225.0000       101.151240730060        7.663043    
   240.0000       101.878510447024        7.663043    
   255.0000       102.845453814925        7.663043    
   270.0000       103.906947186762        7.663043    
   285.0000       105.045652763833        7.663043    
   300.0000       106.127237438188        7.663043    
   315.0000       106.955780053212        7.663043    
   330.0000       107.485065710230        7.663043    
   345.0000       107.681724174585        7.663043    
  0.0000000E+00   107.550558702194        7.663043    
 
  0.0000000E+00   107.743752084724        7.847826    
   15.00000       107.282502393758        7.847826    
   30.00000       106.735617849565        7.847826    
   45.00000       106.123611981871        7.847826    
   60.00000       105.507277562351        7.847826    
   75.00000       104.931148117864        7.847826    
   90.00000       104.405119815854        7.847826    
   105.0000       103.888459307983        7.847826    
   120.0000       103.319621931397        7.847826    
   135.0000       102.698262793492        7.847826    
   150.0000       102.113321553830        7.847826    
   165.0000       101.622747552446        7.847826    
   180.0000       101.321185931296        7.847826    
   195.0000       101.319431459275        7.847826    
   210.0000       101.577351783379        7.847826    
   225.0000       102.119419626814        7.847826    
   240.0000       102.954837044640        7.847826    
   255.0000       103.971425580577        7.847826    
   270.0000       105.041348796601        7.847826    
   285.0000       106.123422386459        7.847826    
   300.0000       107.062340357853        7.847826    
   315.0000       107.704196871893        7.847826    
   330.0000       108.030133262950        7.847826    
   345.0000       108.029311424336        7.847826    
  0.0000000E+00   107.743752084724        7.847826    
 
  0.0000000E+00   107.766232806284        8.032609    
   15.00000       107.236307716075        8.032609    
   30.00000       106.650963826069        8.032609    
   45.00000       106.037241916842        8.032609    
   60.00000       105.455039718008        8.032609    
   75.00000       104.932480085197        8.032609    
   90.00000       104.463621796775        8.032609    
   105.0000       103.996767574016        8.032609    
   120.0000       103.477809820154        8.032609    
   135.0000       102.923558976617        8.032609    
   150.0000       102.421051864929        8.032609    
   165.0000       102.032610176365        8.032609    
   180.0000       101.859934789865        8.032609    
   195.0000       101.979641393021        8.032609    
   210.0000       102.348653697370        8.032609    
   225.0000       102.991897667106        8.032609    
   240.0000       103.880651622721        8.032609    
   255.0000       104.898751702290        8.032609    
   270.0000       105.933342687576        8.032609    
   285.0000       106.923437926535        8.032609    
   300.0000       107.708272039280        8.032609    
   315.0000       108.174794340997        8.032609    
   330.0000       108.323701365237        8.032609    
   345.0000       108.164510015508        8.032609    
  0.0000000E+00   107.766232806284        8.032609    
 
  0.0000000E+00   107.666839247968        8.217392    
   15.00000       107.102156644097        8.217392    
   30.00000       106.506455773235        8.217392    
   45.00000       105.912029004526        8.217392    
   60.00000       105.374549432248        8.217392    
   75.00000       104.908802052050        8.217392    
   90.00000       104.497823138363        8.217392    
   105.0000       104.084328751067        8.217392    
   120.0000       103.623503781585        8.217392    
   135.0000       103.143337426001        8.217392    
   150.0000       102.725720531824        8.217392    
   165.0000       102.435544258406        8.217392    
   180.0000       102.371673155686        8.217392    
   195.0000       102.580912666107        8.217392    
   210.0000       103.023652350230        8.217392    
   225.0000       103.719145416444        8.217392    
   240.0000       104.612096690479        8.217392    
   255.0000       105.592608674770        8.217392    
   270.0000       106.560348652137        8.217392    
   285.0000       107.440629913593        8.217392    
   300.0000       108.078899848274        8.217392    
   315.0000       108.396650437815        8.217392    
   330.0000       108.406696302138        8.217392    
   345.0000       108.135060253848        8.217392    
  0.0000000E+00   107.666839247968        8.217392    
 
  0.0000000E+00   107.471569217642        8.402174    
   15.00000       106.900650211749        8.402174    
   30.00000       106.317626676327        8.402174    
   45.00000       105.758096077687        8.402174    
   60.00000       105.271704076886        8.402174    
   75.00000       104.863219839181        8.402174    
   90.00000       104.508781267741        8.402174    
   105.0000       104.149748639956        8.402174    
   120.0000       103.750469218899        8.402174    
   135.0000       103.344684410448        8.402174    
   150.0000       103.007234709192        8.402174    
   165.0000       102.803020896114        8.402174    
   180.0000       102.822584078857        8.402174    
   195.0000       103.089504558965        8.402174    
   210.0000       103.570060958312        8.402174    
   225.0000       104.275211333415        8.402174    
   240.0000       105.134647115364        8.402174    
   255.0000       106.050397072046        8.402174    
   270.0000       106.932102346982        8.402174    
   285.0000       107.697956508094        8.402174    
   300.0000       108.206408123467        8.402174    
   315.0000       108.405670024591        8.402174    
   330.0000       108.315216308254        8.402174    
   345.0000       107.973136672332        8.402174    
  0.0000000E+00   107.471569217642        8.402174    
 
  0.0000000E+00   107.192070791192        8.586957    
   15.00000       106.637725612881        8.586957    
   30.00000       106.085359530569        8.586957    
   45.00000       105.571789544844        8.586957    
   60.00000       105.139934982635        8.586957    
   75.00000       104.787523768485        8.586957    
   90.00000       104.486995459518        8.586957    
   105.0000       104.181333839197        8.586957    
   120.0000       103.842912198210        8.586957    
   135.0000       103.507084342761        8.586957    
   150.0000       103.240697502225        8.586957    
   165.0000       103.106948149200        8.586957    
   180.0000       103.184657504596        8.586957    
   195.0000       103.480886403240        8.586957    
   210.0000       103.968485150695        8.586957    
   225.0000       104.650112228647        8.586957    
   240.0000       105.449875080592        8.586957    
   255.0000       106.283636056016        8.586957    
   270.0000       107.069592927383        8.586957    
   285.0000       107.724427600616        8.586957    
   300.0000       108.122701907806        8.586957    
   315.0000       108.232103711068        8.586957    
   330.0000       108.075161049506        8.586957    
   345.0000       107.697660581008        8.586957    
  0.0000000E+00   107.192070791192        8.586957    
 
  0.0000000E+00   106.832946060690        8.771739    
   15.00000       106.312920814121        8.771739    
   30.00000       105.804775532577        8.771739    
   45.00000       105.344656454348        8.771739    
   60.00000       104.968743025395        8.771739    
   75.00000       104.670174262778        8.771739    
   90.00000       104.420067808099        8.771739    
   105.0000       104.164985011931        8.771739    
   120.0000       103.883806693211        8.771739    
   135.0000       103.610631232836        8.771739    
   150.0000       103.404497937617        8.771739    
   165.0000       103.324680641139        8.771739    
   180.0000       103.437494308753        8.771739    
   195.0000       103.739388819129        8.771739    
   210.0000       104.209385617050        8.771739    
   225.0000       104.843352207913        8.771739    
   240.0000       105.566644380526        8.771739    
   255.0000       106.308674256145        8.771739    
   270.0000       106.995740263345        8.771739    
   285.0000       107.547279757409        8.771739    
   300.0000       107.854790032897        8.771739    
   315.0000       107.899477593699        8.771739    
   330.0000       107.704620895341        8.771739    
   345.0000       107.319735514319        8.771739    
  0.0000000E+00   106.832946060690        8.771739    
 
  0.0000000E+00   106.395553707957        8.956522    
   15.00000       105.923268540310        8.956522    
   30.00000       105.469173618490        8.956522    
   45.00000       105.067193877673        8.956522    
   60.00000       104.747140551524        8.956522    
   75.00000       104.499495449917        8.956522    
   90.00000       104.295778764058        8.956522    
   105.0000       104.087330327449        8.956522    
   120.0000       103.857988714380        8.956522    
   135.0000       103.639005027782        8.956522    
   150.0000       103.481636835674        8.956522    
   165.0000       103.439824302258        8.956522    
   180.0000       103.568002773429        8.956522    
   195.0000       103.856748696333        8.956522    
   210.0000       104.290404279583        8.956522    
   225.0000       104.860201433287        8.956522    
   240.0000       105.497204912235        8.956522    
   255.0000       106.143135540993        8.956522    
   270.0000       106.732450037928        8.956522    
   285.0000       107.190367986281        8.956522    
   300.0000       107.424875782355        8.956522    
   315.0000       107.426097488012        8.956522    
   330.0000       107.216587831123        8.956522    
   345.0000       106.846177915017        8.956522    
  0.0000000E+00   106.395553707957        8.956522    
 
  0.0000000E+00   105.880214611036        9.141304    
   15.00000       105.465431273140        9.141304    
   30.00000       105.072104800037        9.141304    
   45.00000       104.730759936590        9.141304    
   60.00000       104.465395837932        9.141304    
   75.00000       104.265315194043        9.141304    
   90.00000       104.103671678617        9.141304    
   105.0000       103.937260536498        9.141304    
   120.0000       103.753555314979        9.141304    
   135.0000       103.579993406308        9.141304    
   150.0000       103.460264083837        9.141304    
   165.0000       103.442165796469        9.141304    
   180.0000       103.569614687939        9.141304    
   195.0000       103.830884157864        9.141304    
   210.0000       104.214688733506        9.141304    
   225.0000       104.709859533315        9.141304    
   240.0000       105.255724174365        9.141304    
   255.0000       105.804919096431        9.141304    
   270.0000       106.300211944783        9.141304    
   285.0000       106.674654334170        9.141304    
   300.0000       106.851667376233        9.141304    
   315.0000       106.826878350532        9.141304    
   330.0000       106.621150361375        9.141304    
   345.0000       106.281825462664        9.141304    
  0.0000000E+00   105.880214611036        9.141304    
 
  0.0000000E+00   105.287083724139        9.326087    
   15.00000       104.936490259161        9.326087    
   30.00000       104.608086746592        9.326087    
   45.00000       104.328165001817        9.326087    
   60.00000       104.115527706069        9.326087    
   75.00000       103.959403370635        9.326087    
   90.00000       103.835442957317        9.326087    
   105.0000       103.706239105637        9.326087    
   120.0000       103.561834306606        9.326087    
   135.0000       103.425300896633        9.326087    
   150.0000       103.333169994607        9.326087    
   165.0000       103.326693734205        9.326087    
   180.0000       103.440908958664        9.326087    
   195.0000       103.664337590226        9.326087    
   210.0000       103.989188663672        9.326087    
   225.0000       104.403847627515        9.326087    
   240.0000       104.857222742555        9.326087    
   255.0000       105.311478048241        9.326087    
   270.0000       105.717869742581        9.326087    
   285.0000       106.018569277451        9.326087    
   300.0000       106.151164736186        9.326087    
   315.0000       106.114330740350        9.326087    
   330.0000       105.926579411404        9.326087    
   345.0000       105.630557986554        9.326087    
  0.0000000E+00   105.287083724139        9.326087    
 
  0.0000000E+00   104.616464168767        9.510870    
   15.00000       104.334174755830        9.510870    
   30.00000       104.072753587298        9.510870    
   45.00000       103.853725120357        9.510870    
   60.00000       103.691297670627        9.510870    
   75.00000       103.575430245413        9.510870    
   90.00000       103.484869524317        9.510870    
   105.0000       103.388142515454        9.510870    
   120.0000       103.276984893814        9.510870    
   135.0000       103.169959186719        9.510870    
   150.0000       103.096897133314        9.510870    
   165.0000       103.092373745249        9.510870    
   180.0000       103.184169360327        9.510870    
   195.0000       103.362774162893        9.510870    
   210.0000       103.623111033181        9.510870    
   225.0000       103.954759185048        9.510870    
   240.0000       104.316706330315        9.510870    
   255.0000       104.679337589582        9.510870    
   270.0000       105.002551039582        9.510870    
   285.0000       105.238359569643        9.510870    
   300.0000       105.337249533762        9.510870    
   315.0000       105.299205888902        9.510870    
   330.0000       105.139935986710        9.510870    
   345.0000       104.895756495347        9.510870    
  0.0000000E+00   104.616464168767        9.510870    
 
  0.0000000E+00   103.869884436741        9.695652    
   15.00000       103.657885622774        9.695652    
   30.00000       103.463831455343        9.695652    
   45.00000       103.304169557156        9.695652    
   60.00000       103.189063004026        9.695652    
   75.00000       103.109776286901        9.695652    
   90.00000       103.048566469375        9.695652    
   105.0000       102.979927302976        9.695652    
   120.0000       102.896662776134        9.695652    
   135.0000       102.812839792876        9.695652    
   150.0000       102.752025054773        9.695652    
   165.0000       102.742179883741        9.695652    
   180.0000       102.805247704306        9.695652    
   195.0000       102.934781524524        9.695652    
   210.0000       103.127851176462        9.695652    
   225.0000       103.376411317848        9.695652    
   240.0000       103.649496860134        9.695652    
   255.0000       103.924623495758        9.695652    
   270.0000       104.170399910197        9.695652    
   285.0000       104.349007145595        9.695652    
   300.0000       104.422689425658        9.695652    
   315.0000       104.391575974561        9.695652    
   330.0000       104.268229982195        9.695652    
   345.0000       104.081470940422        9.695652    
  0.0000000E+00   103.869884436741        9.695652    
 
  0.0000000E+00   103.049863016739        9.880435    
   15.00000       102.908446265893        9.880435    
   30.00000       102.780813399983        9.880435    
   45.00000       102.678243723421        9.880435    
   60.00000       102.607340963516        9.880435    
   75.00000       102.561068730195        9.880435    
   90.00000       102.525484047067        9.880435    
   105.0000       102.481036650263        9.880435    
   120.0000       102.421194304552        9.880435    
   135.0000       102.355644221670        9.880435    
   150.0000       102.302041556469        9.880435    
   165.0000       102.281871142177        9.880435    
   180.0000       102.312369026406        9.880435    
   195.0000       102.390797184507        9.880435    
   210.0000       102.515952149483        9.880435    
   225.0000       102.682963962683        9.880435    
   240.0000       102.870589799606        9.880435    
   255.0000       103.062620012480        9.880435    
   270.0000       103.236360548718        9.880435    
   285.0000       103.364231595113        9.880435    
   300.0000       103.419245297397        9.880435    
   315.0000       103.400909316652        9.880435    
   330.0000       103.318381812624        9.880435    
   345.0000       103.192224235257        9.880435    
  0.0000000E+00   103.049863016739        9.880435    
 
  0.0000000E+00   102.159783367424        10.06522    
   15.00000       102.087906010845        10.06522    
   30.00000       102.024751606588        10.06522    
   45.00000       101.976484551396        10.06522    
   60.00000       101.946553654792        10.06522    
   75.00000       101.929902720806        10.06522    
   90.00000       101.916599728411        10.06522    
   105.0000       101.893048509018        10.06522    
   120.0000       101.853154423066        10.06522    
   135.0000       101.802361149286        10.06522    
   150.0000       101.752655925396        10.06522    
   165.0000       101.719186130559        10.06522    
   180.0000       101.715292103020        10.06522    
   195.0000       101.742271751949        10.06522    
   210.0000       101.800366826385        10.06522    
   225.0000       101.888358665058        10.06522    
   240.0000       101.994292372161        10.06522    
   255.0000       102.107595643420        10.06522    
   270.0000       102.214165205726        10.06522    
   285.0000       102.296562432850        10.06522    
   300.0000       102.337749620132        10.06522    
   315.0000       102.336131860387        10.06522    
   330.0000       102.297252440810        10.06522    
   345.0000       102.232980721509        10.06522    
  0.0000000E+00   102.159783367424        10.06522    
 
  0.0000000E+00   101.203562810821        10.25000    
   15.00000       101.199173952985        10.25000    
   30.00000       101.197823719253        10.25000    
   45.00000       101.200726842603        10.25000    
   60.00000       101.208519117649        10.25000    
   75.00000       101.218319562958        10.25000    
   90.00000       101.224375086363        10.25000    
   105.0000       101.219059106633        10.25000    
   120.0000       101.196652139186        10.25000    
   135.0000       101.158458602829        10.25000    
   150.0000       101.110912561342        10.25000    
   165.0000       101.062913385985        10.25000    
   180.0000       101.024406999013        10.25000    
   195.0000       101.000849939219        10.25000    
   210.0000       100.993765348573        10.25000    
   225.0000       101.005799918396        10.25000    
   240.0000       101.033840277709        10.25000    
   255.0000       101.072507702885        10.25000    
   270.0000       101.116113940945        10.25000    
   285.0000       101.157170256050        10.25000    
   300.0000       101.187936830009        10.25000    
   315.0000       101.205435103478        10.25000    
   330.0000       101.211410860613        10.25000    
   345.0000       101.208857691209        10.25000    
  0.0000000E+00   101.203562810821        10.25000    
 
