  0.0000000E+00   74.8212172891434     
   15.00000       74.5640245792034     
   30.00000       73.8242692738932     
   45.00000       73.1162678324763     
   60.00000       72.6983341944974     
   75.00000       72.6486136971159     
   90.00000       72.8923842664294     
   105.0000       73.2570108750897     
   120.0000       73.6714583821419     
   135.0000       74.0813268399635     
   150.0000       74.4749834928274     
   165.0000       74.8391726344521     
   180.0000       75.1997975589599     
   195.0000       75.6122858948157     
   210.0000       76.1659913476701     
   225.0000       76.7080681426871     
   240.0000       76.7870852804588     
   255.0000       76.5895078516307     
   270.0000       76.3729642010531     
   285.0000       76.1498044967477     
   300.0000       75.8784975670089     
   315.0000       75.5926112575686     
   330.0000       75.3261248388624     
   345.0000       75.0285999271431     
   360.0000       74.8212172891434     
   360.0000       79.4660310783291     
   375.0000       79.2498682798987     
   390.0000       78.4777418123577     
   405.0000       77.5551273943002     
   420.0000       76.9837410550524     
   435.0000       76.9137059975413     
   450.0000       77.2808160581745     
   465.0000       77.8419544179212     
   480.0000       78.5021692063772     
   495.0000       79.1728063222888     
   510.0000       79.8300422518664     
   525.0000       80.4594786157461     
   540.0000       81.0387262788375     
   555.0000       81.6767647412649     
   570.0000       82.4306632947542     
   585.0000       82.8979253130748     
   600.0000       82.7164254768304     
   615.0000       82.3293543069913     
   630.0000       81.9348311938186     
   645.0000       81.5455023885945     
   660.0000       81.1007777891671     
   675.0000       80.6553035822307     
   690.0000       80.2586606904981     
   705.0000       79.8202739579320     
   720.0000       79.4660310783291     
   720.0000       83.2035143484294     
   735.0000       82.9739988246874     
   750.0000       82.4935232710989     
   765.0000       81.6949798428038     
   780.0000       81.1692171860493     
   795.0000       81.1407970432977     
   810.0000       81.5792141856223     
   825.0000       82.2466326896546     
   840.0000       83.0494435993178     
   855.0000       83.8814160473150     
   870.0000       84.7035008333710     
   885.0000       85.4948356172849     
   900.0000       86.2052247473287     
   915.0000       86.9223916562491     
   930.0000       87.6140494962062     
   945.0000       87.7526357287881     
   960.0000       87.4090537865148     
   975.0000       86.8796516445820     
   990.0000       86.3371879272279     
   1005.000       85.8059092031603     
   1020.000       85.2236281080419     
   1035.000       84.6569895127120     
   1050.000       84.1721168088002     
   1065.000       83.6600004394784     
   1080.000       83.2035143484294     
   1080.000       86.1504602112539     
   1095.000       85.8510906535368     
   1110.000       85.5944213337307     
   1125.000       85.1240462768022     
   1140.000       84.7601937801479     
   1155.000       84.8137348247749     
   1170.000       85.2999767760862     
   1185.000       86.0253199521247     
   1200.000       86.9076110046261     
   1215.000       87.8355241459547     
   1230.000       88.7606600355990     
   1245.000       89.6398606395232     
   1260.000       90.3985583540376     
   1275.000       91.0827765305603     
   1290.000       91.5453848556501     
   1305.000       91.5191958496204     
   1320.000       91.1087794125689     
   1335.000       90.5008632283227     
   1350.000       89.8496915040140     
   1365.000       89.2042037911674     
   1380.000       88.5099964257094     
   1395.000       87.8327427083017     
   1410.000       87.2597047047352     
   1425.000       86.6874585750702     
   1440.000       86.1504602112539     
   1440.000       88.5303152546645     
   1455.000       88.1308575147269     
   1470.000       87.9231665738290     
   1485.000       87.7577287922898     
   1500.000       87.6370243794228     
   1515.000       87.8192099410836     
   1530.000       88.3516708717877     
   1545.000       89.1239678135928     
   1560.000       90.0658225645920     
   1575.000       91.0524909317333     
   1590.000       92.0261678832366     
   1605.000       92.9370836798876     
   1620.000       93.6827096957120     
   1635.000       94.2428598009762     
   1650.000       94.5474657212811     
   1665.000       94.4718465062865     
   1680.000       94.0642778314140     
   1695.000       93.4366563054522     
   1710.000       92.7212144768147     
   1725.000       91.9954730787781     
   1740.000       91.2187535389547     
   1755.000       90.4419144141615     
   1770.000       89.7728429553351     
   1785.000       89.1392690538437     
   1800.000       88.5303152546645     
   1800.000       90.4939418461110     
   1815.000       90.0026967854987     
   1830.000       89.7594682970483     
   1845.000       89.7033812019183     
   1860.000       89.8112055745495     
   1875.000       90.1856078852168     
   1890.000       90.8132235693334     
   1905.000       91.6579157522536     
   1920.000       92.6587406949775     
   1935.000       93.6839571362654     
   1950.000       94.6686569805476     
   1965.000       95.5609155037831     
   1980.000       96.2274960643224     
   1995.000       96.6725385715012     
   2010.000       96.8859957196701     
   2025.000       96.7917529797762     
   2040.000       96.4093177708632     
   2055.000       95.7960521320148     
   2070.000       95.0559854133287     
   2085.000       94.2855959187449     
   2100.000       93.4605249897478     
   2115.000       92.6104974285097     
   2130.000       91.8518426974928     
   2145.000       91.1568809241849     
   2160.000       90.4939418461110     
   2160.000       92.1057813043773     
   2175.000       91.5729522359495     
   2190.000       91.3016521343492     
   2205.000       91.2931334701727     
   2220.000       91.5317540695637     
   2235.000       92.0535610125819     
   2250.000       92.8383920306257     
   2265.000       93.8016740390998     
   2280.000       94.8744425240288     
   2295.000       95.9196882209423     
   2310.000       96.8744630773015     
   2325.000       97.6844809871484     
   2340.000       98.2576419538554     
   2355.000       98.5978653026766     
   2370.000       98.7173993254341     
   2385.000       98.5799998719043     
   2400.000       98.1982555706454     
   2415.000       97.5972302370816     
   2430.000       96.8550200927694     
   2445.000       96.0693792615218     
   2460.000       95.2276067672891     
   2475.000       94.3433897507383     
   2490.000       93.5257514546789     
   2505.000       92.7892643705268     
   2520.000       92.1057813043773     
   2520.000       93.4168106261494     
   2535.000       92.9149172827190     
   2550.000       92.6807437513188     
   2565.000       92.7491564905637     
   2580.000       93.1139220568988     
   2595.000       93.7785600350966     
   2610.000       94.7005123780091     
   2625.000       95.7619870189004     
   2640.000       96.8778356257881     
   2655.000       97.9056172250064     
   2670.000       98.7930718431854     
   2685.000       99.4855827152798     
   2700.000       99.9272878179288     
   2715.000       100.130518842593     
   2730.000       100.124747631901     
   2745.000       99.9032688316986     
   2760.000       99.4814046066867     
   2775.000       98.8705275856410     
   2790.000       98.1333367128390     
   2805.000       97.3531051552372     
   2820.000       96.5192503830016     
   2835.000       95.6391480093243     
   2850.000       94.8106339341036     
   2865.000       94.0740353660753     
   2880.000       93.4168106261494     
   2880.000       94.5263292472264     
   2895.000       94.1226632626203     
   2910.000       93.9976043144095     
   2925.000       94.1961637919770     
   2940.000       94.7104668299045     
   2955.000       95.5217194602361     
   2970.000       96.5561398027230     
   2985.000       97.6735431917998     
   3000.000       98.7761833814274     
   3015.000       99.7250461781770     
   3030.000       100.485712461711     
   3045.000       101.009382102852     
   3060.000       101.276759837775     
   3075.000       101.313029663571     
   3090.000       101.161507230120     
   3105.000       100.833618949462     
   3120.000       100.349600139138     
   3135.000       99.7176238662466     
   3150.000       98.9927057710011     
   3165.000       98.2346362277116     
   3180.000       97.4290982453609     
   3195.000       96.5871676204815     
   3210.000       95.7964757560984     
   3225.000       95.1077888162457     
   3240.000       94.5263292472264     
   3240.000       95.5522297968538     
   3255.000       95.2875268810595     
   3270.000       95.3124241756222     
   3285.000       95.6670309724874     
   3300.000       96.3312203995254     
   3315.000       97.2651283308741     
   3330.000       98.3637926951033     
   3345.000       99.4777198736473     
   3360.000       100.504831406787     
   3375.000       101.320368621108     
   3390.000       101.910336853722     
   3405.000       102.237695466980     
   3420.000       102.317666106436     
   3435.000       102.186710323109     
   3450.000       101.898324900505     
   3465.000       101.472522196387     
   3480.000       100.933043126903     
   3495.000       100.289879474924     
   3510.000       99.5921275261559     
   3525.000       98.8737824569230     
   3540.000       98.1173197821828     
   3555.000       97.3408971930679     
   3570.000       96.6245447277358     
   3585.000       96.0215211860125     
   3600.000       95.5522297968538     
   3600.000       96.5637720651589     
   3615.000       96.4458800122387     
   3630.000       96.6213709764955     
   3645.000       97.1177444204619     
   3660.000       97.8982561156517     
   3675.000       98.9042071922227     
   3690.000       100.007889903026     
   3705.000       101.063306901167     
   3720.000       101.971399495213     
   3735.000       102.628068508335     
   3750.000       103.037182985454     
   3765.000       103.176673127206     
   3780.000       103.089467420007     
   3795.000       102.818831573769     
   3810.000       102.424522824123     
   3825.000       101.928952359678     
   3840.000       101.358342247925     
   3855.000       100.725480498758     
   3870.000       100.071907472886     
   3885.000       99.4091055835101     
   3900.000       98.7194205788422     
   3915.000       98.0269178130998     
   3930.000       97.4051277732097     
   3945.000       96.9068360701786     
   3960.000       96.5637720651589     
   3960.000       97.5665793861465     
   3975.000       97.5789312756185     
   3990.000       97.8782362529502     
   4005.000       98.4769261049781     
   4020.000       99.3231488127137     
   4035.000       100.344763751693     
   4050.000       101.403125160997     
   4065.000       102.364345526844     
   4080.000       103.136481185538     
   4095.000       103.636913976317     
   4110.000       103.882458211448     
   4125.000       103.866054118811     
   4140.000       103.649313035870     
   4155.000       103.278221868630     
   4170.000       102.815351894578     
   4185.000       102.282388792122     
   4200.000       101.707604940499     
   4215.000       101.105704385357     
   4230.000       100.509409711340     
   4245.000       99.9133703839218     
   4260.000       99.3019229800107     
   4275.000       98.7018908167754     
   4290.000       98.1805484298390     
   4305.000       97.7890843371624     
   4320.000       97.5665793861465     
   4320.000       98.5312499846468     
   4335.000       98.6454901983871     
   4350.000       99.0309275791855     
   4365.000       99.6865368247592     
   4380.000       100.549528980811     
   4395.000       101.540079664626     
   4410.000       102.519713062988     
   4425.000       103.370489133420     
   4440.000       104.009035127432     
   4455.000       104.371790530617     
   4470.000       104.483699512264     
   4485.000       104.350654169893     
   4500.000       104.044600360601     
   4515.000       103.611555299452     
   4530.000       103.114158715110     
   4545.000       102.572159064784     
   4560.000       102.015448848956     
   4575.000       101.459351180656     
   4590.000       100.927846170389     
   4605.000       100.404308751867     
   4620.000       99.8756458381895     
   4635.000       99.3684466735612     
   4650.000       98.9437504061048     
   4665.000       98.6503978395244     
   4680.000       98.5312499846468     
   4680.000       99.4208885376372     
   4695.000       99.6067446151492     
   4710.000       100.041448203151     
   4725.000       100.712951391153     
   4740.000       101.552995443343     
   4755.000       102.479839929063     
   4770.000       103.362545935393     
   4785.000       104.099815033004     
   4800.000       104.616985751202     
   4815.000       104.866123941976     
   4830.000       104.876530994825     
   4845.000       104.664099541364     
   4860.000       104.304602497945     
   4875.000       103.842477736146     
   4890.000       103.338306282297     
   4905.000       102.809606065897     
   4920.000       102.287208433011     
   4935.000       101.785935656840     
   4950.000       101.321992246960     
   4965.000       100.871926384962     
   4980.000       100.424913824815     
   4995.000       100.005286899460     
   5010.000       99.6678739774510     
   5025.000       99.4584659230316     
   5040.000       99.4208885376372     
   5040.000       100.204695220322     
   5055.000       100.433954438290     
   5070.000       100.885782492703     
   5085.000       101.540281905288     
   5100.000       102.328549483183     
   5115.000       103.171362612853     
   5130.000       103.949757608110     
   5145.000       104.577982898139     
   5160.000       104.989759474697     
   5175.000       105.149456639777     
   5190.000       105.088017126290     
   5205.000       104.828245196585     
   5220.000       104.445071841235     
   5235.000       103.980357136701     
   5250.000       103.491014233789     
   5265.000       102.992401132950     
   5280.000       102.515385463381     
   5295.000       102.073481714018     
   5310.000       101.676441256227     
   5325.000       101.297266683599     
   5340.000       100.926815198451     
   5355.000       100.586100255863     
   5370.000       100.323831990851     
   5385.000       100.182452554298     
   5400.000       100.204695220322     
   5400.000       100.860053317208     
   5415.000       101.108308192410     
   5430.000       101.551163708742     
   5445.000       102.164105902085     
   5460.000       102.881313904141     
   5475.000       103.629129517203     
   5490.000       104.302783159165     
   5505.000       104.830271328759     
   5520.000       105.153274816940     
   5535.000       105.245620678855     
   5550.000       105.137986057419     
   5565.000       104.857234953858     
   5580.000       104.474253714602     
   5595.000       104.027647278512     
   5610.000       103.569488754502     
   5625.000       103.113146957558     
   5640.000       102.688519724755     
   5655.000       102.307314339275     
   5670.000       101.974191024449     
   5685.000       101.660950907739     
   5700.000       101.359568260875     
   5715.000       101.087386973962     
   5730.000       100.887383329048     
   5745.000       100.798266456706     
   5760.000       100.860053317208     
   5760.000       101.372363972835     
   5775.000       101.619551474299     
   5790.000       102.033341686422     
   5805.000       102.587504690483     
   5820.000       103.221841967912     
   5835.000       103.870333486484     
   5850.000       104.442952973407     
   5865.000       104.879607291057     
   5880.000       105.129550298894     
   5895.000       105.173758472889     
   5910.000       105.041307049841     
   5925.000       104.760661351527     
   5940.000       104.396538385318     
   5955.000       103.983788971956     
   5970.000       103.568834770011     
   5985.000       103.163215042758     
   6000.000       102.794867709245     
   6015.000       102.473448017911     
   6030.000       102.199780937406     
   6045.000       101.946122891396     
   6060.000       101.705147619622     
   6075.000       101.490724966808     
   6090.000       101.340413701780     
   6105.000       101.288840743623     
   6120.000       101.372363972835     
   6120.000       101.734246553939     
   6135.000       101.964627953858     
   6150.000       102.334678294971     
   6165.000       102.818827822563     
   6180.000       103.364074915655     
   6195.000       103.913284843408     
   6210.000       104.390776035103     
   6225.000       104.746738205485     
   6240.000       104.937675223059     
   6255.000       104.949895569174     
   6270.000       104.809931730813     
   6285.000       104.545829169656     
   6300.000       104.214773925985     
   6315.000       103.847480990027     
   6330.000       103.484198179989     
   6345.000       103.134745733716     
   6360.000       102.824215740316     
   6375.000       102.560160608361     
   6390.000       102.340664152646     
   6405.000       102.139609535980     
   6420.000       101.950135061158     
   6435.000       101.783132042328     
   6450.000       101.670884943855     
   6465.000       101.643870932949     
   6480.000       101.734246553939     
   6480.000       101.944082621965     
   6495.000       102.145927957328     
   6510.000       102.462189940730     
   6525.000       102.869684106446     
   6540.000       103.323669263870     
   6555.000       103.776322203938     
   6570.000       104.165506761399     
   6585.000       104.450363992300     
   6600.000       104.594403397035     
   6615.000       104.587821801289     
   6630.000       104.453935337512     
   6645.000       104.218805432527     
   6660.000       103.931259649733     
   6675.000       103.617577480507     
   6690.000       103.311533828794     
   6705.000       103.021292356414     
   6720.000       102.768371527744     
   6735.000       102.558307108628     
   6750.000       102.387363125807     
   6765.000       102.231893200678     
   6780.000       102.085421800332     
   6795.000       101.956407989738     
   6810.000       101.872040509411     
   6825.000       101.858699365751     
   6840.000       101.944082621965     
   6840.000       102.004476744080     
   6855.000       102.169551887557     
   6870.000       102.425715037033     
   6885.000       102.753462183117     
   6900.000       103.116777363580     
   6915.000       103.477118464843     
   6930.000       103.784958697089     
   6945.000       104.007338467471     
   6960.000       104.114527801725     
   6975.000       104.099566736350     
   6990.000       103.982090579064     
   7005.000       103.784955773555     
   7020.000       103.548170834454     
   7035.000       103.293380086956     
   7050.000       103.047785490224     
   7065.000       102.817898025854     
   7080.000       102.621120283185     
   7095.000       102.461145843488     
   7110.000       102.333182449176     
   7125.000       102.216668864679     
   7140.000       102.105551541707     
   7155.000       102.006312872203     
   7170.000       101.941326021303     
   7185.000       101.933008398217     
   7200.000       102.004476744080     
   7200.000       101.921868553885     
   7215.000       102.044936870452     
   7230.000       102.237681902701     
   7245.000       102.485129035847     
   7260.000       102.760079993836     
   7275.000       103.032990854265     
   7290.000       103.266023939549     
   7305.000       103.433350790859     
   7320.000       103.511791898217     
   7335.000       103.496435043851     
   7350.000       103.402910677753     
   7365.000       103.249971962293     
   7380.000       103.068600566847     
   7395.000       102.875683298436     
   7410.000       102.691842201649     
   7425.000       102.521969605590     
   7440.000       102.378991012770     
   7455.000       102.264979144520     
   7470.000       102.174711528613     
   7485.000       102.091173084229     
   7500.000       102.008843809043     
   7515.000       101.932652464692     
   7530.000       101.880384209034     
   7545.000       101.870600978309     
   7560.000       101.921868553885     
   7560.000       101.705275017556     
   7575.000       101.783542615663     
   7590.000       101.911805195657     
   7605.000       102.080100001175     
   7620.000       102.269913501002     
   7635.000       102.460322566691     
   7650.000       102.624381720346     
   7665.000       102.742832194628     
   7680.000       102.798843197672     
   7695.000       102.788964492279     
   7710.000       102.724593037368     
   7725.000       102.619741686394     
   7740.000       102.496325305093     
   7755.000       102.366417649427     
   7770.000       102.244151713073     
   7785.000       102.132825090325     
   7800.000       102.040710781741     
   7815.000       101.968527553665     
   7830.000       101.911131234018     
   7845.000       101.855411686647     
   7860.000       101.796532197156     
   7875.000       101.738217142768     
   7890.000       101.693822540988     
   7905.000       101.678146249671     
   7920.000       101.705275017556     
   7920.000       101.365189678348     
   7935.000       101.397781060003     
   7950.000       101.462112122709     
   7965.000       101.553446497906     
   7980.000       101.661718314478     
   7995.000       101.774226556181     
   8010.000       101.874272838307     
   8025.000       101.948793418360     
   8040.000       101.987115194257     
   8055.000       101.986823188646     
   8070.000       101.954908566169     
   8085.000       101.900205471532     
   8100.000       101.835624817160     
   8115.000       101.768427056587     
   8130.000       101.706417533768     
   8145.000       101.651337962860     
   8160.000       101.606800985377     
   8175.000       101.572439426721     
   8190.000       101.543633481875     
   8205.000       101.511474002023     
   8220.000       101.471977413651     
   8235.000       101.427917684924     
   8250.000       101.388285999169     
   8265.000       101.364151686311     
   8280.000       101.365189678348     
   8280.000       100.912524122731     
   8295.000       100.900043234228     
   8310.000       100.902105405402     
   8325.000       100.919222105187     
   8340.000       100.949499677770     
   8355.000       100.988109114974     
   8370.000       101.028133093318     
   8385.000       101.062496361561     
   8400.000       101.086514062385     
   8415.000       101.098497437706     
   8430.000       101.100876971253     
   8445.000       101.097003103359     
   8460.000       101.090893634132     
   8475.000       101.085034965548     
   8490.000       101.081113764486     
   8505.000       101.079376574770     
   8520.000       101.078912736320     
   8535.000       101.078554608922     
   8550.000       101.074609443633     
   8565.000       101.062641857908     
   8580.000       101.039704745303     
   8595.000       101.007752660022     
   8610.000       100.971376474800     
   8625.000       100.937870071027     
   8640.000       100.912524122731     
