  0.0000000E+00   76.0715244262226     
   15.00000       76.0074292868980     
   30.00000       75.8528316951029     
   45.00000       75.7116677533662     
   60.00000       75.5621366179480     
   75.00000       75.3896077928175     
   90.00000       75.2415693875114     
   105.0000       75.1794668519323     
   120.0000       75.1753849425626     
   135.0000       75.1036129757073     
   150.0000       74.9652778012921     
   165.0000       74.7219686484043     
   180.0000       74.3780692733666     
   195.0000       74.0046135870569     
   210.0000       73.7156213867298     
   225.0000       73.4677473140239     
   240.0000       73.2642642150858     
   255.0000       73.3457300330247     
   270.0000       73.6505400559262     
   285.0000       73.9448269679521     
   300.0000       74.3354469723747     
   315.0000       74.8820835056539     
   330.0000       75.4447043289550     
   345.0000       75.8905855967771     
   360.0000       76.0715244262226     
   360.0000       82.0154299910881     
   375.0000       81.9858704322292     
   390.0000       81.8086141669928     
   405.0000       81.6149157479076     
   420.0000       81.3715605680992     
   435.0000       81.0731078736479     
   450.0000       80.8087962162842     
   465.0000       80.6690384248901     
   480.0000       80.5960017099580     
   495.0000       80.3885813422561     
   510.0000       80.0459758588683     
   525.0000       79.4867032396639     
   540.0000       78.8923144844098     
   555.0000       78.3647743422133     
   570.0000       77.9943454636904     
   585.0000       77.6958714258793     
   600.0000       77.4419220539248     
   615.0000       77.5632445173637     
   630.0000       78.0051756678082     
   645.0000       78.4606293023797     
   660.0000       79.1051097115776     
   675.0000       80.0057034979645     
   690.0000       80.9424458662359     
   705.0000       81.6800914739230     
   720.0000       82.0154299910881     
   720.0000       86.8061393682014     
   735.0000       86.8811004864870     
   750.0000       86.7661313289684     
   765.0000       86.5851671319248     
   780.0000       86.3043571971557     
   795.0000       85.9289527937740     
   810.0000       85.5735828775079     
   825.0000       85.3300830981396     
   840.0000       85.1157240424297     
   855.0000       84.6813710118603     
   870.0000       84.0724118236777     
   885.0000       83.3448066028489     
   900.0000       82.6289541566687     
   915.0000       82.0183172581883     
   930.0000       81.5968083453976     
   945.0000       81.3022975895715     
   960.0000       81.1356624607582     
   975.0000       81.3180537224050     
   990.0000       81.8256325183190     
   1005.000       82.3944903596593     
   1020.000       83.1969577645798     
   1035.000       84.2836712545324     
   1050.000       85.4164129240790     
   1065.000       86.3280686664344     
   1080.000       86.8061393682014     
   1080.000       90.3942621007301     
   1095.000       90.6221164117159     
   1110.000       90.6242006910487     
   1125.000       90.5012591557199     
   1140.000       90.2314546124752     
   1155.000       89.8235878719055     
   1170.000       89.3955315642094     
   1185.000       89.0301835425946     
   1200.000       88.6244186071108     
   1215.000       88.0253799114367     
   1230.000       87.2784493129012     
   1245.000       86.4493716037395     
   1260.000       85.6488019830092     
   1275.000       84.9647917195298     
   1290.000       84.4829977977440     
   1305.000       84.1693549648153     
   1320.000       84.0344280974403     
   1335.000       84.2547269407718     
   1350.000       84.8062876879675     
   1365.000       85.4778896550231     
   1380.000       86.3799954750830     
   1395.000       87.5428606158423     
   1410.000       88.7609399818103     
   1425.000       89.7759145835436     
   1440.000       90.3942621007301     
   1440.000       93.0229463655692     
   1455.000       93.4139080041886     
   1470.000       93.5475964813201     
   1485.000       93.5070906142308     
   1500.000       93.2829100620650     
   1515.000       92.8789916938795     
   1530.000       92.4000752020678     
   1545.000       91.9259019224882     
   1560.000       91.4107029216958     
   1575.000       90.7338812940049     
   1590.000       89.9150639886644     
   1605.000       89.0169432511297     
   1620.000       88.1387504311498     
   1635.000       87.3662657126776     
   1650.000       86.8012497102733     
   1665.000       86.4359855619318     
   1680.000       86.2820296141136     
   1695.000       86.4765360019045     
   1710.000       87.0191721402278     
   1725.000       87.7363085329680     
   1740.000       88.7059013084588     
   1755.000       89.9023464178366     
   1770.000       91.1607845527467     
   1785.000       92.2576415280270     
   1800.000       93.0229463655692     
   1800.000       95.0797059049374     
   1815.000       95.5966269014239     
   1830.000       95.8208132678461     
   1845.000       95.8371997849915     
   1860.000       95.6551386397449     
   1875.000       95.2722282327320     
   1890.000       94.7712955169799     
   1905.000       94.2329255164969     
   1920.000       93.6565507979483     
   1935.000       92.9428327401287     
   1950.000       92.0866287529256     
   1965.000       91.1411077875684     
   1980.000       90.1940193127752     
   1995.000       89.3321577577366     
   2010.000       88.6816628157867     
   2025.000       88.2595998980557     
   2040.000       88.0774596053410     
   2055.000       88.2435736334646     
   2070.000       88.7803627733688     
   2085.000       89.5317133049121     
   2100.000       90.5387975652594     
   2115.000       91.7531870969215     
   2130.000       93.0376645761544     
   2145.000       94.1981533365558     
   2160.000       95.0797059049374     
   2160.000       96.8547747241294     
   2175.000       97.4097668506880     
   2190.000       97.6523707246749     
   2205.000       97.6707476383431     
   2220.000       97.4934245692816     
   2235.000       97.1150455002436     
   2250.000       96.5997077596731     
   2265.000       96.0211876259430     
   2280.000       95.4046593617568     
   2295.000       94.6650678500114     
   2310.000       93.7843135078319     
   2325.000       92.8086729413926     
   2340.000       91.8155293509327     
   2355.000       90.8985880007546     
   2370.000       90.2040182280204     
   2385.000       89.7664295384165     
   2400.000       89.6003211176001     
   2415.000       89.7944159483431     
   2430.000       90.3750549381753     
   2445.000       91.1895969853289     
   2460.000       92.2487138621376     
   2475.000       93.4856208016298     
   2490.000       94.7743620844263     
   2505.000       95.9424477382249     
   2520.000       96.8547747241294     
   2520.000       98.4954088118461     
   2535.000       98.9766880569491     
   2550.000       99.1499225997668     
   2565.000       99.1046439780469     
   2580.000       98.8799854591230     
   2595.000       98.4737521869547     
   2610.000       97.9366395867651     
   2625.000       97.3294947645143     
   2640.000       96.6801421731005     
   2655.000       95.9111039753013     
   2670.000       95.0078270979309     
   2685.000       94.0172588178896     
   2700.000       93.0162589684083     
   2715.000       92.1085998808253     
   2730.000       91.4490316322185     
   2745.000       91.0752852116135     
   2760.000       91.0070568520492     
   2775.000       91.3159193465780     
   2790.000       92.0078546663461     
   2805.000       92.9249397992933     
   2820.000       94.0560993987418     
   2835.000       95.3103118986188     
   2850.000       96.5635213183715     
   2865.000       97.6611651603059     
   2880.000       98.4954088118461     
   2880.000       99.9893404508403     
   2895.000       100.309438334978     
   2910.000       100.349745668437     
   2925.000       100.196997579440     
   2940.000       99.8915016184656     
   2955.000       99.4358433264199     
   2970.000       98.8733616086674     
   2985.000       98.2471002857292     
   3000.000       97.5696526079301     
   3015.000       96.7699171842459     
   3030.000       95.8508282211460     
   3045.000       94.8690606810283     
   3060.000       93.9086235386977     
   3075.000       93.0846855194862     
   3090.000       92.5450280070954     
   3105.000       92.3172659222146     
   3120.000       92.4254145380120     
   3135.000       92.9175855441036     
   3150.000       93.7616585719009     
   3165.000       94.7938579238287     
   3180.000       95.9869246111645     
   3195.000       97.2220452221161     
   3210.000       98.3794714820829     
   3225.000       99.3263259666540     
   3240.000       99.9893404508403     
   3240.000       101.260481199048     
   3255.000       101.386853089770     
   3270.000       101.277675343571     
   3285.000       101.010821513090     
   3300.000       100.623162354205     
   3315.000       100.121454720759     
   3330.000       99.5422954742251     
   3345.000       98.9082596272835     
   3360.000       98.2124396004779     
   3375.000       97.3942497679775     
   3390.000       96.4805609869138     
   3405.000       95.5399015053816     
   3420.000       94.6677543401342     
   3435.000       93.9863109628756     
   3450.000       93.6228465048551     
   3465.000       93.5894273027036     
   3480.000       93.9101011184257     
   3495.000       94.6001000185852     
   3510.000       95.5861042917616     
   3525.000       96.7047153868892     
   3540.000       97.9138395013362     
   3555.000       99.0719017078925     
   3570.000       100.074036089367     
   3585.000       100.815240978585     
   3600.000       101.260481199048     
   3600.000       102.273921800517     
   3615.000       102.222468376347     
   3630.000       101.983930421967     
   3645.000       101.623465620674     
   3660.000       101.174405910082     
   3675.000       100.646080641468     
   3690.000       100.066778346264     
   3705.000       99.4392321766537     
   3720.000       98.7412319136753     
   3735.000       97.9273855180119     
   3750.000       97.0469269723680     
   3765.000       96.1783824990682     
   3780.000       95.4277009724806     
   3795.000       94.9158660651304     
   3810.000       94.7430020784349     
   3825.000       94.9067631211648     
   3840.000       95.4252117532629     
   3855.000       96.2765696106748     
   3870.000       97.3562380042877     
   3885.000       98.5080966069759     
   3900.000       99.6756022305797     
   3915.000       100.706553436993     
   3930.000       101.520571912294     
   3945.000       102.042789759457     
   3960.000       102.273921800517     
   3960.000       103.048329187915     
   3975.000       102.858124482792     
   3990.000       102.525066791033     
   4005.000       102.101390280016     
   4020.000       101.618325699516     
   4035.000       101.085959891166     
   4050.000       100.523391126255     
   4065.000       99.9169082754734     
   4080.000       99.2355976980108     
   4095.000       98.4506614416619     
   4110.000       97.6278664762052     
   4125.000       96.8522571258093     
   4140.000       96.2361098160672     
   4155.000       95.8915708857147     
   4170.000       95.8913887536742     
   4185.000       96.2222090268644     
   4200.000       96.8913805777802     
   4215.000       97.8441293711891     
   4230.000       98.9586768170452     
   4245.000       100.090390314823     
   4260.000       101.170562947645     
   4275.000       102.049318792182     
   4290.000       102.674010073380     
   4305.000       102.997186984235     
   4320.000       103.048329187915     
   4320.000       103.619736503532     
   4335.000       103.333431538150     
   4350.000       102.941078912655     
   4365.000       102.483866611858     
   4380.000       101.991967810086     
   4395.000       101.474766368201     
   4410.000       100.942616019309     
   4425.000       100.369825101379     
   4440.000       99.7222745581864     
   4455.000       98.9862409710506     
   4470.000       98.2375045170395     
   4485.000       97.5640149285857     
   4500.000       97.0793730969989     
   4515.000       96.8819101063148     
   4530.000       97.0201535834098     
   4545.000       97.4737097396591     
   4560.000       98.2370787434752     
   4575.000       99.2310098235784     
   4590.000       100.329538163866     
   4605.000       101.400322189284     
   4620.000       102.366728359133     
   4635.000       103.090815014568     
   4650.000       103.545323822037     
   4665.000       103.705000721668     
   4680.000       103.619736503532     
   4680.000       104.018326724930     
   4695.000       103.673842896750     
   4710.000       103.252618578525     
   4725.000       102.787129320003     
   4740.000       102.306740084299     
   4755.000       101.819215392997     
   4770.000       101.327457620061     
   4785.000       100.798068926433     
   4800.000       100.197365977012     
   4815.000       99.5238222509256     
   4830.000       98.8576291185757     
   4845.000       98.2864144528854     
   4860.000       97.9205014176148     
   4875.000       97.8423123623412     
   4890.000       98.0811922473448     
   4905.000       98.6118326480961     
   4920.000       99.4165517777728     
   4935.000       100.401594231076     
   4950.000       101.445731527963     
   4965.000       102.428836204381     
   4980.000       103.271073940994     
   4995.000       103.851621628376     
   5010.000       104.163558199218     
   5025.000       104.198275803006     
   5040.000       104.018326724930     
   5040.000       104.264533793858     
   5055.000       103.893178196764     
   5070.000       103.467891979433     
   5085.000       103.014479058367     
   5100.000       102.561181849438     
   5115.000       102.113714641946     
   5130.000       101.669138552806     
   5145.000       101.189945962046     
   5160.000       100.644980426290     
   5175.000       100.041718612745     
   5190.000       99.4603779254119     
   5205.000       98.9855428236101     
   5220.000       98.7208394505211     
   5235.000       98.7328717846132     
   5250.000       99.0360867853833     
   5265.000       99.6023466205757     
   5280.000       100.404288873967     
   5295.000       101.342573230591     
   5310.000       102.305957644478     
   5325.000       103.186163191012     
   5340.000       103.904557052624     
   5355.000       104.359113912303     
   5370.000       104.557603335233     
   5385.000       104.503158652470     
   5400.000       104.264533793858     
   5400.000       104.371882345404     
   5415.000       103.998663077723     
   5430.000       103.588979515452     
   5445.000       103.163523724223     
   5460.000       102.748832686046     
   5475.000       102.348506956054     
   5490.000       101.955376527390     
   5505.000       101.530659033554     
   5520.000       101.046715896022     
   5535.000       100.517000662875     
   5550.000       100.018456205917     
   5565.000       99.6305308056702     
   5580.000       99.4478615038183     
   5595.000       99.5221910964552     
   5610.000       99.8573264148237     
   5625.000       100.424063072482     
   5640.000       101.188700020681     
   5655.000       102.053367210798     
   5670.000       102.919365255145     
   5685.000       103.690011156285     
   5700.000       104.291335841435     
   5715.000       104.639579727885     
   5730.000       104.752018346297     
   5745.000       104.639501727504     
   5760.000       104.371882345404     
   5760.000       104.349721814997     
   5775.000       103.994150712616     
   5790.000       103.615268357183     
   5805.000       103.229768863433     
   5820.000       102.861843843549     
   5835.000       102.513160625563     
   5850.000       102.173773770518     
   5865.000       101.805765111508     
   5880.000       101.385286468217     
   5895.000       100.929107874483     
   5910.000       100.508479733523     
   5925.000       100.196274009572     
   5940.000       100.076384485394     
   5955.000       100.187751403977     
   5970.000       100.527219561075     
   5985.000       101.066085396279     
   6000.000       101.767772222955     
   6015.000       102.540976064292     
   6030.000       103.300294343070     
   6045.000       103.960713972260     
   6060.000       104.455176002036     
   6075.000       104.716513392966     
   6090.000       104.767183094607     
   6105.000       104.622563774488     
   6120.000       104.349721814997     
   6120.000       104.205307042287     
   6135.000       103.882218622964     
   6150.000       103.545517687170     
   6165.000       103.208664002954     
   6180.000       102.892928286709     
   6195.000       102.598364813403     
   6210.000       102.313491515294     
   6225.000       102.002813726507     
   6240.000       101.646114293854     
   6255.000       101.261257347624     
   6270.000       100.912140458673     
   6285.000       100.663840173588     
   6300.000       100.588697783311     
   6315.000       100.715305691201     
   6330.000       101.036592621423     
   6345.000       101.525751828954     
   6360.000       102.146464529662     
   6375.000       102.817335608953     
   6390.000       103.466082096858     
   6405.000       104.019470474408     
   6420.000       104.418660057953     
   6435.000       104.610923347727     
   6450.000       104.620498907436     
   6465.000       104.464819551731     
   6480.000       104.205307042287     
   6480.000       103.944730014288     
   6495.000       103.665020704418     
   6510.000       103.378640944455     
   6525.000       103.096330865808     
   6540.000       102.835985463510     
   6555.000       102.596430116060     
   6570.000       102.365657286774     
   6585.000       102.111697882448     
   6600.000       101.817585014805     
   6615.000       101.500495226835     
   6630.000       101.215832486837     
   6645.000       101.019975975278     
   6660.000       100.973606374569     
   6675.000       101.097456345978     
   6690.000       101.382972985077     
   6705.000       101.806448462462     
   6720.000       102.334394064180     
   6735.000       102.897254281493     
   6750.000       103.435368444966     
   6765.000       103.887191517240     
   6780.000       104.202763176305     
   6795.000       104.341579369905     
   6810.000       104.327096093937     
   6825.000       104.176895822285     
   6840.000       103.944730014288     
   6840.000       103.573355939867     
   6855.000       103.344602851002     
   6870.000       103.113924001852     
   6885.000       102.889699139892     
   6900.000       102.686147677312     
   6915.000       102.501241200556     
   6930.000       102.323248055984     
   6945.000       102.124480160897     
   6960.000       101.890761926825     
   6975.000       101.637212949461     
   6990.000       101.409935426881     
   7005.000       101.256103028609     
   7020.000       101.225065589488     
   7035.000       101.331977956990     
   7050.000       101.568685046859     
   7065.000       101.915503967167     
   7080.000       102.343754207772     
   7095.000       102.796777948701     
   7110.000       103.226736018892     
   7125.000       103.583588041206     
   7140.000       103.826458243290     
   7155.000       103.925004210087     
   7170.000       103.900060151067     
   7185.000       103.767935430494     
   7200.000       103.573355939867     
   7200.000       103.096700244562     
   7215.000       102.923773506618     
   7230.000       102.751909579804     
   7245.000       102.587380510057     
   7260.000       102.440551500113     
   7275.000       102.308939959444     
   7290.000       102.181707110320     
   7305.000       102.035958285393     
   7320.000       101.859876230221     
   7335.000       101.665518265669     
   7350.000       101.489163322021     
   7365.000       101.368486757783     
   7380.000       101.342055661550     
   7395.000       101.421418981837     
   7410.000       101.600213336413     
   7425.000       101.863524409772     
   7440.000       102.188865351766     
   7455.000       102.532847580293     
   7470.000       102.858616017483     
   7485.000       103.127365433945     
   7500.000       103.307227611050     
   7515.000       103.376277577790     
   7530.000       103.351410621501     
   7545.000       103.246599921579     
   7560.000       103.096700244562     
   7560.000       102.520159323676     
   7575.000       102.405730670578     
   7590.000       102.293924507644     
   7605.000       102.189101466018     
   7620.000       102.097732884150     
   7635.000       102.017242137015     
   7650.000       101.938190472614     
   7665.000       101.842853279883     
   7680.000       101.721421651574     
   7695.000       101.582191067430     
   7710.000       101.451287440863     
   7725.000       101.356752066012     
   7740.000       101.326968413232     
   7755.000       101.371439657723     
   7770.000       101.486585496593     
   7785.000       101.662789129840     
   7800.000       101.884647680157     
   7815.000       102.121997932837     
   7830.000       102.348220938037     
   7845.000       102.535463822809     
   7860.000       102.660617482782     
   7875.000       102.708737487902     
   7890.000       102.691864730635     
   7905.000       102.620834693699     
   7920.000       102.520159323676     
   7920.000       101.848755023080     
   7935.000       101.793762063079     
   7950.000       101.741739657499     
   7965.000       101.695307987584     
   7980.000       101.657132442606     
   7995.000       101.624891127706     
   8010.000       101.590991076571     
   8025.000       101.543179029339     
   8040.000       101.473456315638     
   8055.000       101.385905874211     
   8070.000       101.296280387072     
   8085.000       101.222893878142     
   8100.000       101.184462450161     
   8115.000       101.189563442729     
   8130.000       101.238054827200     
   8145.000       101.325964314887     
   8160.000       101.445481207788     
   8175.000       101.579433612004     
   8190.000       101.710844874102     
   8205.000       101.822544404045     
   8220.000       101.899868528663     
   8235.000       101.933713009066     
   8250.000       101.930619192755     
   8265.000       101.897649943321     
   8280.000       101.848755023080     
   8280.000       101.086843463984     
   8295.000       101.090907271364     
   8310.000       101.097187704308     
   8325.000       101.106730211440     
   8340.000       101.118599093983     
   8355.000       101.131087624697     
   8370.000       101.138893539723     
   8385.000       101.135557313308     
   8400.000       101.114864134561     
   8415.000       101.076422502016     
   8430.000       101.025399785400     
   8445.000       100.970246679938     
   8460.000       100.920344662449     
   8475.000       100.884030217573     
   8490.000       100.865003495633     
   8505.000       100.865122990700     
   8520.000       100.884406590375     
   8535.000       100.918386632132     
   8550.000       100.959344947734     
   8565.000       101.000596973692     
   8580.000       101.035625951820     
   8595.000       101.060284861949     
   8610.000       101.075123943546     
   8625.000       101.082872831561     
   8640.000       101.086843463984     
