  0.0000000E+00   76.3630560895421     
   15.00000       75.9184109079962     
   30.00000       75.5299238652454     
   45.00000       75.1295118981158     
   60.00000       74.6984547796736     
   75.00000       74.2101195630625     
   90.00000       73.6524127352420     
   105.0000       73.1550328594468     
   120.0000       72.7957464546059     
   135.0000       72.6270231937954     
   150.0000       72.6404050973300     
   165.0000       72.8026154633856     
   180.0000       73.0583729349441     
   195.0000       73.4863743472059     
   210.0000       74.0458914404086     
   225.0000       74.6567952370152     
   240.0000       75.4243140404420     
   255.0000       76.4351558031415     
   270.0000       77.3169441855847     
   285.0000       77.6400311554822     
   300.0000       77.6312313179031     
   315.0000       77.4727463695612     
   330.0000       77.2365807875802     
   345.0000       76.8645177272585     
   360.0000       76.3630560895421     
   360.0000       82.0497168236773     
   375.0000       81.3551740134491     
   390.0000       80.7180590370656     
   405.0000       80.0841873624455     
   420.0000       79.6006396645118     
   435.0000       78.9941277881294     
   450.0000       78.2558482019972     
   465.0000       77.5580899364376     
   480.0000       77.0716947792428     
   495.0000       76.8428050043996     
   510.0000       76.9035408176595     
   525.0000       77.1926092145704     
   540.0000       77.6213538634849     
   555.0000       78.2948140731011     
   570.0000       79.1703261336154     
   585.0000       80.0792876612937     
   600.0000       81.2257306918608     
   615.0000       82.6385433317034     
   630.0000       83.6249089665455     
   645.0000       83.9434958156812     
   660.0000       83.9258242446064     
   675.0000       83.7017113654491     
   690.0000       83.3663565539953     
   705.0000       82.8172876945862     
   720.0000       82.0497168236773     
   720.0000       86.5891339623119     
   735.0000       85.7468590787248     
   750.0000       84.9512235718838     
   765.0000       84.1320925574164     
   780.0000       83.5080098006684     
   795.0000       83.0080810557583     
   810.0000       82.3367761821917     
   825.0000       81.6607856240436     
   840.0000       81.1822266390710     
   855.0000       80.9903051709859     
   870.0000       81.1230703143758     
   885.0000       81.5177022747380     
   900.0000       82.0708337692319     
   915.0000       82.8814549714364     
   930.0000       83.9004171539292     
   945.0000       84.9424985610766     
   960.0000       86.2132873518769     
   975.0000       87.6239909813434     
   990.0000       88.4216383551527     
   1005.000       88.7340505126877     
   1020.000       88.7245130708586     
   1035.000       88.4799890284498     
   1050.000       88.1062426793931     
   1065.000       87.4868095779983     
   1080.000       86.5891339623119     
   1080.000       90.2230633286699     
   1095.000       89.2869846220207     
   1110.000       88.3876181447285     
   1125.000       87.4378587041455     
   1140.000       86.6539750817986     
   1155.000       86.1069900294824     
   1170.000       85.6107030770357     
   1185.000       85.0787481731322     
   1200.000       84.6996879558687     
   1215.000       84.5808682988137     
   1230.000       84.7878434898945     
   1245.000       85.2631991593329     
   1260.000       85.8973962698024     
   1275.000       86.7653856573210     
   1290.000       87.8297669413379     
   1305.000       88.8903205970181     
   1320.000       90.1145237566474     
   1335.000       91.3043622660693     
   1350.000       92.0097358718473     
   1365.000       92.3475775501362     
   1380.000       92.3836041579990     
   1395.000       92.1578868710312     
   1410.000       91.7818779988074     
   1425.000       91.1620763313517     
   1440.000       90.2230633286699     
   1440.000       93.1912241055086     
   1455.000       92.1942565253248     
   1470.000       91.2235158071330     
   1485.000       90.1926216049502     
   1500.000       89.2684867487314     
   1515.000       88.5973826683408     
   1530.000       88.1166622977869     
   1545.000       87.7558309021857     
   1560.000       87.5204976110988     
   1575.000       87.5051883200757     
   1590.000       87.7875245162311     
   1605.000       88.3255907835003     
   1620.000       89.0097886989684     
   1635.000       89.8855378706212     
   1650.000       90.9268469816151     
   1665.000       91.9452836210370     
   1680.000       93.0161286226711     
   1695.000       94.0412374453784     
   1710.000       94.7347604384675     
   1725.000       95.1272257474968     
   1740.000       95.2361366264669     
   1755.000       95.0564533832242     
   1770.000       94.6964681544249     
   1785.000       94.1139077219977     
   1800.000       93.1912241055086     
   1800.000       95.5866070062622     
   1815.000       94.5518274168726     
   1830.000       93.5295261064230     
   1845.000       92.4594241541388     
   1860.000       91.4465170075283     
   1875.000       90.6522469411121     
   1890.000       90.1102209777705     
   1905.000       89.7871037048227     
   1920.000       89.6698539128196     
   1935.000       89.7744168579051     
   1950.000       90.1418487673114     
   1965.000       90.7386070396789     
   1980.000       91.4586488950375     
   1995.000       92.3294303072200     
   2010.000       93.3192904023927     
   2025.000       94.2713878970809     
   2040.000       95.2503835140370     
   2055.000       96.1917213364845     
   2070.000       96.8915190401573     
   2085.000       97.3327182830774     
   2100.000       97.5078668487558     
   2115.000       97.3740683046499     
   2130.000       97.0236958596330     
   2145.000       96.4729719344846     
   2160.000       95.5866070062622     
   2160.000       97.3976599361941     
   2175.000       96.3363518148368     
   2190.000       95.2799095531536     
   2205.000       94.2044141220620     
   2220.000       93.1706832943102     
   2235.000       92.3206589911746     
   2250.000       91.7388819955282     
   2265.000       91.4281748239711     
   2280.000       91.3838376325036     
   2295.000       91.5763998472595     
   2310.000       92.0208970615940     
   2325.000       92.6800149648596     
   2340.000       93.4459618010267     
   2355.000       94.3338632920039     
   2370.000       95.3078096011395     
   2385.000       96.2312841182421     
   2400.000       97.1467055864368     
   2415.000       98.0214915436354     
   2430.000       98.7005078451201     
   2445.000       99.1461409881794     
   2460.000       99.3374671815212     
   2475.000       99.2094392548471     
   2490.000       98.8349379851438     
   2505.000       98.2718478735289     
   2520.000       97.3976599361941     
   2520.000       98.6280554024454     
   2535.000       97.5447720456725     
   2550.000       96.4786844456952     
   2565.000       95.4301080521706     
   2580.000       94.4431872595016     
   2595.000       93.6328437355270     
   2610.000       93.0945613846118     
   2625.000       92.8522492117799     
   2640.000       92.9076489848826     
   2655.000       93.2069214070629     
   2670.000       93.7461852814201     
   2685.000       94.4742589172680     
   2700.000       95.2853361041285     
   2715.000       96.1888754527902     
   2730.000       97.1409298324764     
   2745.000       98.0266382997884     
   2760.000       98.8743783898750     
   2775.000       99.6653679221293     
   2790.000       100.275153211350     
   2805.000       100.662567547078     
   2820.000       100.796427240131     
   2835.000       100.609728141695     
   2850.000       100.164293598766     
   2865.000       99.5344256194609     
   2880.000       98.6280554024454     
   2880.000       99.3812862698912     
   2895.000       98.2898816700320     
   2910.000       97.2488743213307     
   2925.000       96.2656692420640     
   2940.000       95.3841008985931     
   2955.000       94.6964156191391     
   2970.000       94.2890788492230     
   2985.000       94.1879437523355     
   3000.000       94.3874033614837     
   3015.000       94.8178310327507     
   3030.000       95.4607653147204     
   3045.000       96.2473633952403     
   3060.000       97.0835265787162     
   3075.000       97.9775289108378     
   3090.000       98.8767410556584     
   3105.000       99.6927979644423     
   3120.000       100.449807450455     
   3135.000       101.128485239254     
   3150.000       101.624779028943     
   3165.000       101.901176058489     
   3180.000       101.917582117842     
   3195.000       101.619979432369     
   3210.000       101.071310069390     
   3225.000       100.343816971792     
   3240.000       99.3812862698912     
   3240.000       99.8393205783742     
   3255.000       98.7699937195712     
   3270.000       97.7902623649517     
   3285.000       96.9074489658448     
   3300.000       96.1709853759552     
   3315.000       95.6551537563821     
   3330.000       95.4306327899154     
   3345.000       95.5107685794943     
   3360.000       95.8713412983129     
   3375.000       96.4304216725748     
   3390.000       97.1572612913470     
   3405.000       97.9698472555181     
   3420.000       98.7952337653792     
   3435.000       99.6411120679438     
   3450.000       100.451632178034     
   3465.000       101.167596841047     
   3480.000       101.812006592421     
   3495.000       102.359046219449     
   3510.000       102.720479656469     
   3525.000       102.862729876200     
   3540.000       102.739854231924     
   3555.000       102.318296650506     
   3570.000       101.665175421603     
   3585.000       100.845110074056     
   3600.000       99.8393205783742     
   3600.000       100.175921109790     
   3615.000       99.1602157603131     
   3630.000       98.2677689824082     
   3645.000       97.5061105648314     
   3660.000       96.9299413659153     
   3675.000       96.5983752095816     
   3690.000       96.5651146402661     
   3705.000       96.8231607638268     
   3720.000       97.3260917524946     
   3735.000       97.9827096231172     
   3750.000       98.7526399411436     
   3765.000       99.5501594403332     
   3780.000       100.327536575018     
   3795.000       101.090942268265     
   3810.000       101.789366744060     
   3825.000       102.390204227942     
   3840.000       102.914133152528     
   3855.000       103.329126308195     
   3870.000       103.560443303756     
   3885.000       103.576147354279     
   3900.000       103.328567618807     
   3915.000       102.804446568076     
   3930.000       102.072082569825     
   3945.000       101.190772867771     
   3960.000       100.175921109790     
   3960.000       100.491936233422     
   3975.000       99.5522051630053     
   3990.000       98.7594810545430     
   4005.000       98.1237782217423     
   4020.000       97.7022965274982     
   4035.000       97.5409576939290     
   4050.000       97.6770534374406     
   4065.000       98.0810833845985     
   4080.000       98.6868937228105     
   4095.000       99.3975950421785     
   4110.000       100.167090797022     
   4125.000       100.915085791905     
   4140.000       101.617541748054     
   4155.000       102.278903749759     
   4170.000       102.858940122892     
   4185.000       103.345405899602     
   4200.000       103.755193696532     
   4215.000       104.052923577506     
   4230.000       104.175213533508     
   4245.000       104.089861035136     
   4260.000       103.750742826426     
   4275.000       103.160255562005     
   4290.000       102.384261438539     
   4305.000       101.480669034001     
   4320.000       100.491936233422     
   4320.000       100.818398207409     
   4335.000       99.9668549737627     
   4350.000       99.2762478741737     
   4365.000       98.7603897431753     
   4380.000       98.4759646395152     
   4395.000       98.4574471090107     
   4410.000       98.7269247708972     
   4425.000       99.2342199701484     
   4440.000       99.8987614986037     
   4455.000       100.621963132694     
   4470.000       101.356093565002     
   4485.000       102.032392115594     
   4500.000       102.646025136490     
   4515.000       103.200386400772     
   4530.000       103.668249888324     
   4545.000       104.050938300566     
   4560.000       104.361212106081     
   4575.000       104.563103098391     
   4590.000       104.602445534636     
   4605.000       104.446063756444     
   4620.000       104.051224193799     
   4635.000       103.430466290093     
   4650.000       102.645087867598     
   4665.000       101.754013433759     
   4680.000       100.818398207409     
   4680.000       101.148611378074     
   4695.000       100.390243391722     
   4710.000       99.7983767873364     
   4725.000       99.3905819673269     
   4740.000       99.2205621473819     
   4755.000       99.3128998047897     
   4770.000       99.6760632654669     
   4785.000       100.243910379596     
   4800.000       100.927159938852     
   4815.000       101.629254629055     
   4830.000       102.304570633448     
   4845.000       102.898136405413     
   4860.000       103.419459178316     
   4875.000       103.871771784828     
   4890.000       104.240203744591     
   4905.000       104.534033918305     
   4920.000       104.762316840338     
   4935.000       104.890354383718     
   4950.000       104.871357182756     
   4965.000       104.671389839676     
   4980.000       104.251881455759     
   4995.000       103.630937812545     
   5010.000       102.864493380671     
   5025.000       102.012992545992     
   5040.000       101.148611378074     
   5040.000       101.462802731908     
   5055.000       100.797986791691     
   5070.000       100.298379427041     
   5085.000       99.9843724864810     
   5100.000       99.9049230354118     
   5115.000       100.076422461386     
   5130.000       100.495858710640     
   5145.000       101.086091747554     
   5160.000       101.754941009764     
   5175.000       102.411092542202     
   5190.000       103.013685833369     
   5205.000       103.521575532352     
   5220.000       103.953977894971     
   5235.000       104.314613281032     
   5250.000       104.598780695158     
   5265.000       104.819667345834     
   5280.000       104.983310867588     
   5295.000       105.057340901247     
   5310.000       105.000943488486     
   5325.000       104.780110008608     
   5340.000       104.360594844742     
   5355.000       103.762789887981     
   5370.000       103.037168110161     
   5385.000       102.244876051349     
   5400.000       101.462802731908     
   5400.000       101.739571322716     
   5415.000       101.165758473964     
   5430.000       100.750283917181     
   5445.000       100.515007626426     
   5460.000       100.503259839685     
   5475.000       100.724630414116     
   5490.000       101.166960808583     
   5505.000       101.747594393128     
   5520.000       102.376335058948     
   5535.000       102.969643054446     
   5550.000       103.492879352415     
   5565.000       103.917461117701     
   5580.000       104.268329454804     
   5595.000       104.549979183710     
   5610.000       104.765158810237     
   5625.000       104.928272747629     
   5640.000       105.043025192172     
   5655.000       105.079918397780     
   5670.000       105.003126970088     
   5685.000       104.779413976279     
   5700.000       104.378712024756     
   5715.000       103.821513611570     
   5730.000       103.152972293518     
   5745.000       102.433421192786     
   5760.000       101.739571322716     
   5760.000       101.959742026545     
   5775.000       101.472567970819     
   5790.000       101.132360058291     
   5805.000       100.961128156390     
   5820.000       100.996065826711     
   5835.000       101.241256998719     
   5850.000       101.678111345671     
   5865.000       102.223622352590     
   5880.000       102.793409837150     
   5895.000       103.313497653110     
   5910.000       103.755907434876     
   5925.000       104.102730091351     
   5940.000       104.381388898983     
   5955.000       104.597125743895     
   5970.000       104.757475242253     
   5985.000       104.876386123845     
   6000.000       104.955809598985     
   6015.000       104.969375899211     
   6030.000       104.885592492866     
   6045.000       104.672824381596     
   6060.000       104.304899696891     
   6075.000       103.801023481729     
   6090.000       103.201181257940     
   6105.000       102.563125863750     
   6120.000       101.959742026545     
   6120.000       102.107751628909     
   6135.000       101.701827990432     
   6150.000       101.427932756717     
   6165.000       101.307054703588     
   6180.000       101.370005627181     
   6195.000       101.616758686172     
   6210.000       102.025051053844     
   6225.000       102.516028266754     
   6240.000       103.013944973285     
   6255.000       103.455414141759     
   6270.000       103.819034030896     
   6285.000       104.095288927743     
   6300.000       104.311609776560     
   6315.000       104.473747748109     
   6330.000       104.591705355345     
   6345.000       104.678011347860     
   6360.000       104.733322724652     
   6375.000       104.734502727254     
   6390.000       104.653978258500     
   6405.000       104.462452750454     
   6420.000       104.137333575586     
   6435.000       103.695695247406     
   6450.000       103.172429078666     
   6465.000       102.620971980404     
   6480.000       102.107751628909     
   6480.000       102.171680931092     
   6495.000       101.841173424567     
   6510.000       101.625021876150     
   6525.000       101.542152193057     
   6540.000       101.617146228600     
   6555.000       101.847196504855     
   6570.000       102.208978798815     
   6585.000       102.631461898191     
   6600.000       103.049421850065     
   6615.000       103.410584205284     
   6630.000       103.699593657331     
   6645.000       103.913049462168     
   6660.000       104.076563122549     
   6675.000       104.196045936037     
   6690.000       104.282100527533     
   6705.000       104.345338011758     
   6720.000       104.385471683904     
   6735.000       104.382629765102     
   6750.000       104.312914225900     
   6765.000       104.149985672713     
   6780.000       103.874534130513     
   6795.000       103.501019791188     
   6810.000       103.059226508099     
   6825.000       102.596731911286     
   6840.000       102.171680931092     
   6840.000       102.142816172832     
   6855.000       101.881863235393     
   6870.000       101.715580968951     
   6885.000       101.659988042145     
   6900.000       101.733902908732     
   6915.000       101.932964671880     
   6930.000       102.234993916057     
   6945.000       102.579636209611     
   6960.000       102.913394129474     
   6975.000       103.195219090463     
   6990.000       103.414952998613     
   7005.000       103.573275009440     
   7020.000       103.692662014755     
   7035.000       103.778803064987     
   7050.000       103.841477307580     
   7065.000       103.889187521323     
   7080.000       103.920967340601     
   7095.000       103.920207803501     
   7110.000       103.866553964740     
   7125.000       103.737120477860     
   7140.000       103.515654765160     
   7155.000       103.213730756107     
   7170.000       102.855947594718     
   7185.000       102.482756449748     
   7200.000       102.142816172832     
   7200.000       102.016151986803     
   7215.000       101.819168770257     
   7230.000       101.695784752961     
   7245.000       101.658550538939     
   7260.000       101.721076342531     
   7275.000       101.878486601428     
   7290.000       102.111669655791     
   7305.000       102.372953327051     
   7320.000       102.621209054115     
   7335.000       102.826403721649     
   7350.000       102.982626431817     
   7365.000       103.092920050963     
   7380.000       103.175706522550     
   7395.000       103.236102409054     
   7410.000       103.282067789268     
   7425.000       103.319961087652     
   7440.000       103.348336583560     
   7455.000       103.353836172468     
   7470.000       103.319593772880     
   7485.000       103.226570561328     
   7500.000       103.061382283598     
   7515.000       102.832615329717     
   7530.000       102.559575331298     
   7545.000       102.274609469505     
   7560.000       102.016151986803     
   7560.000       101.789665671139     
   7575.000       101.651561675423     
   7590.000       101.565138448532     
   7605.000       101.539171002776     
   7620.000       101.582644493859     
   7635.000       101.691030891785     
   7650.000       101.849778888767     
   7665.000       102.025206079349     
   7680.000       102.188794904988     
   7695.000       102.321094610701     
   7710.000       102.419516779750     
   7725.000       102.488097261788     
   7740.000       102.540581417636     
   7755.000       102.581204224410     
   7770.000       102.615451233866     
   7785.000       102.647598018802     
   7800.000       102.675876566005     
   7815.000       102.690170845469     
   7830.000       102.677106739849     
   7845.000       102.621801318082     
   7860.000       102.513615211111     
   7875.000       102.358122959104     
   7890.000       102.169216644204     
   7905.000       101.970464063250     
   7920.000       101.789665671139     
   7920.000       101.463763987046     
   7935.000       101.380093895791     
   7950.000       101.325783285013     
   7965.000       101.305733022657     
   7980.000       101.324857682845     
   7995.000       101.379644043722     
   8010.000       101.461181080725     
   8025.000       101.550526512537     
   8040.000       101.631746058759     
   8055.000       101.695426829456     
   8070.000       101.741454088636     
   8085.000       101.773784298680     
   8100.000       101.801074922072     
   8115.000       101.826426849708     
   8130.000       101.852469118015     
   8145.000       101.881504444405     
   8160.000       101.911573203744     
   8175.000       101.935806158023     
   8190.000       101.944375037520     
   8205.000       101.926806218264     
   8220.000       101.875151808380     
   8235.000       101.792000764639     
   8250.000       101.685713978269     
   8265.000       101.570632051426     
   8280.000       101.463763987046     
   8280.000       101.040520072537     
   8295.000       101.007588502495     
   8310.000       100.981619899268     
   8325.000       100.963695975881     
   8340.000       100.955167337891     
   8355.000       100.954035460667     
   8370.000       100.957741385188     
   8385.000       100.962415154860     
   8400.000       100.964518855856     
   8415.000       100.964077268303     
   8430.000       100.962699189175     
   8445.000       100.963432150735     
   8460.000       100.969573990518     
   8475.000       100.982886549559     
   8490.000       101.002971098531     
   8505.000       101.030286581482     
   8520.000       101.062800216578     
   8535.000       101.096919635807     
   8550.000       101.126472970255     
   8565.000       101.145627464061     
   8580.000       101.149151103009     
   8595.000       101.136699414798     
   8610.000       101.110981384482     
   8625.000       101.076851532316     
   8640.000       101.040520072537     
