  0.0000000E+00  2.126141043721678E+036   6.000000    
   15.00000      2.098099914633193E+036   6.000000    
   30.00000      2.078089391083101E+036   6.000000    
   45.00000      2.067824029647347E+036   6.000000    
   60.00000      2.067349503159751E+036   6.000000    
   75.00000      2.075400715215094E+036   6.000000    
   90.00000      2.087470269134410E+036   6.000000    
   105.0000      2.099152272840534E+036   6.000000    
   120.0000      2.105903275766399E+036   6.000000    
   135.0000      2.105445897678604E+036   6.000000    
   150.0000      2.097520214583566E+036   6.000000    
   165.0000      2.086465763860127E+036   6.000000    
   180.0000      2.076763933020203E+036   6.000000    
   195.0000      2.072240392736579E+036   6.000000    
   210.0000      2.075854985124786E+036   6.000000    
   225.0000      2.088918725629678E+036   6.000000    
   240.0000      2.111446454222872E+036   6.000000    
   255.0000      2.139959191969529E+036   6.000000    
   270.0000      2.171042932788603E+036   6.000000    
   285.0000      2.196716534888240E+036   6.000000    
   300.0000      2.209748235262881E+036   6.000000    
   315.0000      2.206022761373551E+036   6.000000    
   330.0000      2.186811378462125E+036   6.000000    
   345.0000      2.157504415026329E+036   6.000000    
  0.0000000E+00  2.126141043721678E+036   6.000000    
 
  0.0000000E+00  2.085527831381283E+036   6.121428    
   15.00000      2.058301375098721E+036   6.121428    
   30.00000      2.038980626341153E+036   6.121428    
   45.00000      2.029268417029545E+036   6.121428    
   60.00000      2.029171917035311E+036   6.121428    
   75.00000      2.037225649481329E+036   6.121428    
   90.00000      2.049372172725275E+036   6.121428    
   105.0000      2.060927646755510E+036   6.121428    
   120.0000      2.067343338751676E+036   6.121428    
   135.0000      2.066643377778277E+036   6.121428    
   150.0000      2.058697457469484E+036   6.121428    
   165.0000      2.047799082955900E+036   6.121428    
   180.0000      2.038338052945842E+036   6.121428    
   195.0000      2.034089842038359E+036   6.121428    
   210.0000      2.037955808721826E+036   6.121428    
   225.0000      2.051204505715732E+036   6.121428    
   240.0000      2.073770612802509E+036   6.121428    
   255.0000      2.102160354118721E+036   6.121428    
   270.0000      2.132503365800039E+036   6.121428    
   285.0000      2.157147630405295E+036   6.121428    
   300.0000      2.169132598540065E+036   6.121428    
   315.0000      2.164822702452750E+036   6.121428    
   330.0000      2.145466225882259E+036   6.121428    
   345.0000      2.116444103194097E+036   6.121428    
  0.0000000E+00  2.085527831381283E+036   6.121428    
 
  0.0000000E+00  2.014218739918031E+036   6.242857    
   15.00000      1.988286729494850E+036   6.242857    
   30.00000      1.970181700410790E+036   6.242857    
   45.00000      1.961327382919488E+036   6.242857    
   60.00000      1.961753069457323E+036   6.242857    
   75.00000      1.969816741529603E+036   6.242857    
   90.00000      1.981851863953697E+036   6.242857    
   105.0000      1.993029577802611E+036   6.242857    
   120.0000      1.999044812963103E+036   6.242857    
   135.0000      1.997997559721597E+036   6.242857    
   150.0000      1.990091937403322E+036   6.242857    
   165.0000      1.979445339117361E+036   6.242857    
   180.0000      1.970355229410065E+036   6.242857    
   195.0000      1.966451022304158E+036   6.242857    
   210.0000      1.970595374728858E+036   6.242857    
   225.0000      1.983992680862028E+036   6.242857    
   240.0000      2.006151862609772E+036   6.242857    
   255.0000      2.033820130760763E+036   6.242857    
   270.0000      2.062782447681227E+036   6.242857    
   285.0000      2.085661041563230E+036   6.242857    
   300.0000      2.096210572996495E+036   6.242857    
   315.0000      2.091314327686923E+036   6.242857    
   330.0000      2.072163133121262E+036   6.242857    
   345.0000      2.044050402443000E+036   6.242857    
  0.0000000E+00  2.014218739918031E+036   6.242857    
 
  0.0000000E+00  1.921664204766761E+036   6.364286    
   15.00000      1.897504775153208E+036   6.364286    
   30.00000      1.880863126888938E+036   6.364286    
   45.00000      1.873137493883174E+036   6.364286    
   60.00000      1.874103881591033E+036   6.364286    
   75.00000      1.882119030428247E+036   6.364286    
   90.00000      1.893808340458626E+036   6.364286    
   105.0000      1.904410466729339E+036   6.364286    
   120.0000      1.909884640952089E+036   6.364286    
   135.0000      1.908459267276164E+036   6.364286    
   150.0000      1.900676356433762E+036   6.364286    
   165.0000      1.890407198197012E+036   6.364286    
   180.0000      1.881769073329759E+036   6.364286    
   195.0000      1.878288529320794E+036   6.364286    
   210.0000      1.882683418040855E+036   6.364286    
   225.0000      1.895863486709064E+036   6.364286    
   240.0000      1.917083494402803E+036   6.364286    
   255.0000      1.943327725095436E+036   6.364286    
   270.0000      1.970279288501109E+036   6.364286    
   285.0000      1.991041668511698E+036   6.364286    
   300.0000      2.000022272991381E+036   6.364286    
   315.0000      1.994682996900510E+036   6.364286    
   330.0000      1.976225184659008E+036   6.364286    
   345.0000      1.949714842882166E+036   6.364286    
  0.0000000E+00  1.921664204766761E+036   6.364286    
 
  0.0000000E+00  1.816293190782744E+036   6.485714    
   15.00000      1.794301023995054E+036   6.485714    
   30.00000      1.779442461210050E+036   6.485714    
   45.00000      1.772865889054538E+036   6.485714    
   60.00000      1.774357828335238E+036   6.485714    
   75.00000      1.782245470288842E+036   6.485714    
   90.00000      1.793381576095870E+036   6.485714    
   105.0000      1.803228151948693E+036   6.485714    
   120.0000      1.808048304575625E+036   6.485714    
   135.0000      1.806243389098010E+036   6.485714    
   150.0000      1.798652127324801E+036   6.485714    
   165.0000      1.788863101986432E+036   6.485714    
   180.0000      1.780768569262156E+036   6.485714    
   195.0000      1.777799311733855E+036   6.485714    
   210.0000      1.782245751103714E+036   6.485714    
   225.0000      1.794824878567265E+036   6.485714    
   240.0000      1.814593779239562E+036   6.485714    
   255.0000      1.838801034041339E+036   6.485714    
   270.0000      1.863271436092022E+036   6.485714    
   285.0000      1.881503996593679E+036   6.485714    
   300.0000      1.888968683520284E+036   6.485714    
   315.0000      1.883479435881484E+036   6.485714    
   330.0000      1.866321941489766E+036   6.485714    
   345.0000      1.841947325200632E+036   6.485714    
  0.0000000E+00  1.816293190782744E+036   6.485714    
 
  0.0000000E+00  1.705064971517999E+036   6.607143    
   15.00000      1.685542658355097E+036   6.607143    
   30.00000      1.672584227809685E+036   6.607143    
   45.00000      1.667184962359368E+036   6.607143    
   60.00000      1.669184745193772E+036   6.607143    
   75.00000      1.676867802459431E+036   6.607143    
   90.00000      1.687303370045096E+036   6.607143    
   105.0000      1.696267842980545E+036   6.607143    
   120.0000      1.700366073473207E+036   6.607143    
   135.0000      1.698202791475197E+036   6.607143    
   150.0000      1.690848230530258E+036   6.607143    
   165.0000      1.681608650615633E+036   6.607143    
   180.0000      1.674224133050108E+036   6.607143    
   195.0000      1.671668491679663E+036   6.607143    
   210.0000      1.675954546197746E+036   6.607143    
   225.0000      1.687580256717735E+036   6.607143    
   240.0000      1.705507578696724E+036   6.607143    
   255.0000      1.727253168153997E+036   6.607143    
   270.0000      1.748910220990874E+036   6.607143    
   285.0000      1.764803586110538E+036   6.607143    
   300.0000      1.770849665210001E+036   6.607143    
   315.0000      1.765334762568926E+036   6.607143    
   330.0000      1.749647536646537E+036   6.607143    
   345.0000      1.727963486789230E+036   6.607143    
  0.0000000E+00  1.705064971517999E+036   6.607143    
 
  0.0000000E+00  1.593251892059925E+036   6.728571    
   15.00000      1.576379735342865E+036   6.728571    
   30.00000      1.565372668088310E+036   6.728571    
   45.00000      1.561136268635107E+036   6.728571    
   60.00000      1.563549496332627E+036   6.728571    
   75.00000      1.570978960677475E+036   6.728571    
   90.00000      1.580628796614662E+036   6.728571    
   105.0000      1.588650483934749E+036   6.728571    
   120.0000      1.592011680913200E+036   6.728571    
   135.0000      1.589533300275349E+036   6.728571    
   150.0000      1.582435843918563E+036   6.728571    
   165.0000      1.573861401303710E+036   6.728571    
   180.0000      1.567162980869846E+036   6.728571    
   195.0000      1.564924181208281E+036   6.728571    
   210.0000      1.568856028017364E+036   6.728571    
   225.0000      1.579271115591776E+036   6.728571    
   240.0000      1.595189532377718E+036   6.728571    
   255.0000      1.614435682230956E+036   6.728571    
   270.0000      1.633429873711656E+036   6.728571    
   285.0000      1.647114705716488E+036   6.728571    
   300.0000      1.651862299879481E+036   6.728571    
   315.0000      1.646371885093183E+036   6.728571    
   330.0000      1.632140409888695E+036   6.728571    
   345.0000      1.613045303331306E+036   6.728571    
  0.0000000E+00  1.593251892059925E+036   6.728571    
 
  0.0000000E+00  1.484493979015571E+036   6.850000    
   15.00000      1.470388912573395E+036   6.850000    
   30.00000      1.461323348188117E+036   6.850000    
   45.00000      1.458194760237209E+036   6.850000    
   60.00000      1.460934554552820E+036   6.850000    
   75.00000      1.468029044571667E+036   6.850000    
   90.00000      1.476871247096852E+036   6.850000    
   105.0000      1.483949996186307E+036   6.850000    
   120.0000      1.486606083488235E+036   6.850000    
   135.0000      1.483876929733613E+036   6.850000    
   150.0000      1.477139682985703E+036   6.850000    
   165.0000      1.469188927836966E+036   6.850000    
   180.0000      1.463113562805567E+036   6.850000    
   195.0000      1.461082739562255E+036   6.850000    
   210.0000      1.464511691245173E+036   6.850000    
   225.0000      1.473653535768709E+036   6.850000    
   240.0000      1.487659056517909E+036   6.850000    
   255.0000      1.504561249517018E+036   6.850000    
   270.0000      1.521064063828748E+036   6.850000    
   285.0000      1.532714815675911E+036   6.850000    
   300.0000      1.536319231926824E+036   6.850000    
   315.0000      1.530914721717736E+036   6.850000    
   330.0000      1.518082973809566E+036   6.850000    
   345.0000      1.501382685873511E+036   6.850000    
  0.0000000E+00  1.484493979015571E+036   6.850000    
 
  0.0000000E+00  1.381378943224289E+036   6.971429    
   15.00000      1.369806465409827E+036   6.971429    
   30.00000      1.362642518179359E+036   6.971429    
   45.00000      1.360537272238306E+036   6.971429    
   60.00000      1.363526420005789E+036   6.971429    
   75.00000      1.370236148620754E+036   6.971429    
   90.00000      1.378251569921105E+036   6.971429    
   105.0000      1.384442246825217E+036   6.971429    
   120.0000      1.386466923706299E+036   6.971429    
   135.0000      1.383594091125083E+036   6.971429    
   150.0000      1.377203256248801E+036   6.971429    
   165.0000      1.369865645708642E+036   6.971429    
   180.0000      1.364331221031979E+036   6.971429    
   195.0000      1.362402101683999E+036   6.971429    
   210.0000      1.365301737935691E+036   6.971429    
   225.0000      1.373272980036697E+036   6.971429    
   240.0000      1.385519164023462E+036   6.971429    
   255.0000      1.400259214077174E+036   6.971429    
   270.0000      1.414491203832722E+036   6.971429    
   285.0000      1.424320820959985E+036   6.971429    
   300.0000      1.426958803762798E+036   6.971429    
   315.0000      1.421712759927094E+036   6.971429    
   330.0000      1.410211225985798E+036   6.971429    
   345.0000      1.395679068705727E+036   6.971429    
  0.0000000E+00  1.381378943224289E+036   6.971429    
 
  0.0000000E+00  1.285396486310897E+036   7.092857    
   15.00000      1.275987386120370E+036   7.092857    
   30.00000      1.270507069956303E+036   7.092857    
   45.00000      1.269357657227209E+036   7.092857    
   60.00000      1.272522863722361E+036   7.092857    
   75.00000      1.278825553559618E+036   7.092857    
   90.00000      1.286044410948188E+036   7.092857    
   105.0000      1.291420631621883E+036   7.092857    
   120.0000      1.292899421096809E+036   7.092857    
   135.0000      1.289953209015843E+036   7.092857    
   150.0000      1.283912972279775E+036   7.092857    
   165.0000      1.277153220370958E+036   7.092857    
   180.0000      1.272076555344534E+036   7.092857    
   195.0000      1.270216745887270E+036   7.092857    
   210.0000      1.272658460894077E+036   7.092857    
   225.0000      1.279571012415385E+036   7.092857    
   240.0000      1.290220173184816E+036   7.092857    
   255.0000      1.303006446477185E+036   7.092857    
   270.0000      1.315217015501793E+036   7.092857    
   285.0000      1.323458058783982E+036   7.092857    
   300.0000      1.325310579605866E+036   7.092857    
   315.0000      1.320295780095582E+036   7.092857    
   330.0000      1.310043799530758E+036   7.092857    
   345.0000      1.297450168961583E+036   7.092857    
  0.0000000E+00  1.285396486310897E+036   7.092857    
 
  0.0000000E+00  1.197159256859895E+036   7.214286    
   15.00000      1.189546918290458E+036   7.214286    
   30.00000      1.185442631521412E+036   7.214286    
   45.00000      1.185123152062854E+036   7.214286    
   60.00000      1.188421579684447E+036   7.214286    
   75.00000      1.194311333863564E+036   7.214286    
   90.00000      1.200783433184607E+036   7.214286    
   105.0000      1.205432296673583E+036   7.214286    
   120.0000      1.206456122788208E+036   7.214286    
   135.0000      1.203495785940769E+036   7.214286    
   150.0000      1.197810207559145E+036   7.214286    
   165.0000      1.191582928349022E+036   7.214286    
   180.0000      1.186897282565092E+036   7.214286    
   195.0000      1.185144070502156E+036   7.214286    
   210.0000      1.187185983275517E+036   7.214286    
   225.0000      1.193150614888676E+036   7.214286    
   240.0000      1.202371969122053E+036   7.214286    
   255.0000      1.213422512764632E+036   7.214286    
   270.0000      1.223866398215367E+036   7.214286    
   285.0000      1.230750748094153E+036   7.214286    
   300.0000      1.231987486940626E+036   7.214286    
   315.0000      1.227264597083396E+036   7.214286    
   330.0000      1.218171152124086E+036   7.214286    
   345.0000      1.207291686902594E+036   7.214286    
  0.0000000E+00  1.197159256859895E+036   7.214286    
 
  0.0000000E+00  1.116716105164855E+036   7.335714    
   15.00000      1.110572280923364E+036   7.335714    
   30.00000      1.107555248951073E+036   7.335714    
   45.00000      1.107852989143688E+036   7.335714    
   60.00000      1.111234106445156E+036   7.335714    
   75.00000      1.116729218510982E+036   7.335714    
   90.00000      1.122517480675893E+036   7.335714    
   105.0000      1.126529720931301E+036   7.335714    
   120.0000      1.127186180471334E+036   7.335714    
   135.0000      1.124261089660146E+036   7.335714    
   150.0000      1.118934326712870E+036   7.335714    
   165.0000      1.113209652865302E+036   7.335714    
   180.0000      1.108920725023629E+036   7.335714    
   195.0000      1.107275936548989E+036   7.335714    
   210.0000      1.108969332308864E+036   7.335714    
   225.0000      1.114095908757715E+036   7.335714    
   240.0000      1.122058267645942E+036   7.335714    
   255.0000      1.131587726669159E+036   7.335714    
   270.0000      1.140509081478977E+036   7.335714    
   285.0000      1.146253620767522E+036   7.335714    
   300.0000      1.147023843645201E+036   7.335714    
   315.0000      1.142635518829141E+036   7.335714    
   330.0000      1.134602640325733E+036   7.335714    
   345.0000      1.125223915361415E+036   7.335714    
  0.0000000E+00  1.116716105164855E+036   7.335714    
 
  0.0000000E+00  1.043745189798924E+036   7.457143    
   15.00000      1.038787581411975E+036   7.457143    
   30.00000      1.036611818776289E+036   7.457143    
   45.00000      1.037338561857479E+036   7.457143    
   60.00000      1.040700336246498E+036   7.457143    
   75.00000      1.045793084260465E+036   7.457143    
   90.00000      1.050986561167538E+036   7.457143    
   105.0000      1.054450287327623E+036   7.457143    
   120.0000      1.054819043876600E+036   7.457143    
   135.0000      1.051974996813339E+036   7.457143    
   150.0000      1.047031469436605E+036   7.457143    
   165.0000      1.041804622461899E+036   7.457143    
   180.0000      1.037898462501613E+036   7.457143    
   195.0000      1.036359497192735E+036   7.457143    
   210.0000      1.037752545347441E+036   7.457143    
   225.0000      1.042146965041240E+036   7.457143    
   240.0000      1.049011290005692E+036   7.457143    
   255.0000      1.057221027934407E+036   7.457143    
   270.0000      1.064842806748918E+036   7.457143    
   285.0000      1.069640689436647E+036   7.457143    
   300.0000      1.070069065234082E+036   7.457143    
   315.0000      1.066038992446896E+036   7.457143    
   330.0000      1.058966191703596E+036   7.457143    
   345.0000      1.050890706876683E+036   7.457143    
  0.0000000E+00  1.043745189798924E+036   7.457143    
 
  0.0000000E+00  9.777065479310838E+035   7.578571    
   15.00000      9.736993274883331E+035   7.578571    
   30.00000      9.721624410730741E+035   7.578571    
   45.00000      9.731665816783700E+035   7.578571    
   60.00000      9.764281317605394E+035   7.578571    
   75.00000      9.811104827729117E+035   7.578571    
   90.00000      9.857617285432685E+035   7.578571    
   105.0000      9.887573182288697E+035   7.578571    
   120.0000      9.889189509232485E+035   7.578571    
   135.0000      9.862066568157260E+035   7.578571    
   150.0000      9.816598895299672E+035   7.578571    
   165.0000      9.769134387745729E+035   7.578571    
   180.0000      9.733698649315770E+035   7.578571    
   195.0000      9.719349209489126E+035   7.578571    
   210.0000      9.730732263709847E+035   7.578571    
   225.0000      9.768343422323905E+035   7.578571    
   240.0000      9.827484842120205E+035   7.578571    
   255.0000      9.898207739252494E+035   7.578571    
   270.0000      9.963396228292149E+035   7.578571    
   285.0000      1.000356752870631E+036   7.578571    
   300.0000      1.000543059703459E+036   7.578571    
   315.0000      9.968782436863157E+035   7.578571    
   330.0000      9.906666831937023E+035   7.578571    
   345.0000      9.837160926314961E+035   7.578571    
  0.0000000E+00  9.777065479310838E+035   7.578571    
 
  0.0000000E+00  9.179498667382314E+035   7.700000    
   15.00000      9.147002619429185E+035   7.700000    
   30.00000      9.136400786573855E+035   7.700000    
   45.00000      9.148042346585796E+035   7.700000    
   60.00000      9.179079592676050E+035   7.700000    
   75.00000      9.221834767212335E+035   7.700000    
   90.00000      9.263408639432677E+035   7.700000    
   105.0000      9.289378229909175E+035   7.700000    
   120.0000      9.289559942284560E+035   7.700000    
   135.0000      9.264089281290768E+035   7.700000    
   150.0000      9.222577429295756E+035   7.700000    
   165.0000      9.179669384598597E+035   7.700000    
   180.0000      9.147638231534841E+035   7.700000    
   195.0000      9.134322535126889E+035   7.700000    
   210.0000      9.143580193508995E+035   7.700000    
   225.0000      9.175755117926273E+035   7.700000    
   240.0000      9.226716065692015E+035   7.700000    
   255.0000      9.287673769102048E+035   7.700000    
   270.0000      9.343526301810149E+035   7.700000    
   285.0000      9.377278479580426E+035   7.700000    
   300.0000      9.377490520506778E+035   7.700000    
   315.0000      9.344433027987330E+035   7.700000    
   330.0000      9.289987071516972E+035   7.700000    
   345.0000      9.230150668471494E+035   7.700000    
  0.0000000E+00  9.179498667382314E+035   7.700000    
 
  0.0000000E+00  8.637840298345346E+035   7.821429    
   15.00000      8.611369930763532E+035   7.821429    
   30.00000      8.604265055899163E+035   7.821429    
   45.00000      8.616630125916543E+035   7.821429    
   60.00000      8.645710869283949E+035   7.821429    
   75.00000      8.684520409929515E+035   7.821429    
   90.00000      8.721611844683022E+035   7.821429    
   105.0000      8.744182122046994E+035   7.821429    
   120.0000      8.743409825910102E+035   7.821429    
   135.0000      8.719780582076196E+035   7.821429    
   150.0000      8.682111405320410E+035   7.821429    
   165.0000      8.643475891634046E+035   7.821429    
   180.0000      8.614623234801277E+035   7.821429    
   195.0000      8.602338508118191E+035   7.821429    
   210.0000      8.609848712432984E+035   7.821429    
   225.0000      8.637382090516446E+035   7.821429    
   240.0000      8.681320648608726E+035   7.821429    
   255.0000      8.733910172563872E+035   7.821429    
   270.0000      8.781862278808695E+035   7.821429    
   285.0000      8.810336717102165E+035   7.821429    
   300.0000      8.809472479265323E+035   7.821429    
   315.0000      8.779849106349371E+035   7.821429    
   330.0000      8.732194401524620E+035   7.821429    
   345.0000      8.680649204644774E+035   7.821429    
  0.0000000E+00  8.637840298345346E+035   7.821429    
 
  0.0000000E+00  8.145206944996583E+035   7.942857    
   15.00000      8.123530208981230E+035   7.942857    
   30.00000      8.118947601907078E+035   7.942857    
   45.00000      8.131405577872127E+035   7.942857    
   60.00000      8.158311423012888E+035   7.942857    
   75.00000      8.193356385095804E+035   7.942857    
   90.00000      8.226389598713306E+035   7.942857    
   105.0000      8.246050676658107E+035   7.942857    
   120.0000      8.244678292429005E+035   7.942857    
   135.0000      8.222971711768491E+035   7.942857    
   150.0000      8.188967343702340E+035   7.942857    
   165.0000      8.154304551577062E+035   7.942857    
   180.0000      8.128405178555627E+035   7.942857    
   195.0000      8.117143828167666E+035   7.942857    
   210.0000      8.123234245470199E+035   7.942857    
   225.0000      8.146817027840461E+035   7.942857    
   240.0000      8.184734131281158E+035   7.942857    
   255.0000      8.230154382822228E+035   7.942857    
   270.0000      8.271411237856539E+035   7.942857    
   285.0000      8.295535531264587E+035   7.942857    
   300.0000      8.294011977256811E+035   7.942857    
   315.0000      8.267605721267472E+035   7.942857    
   330.0000      8.225939100811764E+035   7.942857    
   345.0000      8.181495945923663E+035   7.942857    
  0.0000000E+00  8.145206944996583E+035   7.942857    
 
  0.0000000E+00  7.695019624154565E+035   8.064285    
   15.00000      7.677165681688713E+035   8.064285    
   30.00000      7.674370718900989E+035   8.064285    
   45.00000      7.686486997723027E+035   8.064285    
   60.00000      7.711123023837398E+035   8.064285    
   75.00000      7.742621638740430E+035   8.064285    
   90.00000      7.771987796244097E+035   8.064285    
   105.0000      7.789147292160357E+035   8.064285    
   120.0000      7.787429613547263E+035   8.064285    
   135.0000      7.767649682873189E+035   8.064285    
   150.0000      7.737093315189028E+035   8.064285    
   165.0000      7.706099853686603E+035   8.064285    
   180.0000      7.682931756665200E+035   8.064285    
   195.0000      7.672675913710598E+035   8.064285    
   210.0000      7.677622718457571E+035   8.064285    
   225.0000      7.697847117914130E+035   8.064285    
   240.0000      7.730599793409308E+035   8.064285    
   255.0000      7.769872204111311E+035   8.064285    
   270.0000      7.805440286449810E+035   8.064285    
   285.0000      7.825963536318734E+035   8.064285    
   300.0000      7.824075111290479E+035   8.064285    
   315.0000      7.800636333414231E+035   8.064285    
   330.0000      7.764234164763655E+035   8.064285    
   345.0000      7.725875587638726E+035   8.064285    
  0.0000000E+00  7.695019624154565E+035   8.064285    
 
  0.0000000E+00  7.281176466668034E+035   8.185715    
   15.00000      7.266384243277612E+035   8.185715    
   30.00000      7.264832176119460E+035   8.185715    
   45.00000      7.276323271574519E+035   8.185715    
   60.00000      7.298685957805322E+035   8.185715    
   75.00000      7.326877881862488E+035   8.185715    
   90.00000      7.352935718073781E+035   8.185715    
   105.0000      7.367933057672956E+035   8.185715    
   120.0000      7.366049404510429E+035   8.185715    
   135.0000      7.348146848782248E+035   8.185715    
   150.0000      7.320800809303439E+035   8.185715    
   165.0000      7.293177391702610E+035   8.185715    
   180.0000      7.272523216480431E+035   8.185715    
   195.0000      7.263242691585059E+035   8.185715    
   210.0000      7.267273288186888E+035   8.185715    
   225.0000      7.284641681557923E+035   8.185715    
   240.0000      7.312959492723337E+035   8.185715    
   255.0000      7.346950728149714E+035   8.185715    
   270.0000      7.377668949795152E+035   8.185715    
   285.0000      7.395194819723107E+035   8.185715    
   300.0000      7.393143938423506E+035   8.185715    
   315.0000      7.372411065911939E+035   8.185715    
   330.0000      7.340628730105289E+035   8.185715    
   345.0000      7.307489002332625E+035   8.185715    
  0.0000000E+00  7.281176466668034E+035   8.185715    
 
  0.0000000E+00  6.898156174472332E+035   8.307143    
   15.00000      6.885830436703864E+035   8.307143    
   30.00000      6.885123309250686E+035   8.307143    
   45.00000      6.895818746613704E+035   8.307143    
   60.00000      6.915969078368079E+035   8.307143    
   75.00000      6.941103462861221E+035   8.307143    
   90.00000      6.964180734153893E+035   8.307143    
   105.0000      6.977299811101789E+035   8.307143    
   120.0000      6.975373279346538E+035   8.307143    
   135.0000      6.959263926346118E+035   8.307143    
   150.0000      6.934882464531050E+035   8.307143    
   165.0000      6.910339101366205E+035   8.307143    
   180.0000      6.891987765168847E+035   8.307143    
   195.0000      6.883640675885666E+035   8.307143    
   210.0000      6.886938888609160E+035   8.307143    
   225.0000      6.901874525730532E+035   8.307143    
   240.0000      6.926376538367431E+035   8.307143    
   255.0000      6.955820573271548E+035   8.307143    
   270.0000      6.982388483715126E+035   8.307143    
   285.0000      6.997403921246757E+035   8.307143    
   300.0000      6.995325701404110E+035   8.307143    
   315.0000      6.977039548789103E+035   8.307143    
   330.0000      6.949307713132021E+035   8.307143    
   345.0000      6.920652660302140E+035   8.307143    
  0.0000000E+00  6.898156174472332E+035   8.307143    
 
  0.0000000E+00  6.541072327684797E+035   8.428572    
   15.00000      6.530747525178274E+035   8.428572    
   30.00000      6.530598703125302E+035   8.428572    
   45.00000      6.540410012240156E+035   8.428572    
   60.00000      6.558451831272992E+035   8.428572    
   75.00000      6.580778323215565E+035   8.428572    
   90.00000      6.601173519134341E+035   8.428572    
   105.0000      6.612653206242335E+035   8.428572    
   120.0000      6.610765760424770E+035   8.428572    
   135.0000      6.596344293716746E+035   8.428572    
   150.0000      6.574682613600486E+035   8.428572    
   165.0000      6.552942354693138E+035   8.428572    
   180.0000      6.536690925843607E+035   8.428572    
   195.0000      6.529225980031644E+035   8.428572    
   210.0000      6.531938349241335E+035   8.428572    
   225.0000      6.544796384005797E+035   8.428572    
   240.0000      6.566007192251571E+035   8.428572    
   255.0000      6.591525413629157E+035   8.428572    
   270.0000      6.614527454735280E+035   8.428572    
   285.0000      6.627426527431442E+035   8.428572    
   300.0000      6.625407960947182E+035   8.428572    
   315.0000      6.609320926824975E+035   8.428572    
   330.0000      6.585139961576019E+035   8.428572    
   345.0000      6.560348018273956E+035   8.428572    
  0.0000000E+00  6.541072327684797E+035   8.428572    
 
  0.0000000E+00  6.205693061972848E+035   8.550000    
   15.00000      6.197004357899032E+035   8.550000    
   30.00000      6.197210255768932E+035   8.550000    
   45.00000      6.206106549312541E+035   8.550000    
   60.00000      6.222169695118836E+035   8.550000    
   75.00000      6.241931715829164E+035   8.550000    
   90.00000      6.259915727574869E+035   8.550000    
   105.0000      6.269958290850887E+035   8.550000    
   120.0000      6.268162296242861E+035   8.550000    
   135.0000      6.255312343700662E+035   8.550000    
   150.0000      6.236132997515766E+035   8.550000    
   165.0000      6.216934728384677E+035   8.550000    
   180.0000      6.202590354653116E+035   8.550000    
   195.0000      6.195949840797076E+035   8.550000    
   210.0000      6.198192044793489E+035   8.550000    
   225.0000      6.209269929411038E+035   8.550000    
   240.0000      6.227633985479931E+035   8.550000    
   255.0000      6.249752729878758E+035   8.550000    
   270.0000      6.269678439636313E+035   8.550000    
   285.0000      6.280781494485621E+035   8.550000    
   300.0000      6.278875838342662E+035   8.550000    
   315.0000      6.264757315427057E+035   8.550000    
   330.0000      6.243690912577958E+035   8.550000    
   345.0000      6.222236140888191E+035   8.550000    
  0.0000000E+00  6.205693061972848E+035   8.550000    
 
  0.0000000E+00  5.888431161636651E+035   8.671429    
   15.00000      5.881091651065665E+035   8.671429    
   30.00000      5.881509757217610E+035   8.671429    
   45.00000      5.889499013923858E+035   8.671429    
   60.00000      5.903726598365803E+035   8.671429    
   75.00000      5.921156453920772E+035   8.671429    
   90.00000      5.936974132412216E+035   8.671429    
   105.0000      5.945751821473060E+035   8.671429    
   120.0000      5.944078693968399E+035   8.671429    
   135.0000      5.932680111642225E+035   8.671429    
   150.0000      5.915757459069199E+035   8.671429    
   165.0000      5.898857900217783E+035   8.671429    
   180.0000      5.886239549581146E+035   8.671429    
   195.0000      5.880362360988796E+035   8.671429    
   210.0000      5.882225147704058E+035   8.671429    
   225.0000      5.891771913868859E+035   8.671429    
   240.0000      5.907665920901660E+035   8.671429    
   255.0000      5.926831398465624E+035   8.671429    
   270.0000      5.944091936857610E+035   8.671429    
   285.0000      5.953660716300267E+035   8.671429    
   300.0000      5.951898040383953E+035   8.671429    
   315.0000      5.939537180592655E+035   8.671429    
   330.0000      5.921205841792023E+035   8.671429    
   345.0000      5.902643175379046E+035   8.671429    
  0.0000000E+00  5.888431161636651E+035   8.671429    
 
  0.0000000E+00  5.586313208490683E+035   8.792857    
   15.00000      5.580096240332297E+035   8.792857    
   30.00000      5.580628363502106E+035   8.792857    
   45.00000      5.587743434824672E+035   8.792857    
   60.00000      5.600282546602849E+035   8.792857    
   75.00000      5.615598061608224E+035   8.792857    
   90.00000      5.629469694977044E+035   8.792857    
   105.0000      5.637129881266115E+035   8.792857    
   120.0000      5.635596493887773E+035   8.792857    
   135.0000      5.625530506759185E+035   8.792857    
   150.0000      5.610653678188400E+035   8.792857    
   165.0000      5.595828663901474E+035   8.792857    
   180.0000      5.584768462878706E+035   8.792857    
   195.0000      5.579592764512038E+035   8.792857    
   210.0000      5.581147094623211E+035   8.792857    
   225.0000      5.589371344878560E+035   8.792857    
   240.0000      5.603114771448718E+035   8.792857    
   255.0000      5.619705575930133E+035   8.792857    
   270.0000      5.634647132205698E+035   8.792857    
   285.0000      5.642896595269091E+035   8.792857    
   300.0000      5.641291386716725E+035   8.792857    
   315.0000      5.630498085667398E+035   8.792857    
   330.0000      5.614572840178446E+035   8.792857    
   345.0000      5.598525528555311E+035   8.792857    
  0.0000000E+00  5.586313208490683E+035   8.792857    
 
  0.0000000E+00  5.296933643618878E+035   8.914286    
   15.00000      5.291659211320835E+035   8.914286    
   30.00000      5.292238907641084E+035   8.914286    
   45.00000      5.298527316456823E+035   8.914286    
   60.00000      5.309522481100684E+035   8.914286    
   75.00000      5.322924872000395E+035   8.914286    
   90.00000      5.335047649095582E+035   8.914286    
   105.0000      5.341716836990532E+035   8.914286    
   120.0000      5.340330211803186E+035   8.914286    
   135.0000      5.331482917328879E+035   8.914286    
   150.0000      5.318457608107149E+035   8.914286    
   165.0000      5.305502718998248E+035   8.914286    
   180.0000      5.295846800674689E+035   8.914286    
   195.0000      5.291312150889469E+035   8.914286    
   210.0000      5.292613473858097E+035   8.914286    
   225.0000      5.299690115943154E+035   8.914286    
   240.0000      5.311554035499548E+035   8.914286    
   255.0000      5.325891593563687E+035   8.914286    
   270.0000      5.338806254528054E+035   8.914286    
   285.0000      5.345913791382969E+035   8.914286    
   300.0000      5.344470360205395E+035   8.914286    
   315.0000      5.335075104501981E+035   8.914286    
   330.0000      5.321271618486227E+035   8.914286    
   345.0000      5.307420624693526E+035   8.914286    
  0.0000000E+00  5.296933643618878E+035   8.914286    
 
  0.0000000E+00  5.018400373006061E+035   9.035714    
   15.00000      5.013924700920214E+035   9.035714    
   30.00000      5.014507966281349E+035   9.035714    
   45.00000      5.020024664421820E+035   9.035714    
   60.00000      5.029613425897936E+035   9.035714    
   75.00000      5.041286172527207E+035   9.035714    
   90.00000      5.051835668257501E+035   9.035714    
   105.0000      5.057622648856857E+035   9.035714    
   120.0000      5.056383349564748E+035   9.035714    
   135.0000      5.048647983325455E+035   9.035714    
   150.0000      5.037297339951538E+035   9.035714    
   165.0000      5.026027982291142E+035   9.035714    
   180.0000      5.017636868662716E+035   9.035714    
   195.0000      5.013685763484692E+035   9.035714    
   210.0000      5.014777475962414E+035   9.035714    
   225.0000      5.020853315399339E+035   9.035714    
   240.0000      5.031067771967563E+035   9.035714    
   255.0000      5.043425047563934E+035   9.035714    
   270.0000      5.054559620955307E+035   9.035714    
   285.0000      5.060672249848260E+035   9.035714    
   300.0000      5.059388517810935E+035   9.035714    
   315.0000      5.051241518602988E+035   9.035714    
   330.0000      5.039314687262582E+035   9.035714    
   345.0000      5.027389804499632E+035   9.035714    
  0.0000000E+00  5.018400373006061E+035   9.035714    
 
  0.0000000E+00  4.749248473032840E+035   9.157143    
   15.00000      4.745456095164643E+035   9.157143    
   30.00000      4.746014617361693E+035   9.157143    
   45.00000      4.750816942912062E+035   9.157143    
   60.00000      4.759127078994578E+035   9.157143    
   75.00000      4.769235544618349E+035   9.157143    
   90.00000      4.778367133825692E+035   9.157143    
   105.0000      4.783365518927429E+035   9.157143    
   120.0000      4.782270070906194E+035   9.157143    
   135.0000      4.775548390322791E+035   9.157143    
   150.0000      4.765713225312668E+035   9.157143    
   165.0000      4.755964266479949E+035   9.157143    
   180.0000      4.748712841654654E+035   9.157143    
   195.0000      4.745291793450978E+035   9.157143    
   210.0000      4.746207925065839E+035   9.157143    
   225.0000      4.751406257741634E+035   9.157143    
   240.0000      4.760166372908509E+035   9.157143    
   255.0000      4.770775065997384E+035   9.157143    
   270.0000      4.780338205757192E+035   9.157143    
   285.0000      4.785578171701263E+035   9.157143    
   300.0000      4.784448284855704E+035   9.157143    
   315.0000      4.777418226693356E+035   9.157143    
   330.0000      4.767157432911304E+035   9.157143    
   345.0000      4.756929911962893E+035   9.157143    
  0.0000000E+00  4.749248473032840E+035   9.157143    
 
  0.0000000E+00  4.488377197747337E+035   9.278572    
   15.00000      4.485174968902642E+035   9.278572    
   30.00000      4.485691211710223E+035   9.278572    
   45.00000      4.489835476838443E+035   9.278572    
   60.00000      4.496983387001948E+035   9.278572    
   75.00000      4.505674950728394E+035   9.278572    
   90.00000      4.513525195570605E+035   9.278572    
   105.0000      4.517815409322942E+035   9.278572    
   120.0000      4.516858007854571E+035   9.278572    
   135.0000      4.511061034915010E+035   9.278572    
   150.0000      4.502599620304603E+035   9.278572    
   165.0000      4.494224727162000E+035   9.278572    
   180.0000      4.488001905525056E+035   9.278572    
   195.0000      4.485062122738178E+035   9.278572    
   210.0000      4.485829461840508E+035   9.278572    
   225.0000      4.490253788935505E+035   9.278572    
   240.0000      4.497724843148155E+035   9.278572    
   255.0000      4.506781331384150E+035   9.278572    
   270.0000      4.514949332081650E+035   9.278572    
   285.0000      4.519418473994218E+035   9.278572    
   300.0000      4.518434587626725E+035   9.278572    
   315.0000      4.512407220827539E+035   9.278572    
   330.0000      4.503632135719230E+035   9.278572    
   345.0000      4.494908567820403E+035   9.278572    
  0.0000000E+00  4.488377197747337E+035   9.278572    
 
  0.0000000E+00  4.234993310139986E+035   9.400000    
   15.00000      4.232305820161564E+035   9.400000    
   30.00000      4.232769536618254E+035   9.400000    
   45.00000      4.236308887678252E+035   9.400000    
   60.00000      4.242398875037455E+035   9.400000    
   75.00000      4.249803491250248E+035   9.400000    
   90.00000      4.256491557552038E+035   9.400000    
   105.0000      4.260142494850315E+035   9.400000    
   120.0000      4.259316172869211E+035   9.400000    
   135.0000      4.254364429114019E+035   9.400000    
   150.0000      4.247151861699018E+035   9.400000    
   165.0000      4.240022581490073E+035   9.400000    
   180.0000      4.234730717153494E+035   9.400000    
   195.0000      4.232228412702293E+035   9.400000    
   210.0000      4.232868127918105E+035   9.400000    
   225.0000      4.236605236897128E+035   9.400000    
   240.0000      4.242926902372535E+035   9.400000    
   255.0000      4.250597206951217E+035   9.400000    
   270.0000      4.257518749004524E+035   9.400000    
   285.0000      4.261301937945704E+035   9.400000    
   300.0000      4.260455394341527E+035   9.400000    
   315.0000      4.255332046947505E+035   9.400000    
   330.0000      4.247888925003481E+035   9.400000    
   345.0000      4.240506169152784E+035   9.400000    
  0.0000000E+00  4.234993310139986E+035   9.400000    
 
  0.0000000E+00  3.988550617244168E+035   9.521429    
   15.00000      3.986316714854366E+035   9.521429    
   30.00000      3.986722494412779E+035   9.521429    
   45.00000      3.989705606733153E+035   9.521429    
   60.00000      3.994829724152929E+035   9.521429    
   75.00000      4.001060742046109E+035   9.521429    
   90.00000      4.006689742913670E+035   9.521429    
   105.0000      4.009760141092650E+035   9.521429    
   120.0000      4.009057558803705E+035   9.521429    
   135.0000      4.004880990052610E+035   9.521429    
   150.0000      3.998808360067619E+035   9.521429    
   165.0000      3.992813052434673E+035   9.521429    
   180.0000      3.988367222963301E+035   9.521429    
   195.0000      3.986263704550750E+035   9.521429    
   210.0000      3.986792571257784E+035   9.521429    
   225.0000      3.989915031535561E+035   9.521429    
   240.0000      3.995204856618316E+035   9.521429    
   255.0000      4.001628760579112E+035   9.521429    
   270.0000      4.007428781055435E+035   9.521429    
   285.0000      4.010596626467834E+035   9.521429    
   300.0000      4.009878719533043E+035   9.521429    
   315.0000      4.005574857033452E+035   9.521429    
   330.0000      3.999333357742886E+035   9.521429    
   345.0000      3.993154338329317E+035   9.521429    
  0.0000000E+00  3.988550617244168E+035   9.521429    
 
  0.0000000E+00  3.748688825590101E+035   9.642858    
   15.00000      3.746858968730414E+035   9.642858    
   30.00000      3.747204521950390E+035   9.642858    
   45.00000      3.749674873038861E+035   9.642858    
   60.00000      3.753913154512988E+035   9.642858    
   75.00000      3.759068270320456E+035   9.642858    
   90.00000      3.763726534451355E+035   9.642858    
   105.0000      3.766266118433364E+035   9.642858    
   120.0000      3.765680088019120E+035   9.642858    
   135.0000      3.762217788810841E+035   9.642858    
   150.0000      3.757191239414731E+035   9.642858    
   165.0000      3.752233956494198E+035   9.642858    
   180.0000      3.748561164927454E+035   9.642858    
   195.0000      3.746822767694014E+035   9.642858    
   210.0000      3.747254093808211E+035   9.642858    
   225.0000      3.749822276623040E+035   9.642858    
   240.0000      3.754178586364336E+035   9.642858    
   255.0000      3.759473051315440E+035   9.642858    
   270.0000      3.764255922286800E+035   9.642858    
   285.0000      3.766866916164630E+035   9.642858    
   300.0000      3.766269381756865E+035   9.642858    
   315.0000      3.762713260785817E+035   9.642858    
   330.0000      3.757563714438188E+035   9.642858    
   345.0000      3.752473945733580E+035   9.642858    
  0.0000000E+00  3.748688825590101E+035   9.642858    
 
  0.0000000E+00  3.515184490418339E+035   9.764286    
   15.00000      3.513718729069009E+035   9.764286    
   30.00000      3.514003694816794E+035   9.764286    
   45.00000      3.515999229920582E+035   9.764286    
   60.00000      3.519420140140296E+035   9.764286    
   75.00000      3.523582391068417E+035   9.764286    
   90.00000      3.527344638565154E+035   9.764286    
   105.0000      3.529395079631932E+035   9.764286    
   120.0000      3.528918905511061E+035   9.764286    
   135.0000      3.526118729365877E+035   9.764286    
   150.0000      3.522058486213629E+035   9.764286    
   165.0000      3.518057869142087E+035   9.764286    
   180.0000      3.515096227747937E+035   9.764286    
   195.0000      3.513694150436158E+035   9.764286    
   210.0000      3.514038466489341E+035   9.764286    
   225.0000      3.516102182256974E+035   9.764286    
   240.0000      3.519606468168442E+035   9.764286    
   255.0000      3.523868455812763E+035   9.764286    
   270.0000      3.527720589968467E+035   9.764286    
   285.0000      3.529822821761888E+035   9.764286    
   300.0000      3.529338133501420E+035   9.764286    
   315.0000      3.526469580997078E+035   9.764286    
   330.0000      3.522320658248441E+035   9.764286    
   345.0000      3.518225386283685E+035   9.764286    
  0.0000000E+00  3.515184490418339E+035   9.764286    
 
  0.0000000E+00  3.287908557107947E+035   9.885715    
   15.00000      3.286774983120269E+035   9.885715    
   30.00000      3.287000112926401E+035   9.885715    
   45.00000      3.288553170876908E+035   9.885715    
   60.00000      3.291214183827823E+035   9.885715    
   75.00000      3.294452949566505E+035   9.885715    
   90.00000      3.297381385721604E+035   9.885715    
   105.0000      3.298977117882109E+035   9.885715    
   120.0000      3.298604806809768E+035   9.885715    
   135.0000      3.296422904219036E+035   9.885715    
   150.0000      3.293262303932192E+035   9.885715    
   165.0000      3.290150511589225E+035   9.885715    
   180.0000      3.287848440308232E+035   9.885715    
   195.0000      3.286758515374828E+035   9.885715    
   210.0000      3.287024093348120E+035   9.885715    
   225.0000      3.288623921416306E+035   9.885715    
   240.0000      3.291342823546877E+035   9.885715    
   255.0000      3.294651644537625E+035   9.885715    
   270.0000      3.297643653311498E+035   9.885715    
   285.0000      3.299276190982860E+035   9.885715    
   300.0000      3.298897729000788E+035   9.885715    
   315.0000      3.296667043007650E+035   9.885715    
   330.0000      3.293443759676214E+035   9.885715    
   345.0000      3.290265593188341E+035   9.885715    
  0.0000000E+00  3.287908557107947E+035   9.885715    
 
  0.0000000E+00  3.066791155472996E+035   10.00714    
   15.00000      3.065964712603312E+035   10.00714    
   30.00000      3.066131320950693E+035   10.00714    
   45.00000      3.067268719941417E+035   10.00714    
   60.00000      3.069216949996017E+035   10.00714    
   75.00000      3.071588917725419E+035   10.00714    
   90.00000      3.073734234780767E+035   10.00714    
   105.0000      3.074903151580389E+035   10.00714    
   120.0000      3.074629532168378E+035   10.00714    
   135.0000      3.073029859530780E+035   10.00714    
   150.0000      3.070714414298232E+035   10.00714    
   165.0000      3.068436117105504E+035   10.00714    
   180.0000      3.066751587200567E+035   10.00714    
   195.0000      3.065954022432471E+035   10.00714    
   210.0000      3.066147264133565E+035   10.00714    
   225.0000      3.067315628712722E+035   10.00714    
   240.0000      3.069302572485650E+035   10.00714    
   255.0000      3.071721836721667E+035   10.00714    
   270.0000      3.073910315593262E+035   10.00714    
   285.0000      3.075104320264893E+035   10.00714    
   300.0000      3.074826455238203E+035   10.00714    
   315.0000      3.073193431018025E+035   10.00714    
   330.0000      3.070835450636265E+035   10.00714    
   345.0000      3.068512406560264E+035   10.00714    
  0.0000000E+00  3.066791155472996E+035   10.00714    
 
  0.0000000E+00  2.851794138232665E+035   10.12857    
   15.00000      2.851255712513376E+035   10.12857    
   30.00000      2.851365314150044E+035   10.12857    
   45.00000      2.852108528335234E+035   10.12857    
   60.00000      2.853381364115188E+035   10.12857    
   75.00000      2.854931433525698E+035   10.12857    
   90.00000      2.856333719327967E+035   10.12857    
   105.0000      2.857097772746801E+035   10.12857    
   120.0000      2.856918551303836E+035   10.12857    
   135.0000      2.855872374004070E+035   10.12857    
   150.0000      2.854358892004753E+035   10.12857    
   165.0000      2.852870348370571E+035   10.12857    
   180.0000      2.851770189677436E+035   10.12857    
   195.0000      2.851249308232749E+035   10.12857    
   210.0000      2.851375033545710E+035   10.12857    
   225.0000      2.852137070616955E+035   10.12857    
   240.0000      2.853433613039977E+035   10.12857    
   255.0000      2.855012845111217E+035   10.12857    
   270.0000      2.856441852786735E+035   10.12857    
   285.0000      2.857221483412318E+035   10.12857    
   300.0000      2.857039603125269E+035   10.12857    
   315.0000      2.855972675654054E+035   10.12857    
   330.0000      2.854432870817681E+035   10.12857    
   345.0000      2.852916766144541E+035   10.12857    
  0.0000000E+00  2.851794138232665E+035   10.12857    
 
  0.0000000E+00  2.642889935300936E+035   10.25000    
   15.00000      2.642625671133142E+035   10.25000    
   30.00000      2.642679748746361E+035   10.25000    
   45.00000      2.643045119873339E+035   10.25000    
   60.00000      2.643670815504755E+035   10.25000    
   75.00000      2.644432917290756E+035   10.25000    
   90.00000      2.645122466231107E+035   10.25000    
   105.0000      2.645498181457965E+035   10.25000    
   120.0000      2.645409954266303E+035   10.25000    
   135.0000      2.644895363229328E+035   10.25000    
   150.0000      2.644151145660299E+035   10.25000    
   165.0000      2.643419382788705E+035   10.25000    
   180.0000      2.642878677910491E+035   10.25000    
   195.0000      2.642622678894626E+035   10.25000    
   210.0000      2.642684336575667E+035   10.25000    
   225.0000      2.643058578103792E+035   10.25000    
   240.0000      2.643695494286279E+035   10.25000    
   255.0000      2.644471454662986E+035   10.25000    
   270.0000      2.645173732563794E+035   10.25000    
   285.0000      2.645556880680371E+035   10.25000    
   300.0000      2.645467378740644E+035   10.25000    
   315.0000      2.644942875323070E+035   10.25000    
   330.0000      2.644186122138077E+035   10.25000    
   345.0000      2.643441270037086E+035   10.25000    
  0.0000000E+00  2.642889935300936E+035   10.25000    
 
