  0.0000000E+00  9.900395262625889E+035
   15.00000      9.745104727551497E+035
   30.00000      9.448316306594927E+035
   45.00000      9.075096528113404E+035
   60.00000      8.676348283063416E+035
   75.00000      8.312392463125240E+035
   90.00000      8.027838862300240E+035
   105.0000      7.824667600501909E+035
   120.0000      7.716122012044699E+035
   135.0000      7.671076620083004E+035
   150.0000      7.672079772343839E+035
   165.0000      7.711191557281998E+035
   180.0000      7.772459945231126E+035
   195.0000      7.837730859397872E+035
   210.0000      7.914790420017537E+035
   225.0000      8.001029801145537E+035
   240.0000      8.078447142807708E+035
   255.0000      8.161133763309196E+035
   270.0000      8.317851561397440E+035
   285.0000      8.506182000913571E+035
   300.0000      8.745307458166383E+035
   315.0000      9.145864988204021E+035
   330.0000      9.589535714216516E+035
   345.0000      9.865110750899450E+035
   360.0000      9.900395262625889E+035
   360.0000      9.753582658534243E+035
   375.0000      9.596709339278528E+035
   390.0000      9.304506273894773E+035
   405.0000      8.938819648729601E+035
   420.0000      8.553617138926307E+035
   435.0000      8.206305197806521E+035
   450.0000      7.939143185941465E+035
   465.0000      7.751147414408504E+035
   480.0000      7.654697226457555E+035
   495.0000      7.616215655386545E+035
   510.0000      7.620106062530444E+035
   525.0000      7.658283014016385E+035
   540.0000      7.716842383854929E+035
   555.0000      7.779936461952751E+035
   570.0000      7.854053153637546E+035
   585.0000      7.938607415578698E+035
   600.0000      8.016511207623091E+035
   615.0000      8.104565497484438E+035
   630.0000      8.265181097322331E+035
   645.0000      8.456228891070458E+035
   660.0000      8.695577217368219E+035
   675.0000      9.082305870185769E+035
   690.0000      9.494496632465898E+035
   705.0000      9.736118930953525E+035
   720.0000      9.753582658534243E+035
   720.0000      9.494872152411627E+035
   735.0000      9.338038657757872E+035
   750.0000      9.055501589979955E+035
   765.0000      8.703804824828016E+035
   780.0000      8.341069509544756E+035
   795.0000      8.020765626853132E+035
   810.0000      7.781804653359467E+035
   825.0000      7.618372854979952E+035
   840.0000      7.540082068317622E+035
   855.0000      7.512344985571691E+035
   870.0000      7.521242321881984E+035
   885.0000      7.558795007906402E+035
   900.0000      7.612567631549306E+035
   915.0000      7.670746964692699E+035
   930.0000      7.739278812019568E+035
   945.0000      7.819877902441388E+035
   960.0000      7.898665029253869E+035
   975.0000      7.994002301777951E+035
   990.0000      8.159463920721837E+035
   1005.000      8.353279140384444E+035
   1020.000      8.592478965775888E+035
   1035.000      8.953927970333197E+035
   1050.000      9.312388369344664E+035
   1065.000      9.501346792004021E+035
   1080.000      9.494872152411627E+035
   1080.000      9.157081503364892E+035
   1095.000      8.999942013875657E+035
   1110.000      8.734027987460004E+035
   1125.000      8.402410516028597E+035
   1140.000      8.067718887130733E+035
   1155.000      7.781047969733501E+035
   1170.000      7.574707305801988E+035
   1185.000      7.440367001755520E+035
   1200.000      7.382799677245824E+035
   1215.000      7.367117370133406E+035
   1230.000      7.381505384466276E+035
   1245.000      7.417782539878449E+035
   1260.000      7.465593353663139E+035
   1275.000      7.516947968927970E+035
   1290.000      7.578763665813916E+035
   1305.000      7.653564962041086E+035
   1320.000      7.732374912035775E+035
   1335.000      7.834933813023260E+035
   1350.000      8.003843028445926E+035
   1365.000      8.198590269499165E+035
   1380.000      8.434711155510010E+035
   1395.000      8.761273811838620E+035
   1410.000      9.054713177296384E+035
   1425.000      9.187933645828244E+035
   1440.000      9.157081503364892E+035
   1440.000      8.768974434218285E+035
   1455.000      8.612139093828122E+035
   1470.000      8.365773483521263E+035
   1485.000      8.059692716467157E+035
   1500.000      7.756653508501041E+035
   1515.000      7.506459126877285E+035
   1530.000      7.333741179158992E+035
   1545.000      7.229263637989081E+035
   1560.000      7.191969837849003E+035
   1575.000      7.187680166944022E+035
   1590.000      7.206796486030254E+035
   1605.000      7.240849307673546E+035
   1620.000      7.281811927007013E+035
   1635.000      7.325774370292239E+035
   1650.000      7.379811640605402E+035
   1665.000      7.447866167734217E+035
   1680.000      7.525836426150496E+035
   1695.000      7.634270812135866E+035
   1710.000      7.804311920938171E+035
   1725.000      7.996751513138179E+035
   1740.000      8.224373974814335E+035
   1755.000      8.510249599154380E+035
   1770.000      8.737192974031045E+035
   1785.000      8.822223050753102E+035
   1800.000      8.768974434218285E+035
   1800.000      8.352760530398299E+035
   1815.000      8.197789324014694E+035
   1830.000      7.970932706949833E+035
   1845.000      7.694790905516499E+035
   1860.000      7.425022806585966E+035
   1875.000      7.211676044395150E+035
   1890.000      7.071573506226590E+035
   1905.000      6.994669932916223E+035
   1920.000      6.975391538558804E+035
   1935.000      6.980686362728873E+035
   1950.000      7.003122508333299E+035
   1965.000      7.034187277672032E+035
   1980.000      7.067872035883433E+035
   1995.000      7.103766812550148E+035
   2010.000      7.149625067621280E+035
   2025.000      7.210918967188265E+035
   2040.000      7.287245148561687E+035
   2055.000      7.399269830024213E+035
   2070.000      7.566883052345870E+035
   2085.000      7.753298505176272E+035
   2100.000      7.967423399238664E+035
   2115.000      8.208938729521641E+035
   2130.000      8.379611373795523E+035
   2145.000      8.424257820027970E+035
   2160.000      8.352760530398299E+035
   2160.000      7.924840794277252E+035
   2175.000      7.773696926440293E+035
   2190.000      7.566022647750193E+035
   2205.000      7.321436684362607E+035
   2220.000      7.085303315320860E+035
   2235.000      6.906930162172200E+035
   2250.000      6.796800224254685E+035
   2265.000      6.744158626182283E+035
   2280.000      6.739746089404391E+035
   2295.000      6.752352962916139E+035
   2310.000      6.776378074373156E+035
   2325.000      6.803380510076342E+035
   2340.000      6.829619144048992E+035
   2355.000      6.857265437012673E+035
   2370.000      6.895164934191076E+035
   2385.000      6.949589411216882E+035
   2400.000      7.023439074570162E+035
   2415.000      7.136254651960263E+035
   2430.000      7.297819929960678E+035
   2445.000      7.475166272912223E+035
   2460.000      7.672427049779095E+035
   2475.000      7.873280430522946E+035
   2490.000      7.997121265769982E+035
   2505.000      8.009493224167326E+035
   2520.000      7.924840794277252E+035
   2520.000      7.496886048069331E+035
   2535.000      7.351590169850777E+035
   2550.000      7.162690608416197E+035
   2565.000      6.948679747058909E+035
   2580.000      6.745281473437653E+035
   2595.000      6.598884851089403E+035
   2610.000      6.515234781838731E+035
   2625.000      6.483009848839156E+035
   2640.000      6.490082550071531E+035
   2655.000      6.507711071960611E+035
   2670.000      6.531675846285111E+035
   2685.000      6.553740932115016E+035
   2700.000      6.572579498709128E+035
   2715.000      6.592322743472511E+035
   2730.000      6.622398048148990E+035
   2745.000      6.669926496468188E+035
   2760.000      6.740407338619549E+035
   2775.000      6.851538840450933E+035
   2790.000      7.005548237727963E+035
   2805.000      7.172567263011726E+035
   2820.000      7.351472405777044E+035
   2835.000      7.515923884791173E+035
   2850.000      7.601752736280588E+035
   2865.000      7.589625968290748E+035
   2880.000      7.496886048069331E+035
   2880.000      7.076795202943490E+035
   2895.000      6.939040550646386E+035
   2910.000      6.768225141621731E+035
   2925.000      6.582113547159606E+035
   2940.000      6.409780143461566E+035
   2955.000      6.291699564467324E+035
   2970.000      6.230734442397753E+035
   2985.000      6.215031949937503E+035
   3000.000      6.230450347188535E+035
   3015.000      6.251036102601606E+035
   3030.000      6.273540103604930E+035
   3045.000      6.290137275524413E+035
   3060.000      6.301955613803431E+035
   3075.000      6.314100960282156E+035
   3090.000      6.336614104328183E+035
   3105.000      6.377452866854207E+035
   3120.000      6.444939585825738E+035
   3135.000      6.553120491905798E+035
   3150.000      6.698592341143097E+035
   3165.000      6.854352388223164E+035
   3180.000      7.014318267055485E+035
   3195.000      7.147016625141922E+035
   3210.000      7.202844215044743E+035
   3225.000      7.173179485873076E+035
   3240.000      7.076795202943490E+035
   3240.000      6.669537597601009E+035
   3255.000      6.540498617175118E+035
   3270.000      6.386786624675324E+035
   3285.000      6.225349405783666E+035
   3300.000      6.081519138353177E+035
   3315.000      5.988061490377343E+035
   3330.000      5.945846999284364E+035
   3345.000      5.943049754569871E+035
   3360.000      5.964116712459614E+035
   3375.000      5.985953697191424E+035
   3390.000      6.005931524998621E+035
   3405.000      6.017005564001448E+035
   3420.000      6.022140938328296E+035
   3435.000      6.027171223153452E+035
   3450.000      6.042786677623609E+035
   3465.000      6.078458202433497E+035
   3480.000      6.143056147036048E+035
   3495.000      6.247173040066460E+035
   3510.000      6.383448185222630E+035
   3525.000      6.527405100706983E+035
   3540.000      6.668740444503677E+035
   3555.000      6.774487262697338E+035
   3570.000      6.807349707971320E+035
   3585.000      6.766021249729008E+035
   3600.000      6.669537597601009E+035
   3600.000      6.277883442726177E+035
   3615.000      6.158144605797104E+035
   3630.000      6.020358453355305E+035
   3645.000      5.880701429712305E+035
   3660.000      5.761787882004009E+035
   3675.000      5.689338488643233E+035
   3690.000      5.662296095350042E+035
   3705.000      5.669239430564308E+035
   3720.000      5.693770462155940E+035
   3735.000      5.715634117522250E+035
   3750.000      5.732389220221423E+035
   3765.000      5.738007469809767E+035
   3780.000      5.736962938409255E+035
   3795.000      5.735744718931046E+035
   3810.000      5.746086705131103E+035
   3825.000      5.777598779806959E+035
   3840.000      5.839170314694956E+035
   3855.000      5.938260137988835E+035
   3870.000      6.065073041752227E+035
   3885.000      6.197084638846235E+035
   3900.000      6.320837766267409E+035
   3915.000      6.404300265475410E+035
   3930.000      6.420159255056240E+035
   3945.000      6.371864812497861E+035
   3960.000      6.277883442726177E+035
   3960.000      5.903018628276501E+035
   3975.000      5.792788286734307E+035
   3990.000      5.669634379374547E+035
   4005.000      5.549021150064308E+035
   4020.000      5.451092625528624E+035
   4035.000      5.396353787146683E+035
   4050.000      5.381407178321005E+035
   4065.000      5.395416140983131E+035
   4080.000      5.421706832173325E+035
   4095.000      5.442630063651934E+035
   4110.000      5.455790321954533E+035
   4125.000      5.456256897624906E+035
   4140.000      5.449852156908457E+035
   4155.000      5.443895363561937E+035
   4170.000      5.450187931231963E+035
   4185.000      5.478222242273041E+035
   4200.000      5.536530483580453E+035
   4215.000      5.629899190549250E+035
   4230.000      5.747189608243640E+035
   4245.000      5.867545069690574E+035
   4260.000      5.975258046951610E+035
   4275.000      6.040729427577725E+035
   4290.000      6.044455672375716E+035
   4305.000      5.992718777453884E+035
   4320.000      5.903018628276501E+035
   4320.000      5.545160284493912E+035
   4335.000      5.444308254611146E+035
   4350.000      5.334460927994858E+035
   4365.000      5.230362539825063E+035
   4380.000      5.149915681783727E+035
   4395.000      5.109556090517696E+035
   4410.000      5.104085959133658E+035
   4425.000      5.122984590044717E+035
   4440.000      5.149754271607840E+035
   4455.000      5.169065973198412E+035
   4470.000      5.178545197183226E+035
   4485.000      5.174500659349720E+035
   4500.000      5.164009526595089E+035
   4515.000      5.154520855140908E+035
   4530.000      5.157694468328489E+035
   4545.000      5.182714056479838E+035
   4560.000      5.237520645600693E+035
   4575.000      5.324746262469197E+035
   4590.000      5.432679392060264E+035
   4605.000      5.541888189819462E+035
   4620.000      5.635364212456563E+035
   4635.000      5.686611674385604E+035
   4650.000      5.682055647823949E+035
   4665.000      5.629490332895692E+035
   4680.000      5.545160284493912E+035
   4680.000      5.203886926754672E+035
   4695.000      5.112049097829410E+035
   4710.000      5.014207873408913E+035
   4725.000      4.924357628944420E+035
   4740.000      4.858345881495428E+035
   4755.000      4.829299200139218E+035
   4770.000      4.831030539234553E+035
   4785.000      4.853091041275977E+035
   4800.000      4.879415816430688E+035
   4815.000      4.896718118777605E+035
   4830.000      4.902813284795963E+035
   4845.000      4.895227141051503E+035
   4860.000      4.881711913064510E+035
   4875.000      4.869652979680074E+035
   4890.000      4.870419586088193E+035
   4905.000      4.892747256454837E+035
   4920.000      4.943870546858368E+035
   4935.000      5.024769045067658E+035
   4950.000      5.123687382834484E+035
   4965.000      5.222450861744826E+035
   4980.000      5.303549068041633E+035
   4995.000      5.343748213680590E+035
   5010.000      5.333852641602145E+035
   5025.000      5.282277402801189E+035
   5040.000      5.203886926754672E+035
   5040.000      4.878416762946575E+035
   5055.000      4.795086516167129E+035
   5070.000      4.708015964976575E+035
   5085.000      4.630412582095485E+035
   5100.000      4.576255673635851E+035
   5115.000      4.555995394250174E+035
   5130.000      4.562905454066934E+035
   5145.000      4.586709485606779E+035
   5160.000      4.612010880435156E+035
   5175.000      4.627268433197459E+035
   5190.000      4.630476417621118E+035
   5205.000      4.620210647337033E+035
   5220.000      4.604541248850256E+035
   5235.000      4.590680177742346E+035
   5250.000      4.589588430394111E+035
   5265.000      4.609463741350974E+035
   5280.000      4.656804792470323E+035
   5295.000      4.731383895380236E+035
   5310.000      4.821750611675695E+035
   5325.000      4.910880076577824E+035
   5340.000      4.981372906833968E+035
   5355.000      5.013112690228110E+035
   5370.000      5.000058812184009E+035
   5385.000      4.950669028034807E+035
   5400.000      4.878416762946575E+035
   5400.000      4.567801499727563E+035
   5415.000      4.492398204083748E+035
   5430.000      4.414951550770359E+035
   5445.000      4.347849547877675E+035
   5460.000      4.303391301358620E+035
   5475.000      4.289882980114415E+035
   5490.000      4.300374344544233E+035
   5505.000      4.324868975663795E+035
   5520.000      4.348789949193938E+035
   5535.000      4.362076216999125E+035
   5550.000      4.362888906979402E+035
   5565.000      4.350679303062694E+035
   5580.000      4.333565764193516E+035
   5595.000      4.318515837828069E+035
   5610.000      4.315993762753842E+035
   5625.000      4.333611524496155E+035
   5640.000      4.377157895052052E+035
   5655.000      4.445569088676705E+035
   5670.000      4.527918353247130E+035
   5685.000      4.608263908272059E+035
   5700.000      4.669753004457130E+035
   5715.000      4.695086147940204E+035
   5730.000      4.680442398480259E+035
   5745.000      4.633967526574831E+035
   5760.000      4.567801499727563E+035
   5760.000      4.271046430582339E+035
   5775.000      4.202963178224109E+035
   5790.000      4.134094034501634E+035
   5805.000      4.075986721637710E+035
   5820.000      4.039443153427928E+035
   5835.000      4.031065037961492E+035
   5850.000      4.043903757014107E+035
   5865.000      4.068329439356339E+035
   5880.000      4.090669473856403E+035
   5895.000      4.102116031714476E+035
   5910.000      4.100990821324580E+035
   5925.000      4.087455502366090E+035
   5940.000      4.069474274284353E+035
   5955.000      4.053724994467748E+035
   5970.000      4.050112053473565E+035
   5985.000      4.065645940143587E+035
   6000.000      4.105462546510955E+035
   6015.000      4.167957210092087E+035
   6030.000      4.242854119727766E+035
   6045.000      4.315251988794100E+035
   6060.000      4.369129785854037E+035
   6075.000      4.389646157195102E+035
   6090.000      4.374504604851083E+035
   6105.000      4.331337888802227E+035
   6120.000      4.271046430582339E+035
   6120.000      3.987178467027210E+035
   6135.000      3.925813957462508E+035
   6150.000      3.864579870998836E+035
   6165.000      3.814177262670229E+035
   6180.000      3.784083891848081E+035
   6195.000      3.779553866415253E+035
   6210.000      3.793798139665795E+035
   6225.000      3.817619858462009E+035
   6240.000      3.838288115680623E+035
   6255.000      3.848058681413784E+035
   6270.000      3.845408834016114E+035
   6285.000      3.831059691715706E+035
   6300.000      3.812676287876645E+035
   6315.000      3.796618164746594E+035
   6330.000      3.792188554921685E+035
   6345.000      3.805803907336329E+035
   6360.000      3.842017581486589E+035
   6375.000      3.898909893959983E+035
   6390.000      3.966920651537474E+035
   6405.000      4.032158276381770E+035
   6420.000      4.079601412155028E+035
   6435.000      4.096507693883831E+035
   6450.000      4.081600609401956E+035
   6465.000      4.041901012083568E+035
   6480.000      3.987178467027210E+035
   6480.000      3.715282158360838E+035
   6495.000      3.660060453688541E+035
   6510.000      3.605621018909244E+035
   6525.000      3.561825787071409E+035
   6540.000      3.536987799752154E+035
   6555.000      3.535299310864913E+035
   6570.000      3.550238717891334E+035
   6585.000      3.573090520420851E+035
   6600.000      3.592070763588223E+035
   6615.000      3.600342778610774E+035
   6630.000      3.596533432645617E+035
   6645.000      3.581789226134139E+035
   6660.000      3.563377667070378E+035
   6675.000      3.547322090045445E+035
   6690.000      3.542301430258528E+035
   6705.000      3.554160805985846E+035
   6720.000      3.586943210882188E+035
   6735.000      3.638580747910288E+035
   6750.000      3.700251708340496E+035
   6765.000      3.759047867952009E+035
   6780.000      3.801029859365645E+035
   6795.000      3.815225621618837E+035
   6810.000      3.801020411311229E+035
   6825.000      3.764789597598964E+035
   6840.000      3.715282158360838E+035
   6840.000      3.454515021530449E+035
   6855.000      3.404897147389983E+035
   6870.000      3.356508849068384E+035
   6885.000      3.318392246303512E+035
   6900.000      3.297839350054936E+035
   6915.000      3.298206917160681E+035
   6930.000      3.313312061333129E+035
   6945.000      3.334953439441390E+035
   6960.000      3.352278309195068E+035
   6975.000      3.359230302934484E+035
   6990.000      3.354578385037058E+035
   7005.000      3.339777947697974E+035
   7020.000      3.321637258028859E+035
   7035.000      3.305832366051666E+035
   7050.000      3.300409451054494E+035
   7065.000      3.310673909403982E+035
   7080.000      3.340225573580532E+035
   7095.000      3.386967262818458E+035
   7110.000      3.442811614100227E+035
   7125.000      3.495807583472410E+035
   7140.000      3.533121327980337E+035
   7155.000      3.545266062801513E+035
   7170.000      3.532039670144525E+035
   7185.000      3.499178411437335E+035
   7200.000      3.454515021530449E+035
   7200.000      3.204111181679518E+035
   7215.000      3.159601044096184E+035
   7230.000      3.116610182459696E+035
   7245.000      3.083389144593198E+035
   7260.000      3.066336055450880E+035
   7275.000      3.068150083702099E+035
   7290.000      3.083031678812014E+035
   7305.000      3.103313808031693E+035
   7320.000      3.119046262990558E+035
   7335.000      3.124849697192969E+035
   7350.000      3.119626281783951E+035
   7365.000      3.105041054600402E+035
   7380.000      3.087408979633962E+035
   7395.000      3.072052254320488E+035
   7410.000      3.066387214712295E+035
   7425.000      3.075215282238349E+035
   7440.000      3.101752020454456E+035
   7455.000      3.143952494562155E+035
   7470.000      3.194442772362764E+035
   7485.000      3.242201235309925E+035
   7500.000      3.275485217395358E+035
   7515.000      3.286054580870130E+035
   7530.000      3.273950262837040E+035
   7545.000      3.244298740634575E+035
   7560.000      3.204111181679518E+035
   7560.000      2.963379417424125E+035
   7575.000      2.923525925776004E+035
   7590.000      2.885360638943671E+035
   7605.000      2.856376822335010E+035
   7620.000      2.842189528069946E+035
   7635.000      2.844979335737609E+035
   7650.000      2.859355523433321E+035
   7665.000      2.878195559864392E+035
   7680.000      2.892415765782330E+035
   7695.000      2.897230106883752E+035
   7710.000      2.891664200017854E+035
   7725.000      2.877509517673761E+035
   7740.000      2.860573876019673E+035
   7755.000      2.845822100199269E+035
   7770.000      2.840052039312122E+035
   7785.000      2.847597722998233E+035
   7800.000      2.871339852209407E+035
   7815.000      2.909338919346110E+035
   7830.000      2.954903814239560E+035
   7845.000      2.997912651627945E+035
   7860.000      3.027677014137921E+035
   7875.000      3.037008340847266E+035
   7890.000      3.026078065806695E+035
   7905.000      2.999444025001592E+035
   7920.000      2.963379417424125E+035
   7920.000      2.731697079630092E+035
   7935.000      2.696093892982490E+035
   7950.000      2.662255942367082E+035
   7965.000      2.636956982173922E+035
   7980.000      2.625124451737817E+035
   7995.000      2.628528497925971E+035
   8010.000      2.642199110646643E+035
   8025.000      2.659560846703444E+035
   8040.000      2.672357094377696E+035
   8055.000      2.676327194325641E+035
   8070.000      2.670610116549499E+035
   8085.000      2.657055015934413E+035
   8100.000      2.640962982983528E+035
   8115.000      2.626940102237215E+035
   8130.000      2.621182990664954E+035
   8145.000      2.627593563889160E+035
   8160.000      2.648757809507727E+035
   8175.000      2.682873903957904E+035
   8190.000      2.723898036088712E+035
   8205.000      2.762576841434340E+035
   8220.000      2.789227285047948E+035
   8235.000      2.797555520381114E+035
   8250.000      2.787791055744400E+035
   8265.000      2.763968995374606E+035
   8280.000      2.731697079630092E+035
   8280.000      2.508503582269639E+035
   8295.000      2.476787364383652E+035
   8310.000      2.446844067723440E+035
   8325.000      2.424767189552410E+035
   8340.000      2.414877969645205E+035
   8355.000      2.418620079516630E+035
   8370.000      2.431446554524374E+035
   8385.000      2.447326032262291E+035
   8400.000      2.458788606997048E+035
   8415.000      2.462043669716563E+035
   8430.000      2.456333598018042E+035
   8445.000      2.443509175229388E+035
   8460.000      2.428374820633523E+035
   8475.000      2.415178138034689E+035
   8490.000      2.409535568645567E+035
   8505.000      2.414949499394878E+035
   8520.000      2.433743256269847E+035
   8535.000      2.464269838052656E+035
   8550.000      2.501095477898180E+035
   8565.000      2.535803278050322E+035
   8580.000      2.559661891185992E+035
   8595.000      2.567147408629438E+035
   8610.000      2.558502793852207E+035
   8625.000      2.537286690409196E+035
   8640.000      2.508503582269639E+035
   8640.000      2.293293282150311E+035
   8655.000      2.265141076966014E+035
   8670.000      2.238717710105689E+035
   8685.000      2.219475562279075E+035
   8700.000      2.211198604045996E+035
   8715.000      2.215069104613708E+035
   8730.000      2.226958968690091E+035
   8745.000      2.241373898658655E+035
   8760.000      2.251591073664902E+035
   8775.000      2.254244664326165E+035
   8790.000      2.248671002161128E+035
   8805.000      2.236677408521122E+035
   8820.000      2.222587787797947E+035
   8835.000      2.210292803215154E+035
   8850.000      2.204851950316083E+035
   8865.000      2.209397334874102E+035
   8880.000      2.226014851654934E+035
   8895.000      2.253218911482245E+035
   8910.000      2.286148852843125E+035
   8925.000      2.317192089221181E+035
   8940.000      2.338514902788325E+035
   8955.000      2.345264722546336E+035
   8970.000      2.337672209548439E+035
   8985.000      2.318863658523509E+035
   9000.000      2.293293282150311E+035
   9000.000      2.085608646189475E+035
   9015.000      2.060734812523491E+035
   9030.000      2.037507595841192E+035
   9045.000      2.020776148036439E+035
   9060.000      2.013845216832424E+035
   9075.000      2.017686070732685E+035
   9090.000      2.028581028875427E+035
   9105.000      2.041563080342173E+035
   9120.000      2.050618622838711E+035
   9135.000      2.052769337009036E+035
   9150.000      2.047436761712180E+035
   9165.000      2.036348978716126E+035
   9180.000      2.023369015936097E+035
   9195.000      2.012033196904552E+035
   9210.000      2.006868221742525E+035
   9225.000      2.010661847734409E+035
   9240.000      2.025281924406413E+035
   9255.000      2.049403923571421E+035
   9270.000      2.078704944248304E+035
   9285.000      2.106345107039294E+035
   9300.000      2.125336525388779E+035
   9315.000      2.131420281054042E+035
   9330.000      2.124801468281718E+035
   9345.000      2.108214622176044E+035
   9360.000      2.085608646189475E+035
   9360.000      1.885033698016498E+035
   9375.000      1.863186680040074E+035
   9390.000      1.842876413003527E+035
   9405.000      1.828384689871379E+035
   9420.000      1.822585734029566E+035
   9435.000      1.826278851174423E+035
   9450.000      1.836145679932111E+035
   9465.000      1.847734916202424E+035
   9480.000      1.855706632834302E+035
   9495.000      1.857439127805392E+035
   9510.000      1.852431235052843E+035
   9525.000      1.842303817697398E+035
   9540.000      1.830480248126124E+035
   9555.000      1.820146029571116E+035
   9570.000      1.815319226232636E+035
   9585.000      1.818466121688782E+035
   9600.000      1.831250966933491E+035
   9615.000      1.852505720502049E+035
   9630.000      1.878412245194170E+035
   9645.000      1.902872824583136E+035
   9660.000      1.919697271796635E+035
   9675.000      1.925159082878095E+035
   9690.000      1.919432537093320E+035
   9705.000      1.904896839980711E+035
   9720.000      1.885033698016498E+035
   9720.000      1.691187165570881E+035
   9735.000      1.672146303177515E+035
   9750.000      1.654512678491681E+035
   9765.000      1.642034092507569E+035
   9780.000      1.637195015833363E+035
   9795.000      1.640653043949316E+035
   9810.000      1.649476602161969E+035
   9825.000      1.659717449059026E+035
   9840.000      1.666676404357210E+035
   9855.000      1.668062606115226E+035
   9870.000      1.663445141943994E+035
   9885.000      1.654316165625538E+035
   9900.000      1.643680835141809E+035
   9915.000      1.634378136340028E+035
   9930.000      1.629941107029994E+035
   9945.000      1.632534265421498E+035
   9960.000      1.643629218542371E+035
   9975.000      1.662207360398255E+035
   9990.000      1.684925062082601E+035
   10005.00      1.706397658368078E+035
   10020.00      1.721188808226960E+035
   10035.00      1.726055987353894E+035
   10050.00      1.721142313641554E+035
   10065.00      1.708503764422976E+035
   10080.00      1.691187165570881E+035
   10080.00      1.503720787844503E+035
   10095.00      1.487293187604558E+035
   10110.00      1.472129750700872E+035
   10125.00      1.461474900537248E+035
   10140.00      1.457457447752775E+035
   10155.00      1.460616753578724E+035
   10170.00      1.468394880577376E+035
   10185.00      1.477333444245529E+035
   10200.00      1.483343774980527E+035
   10215.00      1.484444178223573E+035
   10230.00      1.480267797648207E+035
   10245.00      1.472161955201272E+035
   10260.00      1.462734403099113E+035
   10275.00      1.454482597225323E+035
   10290.00      1.450477035787460E+035
   10305.00      1.452597452003271E+035
   10320.00      1.462131268545035E+035
   10335.00      1.478201050578659E+035
   10350.00      1.497910301467514E+035
   10365.00      1.516559938720802E+035
   10380.00      1.529427989050346E+035
   10395.00      1.533717343039531E+035
   10410.00      1.529542376049842E+035
   10425.00      1.518663719457621E+035
   10440.00      1.503720787844503E+035
   10440.00      1.322315508973552E+035
   10455.00      1.308333100896220E+035
   10470.00      1.295462822373876E+035
   10485.00      1.286473498168821E+035
   10500.00      1.283166738385030E+035
   10515.00      1.285982037081097E+035
   10530.00      1.292721755192451E+035
   10545.00      1.300404020978487E+035
   10560.00      1.305523078236571E+035
   10575.00      1.306388028323705E+035
   10590.00      1.302690657544909E+035
   10605.00      1.295621745042614E+035
   10620.00      1.287411264247252E+035
   10635.00      1.280220733823857E+035
   10650.00      1.276679163255174E+035
   10665.00      1.278396169761332E+035
   10680.00      1.286481707047378E+035
   10695.00      1.300190934329279E+035
   10710.00      1.317049975882182E+035
   10725.00      1.333019603377870E+035
   10740.00      1.344056926674121E+035
   10755.00      1.347779249147757E+035
   10770.00      1.344275940357222E+035
   10785.00      1.335036215453303E+035
   10800.00      1.322315508973552E+035
   10800.00      1.146677799223210E+035
   10815.00      1.134994621623298E+035
   10830.00      1.124266033542469E+035
   10845.00      1.116810235015848E+035
   10860.00      1.114125459742426E+035
   10875.00      1.116565676604988E+035
   10890.00      1.122280361781301E+035
   10905.00      1.128750858890299E+035
   10920.00      1.133029531161015E+035
   10935.00      1.133700431670631E+035
   10950.00      1.130509281000330E+035
   10965.00      1.124482212531703E+035
   10980.00      1.117489538885332E+035
   10995.00      1.111362963803073E+035
   11010.00      1.108309473152317E+035
   11025.00      1.109681292398956E+035
   11040.00      1.116416463192148E+035
   11055.00      1.127894451526538E+035
   11070.00      1.142042241174973E+035
   11085.00      1.155456484415677E+035
   11100.00      1.164741952416463E+035
   11115.00      1.167905151692755E+035
   11130.00      1.165014552899288E+035
   11145.00      1.157308267186905E+035
   11160.00      1.146677799223210E+035
   11160.00      9.765359977570363E+034
   11175.00      9.670257287010944E+034
   11190.00      9.583095713250440E+034
   11205.00      9.522773744986361E+034
   11220.00      9.501441470958361E+034
   11235.00      9.521891175277496E+034
   11250.00      9.568964063729639E+034
   11265.00      9.621973210344963E+034
   11280.00      9.656804545914548E+034
   11295.00      9.661908724043252E+034
   11310.00      9.635241410261506E+034
   11325.00      9.585365861959801E+034
   11340.00      9.527553036516472E+034
   11355.00      9.476886492371485E+034
   11370.00      9.451396226825667E+034
   11385.00      9.462140634890917E+034
   11400.00      9.516829359877915E+034
   11415.00      9.610424990572738E+034
   11430.00      9.726012234846904E+034
   11445.00      9.835694746559042E+034
   11460.00      9.911717370905940E+034
   11475.00      9.937829533843186E+034
   11490.00      9.914545750830304E+034
   11505.00      9.851906619033393E+034
   11520.00      9.765359977570363E+034
   11520.00      8.116380498668356E+034
   11535.00      8.041917601429019E+034
   11550.00      7.973780667344608E+034
   11565.00      7.926781962564417E+034
   11580.00      7.910406130809888E+034
   11595.00      7.926784576153400E+034
   11610.00      7.963987333720988E+034
   11625.00      8.005700341586965E+034
   11640.00      8.032969034100334E+034
   11655.00      8.036735598029352E+034
   11670.00      8.015418646056770E+034
   11685.00      7.975855668189122E+034
   11700.00      7.930032699636185E+034
   11715.00      7.889866536067100E+034
   11730.00      7.869514936947572E+034
   11745.00      7.877667521216142E+034
   11760.00      7.920407439820682E+034
   11775.00      7.993800592778726E+034
   11790.00      8.084573466801077E+034
   11805.00      8.170763138096447E+034
   11820.00      8.230563190396439E+034
   11835.00      8.251233114501776E+034
   11850.00      8.233150185216969E+034
   11865.00      8.184156078995403E+034
   11880.00      8.116380498668356E+034
   11880.00      6.517486604502757E+034
   11895.00      6.462727667193432E+034
   11910.00      6.412683237049849E+034
   11925.00      6.378253092397137E+034
   11940.00      6.366395486625989E+034
   11955.00      6.378647516858348E+034
   11970.00      6.406200516897524E+034
   11985.00      6.436991278357780E+034
   12000.00      6.457039223502327E+034
   12015.00      6.459675710373425E+034
   12030.00      6.443751359038144E+034
   12045.00      6.414369657448688E+034
   12060.00      6.380362138893753E+034
   12075.00      6.350550774566967E+034
   12090.00      6.335369380501759E+034
   12105.00      6.341224888411133E+034
   12120.00      6.372616405857768E+034
   12135.00      6.426656382416979E+034
   12150.00      6.493564781126974E+034
   12165.00      6.557122286285180E+034
   12180.00      6.601250197513394E+034
   12195.00      6.616569667932232E+034
   12210.00      6.603345975952347E+034
   12225.00      6.567337920829589E+034
   12240.00      6.517486604502757E+034
   12240.00      4.966476860192432E+034
   12255.00      4.930621027323443E+034
   12270.00      4.897882500196728E+034
   12285.00      4.875400766727476E+034
   12300.00      4.867723989435940E+034
   12315.00      4.875844400974641E+034
   12330.00      4.893976966535482E+034
   12345.00      4.914191684503844E+034
   12360.00      4.927314731270583E+034
   12375.00      4.928976688914601E+034
   12390.00      4.918433171661914E+034
   12405.00      4.899061340397450E+034
   12420.00      4.876652724048587E+034
   12435.00      4.857010145490367E+034
   12450.00      4.846975091003506E+034
   12465.00      4.850750023415677E+034
   12480.00      4.871291985682524E+034
   12495.00      4.906712019709732E+034
   12510.00      4.950596310201171E+034
   12525.00      4.992292675016073E+034
   12540.00      5.021253000890039E+034
   12555.00      5.031332098987434E+034
   12570.00      5.022700095715504E+034
   12585.00      4.999126567113297E+034
   12600.00      4.966476860192432E+034
   12600.00      3.461285759262800E+034
   12615.00      3.443650345384614E+034
   12630.00      3.427557562228040E+034
   12645.00      3.416519314202613E+034
   12660.00      3.412770084739371E+034
   12675.00      3.416793569049793E+034
   12690.00      3.425739127076948E+034
   12705.00      3.435697121316230E+034
   12720.00      3.442149714515085E+034
   12735.00      3.442947305981776E+034
   12750.00      3.437726922123757E+034
   12765.00      3.428160214529112E+034
   12780.00      3.417098569822742E+034
   12795.00      3.407403423756241E+034
   12810.00      3.402442183762774E+034
   12825.00      3.404283695905406E+034
   12840.00      3.414385228238323E+034
   12855.00      3.431817891050500E+034
   12870.00      3.453423754305388E+034
   12885.00      3.473954153282350E+034
   12900.00      3.488215217967222E+034
   12915.00      3.493183620743330E+034
   12930.00      3.488942840781711E+034
   12945.00      3.477347447002110E+034
   12960.00      3.461285759262800E+034
