  0.0000000E+00  6.6431186E-29   6.000000    
   15.00000      6.4262697E-29   6.000000    
   30.00000      6.3527810E-29   6.000000    
   45.00000      6.4572290E-29   6.000000    
   60.00000      6.7514943E-29   6.000000    
   75.00000      7.1553786E-29   6.000000    
   90.00000      7.5708884E-29   6.000000    
   105.0000      7.8638344E-29   6.000000    
   120.0000      7.9625034E-29   6.000000    
   135.0000      7.8398999E-29   6.000000    
   150.0000      7.5538379E-29   6.000000    
   165.0000      7.2119944E-29   6.000000    
   180.0000      6.9152573E-29   6.000000    
   195.0000      6.7468642E-29   6.000000    
   210.0000      6.7518843E-29   6.000000    
   225.0000      6.9176665E-29   6.000000    
   240.0000      7.2137163E-29   6.000000    
   255.0000      7.5679513E-29   6.000000    
   270.0000      7.8416874E-29   6.000000    
   285.0000      7.9653387E-29   6.000000    
   300.0000      7.9236760E-29   6.000000    
   315.0000      7.6956862E-29   6.000000    
   330.0000      7.3528563E-29   6.000000    
   345.0000      6.9893093E-29   6.000000    
  0.0000000E+00  6.6431186E-29   6.000000    
 
  0.0000000E+00  5.1264211E-29   6.121428    
   15.00000      4.9340917E-29   6.121428    
   30.00000      4.8750493E-29   6.121428    
   45.00000      4.9665015E-29   6.121428    
   60.00000      5.1913297E-29   6.121428    
   75.00000      5.4949923E-29   6.121428    
   90.00000      5.8117963E-29   6.121428    
   105.0000      6.0373414E-29   6.121428    
   120.0000      6.1150659E-29   6.121428    
   135.0000      6.0110428E-29   6.121428    
   150.0000      5.8030568E-29   6.121428    
   165.0000      5.5513197E-29   6.121428    
   180.0000      5.3320947E-29   6.121428    
   195.0000      5.2091927E-29   6.121428    
   210.0000      5.2180989E-29   6.121428    
   225.0000      5.3496971E-29   6.121428    
   240.0000      5.5806167E-29   6.121428    
   255.0000      5.8533236E-29   6.121428    
   270.0000      6.0661064E-29   6.121428    
   285.0000      6.1833028E-29   6.121428    
   300.0000      6.1379375E-29   6.121428    
   315.0000      5.9538114E-29   6.121428    
   330.0000      5.6851406E-29   6.121428    
   345.0000      5.4003798E-29   6.121428    
  0.0000000E+00  5.1264211E-29   6.121428    
 
  0.0000000E+00  3.9718676E-29   6.242857    
   15.00000      3.8126380E-29   6.242857    
   30.00000      3.7613656E-29   6.242857    
   45.00000      3.8199078E-29   6.242857    
   60.00000      3.9881646E-29   6.242857    
   75.00000      4.2215409E-29   6.242857    
   90.00000      4.4660353E-29   6.242857    
   105.0000      4.6419155E-29   6.242857    
   120.0000      4.7080158E-29   6.242857    
   135.0000      4.6447252E-29   6.242857    
   150.0000      4.4898826E-29   6.242857    
   165.0000      4.3009756E-29   6.242857    
   180.0000      4.1367717E-29   6.242857    
   195.0000      4.0465913E-29   6.242857    
   210.0000      4.0579446E-29   6.242857    
   225.0000      4.1645620E-29   6.242857    
   240.0000      4.3495274E-29   6.242857    
   255.0000      4.5660549E-29   6.242857    
   270.0000      4.7350029E-29   6.242857    
   285.0000      4.8326478E-29   6.242857    
   300.0000      4.7906761E-29   6.242857    
   315.0000      4.6262074E-29   6.242857    
   330.0000      4.4104319E-29   6.242857    
   345.0000      4.1839516E-29   6.242857    
  0.0000000E+00  3.9718676E-29   6.242857    
 
  0.0000000E+00  3.0810871E-29   6.364286    
   15.00000      2.9596235E-29   6.364286    
   30.00000      2.9146651E-29   6.364286    
   45.00000      2.9567051E-29   6.364286    
   60.00000      3.0848246E-29   6.364286    
   75.00000      3.2648331E-29   6.364286    
   90.00000      3.4546110E-29   6.364286    
   105.0000      3.5925232E-29   6.364286    
   120.0000      3.6466599E-29   6.364286    
   135.0000      3.6016166E-29   6.364286    
   150.0000      3.4859115E-29   6.364286    
   165.0000      3.3442305E-29   6.364286    
   180.0000      3.2220405E-29   6.364286    
   195.0000      3.1572392E-29   6.364286    
   210.0000      3.1711782E-29   6.364286    
   225.0000      3.2580632E-29   6.364286    
   240.0000      3.4035750E-29   6.364286    
   255.0000      3.5746891E-29   6.364286    
   270.0000      3.7103230E-29   6.364286    
   285.0000      3.7896036E-29   6.364286    
   300.0000      3.7534027E-29   6.364286    
   315.0000      3.6249835E-29   6.364286    
   330.0000      3.4467983E-29   6.364286    
   345.0000      3.2588877E-29   6.364286    
  0.0000000E+00  3.0810871E-29   6.364286    
 
  0.0000000E+00  2.4054071E-29   6.485714    
   15.00000      2.3010981E-29   6.485714    
   30.00000      2.2650310E-29   6.485714    
   45.00000      2.2993977E-29   6.485714    
   60.00000      2.3964170E-29   6.485714    
   75.00000      2.5346917E-29   6.485714    
   90.00000      2.6813338E-29   6.485714    
   105.0000      2.7888778E-29   6.485714    
   120.0000      2.8328570E-29   6.485714    
   135.0000      2.8007307E-29   6.485714    
   150.0000      2.7081076E-29   6.485714    
   165.0000      2.6035007E-29   6.485714    
   180.0000      2.5147579E-29   6.485714    
   195.0000      2.4707337E-29   6.485714    
   210.0000      2.4876187E-29   6.485714    
   225.0000      2.5620092E-29   6.485714    
   240.0000      2.6843949E-29   6.485714    
   255.0000      2.8257503E-29   6.485714    
   270.0000      2.9367549E-29   6.485714    
   285.0000      2.9995501E-29   6.485714    
   300.0000      2.9670919E-29   6.485714    
   315.0000      2.8578396E-29   6.485714    
   330.0000      2.7077814E-29   6.485714    
   345.0000      2.5511981E-29   6.485714    
  0.0000000E+00  2.4054071E-29   6.485714    
 
  0.0000000E+00  1.8865712E-29   6.607143    
   15.00000      1.8012723E-29   6.607143    
   30.00000      1.7692656E-29   6.607143    
   45.00000      1.7912755E-29   6.607143    
   60.00000      1.8684229E-29   6.607143    
   75.00000      1.9737585E-29   6.607143    
   90.00000      2.0857602E-29   6.607143    
   105.0000      2.1678999E-29   6.607143    
   120.0000      2.1981412E-29   6.607143    
   135.0000      2.1757015E-29   6.607143    
   150.0000      2.1129052E-29   6.607143    
   165.0000      2.0375228E-29   6.607143    
   180.0000      1.9756550E-29   6.607143    
   195.0000      1.9488666E-29   6.607143    
   210.0000      1.9691421E-29   6.607143    
   225.0000      2.0340930E-29   6.607143    
   240.0000      2.1364910E-29   6.607143    
   255.0000      2.2529486E-29   6.607143    
   270.0000      2.3429782E-29   6.607143    
   285.0000      2.3907670E-29   6.607143    
   300.0000      2.3601807E-29   6.607143    
   315.0000      2.2651917E-29   6.607143    
   330.0000      2.1372959E-29   6.607143    
   345.0000      2.0063556E-29   6.607143    
  0.0000000E+00  1.8865712E-29   6.607143    
 
  0.0000000E+00  1.4977136E-29   6.728571    
   15.00000      1.4266552E-29   6.728571    
   30.00000      1.3984570E-29   6.728571    
   45.00000      1.4128685E-29   6.728571    
   60.00000      1.4674744E-29   6.728571    
   75.00000      1.5464998E-29   6.728571    
   90.00000      1.6309440E-29   6.728571    
   105.0000      1.6935232E-29   6.728571    
   120.0000      1.7196877E-29   6.728571    
   135.0000      1.7037821E-29   6.728571    
   150.0000      1.6585853E-29   6.728571    
   165.0000      1.6056956E-29   6.728571    
   180.0000      1.5648989E-29   6.728571    
   195.0000      1.5518334E-29   6.728571    
   210.0000      1.5750965E-29   6.728571    
   225.0000      1.6315172E-29   6.728571    
   240.0000      1.7058976E-29   6.728571    
   255.0000      1.7870937E-29   6.728571    
   270.0000      1.8492508E-29   6.728571    
   285.0000      1.8733141E-29   6.728571    
   300.0000      1.8458445E-29   6.728571    
   315.0000      1.7750123E-29   6.728571    
   330.0000      1.6830750E-29   6.728571    
   345.0000      1.5936474E-29   6.728571    
  0.0000000E+00  1.4977136E-29   6.728571    
 
  0.0000000E+00  1.1939192E-29   6.850000    
   15.00000      1.1495417E-29   6.850000    
   30.00000      1.1232874E-29   6.850000    
   45.00000      1.1316774E-29   6.850000    
   60.00000      1.1716529E-29   6.850000    
   75.00000      1.2306300E-29   6.850000    
   90.00000      1.2937841E-29   6.850000    
   105.0000      1.3404481E-29   6.850000    
   120.0000      1.3594935E-29   6.850000    
   135.0000      1.3475148E-29   6.850000    
   150.0000      1.3148954E-29   6.850000    
   165.0000      1.2785653E-29   6.850000    
   180.0000      1.2530560E-29   6.850000    
   195.0000      1.2407796E-29   6.850000    
   210.0000      1.2439342E-29   6.850000    
   225.0000      1.2777657E-29   6.850000    
   240.0000      1.3347650E-29   6.850000    
   255.0000      1.4005618E-29   6.850000    
   270.0000      1.4529452E-29   6.850000    
   285.0000      1.4732314E-29   6.850000    
   300.0000      1.4506318E-29   6.850000    
   315.0000      1.3930909E-29   6.850000    
   330.0000      1.3186063E-29   6.850000    
   345.0000      1.2473069E-29   6.850000    
  0.0000000E+00  1.1939192E-29   6.850000    
 
  0.0000000E+00  9.4031980E-30   6.971429    
   15.00000      9.1964494E-30   6.971429    
   30.00000      9.1285559E-30   6.971429    
   45.00000      9.1628615E-30   6.971429    
   60.00000      9.4546301E-30   6.971429    
   75.00000      9.8952392E-30   6.971429    
   90.00000      1.0366980E-29   6.971429    
   105.0000      1.0712081E-29   6.971429    
   120.0000      1.0844660E-29   6.971429    
   135.0000      1.0748188E-29   6.971429    
   150.0000      1.0510439E-29   6.971429    
   165.0000      1.0257862E-29   6.971429    
   180.0000      9.9641883E-30   6.971429    
   195.0000      9.7385385E-30   6.971429    
   210.0000      9.7702787E-30   6.971429    
   225.0000      1.0054487E-29   6.971429    
   240.0000      1.0534512E-29   6.971429    
   255.0000      1.1075016E-29   6.971429    
   270.0000      1.1502574E-29   6.971429    
   285.0000      1.1673582E-29   6.971429    
   300.0000      1.1503562E-29   6.971429    
   315.0000      1.1041909E-29   6.971429    
   330.0000      1.0432367E-29   6.971429    
   345.0000      9.8338923E-30   6.971429    
  0.0000000E+00  9.4031980E-30   6.971429    
 
  0.0000000E+00  7.4569570E-30   7.092857    
   15.00000      7.2911939E-30   7.092857    
   30.00000      7.3368331E-30   7.092857    
   45.00000      7.4801028E-30   7.092857    
   60.00000      7.6913178E-30   7.092857    
   75.00000      8.0259331E-30   7.092857    
   90.00000      8.3832029E-30   7.092857    
   105.0000      8.6404048E-30   7.092857    
   120.0000      8.7301080E-30   7.092857    
   135.0000      8.6485148E-30   7.092857    
   150.0000      8.4661864E-30   7.092857    
   165.0000      8.2137263E-30   7.092857    
   180.0000      7.8633764E-30   7.092857    
   195.0000      7.6850292E-30   7.092857    
   210.0000      7.7194454E-30   7.092857    
   225.0000      7.9613656E-30   7.092857    
   240.0000      8.3489499E-30   7.092857    
   255.0000      8.7946252E-30   7.092857    
   270.0000      9.1526864E-30   7.092857    
   285.0000      9.2990789E-30   7.092857    
   300.0000      9.1646610E-30   7.092857    
   315.0000      8.7887797E-30   7.092857    
   330.0000      8.2898856E-30   7.092857    
   345.0000      7.8096384E-30   7.092857    
  0.0000000E+00  7.4569570E-30   7.092857    
 
  0.0000000E+00  5.9294493E-30   7.214286    
   15.00000      5.7954636E-30   7.214286    
   30.00000      5.8428013E-30   7.214286    
   45.00000      6.0591787E-30   7.214286    
   60.00000      6.3000592E-30   7.214286    
   75.00000      6.5603990E-30   7.214286    
   90.00000      6.8398439E-30   7.214286    
   105.0000      7.0374248E-30   7.214286    
   120.0000      7.0986528E-30   7.214286    
   135.0000      7.0262626E-30   7.214286    
   150.0000      6.8633914E-30   7.214286    
   165.0000      6.5263168E-30   7.214286    
   180.0000      6.2400916E-30   7.214286    
   195.0000      6.0988386E-30   7.214286    
   210.0000      6.1241375E-30   7.214286    
   225.0000      6.3185985E-30   7.214286    
   240.0000      6.6403461E-30   7.214286    
   255.0000      7.0116827E-30   7.214286    
   270.0000      7.3133308E-30   7.214286    
   285.0000      7.4398975E-30   7.214286    
   300.0000      7.3335282E-30   7.214286    
   315.0000      7.0261498E-30   7.214286    
   330.0000      6.6156687E-30   7.214286    
   345.0000      6.2195327E-30   7.214286    
  0.0000000E+00  5.9294493E-30   7.214286    
 
  0.0000000E+00  4.7337590E-30   7.335714    
   15.00000      4.6242631E-30   7.335714    
   30.00000      4.6656857E-30   7.335714    
   45.00000      4.8500622E-30   7.335714    
   60.00000      5.1487555E-30   7.335714    
   75.00000      5.4043821E-30   7.335714    
   90.00000      5.6314233E-30   7.335714    
   105.0000      5.7897866E-30   7.335714    
   120.0000      5.8335004E-30   7.335714    
   135.0000      5.7621116E-30   7.335714    
   150.0000      5.5304237E-30   7.335714    
   165.0000      5.2202918E-30   7.335714    
   180.0000      4.9760869E-30   7.335714    
   195.0000      4.8513152E-30   7.335714    
   210.0000      4.8708070E-30   7.335714    
   225.0000      5.0316774E-30   7.335714    
   240.0000      5.2999907E-30   7.335714    
   255.0000      5.6113741E-30   7.335714    
   270.0000      5.8670623E-30   7.335714    
   285.0000      5.9773395E-30   7.335714    
   300.0000      5.8931297E-30   7.335714    
   315.0000      5.6407152E-30   7.335714    
   330.0000      5.3015961E-30   7.335714    
   345.0000      4.9737163E-30   7.335714    
  0.0000000E+00  4.7337590E-30   7.335714    
 
  0.0000000E+00  3.7979594E-30   7.457143    
   15.00000      3.7076702E-30   7.457143    
   30.00000      3.7439664E-30   7.457143    
   45.00000      3.9009576E-30   7.457143    
   60.00000      4.1559078E-30   7.457143    
   75.00000      4.4535546E-30   7.457143    
   90.00000      4.6811443E-30   7.457143    
   105.0000      4.8126210E-30   7.457143    
   120.0000      4.8406489E-30   7.457143    
   135.0000      4.7116657E-30   7.457143    
   150.0000      4.4590943E-30   7.457143    
   165.0000      4.1934371E-30   7.457143    
   180.0000      3.9844745E-30   7.457143    
   195.0000      3.8767454E-30   7.457143    
   210.0000      3.8906621E-30   7.457143    
   225.0000      4.0238800E-30   7.457143    
   240.0000      4.2487008E-30   7.457143    
   255.0000      4.5114153E-30   7.457143    
   270.0000      4.7294445E-30   7.457143    
   285.0000      4.8262330E-30   7.457143    
   300.0000      4.7596816E-30   7.457143    
   315.0000      4.5515690E-30   7.457143    
   330.0000      4.2701200E-30   7.457143    
   345.0000      3.9975226E-30   7.457143    
  0.0000000E+00  3.7979594E-30   7.457143    
 
  0.0000000E+00  3.0660681E-30   7.578571    
   15.00000      2.9909839E-30   7.578571    
   30.00000      3.0225040E-30   7.578571    
   45.00000      3.1566699E-30   7.578571    
   60.00000      3.3745998E-30   7.578571    
   75.00000      3.6299551E-30   7.578571    
   90.00000      3.8588448E-30   7.578571    
   105.0000      3.9893660E-30   7.578571    
   120.0000      3.9811718E-30   7.578571    
   135.0000      3.8408219E-30   7.578571    
   150.0000      3.6212448E-30   7.578571    
   165.0000      3.3913302E-30   7.578571    
   180.0000      3.2105865E-30   7.578571    
   195.0000      3.1164313E-30   7.578571    
   210.0000      3.1256775E-30   7.578571    
   225.0000      3.2363161E-30   7.578571    
   240.0000      3.4256328E-30   7.578571    
   255.0000      3.6484982E-30   7.578571    
   270.0000      3.8354165E-30   7.578571    
   285.0000      3.9208375E-30   7.578571    
   300.0000      3.8683281E-30   7.578571    
   315.0000      3.6959363E-30   7.578571    
   330.0000      3.4610895E-30   7.578571    
   345.0000      3.2331440E-30   7.578571    
  0.0000000E+00  3.0660681E-30   7.578571    
 
  0.0000000E+00  2.4859845E-30   7.700000    
   15.00000      2.4232242E-30   7.700000    
   30.00000      2.4504256E-30   7.700000    
   45.00000      2.5649834E-30   7.700000    
   60.00000      2.7512827E-30   7.700000    
   75.00000      2.9701861E-30   7.700000    
   90.00000      3.1662401E-30   7.700000    
   105.0000      3.2770432E-30   7.700000    
   120.0000      3.2676456E-30   7.700000    
   135.0000      3.1440584E-30   7.700000    
   150.0000      2.9527745E-30   7.700000    
   165.0000      2.7533651E-30   7.700000    
   180.0000      2.5967885E-30   7.700000    
   195.0000      2.5144729E-30   7.700000    
   210.0000      2.5202810E-30   7.700000    
   225.0000      2.6124329E-30   7.700000    
   240.0000      2.7722573E-30   7.700000    
   255.0000      2.9617758E-30   7.700000    
   270.0000      3.1224252E-30   7.700000    
   285.0000      3.1979879E-30   7.700000    
   300.0000      3.1568587E-30   7.700000    
   315.0000      3.0139002E-30   7.700000    
   330.0000      2.8174911E-30   7.700000    
   345.0000      2.6263414E-30   7.700000    
  0.0000000E+00  2.4859845E-30   7.700000    
 
  0.0000000E+00  2.0233696E-30   7.821429    
   15.00000      1.9707161E-30   7.821429    
   30.00000      1.9940291E-30   7.821429    
   45.00000      2.0916715E-30   7.821429    
   60.00000      2.2506464E-30   7.821429    
   75.00000      2.4379253E-30   7.821429    
   90.00000      2.6055176E-30   7.821429    
   105.0000      2.6994323E-30   7.821429    
   120.0000      2.6893831E-30   7.821429    
   135.0000      2.5808315E-30   7.821429    
   150.0000      2.4145094E-30   7.821429    
   165.0000      2.2419216E-30   7.821429    
   180.0000      2.1066636E-30   7.821429    
   195.0000      2.0351063E-30   7.821429    
   210.0000      2.0386382E-30   7.821429    
   225.0000      2.1156765E-30   7.821429    
   240.0000      2.2508392E-30   7.821429    
   255.0000      2.4122147E-30   7.821429    
   270.0000      2.5504176E-30   7.821429    
   285.0000      2.6172690E-30   7.821429    
   300.0000      2.5853157E-30   7.821429    
   315.0000      2.4667010E-30   7.821429    
   330.0000      2.3021773E-30   7.821429    
   345.0000      2.1415525E-30   7.821429    
  0.0000000E+00  2.0233696E-30   7.821429    
 
  0.0000000E+00  1.6529316E-30   7.942857    
   15.00000      1.6085914E-30   7.942857    
   30.00000      1.6284392E-30   7.942857    
   45.00000      1.7114878E-30   7.942857    
   60.00000      1.8468686E-30   7.942857    
   75.00000      2.0067351E-30   7.942857    
   90.00000      2.1496632E-30   7.942857    
   105.0000      2.2290935E-30   7.942857    
   120.0000      2.2188082E-30   7.942857    
   135.0000      2.1237651E-30   7.942857    
   150.0000      1.9795724E-30   7.942857    
   165.0000      1.8306611E-30   7.942857    
   180.0000      1.7142721E-30   7.942857    
   195.0000      1.6524848E-30   7.942857    
   210.0000      1.6546287E-30   7.942857    
   225.0000      1.7192961E-30   7.942857    
   240.0000      1.8338126E-30   7.942857    
   255.0000      1.9713702E-30   7.942857    
   270.0000      2.0903374E-30   7.942857    
   285.0000      2.1494067E-30   7.942857    
   300.0000      2.1247027E-30   7.942857    
   315.0000      2.0260886E-30   7.942857    
   330.0000      1.8879703E-30   7.942857    
   345.0000      1.7526675E-30   7.942857    
  0.0000000E+00  1.6529316E-30   7.942857    
 
  0.0000000E+00  1.3549980E-30   8.064285    
   15.00000      1.3175277E-30   8.064285    
   30.00000      1.3343367E-30   8.064285    
   45.00000      1.4048546E-30   8.064285    
   60.00000      1.5199722E-30   8.064285    
   75.00000      1.6562004E-30   8.064285    
   90.00000      1.7778850E-30   8.064285    
   105.0000      1.8449532E-30   8.064285    
   120.0000      1.8347511E-30   8.064285    
   135.0000      1.7517892E-30   8.064285    
   150.0000      1.6271182E-30   8.064285    
   165.0000      1.4989994E-30   8.064285    
   180.0000      1.3992141E-30   8.064285    
   195.0000      1.3461844E-30   8.064285    
   210.0000      1.3475613E-30   8.064285    
   225.0000      1.4020962E-30   8.064285    
   240.0000      1.4993322E-30   8.064285    
   255.0000      1.6167618E-30   8.064285    
   270.0000      1.7192491E-30   8.064285    
   285.0000      1.7713139E-30   8.064285    
   300.0000      1.7522152E-30   8.064285    
   315.0000      1.6699513E-30   8.064285    
   330.0000      1.5536501E-30   8.064285    
   345.0000      1.4393680E-30   8.064285    
  0.0000000E+00  1.3549980E-30   8.064285    
 
  0.0000000E+00  1.1143491E-30   8.185715    
   15.00000      1.0825666E-30   8.185715    
   30.00000      1.0967345E-30   8.185715    
   45.00000      1.1565577E-30   8.185715    
   60.00000      1.2543689E-30   8.185715    
   75.00000      1.3703588E-30   8.185715    
   90.00000      1.4738727E-30   8.185715    
   105.0000      1.5304718E-30   8.185715    
   120.0000      1.5205952E-30   8.185715    
   135.0000      1.4483548E-30   8.185715    
   150.0000      1.3407702E-30   8.185715    
   165.0000      1.2307858E-30   8.185715    
   180.0000      1.1454708E-30   8.185715    
   195.0000      1.1001890E-30   8.185715    
   210.0000      1.1011995E-30   8.185715    
   225.0000      1.1474082E-30   8.185715    
   240.0000      1.2301727E-30   8.185715    
   255.0000      1.3305947E-30   8.185715    
   270.0000      1.4189567E-30   8.185715    
   285.0000      1.4647471E-30   8.185715    
   300.0000      1.4499332E-30   8.185715    
   315.0000      1.3810108E-30   8.185715    
   330.0000      1.2827314E-30   8.185715    
   345.0000      1.1859096E-30   8.185715    
  0.0000000E+00  1.1143491E-30   8.185715    
 
  0.0000000E+00  9.1920066E-31   8.307143    
   15.00000      8.9214003E-31   8.307143    
   30.00000      9.0403641E-31   8.307143    
   45.00000      9.5475946E-31   8.307143    
   60.00000      1.0378470E-30   8.307143    
   75.00000      1.1365898E-30   8.307143    
   90.00000      1.2246447E-30   8.307143    
   105.0000      1.2724361E-30   8.307143    
   120.0000      1.2630651E-30   8.307143    
   135.0000      1.2002787E-30   8.307143    
   150.0000      1.1075722E-30   8.307143    
   165.0000      1.0132989E-30   8.307143    
   180.0000      9.4049460E-31   8.307143    
   195.0000      9.0196942E-31   8.307143    
   210.0000      9.0284417E-31   8.307143    
   225.0000      9.4216643E-31   8.307143    
   240.0000      1.0127949E-30   8.307143    
   255.0000      1.0988369E-30   8.307143    
   270.0000      1.1751020E-30   8.307143    
   285.0000      1.2152996E-30   8.307143    
   300.0000      1.2037363E-30   8.307143    
   315.0000      1.1457064E-30   8.307143    
   330.0000      1.0623510E-30   8.307143    
   345.0000      9.8005920E-31   8.307143    
  0.0000000E+00  9.1920066E-31   8.307143    
 
  0.0000000E+00  7.6034416E-31   8.428572    
   15.00000      7.3722520E-31   8.428572    
   30.00000      7.4718154E-31   8.428572    
   45.00000      7.9017784E-31   8.428572    
   60.00000      8.6076674E-31   8.428572    
   75.00000      9.4483923E-31   8.428572    
   90.00000      1.0197824E-30   8.428572    
   105.0000      1.0601800E-30   8.428572    
   120.0000      1.0514331E-30   8.428572    
   135.0000      9.9695115E-31   8.428572    
   150.0000      9.1714702E-31   8.428572    
   165.0000      8.3641934E-31   8.428572    
   180.0000      7.7437566E-31   8.428572    
   195.0000      7.4168700E-31   8.428572    
   210.0000      7.4255325E-31   8.428572    
   225.0000      7.7614836E-31   8.428572    
   240.0000      8.3656359E-31   8.428572    
   255.0000      9.1041624E-31   8.428572    
   270.0000      9.7631125E-31   8.428572    
   285.0000      1.0115400E-30   8.428572    
   300.0000      1.0024381E-30   8.428572    
   315.0000      9.5334115E-31   8.428572    
   330.0000      8.8238389E-31   8.428572    
   345.0000      8.1223744E-31   8.428572    
  0.0000000E+00  7.6034416E-31   8.428572    
 
  0.0000000E+00  6.3054824E-31   8.550000    
   15.00000      6.1073110E-31   8.550000    
   30.00000      6.1903789E-31   8.550000    
   45.00000      6.5548010E-31   8.550000    
   60.00000      7.1546492E-31   8.550000    
   75.00000      7.8707331E-31   8.550000    
   90.00000      8.5089597E-31   8.550000    
   105.0000      8.8509646E-31   8.550000    
   120.0000      8.7704743E-31   8.550000    
   135.0000      8.2984353E-31   8.550000    
   150.0000      7.6120030E-31   8.550000    
   165.0000      6.9212628E-31   8.550000    
   180.0000      6.3930116E-31   8.550000    
   195.0000      6.1162391E-31   8.550000    
   210.0000      6.1253553E-31   8.550000    
   225.0000      6.4132941E-31   8.550000    
   240.0000      6.9311097E-31   8.550000    
   255.0000      7.5660515E-31   8.550000    
   270.0000      8.1359011E-31   8.550000    
   285.0000      8.4441909E-31   8.550000    
   300.0000      8.3718576E-31   8.550000    
   315.0000      7.9545947E-31   8.550000    
   330.0000      7.3485992E-31   8.550000    
   345.0000      6.7490214E-31   8.550000    
  0.0000000E+00  6.3054824E-31   8.550000    
 
  0.0000000E+00  5.2411785E-31   8.671429    
   15.00000      5.0708428E-31   8.671429    
   30.00000      5.1399092E-31   8.671429    
   45.00000      5.4487116E-31   8.671429    
   60.00000      5.9584887E-31   8.671429    
   75.00000      6.5685693E-31   8.671429    
   90.00000      7.1124522E-31   8.671429    
   105.0000      7.4024354E-31   8.671429    
   120.0000      7.3292994E-31   8.671429    
   135.0000      6.9209534E-31   8.671429    
   150.0000      6.3310221E-31   8.671429    
   165.0000      5.7404383E-31   8.671429    
   180.0000      5.2910270E-31   8.671429    
   195.0000      5.0570745E-31   8.671429    
   210.0000      5.0668034E-31   8.671429    
   225.0000      5.3142341E-31   8.671429    
   240.0000      5.7587703E-31   8.671429    
   255.0000      6.3052830E-31   8.671429    
   270.0000      6.7982929E-31   8.671429    
   285.0000      7.0676598E-31   8.671429    
   300.0000      7.0095556E-31   8.671429    
   315.0000      6.6535801E-31   8.671429    
   330.0000      6.1346027E-31   8.671429    
   345.0000      5.6209911E-31   8.671429    
  0.0000000E+00  5.2411785E-31   8.671429    
 
  0.0000000E+00  4.3651715E-31   8.792857    
   15.00000      4.2184665E-31   8.792857    
   30.00000      4.2757164E-31   8.792857    
   45.00000      4.5372906E-31   8.792857    
   60.00000      4.9704782E-31   8.792857    
   75.00000      5.4903170E-31   8.792857    
   90.00000      5.9540134E-31   8.792857    
   105.0000      6.2002728E-31   8.792857    
   120.0000      6.1345655E-31   8.792857    
   135.0000      5.7819374E-31   8.792857    
   150.0000      5.2754550E-31   8.792857    
   165.0000      4.7709390E-31   8.792857    
   180.0000      4.3888680E-31   8.792857    
   195.0000      4.1913925E-31   8.792857    
   210.0000      4.2016588E-31   8.792857    
   225.0000      4.4146311E-31   8.792857    
   240.0000      4.7966536E-31   8.792857    
   255.0000      5.2673761E-31   8.792857    
   270.0000      5.6939221E-31   8.792857    
   285.0000      5.9289104E-31   8.792857    
   300.0000      5.8817176E-31   8.792857    
   315.0000      5.5770304E-31   8.792857    
   330.0000      5.1316483E-31   8.792857    
   345.0000      4.6909278E-31   8.792857    
  0.0000000E+00  4.3651715E-31   8.792857    
 
  0.0000000E+00  3.6415292E-31   8.914286    
   15.00000      3.5149921E-31   8.914286    
   30.00000      3.5622679E-31   8.914286    
   45.00000      3.7836876E-31   8.914286    
   60.00000      4.1516796E-31   8.914286    
   75.00000      4.5944968E-31   8.914286    
   90.00000      4.9898879E-31   8.914286    
   105.0000      5.1992882E-31   8.914286    
   120.0000      5.1409014E-31   8.914286    
   135.0000      4.8370191E-31   8.914286    
   150.0000      4.4027440E-31   8.914286    
   165.0000      3.9721741E-31   8.914286    
   180.0000      3.6476601E-31   8.914286    
   195.0000      3.4812065E-31   8.914286    
   210.0000      3.4918314E-31   8.914286    
   225.0000      3.6753075E-31   8.914286    
   240.0000      4.0037676E-31   8.914286    
   255.0000      4.4092624E-31   8.914286    
   270.0000      4.7781673E-31   8.914286    
   285.0000      4.9827485E-31   8.914286    
   300.0000      4.9439835E-31   8.914286    
   315.0000      4.6825526E-31   8.914286    
   330.0000      4.2997938E-31   8.914286    
   345.0000      3.9211840E-31   8.914286    
  0.0000000E+00  3.6415292E-31   8.914286    
 
  0.0000000E+00  3.0415611E-31   9.035714    
   15.00000      2.9323214E-31   9.035714    
   30.00000      2.9712138E-31   9.035714    
   45.00000      3.1584513E-31   9.035714    
   60.00000      3.4708295E-31   9.035714    
   75.00000      3.8477725E-31   9.035714    
   90.00000      4.1848497E-31   9.035714    
   105.0000      4.3630758E-31   9.035714    
   120.0000      4.3117255E-31   9.035714    
   135.0000      4.0505358E-31   9.035714    
   150.0000      3.6787853E-31   9.035714    
   165.0000      3.3118178E-31   9.035714    
   180.0000      3.0365175E-31   9.035714    
   195.0000      2.8964087E-31   9.035714    
   210.0000      2.9071696E-31   9.035714    
   225.0000      3.0652903E-31   9.035714    
   240.0000      3.3476250E-31   9.035714    
   255.0000      3.6967880E-31   9.035714    
   270.0000      4.0155216E-31   9.035714    
   285.0000      4.1932009E-31   9.035714    
   300.0000      4.1610097E-31   9.035714    
   315.0000      3.9363356E-31   9.035714    
   330.0000      3.6071304E-31   9.035714    
   345.0000      3.2817597E-31   9.035714    
  0.0000000E+00  3.0415611E-31   9.035714    
 
  0.0000000E+00  2.5427819E-31   9.157143    
   15.00000      2.4484692E-31   9.157143    
   30.00000      2.4803526E-31   9.157143    
   45.00000      2.6385196E-31   9.157143    
   60.00000      2.9034367E-31   9.157143    
   75.00000      3.2240091E-31   9.157143    
   90.00000      3.5111179E-31   9.157143    
   105.0000      3.6628385E-31   9.157143    
   120.0000      3.6180503E-31   9.157143    
   135.0000      3.3941139E-31   9.157143    
   150.0000      3.0764958E-31   9.157143    
   165.0000      2.7642185E-31   9.157143    
   180.0000      2.5309715E-31   9.157143    
   195.0000      2.4132511E-31   9.157143    
   210.0000      2.4239653E-31   9.157143    
   225.0000      2.5602380E-31   9.157143    
   240.0000      2.8028412E-31   9.157143    
   255.0000      3.1032531E-31   9.157143    
   270.0000      3.3782713E-31   9.157143    
   285.0000      3.5321804E-31   9.157143    
   300.0000      3.5051568E-31   9.157143    
   315.0000      3.3118735E-31   9.157143    
   330.0000      3.0286725E-31   9.157143    
   345.0000      2.7490525E-31   9.157143    
  0.0000000E+00  2.5427819E-31   9.157143    
 
  0.0000000E+00  2.1268118E-31   9.278572    
   15.00000      2.0454469E-31   9.278572    
   30.00000      2.0714707E-31   9.278572    
   45.00000      2.2048202E-31   9.278572    
   60.00000      2.4291224E-31   9.278572    
   75.00000      2.7013076E-31   9.278572    
   90.00000      2.9455505E-31   9.278572    
   105.0000      3.0746968E-31   9.278572    
   120.0000      3.0360612E-31   9.278572    
   135.0000      2.8447565E-31   9.278572    
   150.0000      2.5741328E-31   9.278572    
   165.0000      2.3089636E-31   9.278572    
   180.0000      2.1117105E-31   9.278572    
   195.0000      2.0129885E-31   9.278572    
   210.0000      2.0234414E-31   9.278572    
   225.0000      2.1407313E-31   9.278572    
   240.0000      2.3488709E-31   9.278572    
   255.0000      2.6068402E-31   9.278572    
   270.0000      2.8435881E-31   9.278572    
   285.0000      2.9764345E-31   9.278572    
   300.0000      2.9535140E-31   9.278572    
   315.0000      2.7872652E-31   9.278572    
   330.0000      2.5438361E-31   9.278572    
   345.0000      2.3037724E-31   9.278572    
  0.0000000E+00  2.1268118E-31   9.278572    
 
  0.0000000E+00  1.7789919E-31   9.400000    
   15.00000      1.7089081E-31   9.400000    
   30.00000      1.7300509E-31   9.400000    
   45.00000      1.8422319E-31   9.400000    
   60.00000      2.0317226E-31   9.400000    
   75.00000      2.2623096E-31   9.400000    
   90.00000      2.4696882E-31   9.400000    
   105.0000      2.5795462E-31   9.400000    
   120.0000      2.5466037E-31   9.400000    
   135.0000      2.3838706E-31   9.400000    
   150.0000      2.1540334E-31   9.400000    
   165.0000      1.9294903E-31   9.400000    
   180.0000      1.7630617E-31   9.400000    
   195.0000      1.6804522E-31   9.400000    
   210.0000      1.6904537E-31   9.400000    
   225.0000      1.7911870E-31   9.400000    
   240.0000      1.9693388E-31   9.400000    
   255.0000      2.1902782E-31   9.400000    
   270.0000      2.3934062E-31   9.400000    
   285.0000      2.5075740E-31   9.400000    
   300.0000      2.4879639E-31   9.400000    
   315.0000      2.3451498E-31   9.400000    
   330.0000      2.1362607E-31   9.400000    
   345.0000      1.9305344E-31   9.400000    
  0.0000000E+00  1.7789919E-31   9.400000    
 
  0.0000000E+00  1.4874278E-31   9.521429    
   15.00000      1.4272396E-31   9.521429    
   30.00000      1.4443452E-31   9.521429    
   45.00000      1.5384588E-31   9.521429    
   60.00000      1.6980808E-31   9.521429    
   75.00000      1.8928633E-31   9.521429    
   90.00000      2.0684582E-31   9.521429    
   105.0000      2.1617651E-31   9.521429    
   120.0000      2.1340098E-31   9.521429    
   135.0000      1.9962743E-31   9.521429    
   150.0000      1.8018613E-31   9.521429    
   165.0000      1.6123739E-31   9.521429    
   180.0000      1.4723433E-31   9.521429    
   195.0000      1.4033927E-31   9.521429    
   210.0000      1.4127888E-31   9.521429    
   225.0000      1.4990240E-31   9.521429    
   240.0000      1.6510025E-31   9.521429    
   255.0000      1.8395292E-31   9.521429    
   270.0000      2.0130609E-31   9.521429    
   285.0000      2.1106626E-31   9.521429    
   300.0000      2.0937703E-31   9.521429    
   315.0000      1.9713713E-31   9.521429    
   330.0000      1.7926409E-31   9.521429    
   345.0000      1.6168475E-31   9.521429    
  0.0000000E+00  1.4874278E-31   9.521429    
 
  0.0000000E+00  1.2422328E-31   9.642858    
   15.00000      1.1910568E-31   9.642858    
   30.00000      1.2050302E-31   9.642858    
   45.00000      1.2837329E-31   9.642858    
   60.00000      1.4177388E-31   9.642858    
   75.00000      1.5816564E-31   9.642858    
   90.00000      1.7298006E-31   9.642858    
   105.0000      1.8088432E-31   9.642858    
   120.0000      1.7857577E-31   9.642858    
   135.0000      1.6698518E-31   9.642858    
   150.0000      1.5061916E-31   9.642858    
   165.0000      1.3469268E-31   9.642858    
   180.0000      1.2295248E-31   9.642858    
   195.0000      1.1721371E-31   9.642858    
   210.0000      1.1808078E-31   9.642858    
   225.0000      1.2543195E-31   9.642858    
   240.0000      1.3832323E-31   9.642858    
   255.0000      1.5427633E-31   9.642858    
   270.0000      1.6895533E-31   9.642858    
   285.0000      1.7719409E-31   9.642858    
   300.0000      1.7574214E-31   9.642858    
   315.0000      1.6531769E-31   9.642858    
   330.0000      1.5012354E-31   9.642858    
   345.0000      1.3519867E-31   9.642858    
  0.0000000E+00  1.2422328E-31   9.642858    
 
  0.0000000E+00  1.0361886E-31   9.764286    
   15.00000      9.9249527E-32   9.764286    
   30.00000      1.0036243E-31   9.764286    
   45.00000      1.0691758E-31   9.764286    
   60.00000      1.1810939E-31   9.764286    
   75.00000      1.3181679E-31   9.764286    
   90.00000      1.4421185E-31   9.764286    
   105.0000      1.5087388E-31   9.764286    
   120.0000      1.4898252E-31   9.764286    
   135.0000      1.3930927E-31   9.764286    
   150.0000      1.2565282E-31   9.764286    
   165.0000      1.1235431E-31   9.764286    
   180.0000      1.0255203E-31   9.764286    
   195.0000      9.7781417E-32   9.764286    
   210.0000      9.8562698E-32   9.764286    
   225.0000      1.0478773E-31   9.764286    
   240.0000      1.1567958E-31   9.764286    
   255.0000      1.2917947E-31   9.764286    
   270.0000      1.4161042E-31   9.764286    
   285.0000      1.4858806E-31   9.764286    
   300.0000      1.4732366E-31   9.764286    
   315.0000      1.3846047E-31   9.764286    
   330.0000      1.2557195E-31   9.764286    
   345.0000      1.1292396E-31   9.764286    
  0.0000000E+00  1.0361886E-31   9.764286    
 
  0.0000000E+00  8.6245015E-32   9.885715    
   15.00000      8.2550948E-32   9.885715    
   30.00000      8.3438540E-32   9.885715    
   45.00000      8.8864434E-32   9.885715    
   60.00000      9.8159015E-32   9.885715    
   75.00000      1.0956469E-31   9.885715    
   90.00000      1.1992052E-31   9.885715    
   105.0000      1.2550396E-31   9.885715    
   120.0000      1.2397626E-31   9.885715    
   135.0000      1.1596708E-31   9.885715    
   150.0000      1.0461038E-31   9.885715    
   165.0000      9.3563202E-32   9.885715    
   180.0000      8.5440137E-32   9.885715    
   195.0000      8.1517160E-32   9.885715    
   210.0000      8.2214122E-32   9.885715    
   225.0000      8.7452419E-32   9.885715    
   240.0000      9.6582895E-32   9.885715    
   255.0000      1.0788546E-31   9.885715    
   270.0000      1.1828504E-31   9.885715    
   285.0000      1.2410916E-31   9.885715    
   300.0000      1.2301728E-31   9.885715    
   315.0000      1.1554671E-31   9.885715    
   330.0000      1.0470457E-31   9.885715    
   345.0000      9.4070558E-32   9.885715    
  0.0000000E+00  8.6245015E-32   9.885715    
 
  0.0000000E+00  7.1563638E-32   10.00714    
   15.00000      6.8473833E-32   10.00714    
   30.00000      6.9182227E-32   10.00714    
   45.00000      7.3643675E-32   10.00714    
   60.00000      8.1300728E-32   10.00714    
   75.00000      9.0700797E-32   10.00714    
   90.00000      9.9249104E-32   10.00714    
   105.0000      1.0388482E-31   10.00714    
   120.0000      1.0267414E-31   10.00714    
   135.0000      9.6120467E-32   10.00714    
   150.0000      8.6792320E-32   10.00714    
   165.0000      7.7703644E-32   10.00714    
   180.0000      7.1019290E-32   10.00714    
   195.0000      6.7805141E-32   10.00714    
   210.0000      6.8413430E-32   10.00714    
   225.0000      7.2780180E-32   10.00714    
   240.0000      8.0360414E-32   10.00714    
   255.0000      8.9723873E-32   10.00714    
   270.0000      9.8325001E-32   10.00714    
   285.0000      1.0312478E-31   10.00714    
   300.0000      1.0218678E-31   10.00714    
   315.0000      9.5956685E-32   10.00714    
   330.0000      8.6931451E-32   10.00714    
   345.0000      7.8080943E-32   10.00714    
  0.0000000E+00  7.1563638E-32   10.00714    
 
  0.0000000E+00  5.9158775E-32   10.12857    
   15.00000      5.6605213E-32   10.12857    
   30.00000      5.7169451E-32   10.12857    
   45.00000      6.0806236E-32   10.12857    
   60.00000      6.7050445E-32   10.12857    
   75.00000      7.4710213E-32   10.12857    
   90.00000      8.1680753E-32   10.12857    
   105.0000      8.5482437E-32   10.12857    
   120.0000      8.4543176E-32   10.12857    
   135.0000      7.9255943E-32   10.12857    
   150.0000      7.1691202E-32   10.12857    
   165.0000      6.4298953E-32   10.12857    
   180.0000      5.8853382E-32   10.12857    
   195.0000      5.6241680E-32   10.12857    
   210.0000      5.6760637E-32   10.12857    
   225.0000      6.0357967E-32   10.12857    
   240.0000      6.6575557E-32   10.12857    
   255.0000      7.4233162E-32   10.12857    
   270.0000      8.1247748E-32   10.12857    
   285.0000      8.5144341E-32   10.12857    
   300.0000      8.4346845E-32   10.12857    
   315.0000      7.9219773E-32   10.12857    
   330.0000      7.1801910E-32   10.12857    
   345.0000      6.4524266E-32   10.12857    
  0.0000000E+00  5.9158775E-32   10.12857    
 
  0.0000000E+00  4.8844165E-32   10.25000    
   15.00000      4.6760789E-32   10.25000    
   30.00000      4.7212967E-32   10.25000    
   45.00000      5.0156322E-32   10.25000    
   60.00000      5.5201109E-32   10.25000    
   75.00000      6.1375034E-32   10.25000    
   90.00000      6.6989195E-32   10.25000    
   105.0000      7.0066164E-32   10.25000    
   120.0000      6.9350687E-32   10.25000    
   135.0000      6.5143158E-32   10.25000    
   150.0000      5.9084554E-32   10.25000    
   165.0000      5.3137435E-32   10.25000    
   180.0000      4.8741403E-32   10.25000    
   195.0000      4.6633395E-32   10.25000    
   210.0000      4.7064813E-32   10.25000    
   225.0000      4.9991712E-32   10.25000    
   240.0000      5.5029881E-32   10.25000    
   255.0000      6.1211265E-32   10.25000    
   270.0000      6.6852103E-32   10.25000    
   285.0000      6.9968880E-32   10.25000    
   300.0000      6.9299683E-32   10.25000    
   315.0000      6.5137909E-32   10.25000    
   330.0000      5.9121541E-32   10.25000    
   345.0000      5.3210280E-32   10.25000    
  0.0000000E+00  4.8844165E-32   10.25000    
 
