  0.0000000E+00   1.074320    
   15.00000      0.9986647    
   30.00000      0.9538299    
   45.00000      0.9312416    
   60.00000      0.9339811    
   75.00000      0.9553347    
   90.00000      0.9710732    
   105.0000      0.9746308    
   120.0000      0.9596995    
   135.0000      0.9263667    
   150.0000      0.8838035    
   165.0000      0.8441432    
   180.0000      0.8191137    
   195.0000      0.8107197    
   210.0000      0.8328260    
   225.0000      0.8823646    
   240.0000      0.9531288    
   255.0000       1.041018    
   270.0000       1.125849    
   285.0000       1.201006    
   300.0000       1.261883    
   315.0000       1.272255    
   330.0000       1.233310    
   345.0000       1.159437    
   360.0000       1.074320    
   360.0000       1.068536    
   375.0000      0.9943805    
   390.0000      0.9447204    
   405.0000      0.9256182    
   420.0000      0.9269972    
   435.0000      0.9446754    
   450.0000      0.9621332    
   465.0000      0.9703864    
   480.0000      0.9556283    
   495.0000      0.9227561    
   510.0000      0.8774201    
   525.0000      0.8390779    
   540.0000      0.8152642    
   555.0000      0.8119133    
   570.0000      0.8361021    
   585.0000      0.8884113    
   600.0000      0.9620935    
   615.0000       1.049795    
   630.0000       1.140226    
   645.0000       1.219081    
   660.0000       1.271843    
   675.0000       1.279077    
   690.0000       1.236000    
   705.0000       1.157863    
   720.0000       1.068536    
   720.0000       1.061790    
   735.0000      0.9869145    
   750.0000      0.9356714    
   765.0000      0.9144295    
   780.0000      0.9191409    
   795.0000      0.9374818    
   810.0000      0.9563733    
   825.0000      0.9627477    
   840.0000      0.9490911    
   855.0000      0.9168505    
   870.0000      0.8748410    
   885.0000      0.8369387    
   900.0000      0.8137509    
   915.0000      0.8119086    
   930.0000      0.8378681    
   945.0000      0.8895427    
   960.0000      0.9673769    
   975.0000       1.062911    
   990.0000       1.159310    
   1005.000       1.236321    
   1020.000       1.288104    
   1035.000       1.288776    
   1050.000       1.237714    
   1065.000       1.154149    
   1080.000       1.061790    
   1080.000       1.060744    
   1095.000      0.9816454    
   1110.000      0.9320188    
   1125.000      0.9104410    
   1140.000      0.9168708    
   1155.000      0.9362236    
   1170.000      0.9567437    
   1185.000      0.9644194    
   1200.000      0.9514603    
   1215.000      0.9191629    
   1230.000      0.8768420    
   1245.000      0.8387338    
   1260.000      0.8155958    
   1275.000      0.8130311    
   1290.000      0.8394165    
   1305.000      0.8962870    
   1320.000      0.9785078    
   1335.000       1.079121    
   1350.000       1.178914    
   1365.000       1.259254    
   1380.000       1.283785    
   1395.000       1.256438    
   1410.000       1.206178    
   1425.000       1.148166    
   1440.000       1.060744    
   1440.000       1.065458    
   1455.000      0.9838122    
   1470.000      0.9340889    
   1485.000      0.9124260    
   1500.000      0.9173288    
   1515.000      0.9410419    
   1530.000      0.9629549    
   1545.000      0.9717541    
   1560.000      0.9591529    
   1575.000      0.9263356    
   1590.000      0.8832096    
   1605.000      0.8443104    
   1620.000      0.8182742    
   1635.000      0.8178303    
   1650.000      0.8468387    
   1665.000      0.9065747    
   1680.000      0.9910514    
   1695.000       1.096995    
   1710.000       1.201859    
   1725.000       1.248536    
   1740.000       1.253699    
   1755.000       1.224916    
   1770.000       1.173984    
   1785.000       1.117571    
   1800.000       1.065458    
   1800.000       1.041543    
   1815.000      0.9917301    
   1830.000      0.9392297    
   1845.000      0.9203836    
   1860.000      0.9259604    
   1875.000      0.9487051    
   1890.000      0.9747444    
   1905.000      0.9842396    
   1920.000      0.9715173    
   1935.000      0.9377536    
   1950.000      0.8929329    
   1965.000      0.8505287    
   1980.000      0.8266700    
   1995.000      0.8270697    
   2010.000      0.8577908    
   2025.000      0.9180754    
   2040.000       1.007990    
   2055.000       1.116481    
   2070.000       1.183853    
   2085.000       1.223836    
   2100.000       1.227580    
   2115.000       1.197151    
   2130.000       1.145210    
   2145.000       1.089029    
   2160.000       1.041543    
   2160.000       1.016886    
   2175.000      0.9902064    
   2190.000      0.9503579    
   2205.000      0.9329928    
   2220.000      0.9394438    
   2235.000      0.9628689    
   2250.000      0.9875154    
   2265.000      0.9980755    
   2280.000      0.9845678    
   2295.000      0.9492363    
   2310.000      0.9034125    
   2325.000      0.8621678    
   2340.000      0.8382050    
   2355.000      0.8394782    
   2370.000      0.8697793    
   2385.000      0.9342035    
   2400.000       1.022270    
   2415.000       1.095949    
   2430.000       1.162293    
   2445.000       1.201863    
   2460.000       1.204378    
   2475.000       1.172280    
   2490.000       1.119033    
   2505.000       1.062538    
   2520.000       1.016886    
   2520.000      0.9929395    
   2535.000      0.9693913    
   2550.000      0.9654137    
   2565.000      0.9466324    
   2580.000      0.9569069    
   2595.000      0.9812010    
   2610.000       1.006359    
   2625.000       1.016304    
   2640.000       1.002138    
   2655.000      0.9656990    
   2670.000      0.9184197    
   2685.000      0.8762079    
   2700.000      0.8521887    
   2715.000      0.8523767    
   2730.000      0.8855557    
   2745.000      0.9415967    
   2760.000       1.003253    
   2775.000       1.076543    
   2790.000       1.142728    
   2805.000       1.182017    
   2820.000       1.183477    
   2835.000       1.149783    
   2850.000       1.095019    
   2865.000       1.037850    
   2880.000      0.9929395    
   2880.000      0.9709654    
   2895.000      0.9490107    
   2910.000      0.9529964    
   2925.000      0.9658321    
   2940.000      0.9771783    
   2955.000       1.003476    
   2970.000       1.029180    
   2985.000       1.038854    
   3000.000       1.023479    
   3015.000      0.9852989    
   3030.000      0.9364219    
   3045.000      0.8931080    
   3060.000      0.8669309    
   3075.000      0.8689965    
   3090.000      0.8877941    
   3105.000      0.9251259    
   3120.000      0.9866182    
   3135.000       1.059973    
   3150.000       1.126345    
   3165.000       1.165557    
   3180.000       1.166084    
   3195.000       1.130732    
   3210.000       1.074216    
   3225.000       1.015826    
   3240.000      0.9709654    
   3240.000      0.9510847    
   3255.000      0.9297037    
   3270.000      0.9359067    
   3285.000      0.9681275    
   3300.000      0.9992328    
   3315.000       1.029008    
   3330.000       1.055527    
   3345.000       1.064982    
   3360.000       1.048209    
   3375.000       1.007996    
   3390.000      0.9571101    
   3405.000      0.9103269    
   3420.000      0.8845338    
   3435.000      0.8668557    
   3450.000      0.8733470    
   3465.000      0.9105701    
   3480.000      0.9724506    
   3495.000       1.046507    
   3510.000       1.113616    
   3525.000       1.153054    
   3540.000       1.152725    
   3555.000       1.115542    
   3570.000       1.056880    
   3585.000      0.9967055    
   3600.000      0.9510847    
   3600.000      0.9337270    
   3615.000      0.9120856    
   3630.000      0.9194531    
   3645.000      0.9544951    
   3660.000       1.010324    
   3675.000       1.055117    
   3690.000       1.085528    
   3705.000       1.094959    
   3720.000       1.076721    
   3735.000       1.033954    
   3750.000      0.9784607    
   3765.000      0.9302844    
   3780.000      0.8800368    
   3795.000      0.8543556    
   3810.000      0.8605781    
   3825.000      0.8981658    
   3840.000      0.9611126    
   3855.000       1.036697    
   3870.000       1.105256    
   3885.000       1.145319    
   3900.000       1.144163    
   3915.000       1.104835    
   3930.000       1.043488    
   3945.000      0.9808850    
   3960.000      0.9337270    
   3960.000      0.9194134    
   3975.000      0.8967786    
   3990.000      0.9046710    
   4005.000      0.9417933    
   4020.000       1.001316    
   4035.000       1.069309    
   4050.000       1.116918    
   4065.000       1.128168    
   4080.000       1.108713    
   4095.000       1.061101    
   4110.000       1.000490    
   4125.000      0.9259456    
   4140.000      0.8704922    
   4155.000      0.8438499    
   4170.000      0.8499810    
   4185.000      0.8883861    
   4200.000      0.9530996    
   4215.000       1.031077    
   4230.000       1.101885    
   4245.000       1.143024    
   4260.000       1.141061    
   4275.000       1.099195    
   4290.000       1.034536    
   4305.000      0.9687981    
   4320.000      0.9194134    
   4320.000      0.9092694    
   4335.000      0.8850877    
   4350.000      0.8930134    
   4365.000      0.9319081    
   4380.000      0.9948647    
   4395.000       1.067423    
   4410.000       1.128364    
   4425.000       1.155482    
   4440.000       1.137196    
   4455.000       1.078925    
   4470.000      0.9996345    
   4485.000      0.9221973    
   4500.000      0.8645658    
   4515.000      0.8367876    
   4530.000      0.8429418    
   4545.000      0.8825768    
   4560.000      0.9497139    
   4575.000       1.030907    
   4590.000       1.104723    
   4605.000       1.147377    
   4620.000       1.144594    
   4635.000       1.099774    
   4650.000       1.031129    
   4665.000      0.9615457    
   4680.000      0.9092694    
   4680.000      0.9019073    
   4695.000      0.8758976    
   4710.000      0.8836390    
   4725.000      0.9241534    
   4740.000      0.9904953    
   4755.000       1.067639    
   4770.000       1.133011    
   4785.000       1.163025    
   4800.000       1.144974    
   4815.000       1.084399    
   4830.000       1.001804    
   4845.000      0.9211190    
   4860.000      0.8610772    
   4875.000      0.8321072    
   4890.000      0.8384092    
   4905.000      0.8795656    
   4920.000      0.9495282    
   4935.000       1.034359    
   4950.000       1.111554    
   4965.000       1.155949    
   4980.000       1.152344    
   4995.000       1.104324    
   5010.000       1.031288    
   5025.000      0.9574305    
   5040.000      0.9019073    
   5040.000      0.8946574    
   5055.000      0.8670010    
   5070.000      0.8747588    
   5085.000      0.9165369    
   5100.000      0.9858142    
   5115.000       1.067277    
   5130.000       1.137210    
   5145.000       1.170399    
   5160.000       1.152790    
   5175.000       1.089888    
   5190.000       1.003969    
   5205.000      0.9201563    
   5220.000      0.8578686    
   5235.000      0.8275167    
   5250.000      0.8338003    
   5265.000      0.8763845    
   5280.000      0.9492812    
   5295.000       1.038149    
   5310.000       1.118779    
   5325.000       1.164515    
   5340.000       1.159932    
   5355.000       1.108703    
   5370.000       1.031326    
   5385.000      0.9532878    
   5400.000      0.8946574    
   5400.000      0.8886818    
   5415.000      0.8586804    
   5430.000      0.8654557    
   5445.000      0.9082876    
   5460.000      0.9803432    
   5475.000       1.065884    
   5490.000       1.140117    
   5505.000       1.176305    
   5520.000       1.159467    
   5535.000       1.095198    
   5550.000       1.006160    
   5565.000      0.9189395    
   5580.000      0.8539618    
   5595.000      0.8224187    
   5610.000      0.8287804    
   5625.000      0.8727666    
   5640.000      0.9483957    
   5655.000       1.040953    
   5670.000       1.125653    
   5685.000       1.174279    
   5700.000       1.169548    
   5715.000       1.115333    
   5730.000       1.033468    
   5745.000      0.9509184    
   5760.000      0.8886818    
   5760.000      0.8823971    
   5775.000      0.8506168    
   5790.000      0.8569941    
   5805.000      0.9009039    
   5820.000      0.9755794    
   5835.000       1.065012    
   5850.000       1.143407    
   5865.000       1.182559    
   5880.000       1.166347    
   5895.000       1.100354    
   5910.000       1.008265    
   5925.000      0.9179659    
   5940.000      0.8506984    
   5955.000      0.8180002    
   5970.000      0.8244200    
   5985.000      0.8697205    
   6000.000      0.9479452    
   6015.000       1.044027    
   6030.000       1.132175    
   6045.000       1.182769    
   6060.000       1.177494    
   6075.000       1.120337    
   6090.000       1.034307    
   6105.000      0.9477016    
   6120.000      0.8823971    
   6120.000      0.8763318    
   6135.000      0.8429426    
   6150.000      0.8489959    
   6165.000      0.8939421    
   6180.000      0.9711012    
   6195.000       1.064236    
   6210.000       1.146643    
   6225.000       1.188673    
   6240.000       1.173068    
   6255.000       1.105390    
   6270.000       1.010339    
   6285.000      0.9170714    
   6300.000      0.8476284    
   6315.000      0.8138395    
   6330.000      0.8203070    
   6345.000      0.8668248    
   6360.000      0.9474688    
   6375.000       1.046865    
   6390.000       1.138290    
   6405.000       1.190757    
   6420.000       1.184942    
   6435.000       1.124941    
   6450.000       1.034917    
   6465.000      0.9444815    
   6480.000      0.8763318    
   6480.000      0.8704518    
   6495.000      0.8356290    
   6510.000      0.8414481    
   6525.000      0.8874230    
   6540.000      0.9669644    
   6555.000       1.063652    
   6570.000       1.149921    
   6585.000       1.194722    
   6600.000       1.179665    
   6615.000       1.110302    
   6630.000       1.012345    
   6645.000      0.9162150    
   6660.000      0.8447047    
   6675.000      0.8098975    
   6690.000      0.8164092    
   6705.000      0.8640612    
   6720.000      0.9469653    
   6735.000       1.049487    
   6750.000       1.144018    
   6765.000       1.198253    
   6780.000       1.191875    
   6795.000       1.129110    
   6810.000       1.035258    
   6825.000      0.9412215    
   6840.000      0.8704518    
   6840.000      0.8647344    
   6855.000      0.8286556    
   6870.000      0.8343354    
   6885.000      0.8813391    
   6900.000      0.9631792    
   6915.000       1.063290    
   6930.000       1.153282    
   6945.000       1.200742    
   6960.000       1.186150    
   6975.000       1.115072    
   6990.000       1.014257    
   7005.000      0.9153642    
   7020.000      0.8418929    
   7035.000      0.8061403    
   7050.000      0.8127020    
   7065.000      0.8614176    
   7080.000      0.9464496    
   7095.000       1.051922    
   7110.000       1.149397    
   7125.000       1.205293    
   7140.000       1.198318    
   7155.000       1.132844    
   7170.000       1.035325    
   7185.000      0.9379007    
   7200.000      0.8647344    
   7200.000      0.8591979    
   7215.000      0.8220299    
   7230.000      0.8276606    
   7245.000      0.8756914    
   7260.000      0.9597533    
   7275.000       1.063147    
   7290.000       1.156718    
   7305.000       1.206701    
   7320.000       1.192483    
   7335.000       1.119665    
   7350.000       1.016051    
   7365.000      0.9144996    
   7380.000      0.8391876    
   7395.000      0.8025650    
   7410.000      0.8091900    
   7425.000      0.8589085    
   7440.000      0.9459360    
   7455.000       1.054185    
   7470.000       1.154446    
   7485.000       1.211884    
   7500.000       1.204273    
   7515.000       1.136156    
   7530.000       1.035129    
   7545.000      0.9345429    
   7560.000      0.8591979    
   7560.000      0.8538732    
   7575.000      0.8157784    
   7590.000      0.8214401    
   7605.000      0.8704904    
   7620.000      0.9566819    
   7635.000       1.063208    
   7650.000       1.160182    
   7665.000       1.212543    
   7680.000       1.198606    
   7695.000       1.124044    
   7710.000       1.017706    
   7725.000      0.9136251    
   7740.000      0.8365985    
   7755.000      0.7991908    
   7770.000      0.8058935    
   7785.000      0.8565562    
   7800.000      0.9454442    
   7815.000       1.056294    
   7830.000       1.159164    
   7845.000       1.218019    
   7860.000       1.209738    
   7875.000       1.139053    
   7890.000       1.034696    
   7905.000      0.9311770    
   7920.000      0.8538732    
   7920.000      0.8488221    
   7935.000      0.8099532    
   7950.000      0.8157171    
   7965.000      0.8657666    
   7980.000      0.9539704    
   7995.000       1.063441    
   8010.000       1.163606    
   8025.000       1.218168    
   8040.000       1.204426    
   8055.000       1.128142    
   8070.000       1.019200    
   8085.000      0.9127539    
   8100.000      0.8341593    
   8115.000      0.7960572    
   8130.000      0.8028535    
   8145.000      0.8543985    
   8160.000      0.9450037    
   8175.000       1.058251    
   8190.000       1.163523    
   8205.000       1.223655    
   8220.000       1.214676    
   8235.000       1.141541    
   8250.000       1.034059    
   8265.000      0.9278581    
   8280.000      0.8488221    
   8280.000      0.8440917    
   8295.000      0.8046001    
   8310.000      0.8105249    
   8325.000      0.8615352    
   8340.000      0.9516078    
   8355.000       1.063807    
   8370.000       1.166919    
   8385.000       1.223490    
   8400.000       1.209865    
   8415.000       1.131918    
   8430.000       1.020533    
   8445.000      0.9119174    
   8460.000      0.8319088    
   8475.000      0.7932057    
   8490.000      0.8001138    
   8505.000      0.8524709    
   8520.000      0.9446368    
   8535.000       1.060056    
   8550.000       1.167493    
   8565.000       1.228750    
   8580.000       1.219061    
   8595.000       1.143607    
   8610.000       1.033250    
   8625.000      0.9246380    
   8640.000      0.8440917    
   8640.000      0.8398004    
   8655.000      0.7998140    
   8670.000      0.8059314    
   8685.000      0.8578312    
   8700.000      0.9495885    
   8715.000       1.064220    
   8730.000       1.169960    
   8745.000       1.228313    
   8760.000       1.214768    
   8775.000       1.135288    
   8790.000       1.021691    
   8805.000      0.9111356    
   8820.000      0.8298931    
   8835.000      0.7906825    
   8850.000      0.7977085    
   8865.000      0.8507899    
   8880.000      0.9443386    
   8895.000       1.061676    
   8910.000       1.171034    
   8925.000       1.233271    
   8940.000       1.222905    
   8955.000       1.145329    
   8970.000       1.032390    
   8985.000      0.9216393    
   9000.000      0.8398004    
   9000.000      0.8359737    
   9015.000      0.7956359    
   9030.000      0.8019888    
   9045.000      0.8547112    
   9060.000      0.9479687    
   9075.000       1.064720    
   9090.000       1.172742    
   9105.000       1.232604    
   9120.000       1.219062    
   9135.000       1.138207    
   9150.000       1.022665    
   9165.000      0.9104449    
   9180.000      0.8281754    
   9195.000      0.7885624    
   9210.000      0.7957239    
   9225.000      0.8494443    
   9240.000      0.9441637    
   9255.000       1.063121    
   9270.000       1.174075    
   9285.000       1.237084    
   9300.000       1.226059    
   9315.000       1.146594    
   9330.000       1.031408    
   9345.000      0.9188659    
   9360.000      0.8359737    
   9360.000      0.8327513    
   9375.000      0.7921841    
   9390.000      0.7988037    
   9405.000      0.8522813    
   9420.000      0.9468272    
   9435.000       1.065347    
   9450.000       1.175177    
   9465.000       1.236168    
   9480.000       1.222502    
   9495.000       1.140465    
   9510.000       1.023360    
   9525.000      0.9098306    
   9540.000      0.8267716    
   9555.000      0.7868795    
   9570.000      0.7941906    
   9585.000      0.8484626    
   9600.000      0.9441308    
   9615.000       1.064351    
   9630.000       1.176514    
   9645.000       1.240084    
   9660.000       1.228503    
   9675.000       1.147490    
   9690.000       1.030463    
   9705.000      0.9164636    
   9720.000      0.8327513    
   9720.000      0.8297749    
   9735.000      0.7891686    
   9750.000      0.7960767    
   9765.000      0.8501563    
   9780.000      0.9457535    
   9795.000       1.065840    
   9810.000       1.177374    
   9825.000       1.239526    
   9840.000       1.225864    
   9855.000       1.142735    
   9870.000       1.024163    
   9885.000      0.9094343    
   9900.000      0.8257050    
   9915.000      0.7856179    
   9930.000      0.7931051    
   9945.000      0.8478828    
   9960.000      0.9443746    
   9975.000       1.065631    
   9990.000       1.178729    
   10005.00       1.242530    
   10020.00       1.230130    
   10035.00       1.147569    
   10050.00       1.028960    
   10065.00      0.9138998    
   10080.00      0.8297749    
   10080.00      0.8273861    
   10095.00      0.7867697    
   10110.00      0.7939998    
   10125.00      0.8487101    
   10140.00      0.9452022    
   10155.00       1.066329    
   10170.00       1.178929    
   10185.00       1.241763    
   10200.00       1.228054    
   10215.00       1.144229    
   10230.00       1.024743    
   10245.00      0.9092818    
   10260.00      0.8251560    
   10275.00      0.7849804    
   10290.00      0.7926217    
   10305.00      0.8477550    
   10320.00      0.9447616    
   10335.00       1.066618    
   10350.00       1.180208    
   10365.00       1.244080    
   10380.00       1.231112    
   10395.00       1.147515    
   10410.00       1.027830    
   10425.00      0.9119672    
   10440.00      0.8273861    
   10440.00      0.8259381    
   10455.00      0.7854636    
   10470.00      0.7929801    
   10485.00      0.8480874    
   10500.00      0.9450531    
   10515.00       1.066713    
   10530.00       1.179797    
   10545.00       1.242916    
   10560.00       1.229157    
   10575.00       1.145001    
   10590.00       1.025112    
   10605.00      0.9093659    
   10620.00      0.8251146    
   10635.00      0.7849770    
   10650.00      0.7927712    
   10665.00      0.8481185    
   10680.00      0.9453338    
   10695.00       1.067320    
   10710.00       1.180898    
   10725.00       1.244554    
   10740.00       1.231118    
   10755.00       1.146923    
   10770.00       1.026721    
   10785.00      0.9105701    
   10800.00      0.8259381    
   10800.00      0.8252313    
   10815.00      0.7850286    
   10830.00      0.7928211    
   10845.00      0.8481696    
   10860.00      0.9452808    
   10875.00       1.066954    
   10890.00       1.179970    
   10905.00       1.243028    
   10920.00       1.229265    
   10935.00       1.145164    
   10950.00       1.025391    
   10965.00      0.9097893    
   10980.00      0.8256921    
   10995.00      0.7857080    
   11010.00      0.7936471    
   11025.00      0.8490636    
   11040.00      0.9461785    
   11055.00       1.067812    
   11070.00       1.180843    
   11085.00       1.243934    
   11100.00       1.230092    
   11115.00       1.145731    
   11130.00       1.025588    
   11145.00      0.9096162    
   11160.00      0.8252313    
   11160.00      0.8255954    
   11175.00      0.7857764    
   11190.00      0.7937953    
   11205.00      0.8491644    
   11220.00      0.9459701    
   11235.00       1.066971    
   11250.00       1.179177    
   11265.00       1.241695    
   11280.00       1.227979    
   11295.00       1.144471    
   11310.00       1.025488    
   11325.00      0.9105847    
   11340.00      0.8269698    
   11355.00      0.7872739    
   11370.00      0.7953297    
   11385.00      0.8506251    
   11400.00      0.9472340    
   11415.00       1.067940    
   11430.00       1.179821    
   11445.00       1.242033    
   11460.00       1.227971    
   11475.00       1.144045    
   11490.00       1.024660    
   11505.00      0.9094292    
   11520.00      0.8255954    
   11520.00      0.8271414    
   11535.00      0.7878464    
   11550.00      0.7960367    
   11565.00      0.8511584    
   11580.00      0.9471389    
   11595.00       1.066706    
   11610.00       1.177278    
   11625.00       1.238758    
   11640.00       1.225175    
   11655.00       1.142846    
   11670.00       1.025429    
   11685.00      0.9118555    
   11700.00      0.8291056    
   11715.00      0.7898528    
   11730.00      0.7979904    
   11745.00      0.8529363    
   11760.00      0.9485847    
   11775.00       1.067676    
   11790.00       1.177699    
   11805.00       1.238633    
   11820.00       1.224531    
   11835.00       1.141703    
   11850.00       1.023884    
   11865.00      0.9100365    
   11880.00      0.8271414    
   11880.00      0.8301826    
   11895.00      0.7915550    
   11910.00      0.7998145    
   11925.00      0.8543287    
   11940.00      0.9488309    
   11955.00       1.066038    
   11970.00       1.174011    
   11985.00       1.233866    
   12000.00       1.220532    
   12015.00       1.140107    
   12030.00       1.025182    
   12045.00      0.9136862    
   12060.00      0.8322512    
   12075.00      0.7936118    
   12090.00      0.8017694    
   12105.00      0.8560678    
   12120.00      0.9501919    
   12135.00       1.066867    
   12150.00       1.174236    
   12165.00       1.233482    
   12180.00       1.219595    
   12195.00       1.138686    
   12210.00       1.023404    
   12225.00      0.9117033    
   12240.00      0.8301826    
   12240.00      0.8349743    
   12255.00      0.7971905    
   12270.00      0.8053880    
   12285.00      0.8588537    
   12300.00      0.9510825    
   12315.00       1.064849    
   12330.00       1.169140    
   12345.00       1.226733    
   12360.00       1.213791    
   12375.00       1.136084    
   12390.00       1.024699    
   12405.00      0.9161706    
   12420.00      0.8365933    
   12435.00      0.7987763    
   12450.00      0.8068721    
   12465.00      0.8601571    
   12480.00      0.9520798    
   12495.00       1.065423    
   12510.00       1.169223    
   12525.00       1.226315    
   12540.00       1.212927    
   12555.00       1.134864    
   12570.00       1.023229    
   12585.00      0.9145823    
   12600.00      0.8349743    
   12600.00      0.8416961    
   12615.00      0.8049761    
   12630.00      0.8129474    
   12645.00      0.8648237    
   12660.00      0.9538593    
   12675.00       1.063015    
   12690.00       1.162494    
   12705.00       1.217196    
   12720.00       1.204809    
   12735.00       1.130682    
   12750.00       1.023969    
   12765.00      0.9193985    
   12780.00      0.8423010    
   12795.00      0.8055525    
   12810.00      0.8134823    
   12825.00      0.8652988    
   12840.00      0.9542406    
   12855.00       1.063231    
   12870.00       1.162497    
   12885.00       1.216961    
   12900.00       1.204365    
   12915.00       1.130103    
   12930.00       1.023337    
   12945.00      0.9187622    
   12960.00      0.8416961    
