  0.0000000E+00   36829.9325331257     
   15.00000       35431.2255746824     
   30.00000       33786.6892236976     
   45.00000       32245.2855977762     
   60.00000       30963.3078652908     
   75.00000       30039.1258969009     
   90.00000       29467.6628841951     
   105.0000       29114.6011374135     
   120.0000       28910.4659245891     
   135.0000       28838.9010202795     
   150.0000       28886.6303292484     
   165.0000       29098.8350820963     
   180.0000       29399.6707221601     
   195.0000       29872.8830934143     
   210.0000       30652.5150125724     
   225.0000       31695.1857279806     
   240.0000       32797.6749258810     
   255.0000       33991.2040284407     
   270.0000       35235.6554107539     
   285.0000       36449.0684113685     
   300.0000       37404.7615593716     
   315.0000       37893.3229339421     
   330.0000       37902.0812294198     
   345.0000       37571.1908995834     
   360.0000       36829.9325331257     
   360.0000       34999.1788328938     
   375.0000       33773.0282995529     
   390.0000       32261.6708996278     
   405.0000       30822.7508281494     
   420.0000       29620.1825205932     
   435.0000       28754.1531834313     
   450.0000       28220.3322707386     
   465.0000       27897.2787001697     
   480.0000       27719.1477942400     
   495.0000       27664.5815117339     
   510.0000       27719.2557995570     
   525.0000       27920.8822099355     
   540.0000       28199.1470536070     
   555.0000       28633.6904191265     
   570.0000       29321.0433904547     
   585.0000       30212.0118683729     
   600.0000       31190.9392220935     
   615.0000       32264.8070140510     
   630.0000       33397.7516835979     
   645.0000       34514.9386640397     
   660.0000       35413.0060695950     
   675.0000       35897.2538418863     
   690.0000       35937.8492141221     
   705.0000       35657.6181561533     
   720.0000       34999.1788328938     
   720.0000       31733.2827022230     
   735.0000       30787.2923151788     
   750.0000       29560.5576895446     
   765.0000       28337.2632452233     
   780.0000       27281.7928262939     
   795.0000       26496.2088104667     
   810.0000       25992.0759038774     
   825.0000       25680.0720239366     
   840.0000       25504.0801061019     
   855.0000       25442.5116418501     
   870.0000       25478.3722687349     
   885.0000       25640.5267249729     
   900.0000       25865.7051267094     
   915.0000       26212.0704416266     
   930.0000       26742.3722753304     
   945.0000       27425.6101206204     
   960.0000       28218.4148294457     
   975.0000       29108.7601529650     
   990.0000       30064.0176409145     
   1005.000       31024.7162215208     
   1020.000       31828.9633727428     
   1035.000       32308.6460764630     
   1050.000       32415.5278656310     
   1065.000       32236.9885625911     
   1080.000       31733.2827022230     
   1080.000       28027.4235727040     
   1095.000       27360.3705051222     
   1110.000       26436.3458180612     
   1125.000       25462.4615189140     
   1140.000       24577.5647088835     
   1155.000       23880.1676369121     
   1170.000       23404.3397539613     
   1185.000       23097.0371500940     
   1200.000       22912.5775059368     
   1215.000       22830.9266396942     
   1230.000       22831.5175473955     
   1245.000       22939.2539242655     
   1260.000       23095.7541075221     
   1275.000       23342.9462764622     
   1290.000       23717.6533292981     
   1305.000       24211.9886695229     
   1320.000       24816.5861517783     
   1335.000       25517.7875254869     
   1350.000       26287.1652546073     
   1365.000       27081.4843772071     
   1380.000       27783.4568095620     
   1395.000       28254.5011621443     
   1410.000       28430.0589154693     
   1425.000       28361.6738803153     
   1440.000       28027.4235727040     
   1440.000       24325.3038488809     
   1455.000       23888.7533106483     
   1470.000       23231.2275473846     
   1485.000       22486.2728250375     
   1500.000       21774.6818727491     
   1515.000       21175.3039653299     
   1530.000       20737.7990748166     
   1545.000       20441.5248935266     
   1560.000       20251.5906565498     
   1575.000       20151.4101512289     
   1590.000       20116.9051429322     
   1605.000       20168.6377419010     
   1620.000       20260.2577004639     
   1635.000       20422.4175638128     
   1650.000       20669.0389876946     
   1665.000       21011.0472615719     
   1680.000       21451.3869817378     
   1695.000       21983.4324376596     
   1710.000       22583.8815166749     
   1725.000       23222.4707997215     
   1740.000       23820.2940469990     
   1755.000       24268.2712440825     
   1770.000       24492.1144692145     
   1785.000       24514.1497198148     
   1800.000       24325.3038488809     
   1800.000       20862.4115522200     
   1815.000       20585.1684836336     
   1830.000       20133.0653921883     
   1845.000       19579.5154063944     
   1860.000       19015.8152571926     
   1875.000       18520.4914265743     
   1890.000       18140.5073852922     
   1905.000       17873.0894901417     
   1920.000       17693.6421571925     
   1935.000       17587.9289701790     
   1950.000       17530.6208853476     
   1965.000       17540.9193164196     
   1980.000       17588.9131812810     
   1995.000       17685.5614187105     
   2010.000       17843.6506998549     
   2025.000       18075.8243237172     
   2040.000       18390.3612891179     
   2055.000       18787.8603493189     
   2070.000       19249.9159115349     
   2085.000       19753.9673279583     
   2100.000       20247.8918607168     
   2115.000       20649.2717254543     
   2130.000       20884.6908222073     
   2145.000       20956.2630069948     
   2160.000       20862.4115522200     
   2160.000       17792.9766250672     
   2175.000       17602.5336668770     
   2190.000       17279.7397816246     
   2205.000       16870.0003475321     
   2220.000       16439.0976302787     
   2235.000       16042.6860106449     
   2250.000       15728.8599335305     
   2265.000       15505.5623433836     
   2280.000       15353.2334913034     
   2295.000       15258.8703191633     
   2310.000       15200.6329906834     
   2325.000       15194.0095811216     
   2340.000       15213.7138441089     
   2355.000       15272.3214052500     
   2370.000       15377.9115751177     
   2385.000       15541.9046269894     
   2400.000       15773.4556125293     
   2415.000       16076.7636421119     
   2430.000       16436.5910669522     
   2445.000       16833.6351130241     
   2460.000       17230.0959528390     
   2475.000       17564.4318581462     
   2490.000       17772.4671052218     
   2505.000       17847.9165056025     
   2520.000       17792.9766250672     
   2520.000       15173.6592469718     
   2535.000       15016.6621482291     
   2550.000       14764.3682902503     
   2565.000       14449.4082049943     
   2580.000       14120.0680076206     
   2595.000       13818.7588880191     
   2610.000       13581.4159272046     
   2625.000       13414.3540635954     
   2640.000       13300.5190972102     
   2655.000       13229.0752796253     
   2670.000       13181.0756169990     
   2685.000       13169.8219822828     
   2700.000       13179.2689861230     
   2715.000       13221.2355480634     
   2730.000       13300.8736620793     
   2745.000       13428.9287983792     
   2760.000       13612.7523247045     
   2775.000       13856.4429483475     
   2790.000       14145.4930389863     
   2805.000       14461.3288404820     
   2820.000       14772.2152986966     
   2835.000       15029.9784153856     
   2850.000       15184.5804580323     
   2865.000       15230.7894096223     
   2880.000       15173.6592469718     
   2880.000       12953.3286740268     
   2895.000       12803.8215227374     
   2910.000       12589.9659445025     
   2925.000       12339.1352927881     
   2940.000       12087.6150618824     
   2955.000       11867.0066526090     
   2970.000       11700.9074784244     
   2985.000       11589.8280143226     
   3000.000       11516.8706258919     
   3015.000       11471.6495287179     
   3030.000       11440.4987792431     
   3045.000       11434.5211390793     
   3060.000       11444.1154886209     
   3075.000       11481.6035402355     
   3090.000       11550.5021959431     
   3105.000       11660.8060623720     
   3120.000       11817.8151032600     
   3135.000       12023.1442447423     
   3150.000       12261.5739456574     
   3165.000       12514.1556061958     
   3180.000       12750.9048302393     
   3195.000       12933.4082045713     
   3210.000       13026.5502268688     
   3225.000       13030.5667472732     
   3240.000       12953.3286740268     
   3240.000       11042.4097059986     
   3255.000       10895.5209100429     
   3270.000       10709.0801662183     
   3285.000       10507.4322598444     
   3300.000       10318.0461736601     
   3315.000       10163.6772963360     
   3330.000       10057.2869911501     
   3345.000       9993.48234302815     
   3360.000       9955.35782199705     
   3375.000       9933.30222930263     
   3390.000       9918.25738978135     
   3405.000       9919.65141858920     
   3420.000       9932.64923638672     
   3435.000       9969.72444628317     
   3450.000       10033.4288516125     
   3465.000       10133.1534666750     
   3480.000       10271.5473353610     
   3495.000       10447.5300335668     
   3510.000       10645.0413022695     
   3525.000       10844.8232581881     
   3540.000       11018.2418726645     
   3555.000       11135.0916672435     
   3570.000       11173.4077184750     
   3585.000       11139.1255780334     
   3600.000       11042.4097059986     
   3600.000       9381.18993412833     
   3615.000       9241.39033338660     
   3630.000       9080.62198879846     
   3645.000       8920.29294796057     
   3660.000       8781.00688411812     
   3675.000       8678.45340561513     
   3690.000       8617.56851144815     
   3705.000       8588.96733828203     
   3720.000       8576.39599273972     
   3735.000       8571.34945011013     
   3750.000       8568.19311885658     
   3765.000       8575.09767138281     
   3780.000       8590.72337247369     
   3795.000       8626.93118228965     
   3810.000       8685.73404689286     
   3825.000       8775.64431701483     
   3840.000       8896.95803848237     
   3855.000       9046.62884632670     
   3870.000       9208.45067240773     
   3885.000       9363.48058592951     
   3900.000       9485.22579411249     
   3915.000       9550.88894493736     
   3930.000       9548.58902884551     
   3945.000       9488.18223040847     
   3960.000       9381.18993412833     
   3960.000       7944.50811712794     
   3975.000       7817.03365185400     
   3990.000       7681.49351036314     
   4005.000       7556.15824599707     
   4020.000       7456.19215407915     
   4035.000       7391.87423223455     
   4050.000       7362.87003022243     
   4065.000       7357.89696288494     
   4080.000       7361.95398822903     
   4095.000       7367.72881908008     
   4110.000       7371.88405941818     
   4125.000       7381.64295426857     
   4140.000       7398.03503853586     
   4155.000       7431.76433040373     
   4170.000       7484.56097411066     
   4185.000       7563.79852594643     
   4200.000       7668.07156164108     
   4215.000       7793.33889383415     
   4230.000       7924.02971994935     
   4245.000       8042.23376267755     
   4260.000       8124.39555915573     
   4275.000       8153.98513572953     
   4290.000       8125.99494246857     
   4305.000       8052.20618433109     
   4320.000       7944.50811712794     
   4320.000       6716.27057929596     
   4335.000       6604.08154763326     
   4350.000       6491.97618624278     
   4365.000       6395.17600303567     
   4380.000       6324.82143391160     
   4395.000       6287.26973521068     
   4410.000       6279.04581041132     
   4425.000       6288.50148995461     
   4440.000       6302.20433016715     
   4455.000       6313.95986198757     
   4470.000       6321.89770333993     
   4485.000       6332.48122591860     
   4500.000       6348.16229526299     
   4515.000       6378.25944361247     
   4530.000       6424.33449335273     
   4545.000       6492.53218728014     
   4560.000       6580.43589305565     
   4575.000       6683.75031307919     
   4590.000       6788.09284545415     
   4605.000       6877.12229152768     
   4620.000       6930.55575239762     
   4635.000       6936.76669500635     
   4650.000       6895.02223245688     
   4665.000       6817.64365029335     
   4680.000       6716.27057929596     
   4680.000       5674.12559865767     
   4695.000       5577.87666370596     
   4710.000       5486.49621457732     
   4725.000       5412.41067972148     
   4740.000       5363.71209603369     
   4755.000       5344.09193614068     
   4770.000       5348.48052428835     
   4785.000       5365.78594452860     
   4800.000       5384.24215826519     
   4815.000       5398.65071625118     
   4830.000       5408.06118345316     
   4845.000       5418.26588703280     
   4860.000       5432.42503140876     
   4875.000       5458.45747038562     
   4890.000       5497.78399606014     
   4905.000       5555.37219178799     
   4920.000       5628.34251347063     
   4935.000       5712.58933034917     
   4950.000       5795.22042921631     
   4965.000       5861.75365917453     
   4980.000       5895.12476315346     
   4995.000       5887.34598125375     
   5010.000       5840.25928825208     
   5025.000       5765.59050821572     
   5040.000       5674.12559865767     
   5040.000       4792.02168490768     
   5055.000       4711.04583083317     
   5070.000       4637.37511498125     
   5085.000       4581.02413815029     
   5100.000       4547.82077394767     
   5115.000       4539.70365573613     
   5130.000       4551.02986790023     
   5145.000       4571.75153967339     
   5160.000       4591.74463235933     
   5175.000       4606.68486420240     
   5190.000       4616.19358749078     
   5205.000       4625.42442749392     
   5220.000       4637.75208658602     
   5235.000       4659.78624338783     
   5250.000       4692.79669695271     
   5265.000       4740.70523125513     
   5280.000       4800.54543484909     
   5295.000       4868.62337246159     
   5310.000       4933.65575497401     
   5325.000       4983.11213046602     
   5340.000       5002.88684056480     
   5355.000       4987.70040421152     
   5370.000       4940.48063344293     
   5385.000       4872.01488484832     
   5400.000       4792.02168490768     
   5400.000       4044.91959256131     
   5415.000       3977.88524832853     
   5430.000       3919.04486374324     
   5445.000       3876.36449524364     
   5460.000       3854.06330882947     
   5475.000       3852.92563847670     
   5490.000       3867.38830983750     
   5505.000       3888.66290908544     
   5520.000       3908.18004506958     
   5535.000       3922.38071825003     
   5550.000       3931.23455795177     
   5565.000       3939.26525230776     
   5580.000       3949.74291815706     
   5595.000       3968.10069109442     
   5610.000       3995.44083879625     
   5625.000       4034.79847168948     
   5640.000       4083.35385862829     
   5655.000       4137.91112308220     
   5670.000       4188.80093923288     
   5685.000       4225.40774855692     
   5700.000       4236.28650391711     
   5715.000       4217.89786908774     
   5730.000       4173.68567493571     
   5745.000       4113.19437821482     
   5760.000       4044.91959256131     
   5760.000       3411.00110273297     
   5775.000       3356.33676450604     
   5790.000       3309.77490649594     
   5805.000       3277.57100751637     
   5820.000       3262.80305734314     
   5835.000       3265.54213392197     
   5850.000       3280.67974704803     
   5865.000       3300.74331548182     
   5880.000       3318.60000394999     
   5895.000       3331.35939693580     
   5910.000       3339.19191408639     
   5925.000       3345.99747571641     
   5940.000       3354.75103004124     
   5955.000       3369.85076026285     
   5970.000       3392.22131226727     
   5985.000       3424.16900976717     
   6000.000       3463.15278548585     
   6015.000       3506.48739047778     
   6030.000       3546.05176251091     
   6045.000       3573.04084231943     
   6060.000       3578.25150627738     
   6075.000       3559.38950046349     
   6090.000       3519.92280678236     
   6105.000       3468.04659255989     
   6120.000       3411.00110273297     
   6120.000       2871.91010716381     
   6135.000       2828.03444057025     
   6150.000       2791.55107612253     
   6165.000       2767.38804783732     
   6180.000       2757.72504355011     
   6195.000       2762.26927656179     
   6210.000       2776.57015595634     
   6225.000       2794.42676153080     
   6240.000       2810.00579956337     
   6255.000       2820.97937224385     
   6270.000       2827.63676455511     
   6285.000       2833.28297712521     
   6300.000       2840.49423853396     
   6315.000       2852.76297647347     
   6330.000       2870.83505345567     
   6345.000       2896.43215159951     
   6360.000       2927.35489297416     
   6375.000       2961.40367713302     
   6390.000       2991.90110179102     
   6405.000       3011.68604417381     
   6420.000       3013.46337863491     
   6435.000       2995.80105864730     
   6450.000       2961.89359097978     
   6465.000       2918.59046196489     
   6480.000       2871.91010716381     
   6480.000       2412.17567256062     
   6495.000       2377.58479238853     
   6510.000       2349.40112292477     
   6525.000       2331.40862386221     
   6540.000       2325.14597571058     
   6555.000       2330.17078262174     
   6570.000       2342.73846190561     
   6585.000       2357.85258063209     
   6600.000       2370.86512955962     
   6615.000       2379.96759271745     
   6630.000       2385.46895022978     
   6645.000       2390.06999866546     
   6660.000       2395.91492108560     
   6675.000       2405.74458123242     
   6690.000       2420.12449343407     
   6705.000       2440.31243796068     
   6720.000       2464.47065993953     
   6735.000       2490.84285400580     
   6750.000       2514.06990731288     
   6765.000       2528.44812969130     
   6780.000       2528.30068013027     
   6795.000       2512.79306843555     
   6810.000       2484.67715744187     
   6825.000       2449.52141196547     
   6840.000       2412.17567256062     
   6840.000       2019.57529801300     
   6855.000       1992.96503709642     
   6870.000       1971.61201862950     
   6885.000       1958.36868786649     
   6900.000       1954.31225147810     
   6915.000       1958.97515589485     
   6930.000       1969.36818990872     
   6945.000       1981.58824691454     
   6960.000       1992.02268968772     
   6975.000       1999.29356071172     
   6990.000       2003.70056334511     
   7005.000       2007.38886955863     
   7020.000       2012.06332192889     
   7035.000       2019.78938310837     
   7050.000       2030.99829310991     
   7065.000       2046.58398274515     
   7080.000       2065.06063331315     
   7095.000       2085.06694359341     
   7110.000       2102.42727802621     
   7125.000       2112.73690034874     
   7140.000       2111.68965304795     
   7155.000       2098.78648759058     
   7170.000       2076.30784788373     
   7185.000       2048.63248770643     
   7200.000       2019.57529801300     
   7200.000       1683.61557648503     
   7215.000       1663.82091543688     
   7230.000       1648.09744045732     
   7245.000       1638.52963151696     
   7260.000       1635.87253139720     
   7275.000       1639.72269906053     
   7290.000       1647.79514707847     
   7305.000       1657.16353250570     
   7320.000       1665.13228349559     
   7335.000       1670.69109743619     
   7350.000       1674.09940645612     
   7365.000       1676.98662314769     
   7380.000       1680.63825003472     
   7395.000       1686.55907775800     
   7410.000       1695.03792278841     
   7425.000       1706.69605046457     
   7440.000       1720.39050600631     
   7455.000       1735.10073502886     
   7470.000       1747.70121275893     
   7485.000       1754.92135635724     
   7500.000       1753.60472883030     
   7515.000       1743.47480165217     
   7530.000       1726.30474374045     
   7545.000       1705.39621044638     
   7560.000       1683.61557648503     
   7560.000       1395.49732838369     
   7575.000       1381.50220040776     
   7590.000       1370.43758650916     
   7605.000       1363.76243522353     
   7620.000       1361.98580461234     
   7635.000       1364.80394997328     
   7650.000       1370.58899509241     
   7665.000       1377.27877076600     
   7680.000       1382.97833991113     
   7695.000       1386.98900700196     
   7710.000       1389.50985037015     
   7725.000       1391.69912617010     
   7740.000       1394.45664387955     
   7755.000       1398.81415247860     
   7770.000       1404.94764832610     
   7785.000       1413.26211809380     
   7800.000       1422.91884375378     
   7815.000       1433.20520337336     
   7830.000       1441.91708404908     
   7845.000       1446.77063021805     
   7860.000       1445.57032722496     
   7875.000       1438.17100362613     
   7890.000       1425.85321068457     
   7905.000       1410.95239366794     
   7920.000       1395.49732838369     
   7920.000       1147.83220542526     
   7935.000       1138.77902977734     
   7950.000       1131.60019120246     
   7965.000       1127.23363613044     
   7980.000       1126.00650979562     
   7995.000       1127.73266433265     
   8010.000       1131.37648791641     
   8025.000       1135.63347077768     
   8040.000       1139.30320495040     
   8055.000       1141.94850987594     
   8070.000       1143.69551683507     
   8085.000       1145.27726926804     
   8100.000       1147.24797803745     
   8115.000       1150.24368627256     
   8130.000       1154.34768758676     
   8145.000       1159.80007322970     
   8160.000       1166.04110128561     
   8175.000       1172.62000127008     
   8190.000       1178.13404212399     
   8205.000       1181.14146894559     
   8220.000       1180.25961053866     
   8235.000       1175.41801988840     
   8250.000       1167.43966838625     
   8265.000       1157.81507018779     
   8280.000       1147.83220542526     
   8280.000       934.372629163588     
   8295.000       929.523942278433     
   8310.000       925.603282401659     
   8325.000       923.115417675494     
   8340.000       922.247769939236     
   8355.000       922.929430769209     
   8370.000       924.648356131290     
   8385.000       926.759597720615     
   8400.000       928.661937906396     
   8415.000       930.135033401022     
   8430.000       931.224354607827     
   8445.000       932.282577708731     
   8460.000       933.559453393736     
   8475.000       935.358385927101     
   8490.000       937.694374327857     
   8505.000       940.681301785506     
   8520.000       944.009240059675     
   8535.000       947.454018113211     
   8550.000       950.304435569171     
   8565.000       951.843165895031     
   8580.000       951.368805613088     
   8595.000       948.849699739255     
   8610.000       944.693790876082     
   8625.000       939.651477518632     
   8640.000       934.372629163588     
