  0.0000000E+00   75.1983182139185        6.000000    
   15.00000       74.7448150033355        6.000000    
   30.00000       74.2916281922132        6.000000    
   45.00000       73.9230308246555        6.000000    
   60.00000       73.3136676417142        6.000000    
   75.00000       72.5174193450128        6.000000    
   90.00000       71.7644205964590        6.000000    
   105.0000       71.2005650064683        6.000000    
   120.0000       70.9015588741706        6.000000    
   135.0000       70.8212525856983        6.000000    
   150.0000       70.9231118647896        6.000000    
   165.0000       71.1223805649352        6.000000    
   180.0000       71.4537552385200        6.000000    
   195.0000       71.9396168624341        6.000000    
   210.0000       72.4884634969745        6.000000    
   225.0000       73.1934556724898        6.000000    
   240.0000       74.2407445801598        6.000000    
   255.0000       75.4347639770237        6.000000    
   270.0000       76.1258357882292        6.000000    
   285.0000       76.3249763396234        6.000000    
   300.0000       76.3568171852023        6.000000    
   315.0000       76.2889209424960        6.000000    
   330.0000       76.0656576751255        6.000000    
   345.0000       75.6523780769907        6.000000    
  0.0000000E+00   75.1983182139185        6.000000    
 
  0.0000000E+00   79.8963775679173        6.184783    
   15.00000       79.2296785573697        6.184783    
   30.00000       78.4966722006180        6.184783    
   45.00000       77.9629515648039        6.184783    
   60.00000       77.3822051635087        6.184783    
   75.00000       76.3637821268345        6.184783    
   90.00000       75.2863203853106        6.184783    
   105.0000       74.4754222605573        6.184783    
   120.0000       74.0057261601351        6.184783    
   135.0000       73.8836203396397        6.184783    
   150.0000       74.0418228271147        6.184783    
   165.0000       74.3496426674903        6.184783    
   180.0000       74.8646866639336        6.184783    
   195.0000       75.6046936746006        6.184783    
   210.0000       76.4438771214933        6.184783    
   225.0000       77.4949869170930        6.184783    
   240.0000       79.0228560169461        6.184783    
   255.0000       80.5021876027377        6.184783    
   270.0000       81.1537184536772        6.184783    
   285.0000       81.4179402935476        6.184783    
   300.0000       81.4807379609997        6.184783    
   315.0000       81.4185040042791        6.184783    
   330.0000       81.1319703020562        6.184783    
   345.0000       80.5493422780125        6.184783    
  0.0000000E+00   79.8963775679173        6.184783    
 
  0.0000000E+00   83.1095381900493        6.369565    
   15.00000       82.3648377021319        6.369565    
   30.00000       81.4859898772006        6.369565    
   45.00000       80.7932109830805        6.369565    
   60.00000       80.2832239337902        6.369565    
   75.00000       79.4346979763642        6.369565    
   90.00000       78.3561466592834        6.369565    
   105.0000       77.4842169725472        6.369565    
   120.0000       76.9673458665090        6.369565    
   135.0000       76.8289695830913        6.369565    
   150.0000       77.0172624508085        6.369565    
   165.0000       77.3882439219907        6.369565    
   180.0000       78.0046160777092        6.369565    
   195.0000       78.8679407816140        6.369565    
   210.0000       79.8308307281334        6.369565    
   225.0000       81.0234849813965        6.369565    
   240.0000       82.6274382652127        6.369565    
   255.0000       83.8498958066614        6.369565    
   270.0000       84.4259154935338        6.369565    
   285.0000       84.7037116084110        6.369565    
   300.0000       84.7832297587172        6.369565    
   315.0000       84.7369039217713        6.369565    
   330.0000       84.4545438339064        6.369565    
   345.0000       83.8295356725087        6.369565    
  0.0000000E+00   83.1095381900493        6.369565    
 
  0.0000000E+00   85.0935345580935        6.554348    
   15.00000       84.3368191600282        6.554348    
   30.00000       83.4029047089575        6.554348    
   45.00000       82.5773635165927        6.554348    
   60.00000       82.0164154629784        6.554348    
   75.00000       81.3948857299473        6.554348    
   90.00000       80.5178725774188        6.554348    
   105.0000       79.7189835648166        6.554348    
   120.0000       79.2154447293924        6.554348    
   135.0000       79.0732196797919        6.554348    
   150.0000       79.2702517493274        6.554348    
   165.0000       79.6712442726369        6.554348    
   180.0000       80.3269800275215        6.554348    
   195.0000       81.2352654880939        6.554348    
   210.0000       82.2279336339580        6.554348    
   225.0000       83.4054733220875        6.554348    
   240.0000       84.8135954240063        6.554348    
   255.0000       85.7806036072718        6.554348    
   270.0000       86.3248492775642        6.554348    
   285.0000       86.6153657344362        6.554348    
   300.0000       86.7039249512924        6.554348    
   315.0000       86.6674381095918        6.554348    
   330.0000       86.4203317491667        6.554348    
   345.0000       85.8207951766726        6.554348    
  0.0000000E+00   85.0935345580935        6.554348    
 
  0.0000000E+00   86.2103697018205        6.739130    
   15.00000       85.4616238688613        6.739130    
   30.00000       84.5271206876318        6.739130    
   45.00000       83.6023849720805        6.739130    
   60.00000       82.9288363863288        6.739130    
   75.00000       82.3564027921828        6.739130    
   90.00000       81.7250324839143        6.739130    
   105.0000       81.0869333905222        6.739130    
   120.0000       80.6606018326074        6.739130    
   135.0000       80.5330896408967        6.739130    
   150.0000       80.7329971411638        6.739130    
   165.0000       81.1528769170752        6.739130    
   180.0000       81.8239339627282        6.739130    
   195.0000       82.7221081906758        6.739130    
   210.0000       83.6854346765514        6.739130    
   225.0000       84.7521410347108        6.739130    
   240.0000       85.8983979039180        6.739130    
   255.0000       86.7602213482562        6.739130    
   270.0000       87.3056248558429        6.739130    
   285.0000       87.6193160876172        6.739130    
   300.0000       87.7172500983661        6.739130    
   315.0000       87.6787578469029        6.739130    
   330.0000       87.4706906136940        6.739130    
   345.0000       86.9261779738421        6.739130    
  0.0000000E+00   86.2103697018205        6.739130    
 
  0.0000000E+00   86.6953318278777        6.923913    
   15.00000       85.9426558392652        6.923913    
   30.00000       85.0274971249667        6.923913    
   45.00000       84.0452202447727        6.923913    
   60.00000       83.2506141247092        6.923913    
   75.00000       82.6306015080060        6.923913    
   90.00000       82.0779533857840        6.923913    
   105.0000       81.6008595071932        6.923913    
   120.0000       81.3072739890569        6.923913    
   135.0000       81.2476182733671        6.923913    
   150.0000       81.4822375040894        6.923913    
   165.0000       81.9349772799528        6.923913    
   180.0000       82.6159716782918        6.923913    
   195.0000       83.4895234730148        6.923913    
   210.0000       84.3951730509728        6.923913    
   225.0000       85.3538408974935        6.923913    
   240.0000       86.3631629196844        6.923913    
   255.0000       87.1783329007653        6.923913    
   270.0000       87.7321114383073        6.923913    
   285.0000       88.0634704253376        6.923913    
   300.0000       88.1626729704058        6.923913    
   315.0000       88.1010730737366        6.923913    
   330.0000       87.9045397593032        6.923913    
   345.0000       87.4058319398437        6.923913    
  0.0000000E+00   86.6953318278777        6.923913    
 
  0.0000000E+00   86.6577016038138        7.108696    
   15.00000       85.8757968145550        7.108696    
   30.00000       84.9707460593485        7.108696    
   45.00000       83.9683122409639        7.108696    
   60.00000       83.0938988656334        7.108696    
   75.00000       82.4147993147671        7.108696    
   90.00000       81.8771579118778        7.108696    
   105.0000       81.4851737194340        7.108696    
   120.0000       81.2889119187107        7.108696    
   135.0000       81.3184800078224        7.108696    
   150.0000       81.6325530815149        7.108696    
   165.0000       82.1561900715688        7.108696    
   180.0000       82.8857626438012        7.108696    
   195.0000       83.7921179432168        7.108696    
   210.0000       84.7091426330397        7.108696    
   225.0000       85.6293535996529        7.108696    
   240.0000       86.5565697763447        7.108696    
   255.0000       87.3246885976331        7.108696    
   270.0000       87.8562742308858        7.108696    
   285.0000       88.1704283430100        7.108696    
   300.0000       88.2387765251226        7.108696    
   315.0000       88.1220023965078        7.108696    
   330.0000       87.8863390463357        7.108696    
   345.0000       87.3868071914117        7.108696    
  0.0000000E+00   86.6577016038138        7.108696    
 
  0.0000000E+00   86.1659833192597        7.293478    
   15.00000       85.3371708478854        7.293478    
   30.00000       84.4245016486688        7.293478    
   45.00000       83.4305240264573        7.293478    
   60.00000       82.5424003843255        7.293478    
   75.00000       81.8528161159621        7.293478    
   90.00000       81.3510644561577        7.293478    
   105.0000       81.0508368474228        7.293478    
   120.0000       80.9733547196292        7.293478    
   135.0000       81.1358792823341        7.293478    
   150.0000       81.5794933595110        7.293478    
   165.0000       82.2199872693968        7.293478    
   180.0000       83.0378901095215        7.293478    
   195.0000       83.9978219812993        7.293478    
   210.0000       84.9347713022653        7.293478    
   225.0000       85.8270427730459        7.293478    
   240.0000       86.6748381289404        7.293478    
   255.0000       87.3596679058870        7.293478    
   270.0000       87.8140222032607        7.293478    
   285.0000       88.0516600600932        7.293478    
   300.0000       88.0387863228668        7.293478    
   315.0000       87.8296679210209        7.293478    
   330.0000       87.5029963811462        7.293478    
   345.0000       86.9429344824790        7.293478    
  0.0000000E+00   86.1659833192597        7.293478    
 
  0.0000000E+00   85.3371325008046        7.478261    
   15.00000       84.4640026975189        7.478261    
   30.00000       83.5446338285502        7.478261    
   45.00000       82.5857986515122        7.478261    
   60.00000       81.7460626536460        7.478261    
   75.00000       81.1138787853286        7.478261    
   90.00000       80.7062670116772        7.478261    
   105.0000       80.5432218932976        7.478261    
   120.0000       80.6296882101637        7.478261    
   135.0000       80.9717769258470        7.478261    
   150.0000       81.5810387347971        7.478261    
   165.0000       82.3588180039059        7.478261    
   180.0000       83.2727029878114        7.478261    
   195.0000       84.2701923015061        7.478261    
   210.0000       85.1949137300021        7.478261    
   225.0000       86.0289491326255        7.478261    
   240.0000       86.7671211573645        7.478261    
   255.0000       87.3215457931519        7.478261    
   270.0000       87.6453675973203        7.478261    
   285.0000       87.7526946203858        7.478261    
   300.0000       87.6139623054036        7.478261    
   315.0000       87.2860653364294        7.478261    
   330.0000       86.8369079532507        7.478261    
   345.0000       86.1774268806727        7.478261    
  0.0000000E+00   85.3371325008046        7.478261    
 
  0.0000000E+00   84.3547818914062        7.663043    
   15.00000       83.4563250427976        7.663043    
   30.00000       82.5478376299133        7.663043    
   45.00000       81.6511467122320        7.663043    
   60.00000       80.9049146045583        7.663043    
   75.00000       80.3853007882754        7.663043    
   90.00000       80.1251151176642        7.663043    
   105.0000       80.1414262023276        7.663043    
   120.0000       80.4257045942353        7.663043    
   135.0000       80.9686498565733        7.663043    
   150.0000       81.7459133955207        7.663043    
   165.0000       82.6457634294470        7.663043    
   180.0000       83.6266899681686        7.663043    
   195.0000       84.6177136665581        7.663043    
   210.0000       85.4818062195233        7.663043    
   225.0000       86.2153405874485        7.663043    
   240.0000       86.8098403437280        7.663043    
   255.0000       87.2016796503491        7.663043    
   270.0000       87.3664715860142        7.663043    
   285.0000       87.3189847485019        7.663043    
   300.0000       87.0389362289074        7.663043    
   315.0000       86.5867895765711        7.663043    
   330.0000       86.0105399960672        7.663043    
   345.0000       85.2487433213092        7.663043    
  0.0000000E+00   84.3547818914062        7.663043    
 
  0.0000000E+00   83.4048014496785        7.847826    
   15.00000       82.5046499958122        7.847826    
   30.00000       81.6289083812487        7.847826    
   45.00000       80.8151418630678        7.847826    
   60.00000       80.1873339553218        7.847826    
   75.00000       79.8113874229315        7.847826    
   90.00000       79.7276135233280        7.847826    
   105.0000       79.9415664446291        7.847826    
   120.0000       80.4299794063179        7.847826    
   135.0000       81.1619646746353        7.847826    
   150.0000       82.0782050756378        7.847826    
   165.0000       83.0599419960251        7.847826    
   180.0000       84.0602197510718        7.847826    
   195.0000       84.9965984826915        7.847826    
   210.0000       85.7604478126770        7.847826    
   225.0000       86.3639806412300        7.847826    
   240.0000       86.7984449490887        7.847826    
   255.0000       87.0217538717558        7.847826    
   270.0000       87.0279055304219        7.847826    
   285.0000       86.8311903023189        7.847826    
   300.0000       86.4214290825366        7.847826    
   315.0000       85.8585736920892        7.847826    
   330.0000       85.1724950640641        7.847826    
   345.0000       84.3299960576254        7.847826    
  0.0000000E+00   83.4048014496785        7.847826    
 
  0.0000000E+00   82.6208885450998        8.032609    
   15.00000       81.7391437979819        8.032609    
   30.00000       80.9133230530985        8.032609    
   45.00000       80.1936551900542        8.032609    
   60.00000       79.6931274650016        8.032609    
   75.00000       79.4712594293753        8.032609    
   90.00000       79.5694825982644        8.032609    
   105.0000       79.9760118632653        8.032609    
   120.0000       80.6509465030951        8.032609    
   135.0000       81.5380023264099        8.032609    
   150.0000       82.5497679371302        8.032609    
   165.0000       83.5674143820371        8.032609    
   180.0000       84.5420900580582        8.032609    
   195.0000       85.3895369967573        8.032609    
   210.0000       86.0328004610706        8.032609    
   225.0000       86.4966287755235        8.032609    
   240.0000       86.7745743117254        8.032609    
   255.0000       86.8430689872833        8.032609    
   270.0000       86.7087690443880        8.032609    
   285.0000       86.3848208286060        8.032609    
   300.0000       85.8694816665880        8.032609    
   315.0000       85.2182605806803        8.032609    
   330.0000       84.4489158089468        8.032609    
   345.0000       83.5543771351950        8.032609    
  0.0000000E+00   82.6208885450998        8.032609    
 
  0.0000000E+00   82.0808224868346        8.217392    
   15.00000       81.2322283374849        8.217392    
   30.00000       80.4672365789086        8.217392    
   45.00000       79.8453133995055        8.217392    
   60.00000       79.4712394570361        8.217392    
   75.00000       79.4005134940317        8.217392    
   90.00000       79.6704828348614        8.217392    
   105.0000       80.2500329538464        8.217392    
   120.0000       81.0810948756511        8.217392    
   135.0000       82.0819356719090        8.217392    
   150.0000       83.1456897208748        8.217392    
   165.0000       84.1596237793095        8.217392    
   180.0000       85.0762812616422        8.217392    
   195.0000       85.8173974414080        8.217392    
   210.0000       86.3358893088481        8.217392    
   225.0000       86.6647942599888        8.217392    
   240.0000       86.8014834255366        8.217392    
   255.0000       86.7372651304495        8.217392    
   270.0000       86.4866630210220        8.217392    
   285.0000       86.0616162506927        8.217392    
   300.0000       85.4664795138545        8.217392    
   315.0000       84.7503198937538        8.217392    
   330.0000       83.9245068044382        8.217392    
   345.0000       83.0039839986981        8.217392    
  0.0000000E+00   82.0808224868346        8.217392    
 
  0.0000000E+00   81.8289482107179        8.402174    
   15.00000       81.0240125749739        8.402174    
   30.00000       80.3261124673277        8.402174    
   45.00000       79.8011307096327        8.402174    
   60.00000       79.5474598147114        8.402174    
   75.00000       79.6180105947360        8.402174    
   90.00000       80.0416907427715        8.402174    
   105.0000       80.7670874219825        8.402174    
   120.0000       81.7186027052693        8.402174    
   135.0000       82.7921137417987        8.402174    
   150.0000       83.8703016276426        8.402174    
   165.0000       84.8504240577859        8.402174    
   180.0000       85.6891784307724        8.402174    
   195.0000       86.3189850467937        8.402174    
   210.0000       86.7182062105029        8.402174    
   225.0000       86.9246114917710        8.402174    
   240.0000       86.9398700388781        8.402174    
   255.0000       86.7665682169122        8.402174    
   270.0000       86.4237765879368        8.402174    
   285.0000       85.9224072458971        8.402174    
   300.0000       85.2708298444106        8.402174    
   315.0000       84.5112406446283        8.402174    
   330.0000       83.6526676188119        8.402174    
   345.0000       82.7274326129716        8.402174    
  0.0000000E+00   81.8289482107179        8.402174    
 
  0.0000000E+00   81.8959701555070        8.586957    
   15.00000       81.1423334102315        8.586957    
   30.00000       80.5147589083334        8.586957    
   45.00000       80.0834723930306        8.586957    
   60.00000       79.9417622942236        8.586957    
   75.00000       80.1391496797755        8.586957    
   90.00000       80.6933906698534        8.586957    
   105.0000       81.5335922997868        8.586957    
   120.0000       82.5686416431028        8.586957    
   135.0000       83.6770286860166        8.586957    
   150.0000       84.7387966630112        8.586957    
   165.0000       85.6635435323768        8.586957    
   180.0000       86.4139900701754        8.586957    
   195.0000       86.9352258905015        8.586957    
   210.0000       87.2258293236052        8.586957    
   225.0000       87.3256528794529        8.586957    
   240.0000       87.2404150080279        8.586957    
   255.0000       86.9808238337948        8.586957    
   270.0000       86.5683274739236        8.586957    
   285.0000       86.0129993250545        8.586957    
   300.0000       85.3256229796059        8.586957    
   315.0000       84.5419400174413        8.586957    
   330.0000       83.6711039326958        8.586957    
   345.0000       82.7584562110128        8.586957    
  0.0000000E+00   81.8959701555070        8.586957    
 
  0.0000000E+00   82.3097312587630        8.771739    
   15.00000       81.6131053796275        8.771739    
   30.00000       81.0571932676549        8.771739    
   45.00000       80.7148016881241        8.771739    
   60.00000       80.6740878815970        8.771739    
   75.00000       80.9801143651705        8.771739    
   90.00000       81.6380184084129        8.771739    
   105.0000       82.5596378438186        8.771739    
   120.0000       83.6415391962975        8.771739    
   135.0000       84.7507581370631        8.771739    
   150.0000       85.7711525912908        8.771739    
   165.0000       86.6256328873475        8.771739    
   180.0000       87.2839813185429        8.771739    
   195.0000       87.7040412687930        8.771739    
   210.0000       87.8994661273537        8.771739    
   225.0000       87.9102471930489        8.771739    
   240.0000       87.7454703082839        8.771739    
   255.0000       87.4213272605001        8.771739    
   270.0000       86.9602076450417        8.771739    
   285.0000       86.3714545812304        8.771739    
   300.0000       85.6670905212019        8.771739    
   315.0000       84.8771650842663        8.771739    
   330.0000       84.0122478341218        8.771739    
   345.0000       83.1268364466248        8.771739    
  0.0000000E+00   82.3097312587630        8.771739    
 
  0.0000000E+00   83.1005705160020        8.956522    
   15.00000       82.4654229670655        8.956522    
   30.00000       81.9810948435996        8.956522    
   45.00000       81.7209344616337        8.956522    
   60.00000       81.7675575532358        8.956522    
   75.00000       82.1603738074242        8.956522    
   90.00000       82.8916390312499        8.956522    
   105.0000       83.8593689895657        8.956522    
   120.0000       84.9519568163587        8.956522    
   135.0000       86.0312323100470        8.956522    
   150.0000       86.9899015948742        8.956522    
   165.0000       87.7641613249361        8.956522    
   180.0000       88.3311319263155        8.956522    
   195.0000       88.6603014556345        8.956522    
   210.0000       88.7756816547616        8.956522    
   225.0000       88.7159228722495        8.956522    
   240.0000       88.4925529437967        8.956522    
   255.0000       88.1250543410633        8.956522    
   270.0000       87.6357379805929        8.956522    
   285.0000       87.0332340479839        8.956522    
   300.0000       86.3299444935452        8.956522    
   315.0000       85.5510512636429        8.956522    
   330.0000       84.7089969898444        8.956522    
   345.0000       83.8640188357305        8.956522    
  0.0000000E+00   83.1005705160020        8.956522    
 
  0.0000000E+00   84.3053554439670        9.141304    
   15.00000       83.7353809130227        9.141304    
   30.00000       83.3210871636277        9.141304    
   45.00000       83.1344082991973        9.141304    
   60.00000       83.2515589238608        9.141304    
   75.00000       83.7052957583588        9.141304    
   90.00000       84.4759430493180        9.141304    
   105.0000       85.4522974354431        9.141304    
   120.0000       86.5194155503929        9.141304    
   135.0000       87.5403707517499        9.141304    
   150.0000       88.4201945796119        9.141304    
   165.0000       89.1077474727150        9.141304    
   180.0000       89.5871027182076        9.141304    
   195.0000       89.8375975754867        9.141304    
   210.0000       89.8893660534715        9.141304    
   225.0000       89.7785069539578        9.141304    
   240.0000       89.5179168058154        9.141304    
   255.0000       89.1285009454877        9.141304    
   270.0000       88.6316751158175        9.141304    
   285.0000       88.0352997880847        9.141304    
   300.0000       87.3515089001772        9.141304    
   315.0000       86.6013501857641        9.141304    
   330.0000       85.7989845182963        9.141304    
   345.0000       85.0072705350921        9.141304    
  0.0000000E+00   84.3053554439670        9.141304    
 
  0.0000000E+00   85.9713376784312        9.326087    
   15.00000       85.4697115419775        9.326087    
   30.00000       85.1224544196656        9.326087    
   45.00000       84.9979966718719        9.326087    
   60.00000       85.1649706689975        9.326087    
   75.00000       85.6488950883059        9.326087    
   90.00000       86.4203883344943        9.326087    
   105.0000       87.3647773734852        9.326087    
   120.0000       88.3692547908540        9.326087    
   135.0000       89.3046533127676        9.326087    
   150.0000       90.0903794229540        9.326087    
   165.0000       90.6869569844620        9.326087    
   180.0000       91.0844672430595        9.326087    
   195.0000       91.2699825562567        9.326087    
   210.0000       91.2759041446654        9.326087    
   225.0000       91.1346888011600        9.326087    
   240.0000       90.8594138243545        9.326087    
   255.0000       90.4707399254192        9.326087    
   270.0000       89.9884297654197        9.326087    
   285.0000       89.4194687082648        9.326087    
   300.0000       88.7751992708177        9.326087    
   315.0000       88.0730961052822        9.326087    
   330.0000       87.3283890492871        9.326087    
   345.0000       86.6035285416369        9.326087    
  0.0000000E+00   85.9713376784312        9.326087    
 
  0.0000000E+00   88.1609117308183        9.510870    
   15.00000       87.7305956470503        9.510870    
   30.00000       87.4458498941442        9.510870    
   45.00000       87.3691690802600        9.510870    
   60.00000       87.5601980091986        9.510870    
   75.00000       88.0372372586819        9.510870    
   90.00000       88.7647693863298        9.510870    
   105.0000       89.6317965864912        9.510870    
   120.0000       90.5339105685570        9.510870    
   135.0000       91.3560113202356        9.510870    
   150.0000       92.0328656870931        9.510870    
   165.0000       92.5353611570187        9.510870    
   180.0000       92.8581472867348        9.510870    
   195.0000       92.9937424641635        9.510870    
   210.0000       92.9732486448007        9.510870    
   225.0000       92.8243959401289        9.510870    
   240.0000       92.5591342915873        9.510870    
   255.0000       92.1962935791172        9.510870    
   270.0000       91.7531870264936        9.510870    
   285.0000       91.2358104161745        9.510870    
   300.0000       90.6542205106538        9.510870    
   315.0000       90.0226614235819        9.510870    
   330.0000       89.3563107000708        9.510870    
   345.0000       88.7140099754675        9.510870    
  0.0000000E+00   88.1609117308183        9.510870    
 
  0.0000000E+00   90.9602881424262        9.695652    
   15.00000       90.6046320487992        9.695652    
   30.00000       90.3761013194519        9.695652    
   45.00000       90.3284043003594        9.695652    
   60.00000       90.5106340657990        9.695652    
   75.00000       90.9347313034382        9.695652    
   90.00000       91.5644338118289        9.695652    
   105.0000       92.3012785066540        9.695652    
   120.0000       93.0563175044706        9.695652    
   135.0000       93.7347810001049        9.695652    
   150.0000       94.2868757499940        9.695652    
   165.0000       94.6922639144858        9.695652    
   180.0000       94.9482883922790        9.695652    
   195.0000       95.0505612512682        9.695652    
   210.0000       95.0254108784255        9.695652    
   225.0000       94.8946719784335        9.695652    
   240.0000       94.6677111983715        9.695652    
   255.0000       94.3599129195072        9.695652    
   270.0000       93.9852136450537        9.695652    
   285.0000       93.5484674579717        9.695652    
   300.0000       93.0579990757832        9.695652    
   315.0000       92.5248706162279        9.695652    
   330.0000       91.9625436219404        9.695652    
   345.0000       91.4225249192613        9.695652    
  0.0000000E+00   90.9602881424262        9.695652    
 
  0.0000000E+00   94.4901989926283        9.880435    
   15.00000       94.2136669197112        9.880435    
   30.00000       94.0328471714975        9.880435    
   45.00000       93.9891638237751        9.880435    
   60.00000       94.1194686647195        9.880435    
   75.00000       94.4314336029454        9.880435    
   90.00000       94.8958655453827        9.880435    
   105.0000       95.4381218597873        9.880435    
   120.0000       95.9928621990239        9.880435    
   135.0000       96.4920400714070        9.880435    
   150.0000       96.9005568172726        9.880435    
   165.0000       97.2048465154135        9.880435    
   180.0000       97.4025688027912        9.880435    
   195.0000       97.4900449529135        9.880435    
   210.0000       97.4852863751011        9.880435    
   225.0000       97.4029076443021        9.880435    
   240.0000       97.2480498567323        9.880435    
   255.0000       97.0309069645752        9.880435    
   270.0000       96.7608922587688        9.880435    
   285.0000       96.4416075795948        9.880435    
   300.0000       96.0791207261739        9.880435    
   315.0000       95.6810438237840        9.880435    
   330.0000       95.2567217195724        9.880435    
   345.0000       94.8455612954794        9.880435    
  0.0000000E+00   94.4901989926283        9.880435    
 
  0.0000000E+00   98.9232766315249        10.06522    
   15.00000       98.7326161084509        10.06522    
   30.00000       98.5879705557672        10.06522    
   45.00000       98.5139963336100        10.06522    
   60.00000       98.5335668674036        10.06522    
   75.00000       98.6541315631247        10.06522    
   90.00000       98.8650116407224        10.06522    
   105.0000       99.1302907920586        10.06522    
   120.0000       99.4179335849710        10.06522    
   135.0000       99.6932769339072        10.06522    
   150.0000       99.9341686432882        10.06522    
   165.0000       100.131173003331        10.06522    
   180.0000       100.279258254305        10.06522    
   195.0000       100.373028165247        10.06522    
   210.0000       100.418383043351        10.06522    
   225.0000       100.421183074591        10.06522    
   240.0000       100.380481502640        10.06522    
   255.0000       100.299316080734        10.06522    
   270.0000       100.181127967206        10.06522    
   285.0000       100.028257667044        10.06522    
   300.0000       99.8438956357531        10.06522    
   315.0000       99.6314966036133        10.06522    
   330.0000       99.3927854427353        10.06522    
   345.0000       99.1484783510712        10.06522    
  0.0000000E+00   98.9232766315249        10.06522    
 
  0.0000000E+00   104.512343560946        10.25000    
   15.00000       104.418516934214        10.25000    
   30.00000       104.293930872479        10.25000    
   45.00000       104.140474363525        10.25000    
   60.00000       103.965481950656        10.25000    
   75.00000       103.783631588855        10.25000    
   90.00000       103.620032466037        10.25000    
   105.0000       103.497998079132        10.25000    
   120.0000       103.430610621730        10.25000    
   135.0000       103.423574687712        10.25000    
   150.0000       103.464447549450        10.25000    
   165.0000       103.544209209930        10.25000    
   180.0000       103.651231004051        10.25000    
   195.0000       103.775882062102        10.25000    
   210.0000       103.907716138876        10.25000    
   225.0000       104.042069015952        10.25000    
   240.0000       104.169817038974        10.25000    
   255.0000       104.284592077251        10.25000    
   270.0000       104.382038638529        10.25000    
   285.0000       104.463449712999        10.25000    
   300.0000       104.528423542395        10.25000    
   315.0000       104.574958003197        10.25000    
   330.0000       104.591956943886        10.25000    
   345.0000       104.571658278255        10.25000    
  0.0000000E+00   104.512343560946        10.25000    
 
