  0.0000000E+00  0.322851836681366     
   15.00000      0.327303737401962     
   30.00000      0.331371277570724     
   45.00000      0.334366530179977     
   60.00000      0.336295723915100     
   75.00000      0.337353795766830     
   90.00000      0.338030308485031     
   105.0000      0.338435798883438     
   120.0000      0.337910503149033     
   135.0000      0.336732089519501     
   150.0000      0.334731101989746     
   165.0000      0.331811845302582     
   180.0000      0.328372210264206     
   195.0000      0.323558121919632     
   210.0000      0.318238943815231     
   225.0000      0.315049439668655     
   240.0000      0.313482522964478     
   255.0000      0.313060134649277     
   270.0000      0.313430160284042     
   285.0000      0.314417392015457     
   300.0000      0.315823465585709     
   315.0000      0.317187696695328     
   330.0000      0.318040430545807     
   345.0000      0.319140255451202     
   360.0000      0.322851836681366     
   360.0000      0.320953279733658     
   375.0000      0.325320005416870     
   390.0000      0.329357862472534     
   405.0000      0.332390904426575     
   420.0000      0.334357947111130     
   435.0000      0.335454761981964     
   450.0000      0.336138427257538     
   465.0000      0.336538970470428     
   480.0000      0.336005270481110     
   495.0000      0.334826707839966     
   510.0000      0.332827895879745     
   525.0000      0.329915255308151     
   540.0000      0.326464414596558     
   555.0000      0.321843355894089     
   570.0000      0.317135065793991     
   585.0000      0.314088135957718     
   600.0000      0.312461525201797     
   615.0000      0.311926424503326     
   630.0000      0.312170714139938     
   645.0000      0.313039690256119     
   660.0000      0.314366549253464     
   675.0000      0.315701365470886     
   690.0000      0.316599875688553     
   705.0000      0.317740738391876     
   720.0000      0.320953279733658     
   720.0000      0.317826837301254     
   735.0000      0.321815371513367     
   750.0000      0.325704991817474     
   765.0000      0.328746795654297     
   780.0000      0.330798745155334     
   795.0000      0.332003355026245     
   810.0000      0.332740724086761     
   825.0000      0.333177626132965     
   840.0000      0.332697153091431     
   855.0000      0.331574618816376     
   870.0000      0.329626947641373     
   885.0000      0.326804399490356     
   900.0000      0.323486596345901     
   915.0000      0.319363296031952     
   930.0000      0.315394788980484     
   945.0000      0.312493085861206     
   960.0000      0.310788452625275     
   975.0000      0.310090392827988     
   990.0000      0.310143321752548     
   1005.000      0.310812205076218     
   1020.000      0.311980783939362     
   1035.000      0.313227951526642     
   1050.000      0.314159989356995     
   1065.000      0.315275788307190     
   1080.000      0.317826837301254     
   1080.000      0.314573973417282     
   1095.000      0.317794531583786     
   1110.000      0.321355342864990     
   1125.000      0.324362605810165     
   1140.000      0.326517283916473     
   1155.000      0.327889859676361     
   1170.000      0.328730314970016     
   1185.000      0.329245448112488     
   1200.000      0.328899562358856     
   1215.000      0.327909290790558     
   1230.000      0.326114594936371     
   1245.000      0.323505222797394     
   1260.000      0.320521116256714     
   1275.000      0.317085832357407     
   1290.000      0.313677757978439     
   1305.000      0.310934305191040     
   1320.000      0.309145420789719     
   1335.000      0.308259963989258     
   1350.000      0.308086872100830     
   1365.000      0.308510124683380     
   1380.000      0.309458255767822     
   1395.000      0.310571730136871     
   1410.000      0.311506390571594     
   1425.000      0.312543153762817     
   1440.000      0.314573973417282     
   1440.000      0.311540365219116     
   1455.000      0.314031481742859     
   1470.000      0.317000478506088     
   1485.000      0.319859147071838     
   1500.000      0.322069197893143     
   1515.000      0.323618799448013     
   1530.000      0.324582993984222     
   1545.000      0.325206309556961     
   1560.000      0.325050085783005     
   1575.000      0.324257165193558     
   1590.000      0.322705209255219     
   1605.000      0.320437043905258     
   1620.000      0.317941635847092     
   1635.000      0.315060555934906     
   1650.000      0.312124401330948     
   1665.000      0.309562474489212     
   1680.000      0.307715624570847     
   1695.000      0.306656002998352     
   1710.000      0.306262761354446     
   1725.000      0.306431472301483     
   1740.000      0.307137936353683     
   1755.000      0.308091580867767     
   1770.000      0.308998525142670     
   1785.000      0.309941738843918     
   1800.000      0.311540365219116     
   1800.000      0.308959364891052     
   1815.000      0.310900658369064     
   1830.000      0.313331991434097     
   1845.000      0.315814793109894     
   1860.000      0.317930936813354     
   1875.000      0.319571077823639     
   1890.000      0.320612639188766     
   1905.000      0.321314692497253     
   1920.000      0.321329623460770     
   1935.000      0.320740997791290     
   1950.000      0.319466084241867     
   1965.000      0.317612022161484     
   1980.000      0.315490573644638     
   1995.000      0.313051462173462     
   2010.000      0.310521513223648     
   2025.000      0.308181613683701     
   2040.000      0.306354999542236     
   2055.000      0.305199027061462     
   2070.000      0.304657816886902     
   2085.000      0.304634392261505     
   2100.000      0.305138647556305     
   2115.000      0.305941611528397     
   2130.000      0.306805670261383     
   2145.000      0.307672619819641     
   2160.000      0.308959364891052     
   2160.000      0.306880831718445     
   2175.000      0.308452039957047     
   2190.000      0.310471355915070     
   2205.000      0.312613874673843     
   2220.000      0.314519464969635     
   2235.000      0.316036105155945     
   2250.000      0.317021697759628     
   2265.000      0.317705571651459     
   2280.000      0.317804276943207     
   2295.000      0.317356109619141     
   2310.000      0.316309154033661     
   2325.000      0.314733624458313     
   2340.000      0.312867581844330     
   2355.000      0.310751259326935     
   2370.000      0.308556318283081     
   2385.000      0.306470125913620     
   2400.000      0.304770857095718     
   2415.000      0.303650498390198     
   2430.000      0.303093135356903     
   2445.000      0.303010851144791     
   2460.000      0.303416401147842     
   2475.000      0.304126590490341     
   2490.000      0.304958492517471     
   2505.000      0.305782943964005     
   2520.000      0.306880831718445     
   2520.000      0.305226564407349     
   2535.000      0.306571662425995     
   2550.000      0.308285176753998     
   2565.000      0.310113579034805     
   2580.000      0.311755299568176     
   2595.000      0.313059777021408     
   2610.000      0.313894331455231     
   2625.000      0.314452558755875     
   2640.000      0.314502537250519     
   2655.000      0.314063102006912     
   2670.000      0.313082486391068     
   2685.000      0.311641097068787     
   2700.000      0.309925347566605     
   2715.000      0.308029472827911     
   2730.000      0.306102395057678     
   2745.000      0.304281532764435     
   2760.000      0.302805244922638     
   2775.000      0.301858842372894     
   2790.000      0.301431894302368     
   2805.000      0.301438152790070     
   2820.000      0.301876068115234     
   2835.000      0.302579581737518     
   2850.000      0.303409665822983     
   2865.000      0.304223448038101     
   2880.000      0.305226564407349     
   2880.000      0.303881406784058     
   2895.000      0.305079609155655     
   2910.000      0.306548893451691     
   2925.000      0.308073699474335     
   2940.000      0.309411078691483     
   2955.000      0.310437440872192     
   2970.000      0.311058819293976     
   2985.000      0.311429411172867     
   3000.000      0.311342239379883     
   3015.000      0.310811012983322     
   3030.000      0.309795111417770     
   3045.000      0.308392703533173     
   3060.000      0.306760728359222     
   3075.000      0.305026233196259     
   3090.000      0.303323388099670     
   3105.000      0.301773458719254     
   3120.000      0.300585567951202     
   3135.000      0.299909591674805     
   3150.000      0.299718409776688     
   3165.000      0.299922585487366     
   3180.000      0.300490409135818     
   3195.000      0.301254898309708     
   3210.000      0.302108496427536     
   3225.000      0.302926838397980     
   3240.000      0.303881406784058     
   3240.000      0.302721679210663     
   3255.000      0.303790688514709     
   3270.000      0.305029869079590     
   3285.000      0.306249588727951     
   3300.000      0.307267040014267     
   3315.000      0.307997822761536     
   3330.000      0.308393776416779     
   3345.000      0.308563500642776     
   3360.000      0.308312982320786     
   3375.000      0.307657957077026     
   3390.000      0.306573390960693     
   3405.000      0.305175453424454     
   3420.000      0.303606748580933     
   3435.000      0.302013963460922     
   3450.000      0.300518035888672     
   3465.000      0.299239933490753     
   3480.000      0.298365294933319     
   3495.000      0.297998934984207     
   3510.000      0.298087984323502     
   3525.000      0.298534631729126     
   3540.000      0.299268841743469     
   3555.000      0.300117880105972     
   3570.000      0.300997525453568     
   3585.000      0.301813542842865     
   3600.000      0.302721679210663     
   3600.000      0.301608562469482     
   3615.000      0.302534192800522     
   3630.000      0.303537368774414     
   3645.000      0.304457068443298     
   3660.000      0.305169582366943     
   3675.000      0.305630981922150     
   3690.000      0.305829107761383     
   3705.000      0.305823296308517     
   3720.000      0.305430710315704     
   3735.000      0.304669439792633     
   3750.000      0.303530097007751     
   3765.000      0.302142381668091     
   3780.000      0.300643205642700     
   3795.000      0.299189567565918     
   3810.000      0.297891288995743     
   3825.000      0.296875089406967     
   3840.000      0.296302855014801     
   3855.000      0.296235710382462     
   3870.000      0.296597629785538     
   3885.000      0.297277629375458     
   3900.000      0.298166453838348     
   3915.000      0.299088269472122     
   3930.000      0.299977362155914     
   3945.000      0.300769418478012     
   3960.000      0.301608562469482     
   3960.000      0.300414323806763     
   3975.000      0.301179498434067     
   3990.000      0.301946043968201     
   4005.000      0.302587062120438     
   4020.000      0.303032845258713     
   4035.000      0.303273528814316     
   4050.000      0.303317666053772     
   4065.000      0.303178220987320     
   4080.000      0.302684515714645     
   4095.000      0.301854282617569     
   4110.000      0.300691157579422     
   4125.000      0.299333006143570     
   4140.000      0.297915667295456     
   4155.000      0.296599805355072     
   4170.000      0.295487046241760     
   4185.000      0.294710367918015     
   4200.000      0.294406324625015     
   4215.000      0.294600427150726     
   4230.000      0.295199006795883     
   4245.000      0.296074986457825     
   4260.000      0.297084182500839     
   4275.000      0.298051774501801     
   4290.000      0.298927038908005     
   4305.000      0.299670189619064     
   4320.000      0.300414323806763     
   4320.000      0.299050480127335     
   4335.000      0.299646824598312     
   4350.000      0.300189167261124     
   4365.000      0.300585627555847     
   4380.000      0.300812095403671     
   4395.000      0.300883948802948     
   4410.000      0.300817489624023     
   4425.000      0.300586462020874     
   4440.000      0.300032705068588     
   4455.000      0.299170613288879     
   4470.000      0.298013746738434     
   4485.000      0.296703964471817     
   4500.000      0.295377790927887     
   4515.000      0.294194877147675     
   4530.000      0.293251723051071     
   4545.000      0.292684912681580     
   4560.000      0.292606383562088     
   4575.000      0.293014675378799     
   4590.000      0.293804019689560     
   4605.000      0.294830143451691     
   4620.000      0.295920670032501     
   4635.000      0.296905070543289     
   4650.000      0.297744721174240     
   4665.000      0.298418849706650     
   4680.000      0.299050480127335     
   4680.000      0.297464132308960     
   4695.000      0.297895282506943     
   4710.000      0.298234939575195     
   4725.000      0.298426240682602     
   4740.000      0.298480302095413     
   4755.000      0.298429429531097     
   4770.000      0.298289120197296     
   4785.000      0.298002064228058     
   4800.000      0.297422200441360     
   4815.000      0.296558529138565     
   4830.000      0.295431762933731     
   4845.000      0.294184923171997     
   4860.000      0.292955011129379     
   4875.000      0.291897922754288     
   4890.000      0.291106700897217     
   4905.000      0.290718704462051     
   4920.000      0.290823101997375     
   4935.000      0.291399389505386     
   4950.000      0.292333334684372     
   4965.000      0.293464750051498     
   4980.000      0.294600009918213     
   4995.000      0.295576483011246     
   5010.000      0.296362578868866     
   5025.000      0.296953737735748     
   5040.000      0.297464132308960     
   5040.000      0.295621931552887     
   5055.000      0.295899778604507     
   5070.000      0.296063870191574     
   5085.000      0.296089500188828     
   5100.000      0.296013712882996     
   5115.000      0.295878440141678     
   5130.000      0.295693635940552     
   5145.000      0.295378983020782     
   5160.000      0.294799298048019     
   5175.000      0.293957322835922     
   5190.000      0.292878776788712     
   5205.000      0.291705518960953     
   5220.000      0.290574193000793     
   5235.000      0.289635002613068     
   5250.000      0.288978368043900     
   5265.000      0.288739621639252     
   5280.000      0.288987696170807     
   5295.000      0.289689362049103     
   5310.000      0.290724605321884     
   5325.000      0.291919916868210     
   5340.000      0.293068140745163     
   5355.000      0.294014155864716     
   5370.000      0.294733256101608     
   5385.000      0.295233607292175     
   5400.000      0.295621931552887     
   5400.000      0.293495088815689     
   5415.000      0.293635934591293     
   5430.000      0.293654322624207     
   5445.000      0.293551683425903     
   5460.000      0.293383061885834     
   5475.000      0.293194562196732     
   5490.000      0.292988568544388     
   5505.000      0.292668610811234     
   5520.000      0.292109310626984     
   5535.000      0.291307091712952     
   5550.000      0.290290802717209     
   5565.000      0.289199471473694     
   5580.000      0.288167744874954     
   5595.000      0.287338644266129     
   5610.000      0.286800324916840     
   5625.000      0.286683470010757     
   5640.000      0.287039846181870     
   5655.000      0.287827908992767     
   5670.000      0.288924455642700     
   5685.000      0.290146380662918     
   5700.000      0.291278511285782     
   5715.000      0.292175143957138     
   5730.000      0.292817264795303     
   5745.000      0.293223738670349     
   5760.000      0.293495088815689     
   5760.000      0.291049867868423     
   5775.000      0.291073083877563     
   5790.000      0.290975630283356     
   5805.000      0.290778934955597     
   5820.000      0.290549248456955     
   5835.000      0.290332823991776     
   5850.000      0.290124028921127     
   5865.000      0.289816349744797     
   5880.000      0.289293199777603     
   5895.000      0.288545161485672     
   5910.000      0.287602812051773     
   5925.000      0.286600440740585     
   5940.000      0.285669028759003     
   5955.000      0.284943163394928     
   5970.000      0.284508287906647     
   5985.000      0.284488379955292     
   6000.000      0.284920871257782     
   6015.000      0.285759419202805     
   6030.000      0.286880195140839     
   6045.000      0.288093984127045     
   6060.000      0.289184093475342     
   6075.000      0.290015041828156     
   6090.000      0.290573209524155     
   6105.000      0.290886282920837     
   6120.000      0.291049867868423     
   6120.000      0.288241744041443     
   6135.000      0.288168549537659     
   6150.000      0.287984132766724     
   6165.000      0.287724316120148     
   6180.000      0.287460625171661     
   6195.000      0.287236779928207     
   6210.000      0.287039667367935     
   6225.000      0.286758065223694     
   6240.000      0.286283642053604     
   6255.000      0.285601943731308     
   6270.000      0.284743845462799     
   6285.000      0.283837199211121     
   6300.000      0.283007204532623     
   6315.000      0.282379031181335     
   6330.000      0.282034337520599     
   6345.000      0.282088547945023     
   6360.000      0.282567620277405     
   6375.000      0.283423334360123     
   6390.000      0.284532904624939     
   6405.000      0.285706102848053     
   6420.000      0.286730408668518     
   6435.000      0.287481725215912     
   6450.000      0.287951380014420     
   6465.000      0.288174450397491     
   6480.000      0.288241744041443     
   6480.000      0.285010367631912     
   6495.000      0.284862667322159     
   6510.000      0.284618824720383     
   6525.000      0.284323632717133     
   6540.000      0.284049004316330     
   6555.000      0.283834308385849     
   6570.000      0.283660143613815     
   6585.000      0.283415466547012     
   6600.000      0.282999962568283     
   6615.000      0.282395154237747     
   6630.000      0.281631231307983     
   6645.000      0.280827432870865     
   6660.000      0.280101031064987     
   6675.000      0.279566377401352     
   6690.000      0.279300242662430     
   6705.000      0.279407829046249     
   6720.000      0.279905945062637     
   6735.000      0.280746906995773     
   6750.000      0.281811058521271     
   6765.000      0.282912731170654     
   6780.000      0.283849269151688     
   6795.000      0.284508615732193     
   6810.000      0.284887135028839     
   6825.000      0.285025537014008     
   6840.000      0.285010367631912     
   6840.000      0.281278282403946     
   6855.000      0.281078428030014     
   6870.000      0.280801326036453     
   6885.000      0.280495792627335     
   6900.000      0.280229955911636     
   6915.000      0.280037432909012     
   6930.000      0.279894709587097     
   6945.000      0.279695063829422     
   6960.000      0.279346853494644     
   6975.000      0.278828889131546     
   6990.000      0.278169274330139     
   7005.000      0.277476161718369     
   7020.000      0.276856631040573     
   7035.000      0.276412844657898     
   7050.000      0.276215195655823     
   7065.000      0.276356786489487     
   7080.000      0.276847511529922     
   7095.000      0.277642130851746     
   7110.000      0.278627187013626     
   7125.000      0.279627352952957     
   7140.000      0.280454754829407     
   7155.000      0.281011551618576     
   7170.000      0.281298607587814     
   7185.000      0.281360268592834     
   7200.000      0.281278282403946     
   7200.000      0.276936739683151     
   7215.000      0.276707977056503     
   7230.000      0.276422947645187     
   7245.000      0.276130139827728     
   7260.000      0.275890141725540     
   7275.000      0.275730133056641     
   7290.000      0.275624394416809     
   7305.000      0.275475144386292     
   7320.000      0.275200664997101     
   7335.000      0.274778485298157     
   7350.000      0.274233520030975     
   7365.000      0.273660153150558     
   7380.000      0.273152410984039     
   7395.000      0.272798448801041     
   7410.000      0.272660434246063     
   7425.000      0.272817552089691     
   7440.000      0.273274809122086     
   7455.000      0.273991137742996     
   7470.000      0.274862825870514     
   7485.000      0.275731235742569     
   7500.000      0.276429235935211     
   7515.000      0.276874542236328     
   7530.000      0.277072072029114     
   7545.000      0.277067780494690     
   7560.000      0.276936739683151     
   7560.000      0.271834313869476     
   7575.000      0.271602153778076     
   7590.000      0.271335244178772     
   7605.000      0.271077126264572     
   7620.000      0.270877897739410     
   7635.000      0.270757645368576     
   7650.000      0.270691066980362     
   7665.000      0.270594239234924     
   7680.000      0.270397603511810     
   7695.000      0.270079135894775     
   7710.000      0.269659459590912     
   7725.000      0.269215941429138     
   7740.000      0.268826395273209     
   7755.000      0.268562644720078     
   7770.000      0.268476158380508     
   7785.000      0.268630445003510     
   7800.000      0.269027262926102     
   7815.000      0.269631475210190     
   7830.000      0.270353794097900     
   7845.000      0.271059155464172     
   7860.000      0.271607875823975     
   7875.000      0.271934986114502     
   7890.000      0.272048562765121     
   7905.000      0.271993070840836     
   7920.000      0.271834313869476     
   7920.000      0.265756607055664     
   7935.000      0.265551358461380     
   7950.000      0.265331089496613     
   7965.000      0.265130043029785     
   7980.000      0.264984697103500     
   7995.000      0.264908015727997     
   8010.000      0.264878243207932     
   8025.000      0.264830946922302     
   8040.000      0.264712482690811     
   8055.000      0.264503628015518     
   8070.000      0.264219343662262     
   8085.000      0.263916432857513     
   8100.000      0.263652384281158     
   8115.000      0.263479739427567     
   8130.000      0.263436645269394     
   8145.000      0.263568490743637     
   8160.000      0.263875097036362     
   8175.000      0.264329612255096     
   8190.000      0.264862686395645     
   8205.000      0.265371590852737     
   8220.000      0.265751987695694     
   8235.000      0.265958130359650     
   8250.000      0.265999674797058     
   8265.000      0.265915006399155     
   8280.000      0.265756607055664     
   8280.000      0.258391261100769     
   8295.000      0.258253008127213     
   8310.000      0.258114129304886     
   8325.000      0.257995009422302     
   8340.000      0.257915526628494     
   8355.000      0.257881850004196     
   8370.000      0.257879674434662     
   8385.000      0.257871240377426     
   8400.000      0.257824599742889     
   8415.000      0.257726758718491     
   8430.000      0.257585823535919     
   8445.000      0.257433265447617     
   8460.000      0.257301509380341     
   8475.000      0.257219731807709     
   8490.000      0.257209420204163     
   8505.000      0.257295042276382     
   8520.000      0.257475614547729     
   8535.000      0.257735550403595     
   8550.000      0.258033424615860     
   8565.000      0.258309662342072     
   8580.000      0.258504807949066     
   8595.000      0.258594721555710     
   8610.000      0.258587568998337     
   8625.000      0.258508980274200     
   8640.000      0.258391261100769     
