  0.0000000E+00  0.302517145872116     
   15.00000      0.300090372562408     
   30.00000      0.298672348260880     
   45.00000      0.297885984182358     
   60.00000      0.297761827707291     
   75.00000      0.298337817192078     
   90.00000      0.300660580396652     
   105.0000      0.304746806621552     
   120.0000      0.309784829616547     
   135.0000      0.315088599920273     
   150.0000      0.320035994052887     
   165.0000      0.324013978242874     
   180.0000      0.327164888381958     
   195.0000      0.329692423343658     
   210.0000      0.330739021301270     
   225.0000      0.330453246831894     
   240.0000      0.330117553472519     
   255.0000      0.328420937061310     
   270.0000      0.323645561933517     
   285.0000      0.317795276641846     
   300.0000      0.313557118177414     
   315.0000      0.310402274131775     
   330.0000      0.307570278644562     
   345.0000      0.305056124925613     
   360.0000      0.302517145872116     
   360.0000      0.301566630601883     
   375.0000      0.299152314662933     
   390.0000      0.297688543796539     
   405.0000      0.296810865402222     
   420.0000      0.296432524919510     
   435.0000      0.296753257513046     
   450.0000      0.298785239458084     
   465.0000      0.302598804235458     
   480.0000      0.307464599609375     
   495.0000      0.312680453062057     
   510.0000      0.317605555057526     
   525.0000      0.321646928787231     
   540.0000      0.324873775243759     
   555.0000      0.327487200498581     
   570.0000      0.328657418489456     
   585.0000      0.328478842973709     
   600.0000      0.328185409307480     
   615.0000      0.326507747173309     
   630.0000      0.321860432624817     
   645.0000      0.316370546817780     
   660.0000      0.312524676322937     
   675.0000      0.309405028820038     
   690.0000      0.306581735610962     
   705.0000      0.304076582193375     
   720.0000      0.301566630601883     
   720.0000      0.299933344125748     
   735.0000      0.297534078359604     
   750.0000      0.295985221862793     
   765.0000      0.295020282268524     
   780.0000      0.294471591711044     
   795.0000      0.294526696205139     
   810.0000      0.296013236045837     
   825.0000      0.299153357744217     
   840.0000      0.303570032119751     
   855.0000      0.308471649885178     
   870.0000      0.313256710767746     
   885.0000      0.317300528287888     
   900.0000      0.320594549179077     
   915.0000      0.323335021734238     
   930.0000      0.324734836816788     
   945.0000      0.324804008007050     
   960.0000      0.324662029743195     
   975.0000      0.323166787624359     
   990.0000      0.318980365991592     
   1005.000      0.314337879419327     
   1020.000      0.310786128044128     
   1035.000      0.307734459638596     
   1050.000      0.304917335510254     
   1065.000      0.302408665418625     
   1080.000      0.299933344125748     
   1080.000      0.298314034938812     
   1095.000      0.295931518077850     
   1110.000      0.294263631105423     
   1125.000      0.293192982673645     
   1140.000      0.292522341012955     
   1155.000      0.292344957590103     
   1170.000      0.293290406465530     
   1185.000      0.295661479234695     
   1200.000      0.299255102872849     
   1215.000      0.303602814674377     
   1230.000      0.308070838451385     
   1245.000      0.312029302120209     
   1260.000      0.315343201160431     
   1275.000      0.318201988935471     
   1290.000      0.319908767938614     
   1305.000      0.320340573787689     
   1320.000      0.320456564426422     
   1335.000      0.319367378950119     
   1350.000      0.316040575504303     
   1365.000      0.312292039394379     
   1380.000      0.309030503034592     
   1395.000      0.306078761816025     
   1410.000      0.303271114826202     
   1425.000      0.300746023654938     
   1440.000      0.298314034938812     
   1440.000      0.296880125999451     
   1455.000      0.294528752565384     
   1470.000      0.292736947536469     
   1485.000      0.291548639535904     
   1500.000      0.290792822837830     
   1515.000      0.290438473224640     
   1530.000      0.290912896394730     
   1545.000      0.292561262845993     
   1560.000      0.295357048511505     
   1575.000      0.298918426036835     
   1590.000      0.302892357110977     
   1605.000      0.306651979684830     
   1620.000      0.309918820858002     
   1635.000      0.312836825847626     
   1650.000      0.314852029085159     
   1665.000      0.315690845251083     
   1680.000      0.316136151552200     
   1695.000      0.315573155879974     
   1710.000      0.313332617282867     
   1725.000      0.310339421033859     
   1740.000      0.307394027709961     
   1755.000      0.304580330848694     
   1770.000      0.301808983087540     
   1785.000      0.299264520406723     
   1800.000      0.296880125999451     
   1800.000      0.295458942651749     
   1815.000      0.293169915676117     
   1830.000      0.291302025318146     
   1845.000      0.290023684501648     
   1860.000      0.289231806993484     
   1875.000      0.288795679807663     
   1890.000      0.288951098918915     
   1905.000      0.290040791034698     
   1920.000      0.292170554399490     
   1935.000      0.295093446969986     
   1950.000      0.298555821180344     
   1965.000      0.302019387483597     
   1980.000      0.305146843194962     
   1995.000      0.308022439479828     
   2010.000      0.310240268707275     
   2025.000      0.311433792114258     
   2040.000      0.312163561582565     
   2055.000      0.312080144882202     
   2070.000      0.310643196105957     
   2085.000      0.308294534683228     
   2100.000      0.305677205324173     
   2115.000      0.303034126758575     
   2130.000      0.300338864326477     
   2145.000      0.297793090343475     
   2160.000      0.295458942651749     
   2160.000      0.293733328580856     
   2175.000      0.291545242071152     
   2190.000      0.289695322513580     
   2205.000      0.288412064313889     
   2220.000      0.287659108638763     
   2235.000      0.287256091833115     
   2250.000      0.287296831607819     
   2265.000      0.288078904151917     
   2280.000      0.289779692888260     
   2295.000      0.292262852191925     
   2310.000      0.295330315828323     
   2325.000      0.298526525497437     
   2340.000      0.301486283540726     
   2355.000      0.304239988327026     
   2370.000      0.306470423936844     
   2385.000      0.307804554700851     
   2400.000      0.308634012937546     
   2415.000      0.308767348527908     
   2430.000      0.307804763317108     
   2445.000      0.305910646915436     
   2460.000      0.303575336933136     
   2475.000      0.301102459430695     
   2490.000      0.298508912324905     
   2505.000      0.296003490686417     
   2520.000      0.293733328580856     
   2520.000      0.291523575782776     
   2535.000      0.289477795362473     
   2550.000      0.287752568721771     
   2565.000      0.286583334207535     
   2580.000      0.285961657762527     
   2595.000      0.285693079233170     
   2610.000      0.285803467035294     
   2625.000      0.286538690328598     
   2640.000      0.288081109523773     
   2655.000      0.290344476699829     
   2670.000      0.293155133724213     
   2685.000      0.296111315488815     
   2700.000      0.298864006996155     
   2715.000      0.301408529281616     
   2730.000      0.303466260433197     
   2745.000      0.304719567298889     
   2760.000      0.305459171533585     
   2775.000      0.305564701557159     
   2790.000      0.304755091667175     
   2805.000      0.303084135055542     
   2820.000      0.300934672355652     
   2835.000      0.298596084117889     
   2850.000      0.296112477779388     
   2865.000      0.293696224689484     
   2880.000      0.291523575782776     
   2880.000      0.288966625928879     
   2895.000      0.287102371454239     
   2910.000      0.285588890314102     
   2925.000      0.284630805253983     
   2940.000      0.284211307764053     
   2955.000      0.284147769212723     
   2970.000      0.284456104040146     
   2985.000      0.285336971282959     
   3000.000      0.286929756402969     
   3015.000      0.289142549037933     
   3030.000      0.291799813508987     
   3045.000      0.294530123472214     
   3060.000      0.297032654285431     
   3075.000      0.299284487962723     
   3090.000      0.301022261381149     
   3105.000      0.302021533250809     
   3120.000      0.302521765232086     
   3135.000      0.302427679300308     
   3150.000      0.301551073789597     
   3165.000      0.299930751323700     
   3180.000      0.297884613275528     
   3195.000      0.295647680759430     
   3210.000      0.293282091617584     
   3225.000      0.291001588106155     
   3240.000      0.288966625928879     
   3240.000      0.286376684904099     
   3255.000      0.284721374511719     
   3270.000      0.283461689949036     
   3285.000      0.282756775617599     
   3300.000      0.282567739486694     
   3315.000      0.282741963863373     
   3330.000      0.283312737941742     
   3345.000      0.284434974193573     
   3360.000      0.286178797483444     
   3375.000      0.288416147232056     
   3390.000      0.290955394506454     
   3405.000      0.293447941541672     
   3420.000      0.295657485723495     
   3435.000      0.297550201416016     
   3450.000      0.298882484436035     
   3465.000      0.299537897109985     
   3480.000      0.299725681543350     
   3495.000      0.299361586570740     
   3510.000      0.298333257436752     
   3525.000      0.296699553728104     
   3540.000      0.294728279113770     
   3555.000      0.292589247226715     
   3570.000      0.290359765291214     
   3585.000      0.288246273994446     
   3600.000      0.286376684904099     
   3600.000      0.283992022275925     
   3615.000      0.282551079988480     
   3630.000      0.281544059514999     
   3645.000      0.281083732843399     
   3660.000      0.281116038560867     
   3675.000      0.281527966260910     
   3690.000      0.282370924949646     
   3705.000      0.283748120069504     
   3720.000      0.285652309656143     
   3735.000      0.287912428379059     
   3750.000      0.290318578481674     
   3765.000      0.292550802230835     
   3780.000      0.294438838958740     
   3795.000      0.295939534902573     
   3810.000      0.296849638223648     
   3825.000      0.297151237726212     
   3840.000      0.297028064727783     
   3855.000      0.296409994363785     
   3870.000      0.295245528221130     
   3885.000      0.293612658977509     
   3900.000      0.291727513074875     
   3915.000      0.289701581001282     
   3930.000      0.287625044584274     
   3945.000      0.285688012838364     
   3960.000      0.283992022275925     
   3960.000      0.281880050897598     
   3975.000      0.280640751123428     
   3990.000      0.279858976602554     
   4005.000      0.279609411954880     
   4020.000      0.279835134744644     
   4035.000      0.280462771654129     
   4050.000      0.281551539897919     
   4065.000      0.283148944377899     
   4080.000      0.285174846649170     
   4095.000      0.287420809268951     
   4110.000      0.289665281772614     
   4125.000      0.291621923446655     
   4140.000      0.293181002140045     
   4155.000      0.294295638799667     
   4170.000      0.294816434383392     
   4185.000      0.294804036617279     
   4200.000      0.294416874647141     
   4215.000      0.293604761362076     
   4230.000      0.292360991239548     
   4245.000      0.290768533945084     
   4260.000      0.288990169763565     
   4275.000      0.287092953920364     
   4290.000      0.285175740718842     
   4305.000      0.283408582210541     
   4320.000      0.281880050897598     
   4320.000      0.279999196529388     
   4335.000      0.278940141201019     
   4350.000      0.278348475694656     
   4365.000      0.278270572423935     
   4380.000      0.278656482696533     
   4395.000      0.279466986656189     
   4410.000      0.280758380889893     
   4425.000      0.282522767782211     
   4440.000      0.284619003534317     
   4455.000      0.286807864904404     
   4470.000      0.288865178823471     
   4485.000      0.290544778108597     
   4500.000      0.291787058115005     
   4515.000      0.292548239231110     
   4530.000      0.292737215757370     
   4545.000      0.292469590902328     
   4560.000      0.291880726814270     
   4575.000      0.290942639112473     
   4590.000      0.289677470922470     
   4605.000      0.288160413503647     
   4620.000      0.286504089832306     
   4635.000      0.284743964672089     
   4650.000      0.282983124256134     
   4665.000      0.281372785568237     
   4680.000      0.279999196529388     
   4680.000      0.278278172016144     
   4695.000      0.277376532554626     
   4710.000      0.276941120624542     
   4725.000      0.276999384164810     
   4740.000      0.277513176202774     
   4755.000      0.278470009565353     
   4770.000      0.279916435480118     
   4785.000      0.281792819499969     
   4800.000      0.283907920122147     
   4815.000      0.286002784967422     
   4830.000      0.287857770919800     
   4845.000      0.289269655942917     
   4860.000      0.290219545364380     
   4875.000      0.290672451257706     
   4890.000      0.290593087673187     
   4905.000      0.290130466222763     
   4920.000      0.289400666952133     
   4935.000      0.288396298885345     
   4950.000      0.287155151367188     
   4965.000      0.285736978054047     
   4980.000      0.284210532903671     
   4995.000      0.282589495182037     
   5010.000      0.280977666378021     
   5025.000      0.279510438442230     
   5040.000      0.278278172016144     
   5040.000      0.276650249958038     
   5055.000      0.275884747505188     
   5070.000      0.275576353073120     
   5085.000      0.275740206241608     
   5100.000      0.276351720094681     
   5115.000      0.277419447898865     
   5130.000      0.278973013162613     
   5145.000      0.280908763408661     
   5160.000      0.282997071743011     
   5175.000      0.284968674182892     
   5190.000      0.286614745855331     
   5205.000      0.287775009870529     
   5220.000      0.288463324308395     
   5235.000      0.288656979799271     
   5250.000      0.288370221853256     
   5265.000      0.287767857313156     
   5280.000      0.286950826644897     
   5295.000      0.285928279161453     
   5310.000      0.284743934869766     
   5325.000      0.283438801765442     
   5340.000      0.282044976949692     
   5355.000      0.280561357736588     
   5370.000      0.279090017080307     
   5385.000      0.277754098176956     
   5400.000      0.276650249958038     
   5400.000      0.275057613849640     
   5415.000      0.274409443140030     
   5430.000      0.274203091859818     
   5445.000      0.274446368217468     
   5460.000      0.275128573179245     
   5475.000      0.276270955801010     
   5490.000      0.277885675430298     
   5505.000      0.279832094907761     
   5520.000      0.281853735446930     
   5535.000      0.283679306507111     
   5550.000      0.285116016864777     
   5565.000      0.286044746637344     
   5580.000      0.286505103111267     
   5595.000      0.286488443613052     
   5610.000      0.286049365997314     
   5625.000      0.285356342792511     
   5640.000      0.284497886896133     
   5655.000      0.283495128154755     
   5670.000      0.282391011714935     
   5685.000      0.281207174062729     
   5700.000      0.279946088790894     
   5715.000      0.278596907854080     
   5730.000      0.277258366346359     
   5745.000      0.276044249534607     
   5760.000      0.275057613849640     
   5760.000      0.273446381092072     
   5775.000      0.272899389266968     
   5790.000      0.272774040699005     
   5805.000      0.273074030876160     
   5820.000      0.273800641298294     
   5835.000      0.274982333183289     
   5850.000      0.276613771915436     
   5865.000      0.278525769710541     
   5880.000      0.280445426702499     
   5895.000      0.282107055187225     
   5910.000      0.283337980508804     
   5925.000      0.284056961536407     
   5940.000      0.284323185682297     
   5955.000      0.284143418073654     
   5970.000      0.283601135015488     
   5985.000      0.282860517501831     
   6000.000      0.281999737024307     
   6015.000      0.281047105789185     
   6030.000      0.280040353536606     
   6045.000      0.278982669115067     
   6060.000      0.277853786945343     
   6075.000      0.276636242866516     
   6090.000      0.275424480438232     
   6105.000      0.274325251579285     
   6120.000      0.273446381092072     
   6120.000      0.271761238574982     
   6135.000      0.271301925182343     
   6150.000      0.271239519119263     
   6165.000      0.271575987339020     
   6180.000      0.272321373224258     
   6195.000      0.273507267236710     
   6210.000      0.275112122297287     
   6225.000      0.276946932077408     
   6240.000      0.278732538223267     
   6255.000      0.280215650796890     
   6270.000      0.281246691942215     
   6285.000      0.281777977943420     
   6300.000      0.281883805990219     
   6315.000      0.281584888696671     
   6330.000      0.280983150005341     
   6345.000      0.280233025550842     
   6360.000      0.279403418302536     
   6375.000      0.278525382280350     
   6390.000      0.277628898620605     
   6405.000      0.276701152324677     
   6420.000      0.275704115629196     
   6435.000      0.274616658687592     
   6450.000      0.273528188467026     
   6465.000      0.272539585828781     
   6480.000      0.271761238574982     
   6480.000      0.269938766956329     
   6495.000      0.269556313753128     
   6510.000      0.269541263580322     
   6525.000      0.269895195960999     
   6540.000      0.270633816719055     
   6555.000      0.271788537502289     
   6570.000      0.273323744535446     
   6585.000      0.275039881467819     
   6600.000      0.276661276817322     
   6615.000      0.277953326702118     
   6630.000      0.278791397809982     
   6645.000      0.279157131910324     
   6660.000      0.279135137796402     
   6675.000      0.278757721185684     
   6690.000      0.278135597705841     
   6705.000      0.277409672737122     
   6720.000      0.276639997959137     
   6735.000      0.275857061147690     
   6750.000      0.275081425905228     
   6765.000      0.274286955595016     
   6780.000      0.273422986268997     
   6795.000      0.272466093301773     
   6810.000      0.271500349044800     
   6825.000      0.270621269941330     
   6840.000      0.269938766956329     
   6840.000      0.267905771732330     
   6855.000      0.267591923475266     
   6870.000      0.267610639333725     
   6885.000      0.267963737249374     
   6900.000      0.268669426441193     
   6915.000      0.269756048917770     
   6930.000      0.271177530288696     
   6945.000      0.272733241319656     
   6960.000      0.274160802364349     
   6975.000      0.275250196456909     
   6990.000      0.275903284549713     
   7005.000      0.276125729084015     
   7020.000      0.276007682085037     
   7035.000      0.275589585304260     
   7050.000      0.274982601404190     
   7065.000      0.274311393499374     
   7080.000      0.273626953363419     
   7095.000      0.272956401109695     
   7110.000      0.272310435771942     
   7125.000      0.271652430295944     
   7140.000      0.270924121141434     
   7155.000      0.270101338624954     
   7170.000      0.269261330366135     
   7185.000      0.268494129180908     
   7200.000      0.267905771732330     
   7200.000      0.265563994646072     
   7215.000      0.265313416719437     
   7230.000      0.265353590250015     
   7245.000      0.265686929225922     
   7260.000      0.266331464052200     
   7275.000      0.267310589551926     
   7290.000      0.268571674823761     
   7305.000      0.269923448562622     
   7320.000      0.271127283573151     
   7335.000      0.272003501653671     
   7350.000      0.272480607032776     
   7365.000      0.272582650184631     
   7380.000      0.272400021553040     
   7395.000      0.271977603435516     
   7410.000      0.271419167518616     
   7425.000      0.270830512046814     
   7440.000      0.270253390073776     
   7455.000      0.269709467887878     
   7470.000      0.269200086593628     
   7485.000      0.268681883811951     
   7500.000      0.268093615770340     
   7515.000      0.267411619424820     
   7530.000      0.266705036163330     
   7545.000      0.266056388616562     
   7560.000      0.265563994646072     
   7560.000      0.262778729200363     
   7575.000      0.262588858604431     
   7590.000      0.262639224529266     
   7605.000      0.262932389974594     
   7620.000      0.263484299182892     
   7635.000      0.264311641454697     
   7650.000      0.265360623598099     
   7665.000      0.266461282968521     
   7680.000      0.267410069704056     
   7695.000      0.268063575029373     
   7710.000      0.268376052379608     
   7725.000      0.268383324146271     
   7740.000      0.268169581890106     
   7755.000      0.267779409885406     
   7770.000      0.267302066087723     
   7785.000      0.266821861267090     
   7800.000      0.266371071338654     
   7815.000      0.265964597463608     
   7830.000      0.265596181154251     
   7845.000      0.265220373868942     
   7860.000      0.264777958393097     
   7875.000      0.264247238636017     
   7890.000      0.263686805963516     
   7905.000      0.263168871402740     
   7920.000      0.262778729200363     
   7920.000      0.259355753660202     
   7935.000      0.259227275848389     
   7950.000      0.259276509284973     
   7965.000      0.259506106376648     
   7980.000      0.259927898645401     
   7995.000      0.260551363229752     
   8010.000      0.261328607797623     
   8025.000      0.262125104665756     
   8040.000      0.262786120176315     
   8055.000      0.263210505247116     
   8070.000      0.263375550508499     
   8085.000      0.263320267200470     
   8100.000      0.263114273548126     
   8115.000      0.262796252965927     
   8130.000      0.262433648109436     
   8145.000      0.262086778879166     
   8160.000      0.261777758598328     
   8175.000      0.261514782905579     
   8190.000      0.261287003755569     
   8205.000      0.261053115129471     
   8220.000      0.260762661695480     
   8235.000      0.260397255420685     
   8250.000      0.260001510381699     
   8265.000      0.259632229804993     
   8280.000      0.259355753660202     
   8280.000      0.255001306533813     
   8295.000      0.254936933517456     
   8310.000      0.254972040653229     
   8325.000      0.255108654499054     
   8340.000      0.255353033542633     
   8355.000      0.255708396434784     
   8370.000      0.256142497062683     
   8385.000      0.256574690341949     
   8400.000      0.256915658712387     
   8415.000      0.257112532854080     
   8430.000      0.257160186767578     
   8445.000      0.257088363170624     
   8460.000      0.256941139698029     
   8475.000      0.256743580102921     
   8490.000      0.256534218788147     
   8505.000      0.256345659494400     
   8520.000      0.256189525127411     
   8535.000      0.256068348884583     
   8550.000      0.255972087383270     
   8565.000      0.255872458219528     
   8580.000      0.255736589431763     
   8595.000      0.255552113056183     
   8610.000      0.255344510078430     
   8625.000      0.255147904157639     
   8640.000      0.255001306533813     
