  0.0000000E+00   14061.8570810898     
   22.50000       13880.1768961102     
   45.00000       14090.6465393373     
   67.50000       14652.2492467321     
   90.00000       15620.4239344956     
   112.5000       16623.1076275211     
   135.0000       17250.3528554457     
   157.5000       17526.8859761565     
   180.0000       17326.9666071370     
   202.5000       16637.1334769651     
   225.0000       16177.2698788391     
   247.5000       16373.4733027088     
   270.0000       16929.7404014702     
   292.5000       17119.8743073639     
   315.0000       16380.3356148183     
   337.5000       14900.6322147979     
   360.0000       14061.8570810898     
   360.0000       11952.3663148123     
   382.5000       11777.5358447428     
   405.0000       11862.9869293829     
   427.5000       12258.2282736477     
   450.0000       13052.8060960470     
   472.5000       13908.4259883204     
   495.0000       14464.5459032939     
   517.5000       14686.0958415464     
   540.0000       14354.9416882505     
   562.5000       13690.6788992722     
   585.0000       13294.9413589806     
   607.5000       13421.1067242879     
   630.0000       13901.5483229316     
   652.5000       14179.6765015846     
   675.0000       13744.5207317335     
   697.5000       12729.8116887247     
   720.0000       11952.3663148123     
   720.0000       9709.38479806172     
   742.5000       9448.39918618600     
   765.0000       9464.47890728344     
   787.5000       9714.28655766123     
   810.0000       10268.7250743070     
   832.5000       10891.6556473182     
   855.0000       11340.8507765665     
   877.5000       11500.1820119820     
   900.0000       11193.6854928034     
   922.5000       10734.4659621628     
   945.0000       10417.0015467821     
   967.5000       10436.3069683851     
   990.0000       10760.8709277528     
   1012.500       11049.4695428751     
   1035.000       10912.6258580530     
   1057.500       10325.3617802482     
   1080.000       9709.38479806172     
   1080.000       7837.73231105474     
   1102.500       7497.97941010844     
   1125.000       7367.72263831223     
   1147.500       7490.04199528454     
   1170.000       7868.60276450410     
   1192.500       8328.37372311420     
   1215.000       8695.57991454045     
   1237.500       8840.39608641712     
   1260.000       8691.20486206047     
   1282.500       8402.58658473866     
   1305.000       8152.83658204181     
   1327.500       8089.83419951730     
   1350.000       8259.65288003612     
   1372.500       8500.11358294800     
   1395.000       8550.36225700404     
   1417.500       8276.31374526551     
   1440.000       7837.73231105474     
   1440.000       6283.06349470045     
   1462.500       5972.31522138398     
   1485.000       5795.92116781946     
   1507.500       5828.59187706863     
   1530.000       6093.51765966408     
   1552.500       6446.15207639257     
   1575.000       6726.53461854921     
   1597.500       6838.93118478273     
   1620.000       6757.35335881654     
   1642.500       6560.50580414180     
   1665.000       6375.04143627327     
   1687.500       6309.19702384683     
   1710.000       6416.40632885027     
   1732.500       6609.61752934927     
   1755.000       6710.96428729830     
   1777.500       6584.98989640930     
   1800.000       6283.06349470045     
   1800.000       4995.19467290414     
   1822.500       4751.90201755865     
   1845.000       4623.75398072766     
   1867.500       4676.78460323819     
   1890.000       4911.96721595078     
   1912.500       5192.98449175026     
   1935.000       5375.83478141625     
   1957.500       5398.98249873165     
   1980.000       5284.25272929096     
   2002.500       5112.46847071965     
   2025.000       4982.09690779291     
   2047.500       4968.06031220199     
   2070.000       5094.61360667367     
   2092.500       5272.53780662218     
   2115.000       5349.72601585934     
   2137.500       5238.19273836662     
   2160.000       4995.19467290414     
   2160.000       3939.82525317649     
   2182.500       3764.67417178613     
   2205.000       3705.10407704219     
   2227.500       3800.95705103922     
   2250.000       4023.62155483942     
   2272.500       4240.12217222400     
   2295.000       4329.25995278872     
   2317.500       4268.63758058637     
   2340.000       4118.89181760884     
   2362.500       3967.17945361150     
   2385.000       3889.73673883167     
   2407.500       3934.12887637818     
   2430.000       4091.34938456048     
   2452.500       4252.28568118565     
   2475.000       4282.01678886064     
   2497.500       4149.40628279585     
   2520.000       3939.82525317649     
   2520.000       3077.79797430279     
   2542.500       2954.20733095763     
   2565.000       2937.90531551757     
   2587.500       3049.91436639706     
   2610.000       3247.49840969954     
   2632.500       3408.70142108932     
   2655.000       3435.86980500094     
   2677.500       3334.27853146796     
   2700.000       3181.14079855413     
   2722.500       3057.23435962860     
   2745.000       3019.84529639068     
   2767.500       3097.57196365006     
   2790.000       3260.91302080428     
   2812.500       3395.12267413388     
   2835.000       3389.91237955932     
   2857.500       3253.13008585473     
   2880.000       3077.79797430279     
   2880.000       2380.32299319449     
   2902.500       2291.05631057954     
   2925.000       2293.97078025683     
   2947.500       2400.11164513449     
   2970.000       2565.69938611124     
   2992.500       2685.60930437065     
   3015.000       2682.37274849226     
   3037.500       2574.04282950654     
   3060.000       2436.98953500692     
   3082.500       2339.84204427349     
   3105.000       2325.53284126040     
   3127.500       2411.10018041338     
   3150.000       2560.12580933112     
   3172.500       2667.20740687021     
   3195.000       2646.52730897518     
   3217.500       2522.52712010876     
   3240.000       2380.32299319449     
   3240.000       1820.42859516133     
   3262.500       1754.73673809000     
   3285.000       1764.30931529659     
   3307.500       1855.15102805809     
   3330.000       1988.51348908453     
   3352.500       2077.96288373248     
   3375.000       2062.92879069861     
   3397.500       1964.77844886119     
   3420.000       1850.73165429251     
   3442.500       1776.18410236552     
   3465.000       1773.32453084770     
   3487.500       1852.31086177425     
   3510.000       1977.96972480806     
   3532.500       2061.22373401059     
   3555.000       2036.90729761997     
   3577.500       1932.85921145754     
   3600.000       1820.42859516133     
   3600.000       1371.51199495645     
   3622.500       1323.17602211253     
   3645.000       1333.87313539572     
   3667.500       1406.95067419032     
   3690.000       1510.69639363095     
   3712.500       1576.90334358216     
   3735.000       1559.20983651304     
   3757.500       1477.68760857013     
   3780.000       1387.36791789025     
   3802.500       1331.36559661104     
   3825.000       1333.51453511208     
   3847.500       1399.83301948517     
   3870.000       1500.08906686572     
   3892.500       1563.22700405774     
   3915.000       1540.77856137416     
   3937.500       1458.00188520916     
   3960.000       1371.51199495645     
   3960.000       1011.82434596988     
   3982.500       976.873574389370     
   4005.000       986.402107993864     
   4027.500       1042.28849080427     
   4050.000       1120.03037180817     
   4072.500       1168.00515148613     
   4095.000       1151.81424940969     
   4117.500       1088.22915529922     
   4140.000       1019.82763337939     
   4162.500       978.904318071790     
   4185.000       982.696938651327     
   4207.500       1034.72386673522     
   4230.000       1110.94316552298     
   4252.500       1157.41782257234     
   4275.000       1139.00302738425     
   4297.500       1076.17508197119     
   4320.000       1011.82434596988     
   4320.000       724.179761271288     
   4342.500       699.772887479962     
   4365.000       707.287335712502     
   4387.500       747.766153502097     
   4410.000       803.350240693928     
   4432.500       836.868114858773     
   4455.000       823.857795528748     
   4477.500       777.177423349850     
   4500.000       727.928697640112     
   4522.500       699.173929181268     
   4545.000       702.941795407844     
   4567.500       741.246162069903     
   4590.000       796.241833579383     
   4612.500       829.097199132944     
   4635.000       815.248384818331     
   4657.500       769.981137649587     
   4680.000       724.179761271288     
   4680.000       495.085978457095     
   4702.500       479.022469262086     
   4725.000       484.346436565597     
   4747.500       511.625143975815     
   4770.000       548.770142320307     
   4792.500       570.806033056893     
   4815.000       561.437254827609     
   4837.500       529.660806203857     
   4860.000       496.566340480493     
   4882.500       477.559713602437     
   4905.000       480.542413625880     
   4927.500       506.646826983611     
   4950.000       543.655595562628     
   4972.500       565.500896260257     
   4995.000       555.994391664216     
   5017.500       525.605680486420     
   5040.000       495.085978457095     
   5040.000       313.385694986965     
   5062.500       303.915932033113     
   5085.000       307.174822729786     
   5107.500       323.471379408842     
   5130.000       345.566471102706     
   5152.500       358.533440653077     
   5175.000       352.673752332313     
   5197.500       333.501898576667     
   5220.000       313.693246264917     
   5242.500       302.421192512459     
   5265.000       304.353552499461     
   5287.500       320.104654267737     
   5310.000       342.287548082172     
   5332.500       355.315408826053     
   5355.000       349.612724353953     
   5377.500       331.501887221123     
   5400.000       313.385694986965     
   5400.000       169.971893547885     
   5422.500       165.666292814506     
   5445.000       167.115549167732     
   5467.500       174.495897268353     
   5490.000       184.531902806257     
   5512.500       190.400317412765     
   5535.000       187.647052206928     
   5557.500       178.815344457864     
   5580.000       169.710214913960     
   5602.500       164.518485672942     
   5625.000       165.388188085046     
   5647.500       172.629869892587     
   5670.000       182.852004741137     
   5692.500       188.894349222918     
   5715.000       186.372324196107     
   5737.500       178.179412871653     
   5760.000       169.971893547885     
