  0.0000000E+00  2.861393429338932E-002   6.000000    
   22.50000      2.791379764676094E-002   6.000000    
   45.00000      2.873007580637932E-002   6.000000    
   67.50000      3.131058439612389E-002   6.000000    
   90.00000      3.493851423263550E-002   6.000000    
   112.5000      3.858620673418045E-002   6.000000    
   135.0000      4.091381654143333E-002   6.000000    
   157.5000      4.191949963569641E-002   6.000000    
   180.0000      4.126400873064995E-002   6.000000    
   202.5000      4.090715199708939E-002   6.000000    
   225.0000      4.005473107099533E-002   6.000000    
   247.5000      3.732610121369362E-002   6.000000    
   270.0000      3.653903305530548E-002   6.000000    
   292.5000      3.569300845265388E-002   6.000000    
   315.0000      3.390707448124886E-002   6.000000    
   337.5000      3.158044442534447E-002   6.000000    
  0.0000000E+00  2.861393429338932E-002   6.000000    
 
  0.0000000E+00  2.796371467411518E-002   6.283333    
   22.50000      2.642912045121193E-002   6.283333    
   45.00000      2.688546292483807E-002   6.283333    
   67.50000      2.904164232313633E-002   6.283333    
   90.00000      3.213085606694221E-002   6.283333    
   112.5000      3.527990356087685E-002   6.283333    
   135.0000      3.727068006992340E-002   6.283333    
   157.5000      3.805163502693176E-002   6.283333    
   180.0000      3.732374683022499E-002   6.283333    
   202.5000      3.664324805140495E-002   6.283333    
   225.0000      3.537066280841827E-002   6.283333    
   247.5000      3.432421758770943E-002   6.283333    
   270.0000      3.417044505476952E-002   6.283333    
   292.5000      3.376318141818047E-002   6.283333    
   315.0000      3.244115784764290E-002   6.283333    
   337.5000      3.042425401508808E-002   6.283333    
  0.0000000E+00  2.796371467411518E-002   6.283333    
 
  0.0000000E+00  2.762011438608170E-002   6.566667    
   22.50000      2.603302337229252E-002   6.566667    
   45.00000      2.553033828735352E-002   6.566667    
   67.50000      2.682522125542164E-002   6.566667    
   90.00000      2.907534688711166E-002   6.566667    
   112.5000      3.152705356478691E-002   6.566667    
   135.0000      3.308638185262680E-002   6.566667    
   157.5000      3.365582972764969E-002   6.566667    
   180.0000      3.301473334431648E-002   6.566667    
   202.5000      3.224986046552658E-002   6.566667    
   225.0000      3.175939992070198E-002   6.566667    
   247.5000      3.152843192219734E-002   6.566667    
   270.0000      3.186627477407455E-002   6.566667    
   292.5000      3.192686289548874E-002   6.566667    
   315.0000      3.115364909172058E-002   6.566667    
   337.5000      2.960244379937649E-002   6.566667    
  0.0000000E+00  2.762011438608170E-002   6.566667    
 
  0.0000000E+00  2.776410989463329E-002   6.850000    
   22.50000      2.630906738340855E-002   6.850000    
   45.00000      2.536238729953766E-002   6.850000    
   67.50000      2.563811279833317E-002   6.850000    
   90.00000      2.688726596534252E-002   6.850000    
   112.5000      2.863742224872112E-002   6.850000    
   135.0000      2.979905717074871E-002   6.850000    
   157.5000      3.028707392513752E-002   6.850000    
   180.0000      3.002456575632095E-002   6.850000    
   202.5000      2.955352887511253E-002   6.850000    
   225.0000      2.936448156833649E-002   6.850000    
   247.5000      2.948737516999245E-002   6.850000    
   270.0000      3.010967373847961E-002   6.850000    
   292.5000      3.057936951518059E-002   6.850000    
   315.0000      3.034965880215168E-002   6.850000    
   337.5000      2.931668050587177E-002   6.850000    
  0.0000000E+00  2.776410989463329E-002   6.850000    
 
  0.0000000E+00  2.778932265937328E-002   7.133333    
   22.50000      2.648996375501156E-002   7.133333    
   45.00000      2.546313591301441E-002   7.133333    
   67.50000      2.530628629028797E-002   7.133333    
   90.00000      2.601622603833675E-002   7.133333    
   112.5000      2.724899910390377E-002   7.133333    
   135.0000      2.815088257193565E-002   7.133333    
   157.5000      2.850266173481941E-002   7.133333    
   180.0000      2.830831147730350E-002   7.133333    
   202.5000      2.790495939552784E-002   7.133333    
   225.0000      2.778745070099831E-002   7.133333    
   247.5000      2.805558405816555E-002   7.133333    
   270.0000      2.886271663010120E-002   7.133333    
   292.5000      2.961628697812557E-002   7.133333    
   315.0000      2.975003980100155E-002   7.133333    
   337.5000      2.906139940023422E-002   7.133333    
  0.0000000E+00  2.778932265937328E-002   7.133333    
 
  0.0000000E+00  2.730844169855118E-002   7.416667    
   22.50000      2.609646506607533E-002   7.416667    
   45.00000      2.519173361361027E-002   7.416667    
   67.50000      2.508261613547802E-002   7.416667    
   90.00000      2.577108144760132E-002   7.416667    
   112.5000      2.684640325605869E-002   7.416667    
   135.0000      2.753803879022598E-002   7.416667    
   157.5000      2.765303105115891E-002   7.416667    
   180.0000      2.731041796505451E-002   7.416667    
   202.5000      2.686086110770702E-002   7.416667    
   225.0000      2.676692605018616E-002   7.416667    
   247.5000      2.715933509171009E-002   7.416667    
   270.0000      2.812265977263451E-002   7.416667    
   292.5000      2.899801172316074E-002   7.416667    
   315.0000      2.920137904584408E-002   7.416667    
   337.5000      2.852538786828518E-002   7.416667    
  0.0000000E+00  2.730844169855118E-002   7.416667    
 
  0.0000000E+00  2.655440382659435E-002   7.700000    
   22.50000      2.539926953613758E-002   7.700000    
   45.00000      2.470162883400917E-002   7.700000    
   67.50000      2.485583536326885E-002   7.700000    
   90.00000      2.576478011906147E-002   7.700000    
   112.5000      2.685597911477089E-002   7.700000    
   135.0000      2.736131288111210E-002   7.700000    
   157.5000      2.719408087432384E-002   7.700000    
   180.0000      2.663335390388966E-002   7.700000    
   202.5000      2.612010389566422E-002   7.700000    
   225.0000      2.606803737580776E-002   7.700000    
   247.5000      2.661306038498878E-002   7.700000    
   270.0000      2.772397920489311E-002   7.700000    
   292.5000      2.861952036619186E-002   7.700000    
   315.0000      2.869439870119095E-002   7.700000    
   337.5000      2.782972157001495E-002   7.700000    
  0.0000000E+00  2.655440382659435E-002   7.700000    
 
  0.0000000E+00  2.584405988454819E-002   7.983334    
   22.50000      2.474422752857208E-002   7.983334    
   45.00000      2.424790896475315E-002   7.983334    
   67.50000      2.466870099306107E-002   7.983334    
   90.00000      2.580567821860313E-002   7.983334    
   112.5000      2.692845091223717E-002   7.983334    
   135.0000      2.725912071764469E-002   7.983334    
   157.5000      2.683319523930550E-002   7.983334    
   180.0000      2.608142234385014E-002   7.983334    
   202.5000      2.551412023603916E-002   7.983334    
   225.0000      2.550253085792065E-002   7.983334    
   247.5000      2.618776075541973E-002   7.983334    
   270.0000      2.742189727723598E-002   7.983334    
   292.5000      2.831120416522026E-002   7.983334    
   315.0000      2.822620607912540E-002   7.983334    
   337.5000      2.717367187142372E-002   7.983334    
  0.0000000E+00  2.584405988454819E-002   7.983334    
 
  0.0000000E+00  2.523737028241158E-002   8.266666    
   22.50000      2.419018186628819E-002   8.266666    
   45.00000      2.384765632450581E-002   8.266666    
   67.50000      2.445692382752895E-002   8.266666    
   90.00000      2.574908733367920E-002   8.266666    
   112.5000      2.688224054872990E-002   8.266666    
   135.0000      2.707206271588802E-002   8.266666    
   157.5000      2.645089291036129E-002   8.266666    
   180.0000      2.556354925036430E-002   8.266666    
   202.5000      2.495491132140160E-002   8.266666    
   225.0000      2.496941201388836E-002   8.266666    
   247.5000      2.575351111590862E-002   8.266666    
   270.0000      2.707128413021564E-002   8.266666    
   292.5000      2.795911394059658E-002   8.266666    
   315.0000      2.776145748794079E-002   8.266666    
   337.5000      2.659099362790585E-002   8.266666    
  0.0000000E+00  2.523737028241158E-002   8.266666    
 
  0.0000000E+00  2.466198243200779E-002   8.550000    
   22.50000      2.366405911743641E-002   8.550000    
   45.00000      2.342840470373631E-002   8.550000    
   67.50000      2.415246516466141E-002   8.550000    
   90.00000      2.552990429103374E-002   8.550000    
   112.5000      2.665266208350658E-002   8.550000    
   135.0000      2.673837170004845E-002   8.550000    
   157.5000      2.598474547266960E-002   8.550000    
   180.0000      2.501120790839195E-002   8.550000    
   202.5000      2.437560632824898E-002   8.550000    
   225.0000      2.440493181347847E-002   8.550000    
   247.5000      2.524754777550697E-002   8.550000    
   270.0000      2.661155723035336E-002   8.550000    
   292.5000      2.749927528202534E-002   8.550000    
   315.0000      2.723694406449795E-002   8.550000    
   337.5000      2.601283602416515E-002   8.550000    
  0.0000000E+00  2.466198243200779E-002   8.550000    
 
  0.0000000E+00  2.403749898076057E-002   8.833333    
   22.50000      2.308962494134903E-002   8.833333    
   45.00000      2.292666584253311E-002   8.833333    
   67.50000      2.370941266417503E-002   8.833333    
   90.00000      2.511584572494030E-002   8.833333    
   112.5000      2.620875649154186E-002   8.833333    
   135.0000      2.621954679489136E-002   8.833333    
   157.5000      2.538720518350601E-002   8.833333    
   180.0000      2.437010966241360E-002   8.833333    
   202.5000      2.372402325272560E-002   8.833333    
   225.0000      2.376159280538559E-002   8.833333    
   247.5000      2.462896890938282E-002   8.833333    
   270.0000      2.600388787686825E-002   8.833333    
   292.5000      2.688567712903023E-002   8.833333    
   315.0000      2.659260667860508E-002   8.833333    
   337.5000      2.536116167902946E-002   8.833333    
  0.0000000E+00  2.403749898076057E-002   8.833333    
 
  0.0000000E+00  2.329318784177303E-002   9.116667    
   22.50000      2.240055240690708E-002   9.116667    
   45.00000      2.228633686900139E-002   9.116667    
   67.50000      2.308416366577148E-002   9.116667    
   90.00000      2.447199076414108E-002   9.116667    
   112.5000      2.551633492112160E-002   9.116667    
   135.0000      2.547541074454784E-002   9.116667    
   157.5000      2.460948750376701E-002   9.116667    
   180.0000      2.358697354793549E-002   9.116667    
   202.5000      2.294794097542763E-002   9.116667    
   225.0000      2.298968285322189E-002   9.116667    
   247.5000      2.385258115828037E-002   9.116667    
   270.0000      2.520453743636608E-002   9.116667    
   292.5000      2.606783993542194E-002   9.116667    
   315.0000      2.576812729239464E-002   9.116667    
   337.5000      2.456681802868843E-002   9.116667    
  0.0000000E+00  2.329318784177303E-002   9.116667    
 
  0.0000000E+00  2.233915589749813E-002   9.400000    
   22.50000      2.151282876729965E-002   9.400000    
   45.00000      2.143066562712193E-002   9.400000    
   67.50000      2.220556139945984E-002   9.400000    
   90.00000      2.352832257747650E-002   9.400000    
   112.5000      2.450176700949669E-002   9.400000    
   135.0000      2.442812174558640E-002   9.400000    
   157.5000      2.357104979455471E-002   9.400000    
   180.0000      2.258126251399517E-002   9.400000    
   202.5000      2.196879871189594E-002   9.400000    
   225.0000      2.201154828071594E-002   9.400000    
   247.5000      2.284055575728416E-002   9.400000    
   270.0000      2.413168549537659E-002   9.400000    
   292.5000      2.495768107473850E-002   9.400000    
   315.0000      2.467036247253418E-002   9.400000    
   337.5000      2.353539131581783E-002   9.400000    
  0.0000000E+00  2.233915589749813E-002   9.400000    
 
  0.0000000E+00  2.103288657963276E-002   9.683333    
   22.50000      2.029337547719479E-002   9.683333    
   45.00000      2.023200318217278E-002   9.683333    
   67.50000      2.094432152807713E-002   9.683333    
   90.00000      2.214752882719040E-002   9.683333    
   112.5000      2.301911823451519E-002   9.683333    
   135.0000      2.292915992438793E-002   9.683333    
   157.5000      2.212679199874401E-002   9.683333    
   180.0000      2.121407911181450E-002   9.683333    
   202.5000      2.065260894596577E-002   9.683333    
   225.0000      2.069317549467087E-002   9.683333    
   247.5000      2.145325206220150E-002   9.683333    
   270.0000      2.263483032584190E-002   9.683333    
   292.5000      2.339565753936768E-002   9.683333    
   315.0000      2.313867025077343E-002   9.683333    
   337.5000      2.211329713463783E-002   9.683333    
  0.0000000E+00  2.103288657963276E-002   9.683333    
 
  0.0000000E+00  1.910467632114887E-002   9.966667    
   22.50000      1.849036663770676E-002   9.966667    
   45.00000      1.844323612749577E-002   9.966667    
   67.50000      1.904125139117241E-002   9.966667    
   90.00000      2.004662528634071E-002   9.966667    
   112.5000      2.076641842722893E-002   9.966667    
   135.0000      2.067619189620018E-002   9.966667    
   157.5000      1.998903602361679E-002   9.966667    
   180.0000      1.921594887971878E-002   9.966667    
   202.5000      1.874165795743465E-002   9.966667    
   225.0000      1.877607218921185E-002   9.966667    
   247.5000      1.941658556461334E-002   9.966667    
   270.0000      2.041426673531532E-002   9.966667    
   292.5000      2.106411196291447E-002   9.966667    
   315.0000      2.085833437740803E-002   9.966667    
   337.5000      2.000652812421322E-002   9.966667    
  0.0000000E+00  1.910467632114887E-002   9.966667    
 
  0.0000000E+00  1.594841293990612E-002   10.25000    
   22.50000      1.553815323859453E-002   10.25000    
   45.00000      1.550504937767982E-002   10.25000    
   67.50000      1.590251736342907E-002   10.25000    
   90.00000      1.657106913626194E-002   10.25000    
   112.5000      1.704489253461361E-002   10.25000    
   135.0000      1.697542145848274E-002   10.25000    
   157.5000      1.650636270642281E-002   10.25000    
   180.0000      1.598365604877472E-002   10.25000    
   202.5000      1.566284708678722E-002   10.25000    
   225.0000      1.568518579006195E-002   10.25000    
   247.5000      1.611558347940445E-002   10.25000    
   270.0000      1.679071597754955E-002   10.25000    
   292.5000      1.723915897309780E-002   10.25000    
   315.0000      1.711390912532806E-002   10.25000    
   337.5000      1.655115559697151E-002   10.25000    
  0.0000000E+00  1.594841293990612E-002   10.25000    
 
