  0.0000000E+00   69.8436609026391        6.000000    
   15.00000       69.4454051501622        6.000000    
   30.00000       68.8529531892054        6.000000    
   45.00000       68.1566367300159        6.000000    
   60.00000       67.5109327305522        6.000000    
   75.00000       66.9672804154068        6.000000    
   90.00000       66.6187116080905        6.000000    
   105.0000       66.4725132195912        6.000000    
   120.0000       66.4607340651518        6.000000    
   135.0000       66.5409547004595        6.000000    
   150.0000       66.6410291923820        6.000000    
   165.0000       66.7495978004090        6.000000    
   180.0000       66.8384506325649        6.000000    
   195.0000       66.9271564564467        6.000000    
   210.0000       67.0397731484159        6.000000    
   225.0000       67.1982151317754        6.000000    
   240.0000       67.4265743805021        6.000000    
   255.0000       67.7273043077431        6.000000    
   270.0000       68.1018273603326        6.000000    
   285.0000       68.5694068793611        6.000000    
   300.0000       69.0660754644212        6.000000    
   315.0000       69.4689870361231        6.000000    
   330.0000       69.8163354614803        6.000000    
   345.0000       69.9729861685707        6.000000    
  0.0000000E+00   69.8436609026391        6.000000    
 
  0.0000000E+00   71.2249746420095        6.121428    
   15.00000       70.5177842822338        6.121428    
   30.00000       69.4989585436250        6.121428    
   45.00000       68.3073683315908        6.121428    
   60.00000       67.1783921067788        6.121428    
   75.00000       66.2786126098558        6.121428    
   90.00000       65.7185148179512        6.121428    
   105.0000       65.5010819793911        6.121428    
   120.0000       65.5490513203099        6.121428    
   135.0000       65.7334003179409        6.121428    
   150.0000       65.9229143163717        6.121428    
   165.0000       66.1046925876603        6.121428    
   180.0000       66.2343145755019        6.121428    
   195.0000       66.3540328016766        6.121428    
   210.0000       66.4901472287411        6.121428    
   225.0000       66.7174134572853        6.121428    
   240.0000       67.0810796750860        6.121428    
   255.0000       67.6074797587465        6.121428    
   270.0000       68.2894873966227        6.121428    
   285.0000       69.1354479791712        6.121428    
   300.0000       70.0144062502444        6.121428    
   315.0000       70.7478085462455        6.121428    
   330.0000       71.3104887638107        6.121428    
   345.0000       71.5089598805248        6.121428    
  0.0000000E+00   71.2249746420095        6.121428    
 
  0.0000000E+00   72.7648115658869        6.242857    
   15.00000       71.8176039368204        6.242857    
   30.00000       70.5009094280020        6.242857    
   45.00000       68.9981986222340        6.242857    
   60.00000       67.5671991700242        6.242857    
   75.00000       66.4679442517766        6.242857    
   90.00000       65.8299269183178        6.242857    
   105.0000       65.6374787070087        6.242857    
   120.0000       65.7740016698957        6.242857    
   135.0000       66.0713803371255        6.242857    
   150.0000       66.3533917936437        6.242857    
   165.0000       66.5796236956032        6.242857    
   180.0000       66.7096623950154        6.242857    
   195.0000       66.8044443650626        6.242857    
   210.0000       66.9104186024089        6.242857    
   225.0000       67.1554462996616        6.242857    
   240.0000       67.6180916486332        6.242857    
   255.0000       68.3154047595211        6.242857    
   270.0000       69.2440264183586        6.242857    
   285.0000       70.3785910229327        6.242857    
   300.0000       71.5216868885163        6.242857    
   315.0000       72.4592160714521        6.242857    
   330.0000       73.0948672445026        6.242857    
   345.0000       73.2267483773794        6.242857    
  0.0000000E+00   72.7648115658869        6.242857    
 
  0.0000000E+00   73.9468522141278        6.364286    
   15.00000       72.8253161830392        6.364286    
   30.00000       71.3403821277763        6.364286    
   45.00000       69.6722830429088        6.364286    
   60.00000       68.1010156304350        6.364286    
   75.00000       66.9355139442847        6.364286    
   90.00000       66.3368888733144        6.364286    
   105.0000       66.2433183739803        6.364286    
   120.0000       66.4993381150803        6.364286    
   135.0000       66.8997448339228        6.364286    
   150.0000       67.2401875211050        6.364286    
   165.0000       67.4699475930041        6.364286    
   180.0000       67.5590326550790        6.364286    
   195.0000       67.5878651395846        6.364286    
   210.0000       67.6506090649072        6.364286    
   225.0000       67.8913989709092        6.364286    
   240.0000       68.4222237892340        6.364286    
   255.0000       69.2546835642219        6.364286    
   270.0000       70.3780688190058        6.364286    
   285.0000       71.7163763672175        6.364286    
   300.0000       73.0143991061390        6.364286    
   315.0000       74.0305776816997        6.364286    
   330.0000       74.6258708356276        6.364286    
   345.0000       74.6020314606759        6.364286    
  0.0000000E+00   73.9468522141278        6.364286    
 
  0.0000000E+00   74.6309912280020        6.485714    
   15.00000       73.4063930786493        6.485714    
   30.00000       71.8757957191856        6.485714    
   45.00000       70.1677871177976        6.485714    
   60.00000       68.5956375563648        6.485714    
   75.00000       67.4841457386135        6.485714    
   90.00000       67.0050043514494        6.485714    
   105.0000       67.0573465241020        6.485714    
   120.0000       67.4404437844654        6.485714    
   135.0000       67.9178110239335        6.485714    
   150.0000       68.2732661192288        6.485714    
   165.0000       68.4624437870964        6.485714    
   180.0000       68.4720664222225        6.485714    
   195.0000       68.4221972936525        6.485714    
   210.0000       68.4272661630368        6.485714    
   225.0000       68.6549760578002        6.485714    
   240.0000       69.2354754509776        6.485714    
   255.0000       70.1758953135249        6.485714    
   270.0000       71.4443328088217        6.485714    
   285.0000       72.9151792497757        6.485714    
   300.0000       74.2692724913146        6.485714    
   315.0000       75.2500752330216        6.485714    
   330.0000       75.7030267613035        6.485714    
   345.0000       75.4681492327369        6.485714    
  0.0000000E+00   74.6309912280020        6.485714    
 
  0.0000000E+00   74.8446067911408        6.607143    
   15.00000       73.5822935421061        6.607143    
   30.00000       72.1240459168093        6.607143    
   45.00000       70.4939921262887        6.607143    
   60.00000       69.0301263624255        6.607143    
   75.00000       68.0650944056850        6.607143    
   90.00000       67.7562652980416        6.607143    
   105.0000       67.9762579039778        6.607143    
   120.0000       68.4740197680693        6.607143    
   135.0000       68.9919366839260        6.607143    
   150.0000       69.3170278593956        6.607143    
   165.0000       69.4257162253655        6.607143    
   180.0000       69.3382625783757        6.607143    
   195.0000       69.1934190672309        6.607143    
   210.0000       69.1339288711275        6.607143    
   225.0000       69.3442390283588        6.607143    
   240.0000       69.9625820496090        6.607143    
   255.0000       70.9888709849823        6.607143    
   270.0000       72.3503624678538        6.607143    
   285.0000       73.8725846274496        6.607143    
   300.0000       75.1922518737790        6.607143    
   315.0000       76.0408752560086        6.607143    
   330.0000       76.2802992690685        6.607143    
   345.0000       75.8315256159004        6.607143    
  0.0000000E+00   74.8446067911408        6.607143    
 
  0.0000000E+00   74.7729537032818        6.728571    
   15.00000       73.4878227455533        6.728571    
   30.00000       72.1539758080962        6.728571    
   45.00000       70.7086679426915        6.728571    
   60.00000       69.4376789299482        6.728571    
   75.00000       68.6830777875879        6.728571    
   90.00000       68.5767914136905        6.728571    
   105.0000       68.9558367041109        6.728571    
   120.0000       69.5419012866336        6.728571    
   135.0000       70.0605505332119        6.728571    
   150.0000       70.3238079455590        6.728571    
   165.0000       70.3224821915368        6.728571    
   180.0000       70.1179839979848        6.728571    
   195.0000       69.8693174963882        6.728571    
   210.0000       69.7418430883662        6.728571    
   225.0000       69.9367535145631        6.728571    
   240.0000       70.5750224389408        6.728571    
   255.0000       71.6536812606842        6.728571    
   270.0000       73.0505975198932        6.728571    
   285.0000       74.5455845019614        6.728571    
   300.0000       75.7704492442654        6.728571    
   315.0000       76.4686473968718        6.728571    
   330.0000       76.5067923475333        6.728571    
   345.0000       75.8760122148356        6.728571    
  0.0000000E+00   74.7729537032818        6.728571    
 
  0.0000000E+00   74.5617712335631        6.850000    
   15.00000       73.2781292447335        6.850000    
   30.00000       72.0619935784524        6.850000    
   45.00000       70.8759629050856        6.850000    
   60.00000       69.8599918215210        6.850000    
   75.00000       69.3540287396414        6.850000    
   90.00000       69.4592550619691        6.850000    
   105.0000       69.9804564320535        6.850000    
   120.0000       70.6215880726216        6.850000    
   135.0000       71.1045582603680        6.850000    
   150.0000       71.2737721493546        6.850000    
   165.0000       71.1426711393016        6.850000    
   180.0000       70.8103100510181        6.850000    
   195.0000       70.4541548950903        6.850000    
   210.0000       70.2621198231805        6.850000    
   225.0000       70.4321317059942        6.850000    
   240.0000       71.0659917464945        6.850000    
   255.0000       72.1684369302552        6.850000    
   270.0000       73.5806999589727        6.850000    
   285.0000       75.0266650166386        6.850000    
   300.0000       76.1410759816495        6.850000    
   315.0000       76.6785911177826        6.850000    
   330.0000       76.5303807869954        6.850000    
   345.0000       75.7471534445732        6.850000    
  0.0000000E+00   74.5617712335631        6.850000    
 
  0.0000000E+00   74.3237776485492        6.971429    
   15.00000       73.0673870858437        6.971429    
   30.00000       71.9718751319666        6.971429    
   45.00000       71.0478141596467        6.971429    
   60.00000       70.3300178513734        6.971429    
   75.00000       70.0893273867576        6.971429    
   90.00000       70.3969612218988        6.971429    
   105.0000       71.0336922694664        6.971429    
   120.0000       71.6958503398814        6.971429    
   135.0000       72.1132441400607        6.971429    
   150.0000       72.1666639850658        6.971429    
   165.0000       71.8956456821115        6.971429    
   180.0000       71.4320358377165        6.971429    
   195.0000       70.9731847065129        6.971429    
   210.0000       70.7125129083593        6.971429    
   225.0000       70.8531515919909        6.971429    
   240.0000       71.5021543945095        6.971429    
   255.0000       72.6259904844818        6.971429    
   270.0000       74.0327430070505        6.971429    
   285.0000       75.4105906033544        6.971429    
   300.0000       76.4026940997441        6.971429    
   315.0000       76.7787495718994        6.971429    
   330.0000       76.4638892500889        6.971429    
   345.0000       75.5587087079877        6.971429    
  0.0000000E+00   74.3237776485492        6.971429    
 
  0.0000000E+00   74.1436674269024        7.092857    
   15.00000       72.9375903426820        7.092857    
   30.00000       71.9681560872243        7.092857    
   45.00000       71.2755818622962        7.092857    
   60.00000       70.8715355393444        7.092857    
   75.00000       70.8925499916973        7.092857    
   90.00000       71.3818524003067        7.092857    
   105.0000       72.1035625330099        7.092857    
   120.0000       72.7563107161548        7.092857    
   135.0000       73.0868171106790        7.092857    
   150.0000       73.0128402586545        7.092857    
   165.0000       72.6000174432746        7.092857    
   180.0000       72.0116630059694        7.092857    
   195.0000       71.4514592608592        7.092857    
   210.0000       71.1427497316048        7.092857    
   225.0000       71.2830300403226        7.092857    
   240.0000       71.9533744770697        7.092857    
   255.0000       73.0887902830220        7.092857    
   270.0000       74.4700512339131        7.092857    
   285.0000       75.7649176591160        7.092857    
   300.0000       76.6289189392918        7.092857    
   315.0000       76.8512499237943        7.092857    
   330.0000       76.3937107988691        7.092857    
   345.0000       75.3977547488282        7.092857    
  0.0000000E+00   74.1436674269024        7.092857    
 
  0.0000000E+00   74.0816689623637        7.214286    
   15.00000       72.9443324468330        7.214286    
   30.00000       72.1040909317332        7.214286    
   45.00000       71.6163164262674        7.214286    
   60.00000       71.4926879228878        7.214286    
   75.00000       71.7605798767517        7.214286    
   90.00000       72.4049257711975        7.214286    
   105.0000       73.1817470750104        7.214286    
   120.0000       73.8006971740025        7.214286    
   135.0000       74.0318051074858        7.214286    
   150.0000       73.8275442589589        7.214286    
   165.0000       73.2811248094500        7.214286    
   180.0000       72.5740891967594        7.214286    
   195.0000       71.9451811292017        7.214286    
   210.0000       71.6220435679760        7.214286    
   225.0000       71.7765678120945        7.214286    
   240.0000       72.4656415958435        7.214286    
   255.0000       73.5989835000588        7.214286    
   270.0000       74.9370849790388        7.214286    
   285.0000       76.1388893295835        7.214286    
   300.0000       76.8752207042971        7.214286    
   315.0000       76.9580318386439        7.214286    
   330.0000       76.3843712259444        7.214286    
   345.0000       75.3280845538529        7.214286    
  0.0000000E+00   74.0816689623637        7.214286    
 
  0.0000000E+00   74.1770535735635        7.335714    
   15.00000       73.1216271254403        7.335714    
   30.00000       72.4095898989643        7.335714    
   45.00000       72.1015326677976        7.335714    
   60.00000       72.2026418490629        7.335714    
   75.00000       72.6881392538771        7.335714    
   90.00000       73.4576488376574        7.335714    
   105.0000       74.2632544435856        7.335714    
   120.0000       74.8308652917479        7.335714    
   135.0000       74.9578959952637        7.335714    
   150.0000       74.6303498601379        7.335714    
   165.0000       73.9596584963747        7.335714    
   180.0000       73.1711381241954        7.335714    
   195.0000       72.5112385692291        7.335714    
   210.0000       72.1941796614819        7.335714    
   225.0000       72.3680115696858        7.335714    
   240.0000       73.0680174763710        7.335714    
   255.0000       74.1845544694999        7.335714    
   270.0000       75.4650340308200        7.335714    
   285.0000       76.5683132986409        7.335714    
   300.0000       77.1826356570058        7.335714    
   315.0000       77.1442561537328        7.335714    
   330.0000       76.4817077117189        7.335714    
   345.0000       75.3933198992271        7.335714    
  0.0000000E+00   74.1770535735635        7.335714    
 
  0.0000000E+00   74.4515665356117        7.457143    
   15.00000       73.4861369280757        7.457143    
   30.00000       72.8971710782806        7.457143    
   45.00000       72.7439543181848        7.457143    
   60.00000       73.0210277719595        7.457143    
   75.00000       73.6677568085146        7.457143    
   90.00000       74.5341218623868        7.457143    
   105.0000       75.3457607535078        7.457143    
   120.0000       75.8526167708772        7.457143    
   135.0000       75.8782408753841        7.457143    
   150.0000       75.4364274885002        7.457143    
   165.0000       74.6800759139280        7.457143    
   180.0000       73.8483008442338        7.457143    
   195.0000       73.1834429006871        7.457143    
   210.0000       72.8840571689656        7.457143    
   225.0000       73.0763594652819        7.457143    
   240.0000       73.7771231042040        7.457143    
   255.0000       74.8629255044132        7.457143    
   270.0000       76.0748464695906        7.457143    
   285.0000       77.0781204014417        7.457143    
   300.0000       77.5798496329035        7.457143    
   315.0000       77.4405640224091        7.457143    
   330.0000       76.7153735003917        7.457143    
   345.0000       75.6198476356328        7.457143    
  0.0000000E+00   74.4515665356117        7.457143    
 
  0.0000000E+00   74.9127541408926        7.578571    
   15.00000       74.0409460677072        7.578571    
   30.00000       73.5665556436056        7.578571    
   45.00000       73.5435358041369        7.578571    
   60.00000       73.9542577911378        7.578571    
   75.00000       74.7102416242730        7.578571    
   90.00000       75.6298238659513        7.578571    
   105.0000       76.4310566451127        7.578571    
   120.0000       76.8717139548029        7.578571    
   135.0000       76.8074510487569        7.578571    
   150.0000       76.2842311140744        7.578571    
   165.0000       75.4771792712098        7.578571    
   180.0000       74.6306339265459        7.578571    
   195.0000       73.9785020364548        7.578571    
   210.0000       73.7024886314626        7.578571    
   225.0000       73.9091758975651        7.578571    
   240.0000       74.6001024418266        7.578571    
   255.0000       75.6431553319433        7.578571    
   270.0000       76.7789933852237        7.578571    
   285.0000       77.6839157501703        7.578571    
   300.0000       78.0847346312380        7.578571    
   315.0000       77.8650367728618        7.578571    
   330.0000       77.1012580160939        7.578571    
   345.0000       76.0197327714749        7.578571    
  0.0000000E+00   74.9127541408926        7.578571    
 
  0.0000000E+00   75.5570627483638        7.700000    
   15.00000       74.7788080725980        7.700000    
   30.00000       74.4081484385432        7.700000    
   45.00000       74.4915304256901        7.700000    
   60.00000       74.9994413466169        7.700000    
   75.00000       75.8229771028323        7.700000    
   90.00000       76.7611058357266        7.700000    
   105.0000       77.5336224399290        7.700000    
   120.0000       77.9104664353607        7.700000    
   135.0000       77.7758447434880        7.700000    
   150.0000       77.1986450533256        7.700000    
   165.0000       76.3683759212504        7.700000    
   180.0000       75.5281467146659        7.700000    
   195.0000       74.9004403508359        7.700000    
   210.0000       74.6497888240714        7.700000    
   225.0000       74.8654053094752        7.700000    
   240.0000       75.5367483006718        7.700000    
   255.0000       76.5274634408148        7.700000    
   270.0000       77.5827172200954        7.700000    
   285.0000       78.3932046200725        7.700000    
   300.0000       78.7057988269118        7.700000    
   315.0000       78.4251605355818        7.700000    
   330.0000       77.6439295120406        7.700000    
   345.0000       76.5935656542153        7.700000    
  0.0000000E+00   75.5570627483638        7.700000    
 
  0.0000000E+00   76.3726940418282        7.821429    
   15.00000       75.6845832224304        7.821429    
   30.00000       75.4054171150376        7.821429    
   45.00000       75.5728871127907        7.821429    
   60.00000       76.1474457665966        7.821429    
   75.00000       77.0058845715390        7.821429    
   90.00000       77.9370743950433        7.821429    
   105.0000       78.6692688286283        7.821429    
   120.0000       78.9870856235366        7.821429    
   135.0000       78.7994197400309        7.821429    
   150.0000       78.1908756395066        7.821429    
   165.0000       77.3587563564664        7.821429    
   180.0000       76.5400694307378        7.821429    
   195.0000       75.9440370071612        7.821429    
   210.0000       75.7185622658017        7.821429    
   225.0000       75.9377041858653        7.821429    
   240.0000       76.5814377670542        7.821429    
   255.0000       77.5128526897499        7.821429    
   270.0000       78.4855830220773        7.821429    
   285.0000       79.2070475770905        7.821429    
   300.0000       79.4441328581698        7.821429    
   315.0000       79.1202060318721        7.821429    
   330.0000       78.3393718421769        7.821429    
   345.0000       77.3333928135602        7.821429    
  0.0000000E+00   76.3726940418282        7.821429    
 
  0.0000000E+00   77.3424290542500        7.942857    
   15.00000       76.7398428233895        7.942857    
   30.00000       76.5397507921730        7.942857    
   45.00000       76.7710175884850        7.942857    
   60.00000       77.3860293120449        7.942857    
   75.00000       78.2532382808860        7.942857    
   90.00000       79.1595465382601        7.942857    
   105.0000       79.8447158862057        7.942857    
   120.0000       80.1095219440119        7.942857    
   135.0000       79.8838108115988        7.942857    
   150.0000       79.2621816318754        7.942857    
   165.0000       78.4443007517331        7.942857    
   180.0000       77.6583614163641        7.942857    
   195.0000       77.0985831299225        7.942857    
   210.0000       76.8968531460659        7.942857    
   225.0000       77.1141922439276        7.942857    
   240.0000       77.7239906249388        7.942857    
   255.0000       78.5919675503597        7.942857    
   270.0000       79.4823912229081        7.942857    
   285.0000       80.1211518160690        7.942857    
   300.0000       80.2948159038945        7.942857    
   315.0000       79.9429686994241        7.942857    
   330.0000       79.1769178079552        7.942857    
   345.0000       78.2245315512636        7.942857    
  0.0000000E+00   77.3424290542500        7.942857    
 
  0.0000000E+00   78.4464556148009        8.064285    
   15.00000       77.9234606817938        8.064285    
   30.00000       77.7901946282172        8.064285    
   45.00000       78.0673033669161        8.064285    
   60.00000       78.7012746007561        8.064285    
   75.00000       79.5570874296920        8.064285    
   90.00000       80.4251672394980        8.064285    
   105.0000       81.0598260007418        8.064285    
   120.0000       81.2781294855853        8.064285    
   135.0000       81.0270303928827        8.064285    
   150.0000       80.4072535837737        8.064285    
   165.0000       79.6163299129916        8.064285    
   180.0000       78.8709710762886        8.064285    
   195.0000       78.3499309492696        8.064285    
   210.0000       78.1699689059464        8.064285    
   225.0000       78.3810073472782        8.064285    
   240.0000       78.9520712238548        8.064285    
   255.0000       79.7539210254460        8.064285    
   270.0000       80.5639206358778        8.064285    
   285.0000       81.1268122155677        8.064285    
   300.0000       81.2481122846646        8.064285    
   315.0000       80.8811697091798        8.064285    
   330.0000       80.1413540598858        8.064285    
   345.0000       79.2495009613270        8.064285    
  0.0000000E+00   78.4464556148009        8.064285    
 
  0.0000000E+00   79.6628321297223        8.185715    
   15.00000       79.2127122651839        8.185715    
   30.00000       79.1346842885638        8.185715    
   45.00000       79.4421289027250        8.185715    
   60.00000       80.0777638595913        8.185715    
   75.00000       80.9069622939421        8.185715    
   90.00000       81.7276962468386        8.185715    
   105.0000       82.3105077697179        8.185715    
   120.0000       82.4886245225281        8.185715    
   135.0000       82.2229587153159        8.185715    
   150.0000       81.6167968410785        8.185715    
   165.0000       80.8621963361119        8.185715    
   180.0000       80.1626230757162        8.185715    
   195.0000       79.6813268268623        8.185715    
   210.0000       79.5210004353266        8.185715    
   225.0000       79.7222059419615        8.185715    
   240.0000       80.2514740650511        8.185715    
   255.0000       80.9862993859931        8.185715    
   270.0000       81.7185475321587        8.185715    
   285.0000       82.2122782820751        8.185715    
   300.0000       82.2911316162317        8.185715    
   315.0000       81.9199819125003        8.185715    
   330.0000       81.2152547473971        8.185715    
   345.0000       80.3882187861813        8.185715    
  0.0000000E+00   79.6628321297223        8.185715    
 
  0.0000000E+00   80.9688141542549        8.307143    
   15.00000       80.5844946793339        8.307143    
   30.00000       80.5510673420815        8.307143    
   45.00000       80.8757492339247        8.307143    
   60.00000       81.4994280978606        8.307143    
   75.00000       82.2908541593924        8.307143    
   90.00000       83.0583703697461        8.307143    
   105.0000       83.5896188623318        8.307143    
   120.0000       83.7334867401167        8.307143    
   135.0000       83.4621071210982        8.307143    
   150.0000       82.8785985970718        8.307143    
   165.0000       82.1669557476115        8.307143    
   180.0000       81.5163266539767        8.307143    
   195.0000       81.0747396636845        8.307143    
   210.0000       80.9319787629338        8.307143    
   225.0000       81.1207755452316        8.307143    
   240.0000       81.6066778505097        8.307143    
   255.0000       82.2750447463923        8.307143    
   270.0000       82.9331015222455        8.307143    
   285.0000       83.3642449203743        8.307143    
   300.0000       83.4093312134245        8.307143    
   315.0000       83.0427379873556        8.307143    
   330.0000       82.3794583373871        8.307143    
   345.0000       81.6193225930519        8.307143    
  0.0000000E+00   80.9688141542549        8.307143    
 
  0.0000000E+00   82.3416953351820        8.428572    
   15.00000       82.0160669529590        8.428572    
   30.00000       82.0177027487258        8.428572    
   45.00000       82.3487847217207        8.428572    
   60.00000       82.9500422848825        8.428572    
   75.00000       83.6958293149579        8.428572    
   90.00000       84.4067304461812        8.428572    
   105.0000       84.8877781566889        8.428572    
   120.0000       85.0028071444588        8.428572    
   135.0000       84.7328280826404        8.428572    
   150.0000       84.1787068375867        8.428572    
   165.0000       83.5144481346326        8.428572    
   180.0000       82.9143369016086        8.428572    
   195.0000       82.5117008566661        8.428572    
   210.0000       82.3846074595393        8.428572    
   225.0000       82.5592869148660        8.428572    
   240.0000       83.0014785992805        8.428572    
   255.0000       83.6050981060430        8.428572    
   270.0000       84.1931187560032        8.428572    
   285.0000       84.5679725521250        8.428572    
   300.0000       84.5867643637658        8.428572    
   315.0000       84.2315856324914        8.428572    
   330.0000       83.6140057299554        8.428572    
   345.0000       82.9210911521749        8.428572    
  0.0000000E+00   82.3416953351820        8.428572    
 
  0.0000000E+00   83.7595558518679        8.550000    
   15.00000       83.4857077782349        8.550000    
   30.00000       83.5140168985146        8.550000    
   45.00000       83.8427129264833        8.550000    
   60.00000       84.4137437512496        8.550000    
   75.00000       85.1086607781054        8.550000    
   90.00000       85.7614192136765        8.550000    
   105.0000       86.1943246390856        8.550000    
   120.0000       86.2853349155029        8.550000    
   135.0000       86.0223638233182        8.550000    
   150.0000       85.5024412556102        8.550000    
   165.0000       84.8882255066950        8.550000    
   180.0000       84.3389905424182        8.550000    
   195.0000       83.9740543541420        8.550000    
   210.0000       83.8609476008496        8.550000    
   225.0000       84.0205419811981        8.550000    
   240.0000       84.4196478074235        8.550000    
   255.0000       84.9610862273524        8.550000    
   270.0000       85.4835880363407        8.550000    
   285.0000       85.8080891761389        8.550000    
   300.0000       85.8069336064123        8.550000    
   315.0000       85.4683695545807        8.550000    
   330.0000       84.8990010051868        8.550000    
   345.0000       84.2722590781335        8.550000    
  0.0000000E+00   83.7595558518679        8.550000    
 
  0.0000000E+00   85.2017687308339        8.671429    
   15.00000       84.9731470309615        8.671429    
   30.00000       85.0208684431616        8.671429    
   45.00000       85.3402033229431        8.671429    
   60.00000       85.8754064399173        8.671429    
   75.00000       86.5163030329365        8.671429    
   90.00000       87.1107853257161        8.671429    
   105.0000       87.4980325913464        8.671429    
   120.0000       87.5692468277244        8.671429    
   135.0000       87.3176043856065        8.671429    
   150.0000       86.8351120268555        8.671429    
   165.0000       86.2722013074005        8.671429    
   180.0000       85.7732853783623        8.671429    
   195.0000       85.4444759165629        8.671429    
   210.0000       85.3439006995554        8.671429    
   225.0000       85.4880470645809        8.671429    
   240.0000       85.8454290946634        8.671429    
   255.0000       86.3278555471529        8.671429    
   270.0000       86.7895347139825        8.671429    
   285.0000       87.0692103959324        8.671429    
   300.0000       87.0534361322825        8.671429    
   315.0000       86.7352808655071        8.671429    
   330.0000       86.2152288752312        8.671429    
   345.0000       85.6525838682320        8.671429    
  0.0000000E+00   85.2017687308339        8.671429    
 
  0.0000000E+00   86.6492956088327        8.792857    
   15.00000       86.4598037016193        8.792857    
   30.00000       86.5207433094615        8.792857    
   45.00000       86.8253053950315        8.792857    
   60.00000       87.3208775603200        8.792857    
   75.00000       87.9062199306006        8.792857    
   90.00000       88.4433115544674        8.792857    
   105.0000       88.7876170507004        8.792857    
   120.0000       88.8426850043126        8.792857    
   135.0000       88.6056079053467        8.792857    
   150.0000       88.1624985645785        8.792857    
   165.0000       87.6510696468032        8.792857    
   180.0000       87.2012430847596        8.792857    
   195.0000       86.9067926965886        8.792857    
   210.0000       86.8175090396528        8.792857    
   225.0000       86.9463187326769        8.792857    
   240.0000       87.2638727230764        8.792857    
   255.0000       87.6908471580632        8.792857    
   270.0000       88.0964369348694        8.792857    
   285.0000       88.3363816227948        8.792857    
   300.0000       88.3104154692635        8.792857    
   315.0000       88.0152949244674        8.792857    
   330.0000       87.5445559908602        8.792857    
   345.0000       87.0431961075090        8.792857    
  0.0000000E+00   86.6492956088327        8.792857    
 
  0.0000000E+00   88.0849169332698        8.914286    
   15.00000       87.9289722794499        8.914286    
   30.00000       87.9979165462520        8.914286    
   45.00000       88.2836187041356        8.914286    
   60.00000       88.7371971529100        8.914286    
   75.00000       89.2666832690855        8.914286    
   90.00000       89.7479927254714        8.914286    
   105.0000       90.0521657450360        8.914286    
   120.0000       90.0942067686209        8.914286    
   135.0000       89.8740301498233        8.914286    
   150.0000       89.4712392547842        8.914286    
   165.0000       89.0106441252177        8.914286    
   180.0000       88.6082022041398        8.914286    
   195.0000       88.3462442928695        8.914286    
   210.0000       88.2672077432109        8.914286    
   225.0000       88.3811498717984        8.914286    
   240.0000       88.6611333083142        8.914286    
   255.0000       89.0364338218800        8.914286    
   270.0000       89.3905958181436        8.914286    
   285.0000       89.5954651481148        8.914286    
   300.0000       89.5629477668855        8.914286    
   315.0000       89.2925356524870        8.914286    
   330.0000       88.8702568911847        8.914286    
   345.0000       88.4268770554169        8.914286    
  0.0000000E+00   88.0849169332698        8.914286    
 
  0.0000000E+00   89.4933066148883        9.035714    
   15.00000       89.3658672288443        9.035714    
   30.00000       89.4384854447694        9.035714    
   45.00000       89.7023436279381        9.035714    
   60.00000       90.1126975601733        9.035714    
   75.00000       90.5869401765872        9.035714    
   90.00000       91.0145644583822        9.035714    
   105.0000       91.2814055175218        9.035714    
   120.0000       91.3130582480119        9.035714    
   135.0000       91.1113773625753        9.035714    
   150.0000       90.7490477213894        9.035714    
   165.0000       90.3380318309959        9.035714    
   180.0000       89.9809548706376        9.035714    
   195.0000       89.7495958482476        9.035714    
   210.0000       89.6799339792177        9.035714    
   225.0000       89.7797336301891        9.035714    
   240.0000       90.0246214992930        9.035714    
   255.0000       90.3521041047116        9.035714    
   270.0000       90.6593446174231        9.035714    
   285.0000       90.8333609735964        9.035714    
   300.0000       90.7972562158468        9.035714    
   315.0000       90.5524652028816        9.035714    
   330.0000       90.1771683396566        9.035714    
   345.0000       89.7881716986403        9.035714    
  0.0000000E+00   89.4933066148883        9.035714    
 
  0.0000000E+00   90.8610744542793        9.157143    
   15.00000       90.7576385029957        9.157143    
   30.00000       90.8303784574875        9.157143    
   45.00000       91.0703111888237        9.157143    
   60.00000       91.4370808798696        9.157143    
   75.00000       91.8573515821635        9.157143    
   90.00000       92.2336942979923        9.157143    
   105.0000       92.4659239301043        9.157143    
   120.0000       92.4893983559411        9.157143    
   135.0000       92.3072086661304        9.157143    
   150.0000       91.9848791603690        9.157143    
   165.0000       91.6217591893553        9.157143    
   180.0000       91.3078391799297        9.157143    
   195.0000       91.1052119815502        9.157143    
   210.0000       91.0442023175973        9.157143    
   225.0000       91.1307582086087        9.157143    
   240.0000       91.3431312097746        9.157143    
   255.0000       91.6266244644043        9.157143    
   270.0000       91.8912368768142        9.157143    
   285.0000       92.0382053033530        9.157143    
   300.0000       92.0009008507053        9.157143    
   315.0000       91.7820469625934        9.157143    
   330.0000       91.4518140603615        9.157143    
   345.0000       91.1134698077552        9.157143    
  0.0000000E+00   90.8610744542793        9.157143    
 
  0.0000000E+00   92.1761582634753        9.278572    
   15.00000       92.0927532408277        9.278572    
   30.00000       92.1627491091058        9.278572    
   45.00000       92.3774138771967        9.278572    
   60.00000       92.7009072003840        9.278572    
   75.00000       93.0689437242809        9.278572    
   90.00000       93.3965833067217        9.278572    
   105.0000       93.5967934127931        9.278572    
   120.0000       93.6139144789183        9.278572    
   135.0000       93.4517222988361        9.278572    
   150.0000       93.1684755592932        9.278572    
   165.0000       92.8512778579233        9.278572    
   180.0000       92.5782151852252        9.278572    
   195.0000       92.4025167557553        9.278572    
   210.0000       92.3495655054344        9.278572    
   225.0000       92.4238838557736        9.278572    
   240.0000       92.6063392526848        9.278572    
   255.0000       92.8495627050283        9.278572    
   270.0000       93.0755846070058        9.278572    
   285.0000       93.1989097890491        9.278572    
   300.0000       93.1623013856481        9.278572    
   315.0000       92.9692372587720        9.278572    
   330.0000       92.6818587273688        9.278572    
   345.0000       92.3904242988702        9.278572    
  0.0000000E+00   92.1761582634753        9.278572    
 
  0.0000000E+00   93.4286233978356        9.400000    
   15.00000       93.3617818513378        9.400000    
   30.00000       93.4267630733561        9.400000    
   45.00000       93.6154068422887        9.400000    
   60.00000       93.8963966669420        9.400000    
   75.00000       94.2142165734472        9.400000    
   90.00000       94.4957841259405        9.400000    
   105.0000       94.6664075310945        9.400000    
   120.0000       94.6786789157447        9.400000    
   135.0000       94.5366220083603        9.400000    
   150.0000       94.2912278179236        9.400000    
   165.0000       94.0178124186605        9.400000    
   180.0000       93.7832969135613        9.400000    
   195.0000       93.6328163179147        9.400000    
   210.0000       93.5874408337431        9.400000    
   225.0000       93.6505854753509        9.400000    
   240.0000       93.8056762837374        9.400000    
   255.0000       94.0121893236838        9.400000    
   270.0000       94.2033594405972        9.400000    
   285.0000       94.3060552041739        9.400000    
   300.0000       94.2716195100753        9.400000    
   315.0000       94.1038512970564        9.400000    
   330.0000       93.8569525362695        9.400000    
   345.0000       93.6087717950683        9.400000    
  0.0000000E+00   93.4286233978356        9.400000    
 
  0.0000000E+00   94.6103623618842        9.521429    
   15.00000       94.5570652631650        9.521429    
   30.00000       94.6152298124316        9.521429    
   45.00000       94.7775081670195        9.521429    
   60.00000       95.0170878818575        9.521429    
   75.00000       95.2868609968744        9.521429    
   90.00000       95.5249578927871        9.521429    
   105.0000       95.6682433328123        9.521429    
   120.0000       95.6768852869975        9.521429    
   135.0000       95.5548164959402        9.521429    
   150.0000       95.3458387315849        9.521429    
   165.0000       95.1139952119698        9.521429    
   180.0000       94.9157682320277        9.521429    
   195.0000       94.7889069262430        9.521429    
   210.0000       94.7507171500369        9.521429    
   225.0000       94.8037634732935        9.521429    
   240.0000       94.9339418436108        9.521429    
   255.0000       95.1070961825065        9.521429    
   270.0000       95.2668898392572        9.521429    
   285.0000       95.3516472899824        9.521429    
   300.0000       95.3205405233892        9.521429    
   315.0000       95.1773429632116        9.521429    
   330.0000       94.9684916185751        9.521429    
   345.0000       94.7600647814843        9.521429    
  0.0000000E+00   94.6103623618842        9.521429    
 
  0.0000000E+00   95.7150516873653        9.642858    
   15.00000       95.6727013206449        9.642858    
   30.00000       95.7226538117040        9.642858    
   45.00000       95.8585515593162        9.642858    
   60.00000       96.0580154331087        9.642858    
   75.00000       96.2819618024173        9.642858    
   90.00000       96.4790975782568        9.642858    
   105.0000       96.5970980804845        9.642858    
   120.0000       96.6030879157422        9.642858    
   135.0000       96.5006487843522        9.642858    
   150.0000       96.3265321328044        9.642858    
   165.0000       96.1340526004561        9.642858    
   180.0000       95.9699510332662        9.642858    
   195.0000       95.8652349925038        9.642858    
   210.0000       95.8339189096079        9.642858    
   225.0000       95.8779235409059        9.642858    
   240.0000       95.9855063688892        9.642858    
   255.0000       96.1284181027019        9.642858    
   270.0000       96.2600101732549        9.642858    
   285.0000       96.3292037004768        9.642858    
   300.0000       96.3023099842765        9.642858    
   315.0000       96.1828025440944        9.642858    
   330.0000       96.0095866617921        9.642858    
   345.0000       95.8376244887352        9.642858    
  0.0000000E+00   95.7150516873653        9.642858    
 
  0.0000000E+00   96.7379582031879        9.764286    
   15.00000       96.7043375193658        9.764286    
   30.00000       96.7450168083298        9.764286    
   45.00000       96.8547552400553        9.764286    
   60.00000       97.0155007544375        9.764286    
   75.00000       97.1958110649140        9.764286    
   90.00000       97.3543583444156        9.764286    
   105.0000       97.4489278261579        9.764286    
   120.0000       97.4530372284126        9.764286    
   135.0000       97.3697204773046        9.764286    
   150.0000       97.2288605144705        9.764286    
   165.0000       97.0735958636688        9.764286    
   180.0000       96.9415839175827        9.764286    
   195.0000       96.8576695372295        9.764286    
   210.0000       96.8329814667909        9.764286    
   225.0000       96.8689603864147        9.764286    
   240.0000       96.9561055889565        9.764286    
   255.0000       97.0716400380566        9.764286    
   270.0000       97.1779059532195        9.764286    
   285.0000       97.2336202454323        9.764286    
   300.0000       97.2116042666721        9.764286    
   315.0000       97.1148179200701        9.764286    
   330.0000       96.9749064976524        9.764286    
   345.0000       96.8363650016097        9.764286    
  0.0000000E+00   96.7379582031879        9.764286    
 
  0.0000000E+00   97.6758254861130        9.885715    
   15.00000       97.6490511330835        9.885715    
   30.00000       97.6796594381284        9.885715    
   45.00000       97.7636123587570        9.885715    
   60.00000       97.8870625250082        9.885715    
   75.00000       98.0258394532274        9.885715    
   90.00000       98.1480025226971        9.885715    
   105.0000       98.2207965876595        9.885715    
   120.0000       98.2236237768718        9.885715    
   135.0000       98.1588234365399        9.885715    
   150.0000       98.0496226605440        9.885715    
   165.0000       97.9295242168795        9.885715    
   180.0000       97.8277138192825        9.885715    
   195.0000       97.7633891031404        9.885715    
   210.0000       97.7451395130669        9.885715    
   225.0000       97.7740546706243        9.885715    
   240.0000       97.8427528059013        9.885715    
   255.0000       97.9335251747693        9.885715    
   270.0000       98.0170566349480        9.885715    
   285.0000       98.0611197004412        9.885715    
   300.0000       98.0444761257996        9.885715    
   315.0000       97.9694082202854        9.885715    
   330.0000       97.8605949408836        9.885715    
   345.0000       97.7526925507169        9.885715    
  0.0000000E+00   97.6758254861130        9.885715    
 
  0.0000000E+00   98.5267361847790        10.00714    
   15.00000       98.5052186440531        10.00714    
   30.00000       98.5251668353216        10.00714    
   45.00000       98.5838003276736        10.00714    
   60.00000       98.6713483140149        10.00714    
   75.00000       98.7705639696310        10.00714    
   90.00000       98.8583593893910        10.00714    
   105.0000       98.9108410726055        10.00714    
   120.0000       98.9128396798847        10.00714    
   135.0000       98.8658920284959        10.00714    
   150.0000       98.7867987181591        10.00714    
   165.0000       98.6999468938722        10.00714    
   180.0000       98.6266104353503        10.00714    
   195.0000       98.5807943357561        10.00714    
   210.0000       98.5688407081902        10.00714    
   225.0000       98.5915894735246        10.00714    
   240.0000       98.6436573754051        10.00714    
   255.0000       98.7120336100960        10.00714    
   270.0000       98.7751509441097        10.00714    
   285.0000       98.8091603780977        10.00714    
   300.0000       98.7982525421543        10.00714    
   315.0000       98.7439083689835        10.00714    
   330.0000       98.6641431027981        10.00714    
   345.0000       98.5843699998454        10.00714    
  0.0000000E+00   98.5267361847790        10.00714    
 
  0.0000000E+00   99.2900725187514        10.12857    
   15.00000       99.2724746616479        10.12857    
   30.00000       99.2813316414577        10.12857    
   45.00000       99.3151526256561        10.12857    
   60.00000       99.3681176944730        10.12857    
   75.00000       99.4295846268493        10.12857    
   90.00000       99.4848309279193        10.12857    
   105.0000       99.5182797396655        10.12857    
   120.0000       99.5197841607396        10.12857    
   135.0000       99.4900001398674        10.12857    
   150.0000       99.4395386851369        10.12857    
   165.0000       99.3841612633036        10.12857    
   180.0000       99.3377365285870        10.12857    
   195.0000       99.3094741921429        10.12857    
   210.0000       99.3037140601787        10.12857    
   225.0000       99.3211251444789        10.12857    
   240.0000       99.3582086311905        10.12857    
   255.0000       99.4063159628499        10.12857    
   270.0000       99.4510877765686        10.12857    
   285.0000       99.4764393642218        10.12857    
   300.0000       99.4715348760835        10.12857    
   315.0000       99.4369606926620        10.12857    
   330.0000       99.3843688062223        10.12857    
   345.0000       99.3304843437840        10.12857    
  0.0000000E+00   99.2900725187514        10.12857    
 
  0.0000000E+00   99.9663817643517        10.25000    
   15.00000       99.9515777153834        10.25000    
   30.00000       99.9490250617462        10.25000    
   45.00000       99.9585394534535        10.25000    
   60.00000       99.9781349109253        10.25000    
   75.00000       100.003488434435        10.25000    
   90.00000       100.027803906681        10.25000    
   105.0000       100.043327828401        10.25000    
   120.0000       100.044575708413        10.25000    
   135.0000       100.031266027214        10.25000    
   150.0000       100.008057240429        10.25000    
   165.0000       99.9825383575749        10.25000    
   180.0000       99.9616268587688        10.25000    
   195.0000       99.9500822898617        10.25000    
   210.0000       99.9504476298261        10.25000    
   225.0000       99.9632820013096        10.25000    
   240.0000       99.9868652715905        10.25000    
   255.0000       100.016609632244        10.25000    
   270.0000       100.044877290529        10.25000    
   285.0000       100.062794584543        10.25000    
   300.0000       100.064095053254        10.25000    
   315.0000       100.048402175080        10.25000    
   330.0000       100.021294135172        10.25000    
   345.0000       99.9913166415817        10.25000    
  0.0000000E+00   99.9663817643517        10.25000    
 
