  0.0000000E+00   68.1585722446267        6.000000    
   15.00000       67.6110976276755        6.000000    
   30.00000       66.8897527145544        6.000000    
   45.00000       66.2555582079966        6.000000    
   60.00000       65.9440479981776        6.000000    
   75.00000       65.8686359236865        6.000000    
   90.00000       65.8076523200111        6.000000    
   105.0000       65.6776210692680        6.000000    
   120.0000       65.5075832413673        6.000000    
   135.0000       65.3970376002054        6.000000    
   150.0000       65.4227917745387        6.000000    
   165.0000       65.5783770679072        6.000000    
   180.0000       65.8375126638269        6.000000    
   195.0000       66.4497604162264        6.000000    
   210.0000       67.5742548406936        6.000000    
   225.0000       68.5246473355767        6.000000    
   240.0000       68.6507655031649        6.000000    
   255.0000       68.7058729981252        6.000000    
   270.0000       68.9837709262135        6.000000    
   285.0000       69.4278914673148        6.000000    
   300.0000       69.9220244895622        6.000000    
   315.0000       69.9456303907004        6.000000    
   330.0000       69.2312054237071        6.000000    
   345.0000       68.5702347497511        6.000000    
  0.0000000E+00   68.1585722446267        6.000000    
 
  0.0000000E+00   69.0202942143871        6.121428    
   15.00000       68.0512321790465        6.121428    
   30.00000       66.8197945316088        6.121428    
   45.00000       65.8242862546301        6.121428    
   60.00000       65.3205215431768        6.121428    
   75.00000       65.1370518693589        6.121428    
   90.00000       64.9709816068874        6.121428    
   105.0000       64.7548764268024        6.121428    
   120.0000       64.5397145632524        6.121428    
   135.0000       64.4726273445725        6.121428    
   150.0000       64.6198555854421        6.121428    
   165.0000       64.9597172576282        6.121428    
   180.0000       65.4374842690390        6.121428    
   195.0000       66.4678393106229        6.121428    
   210.0000       68.0937820236270        6.121428    
   225.0000       69.1646085200146        6.121428    
   240.0000       69.1288667456862        6.121428    
   255.0000       69.1996099004726        6.121428    
   270.0000       69.6686088320944        6.121428    
   285.0000       70.4341518180762        6.121428    
   300.0000       71.2710890577987        6.121428    
   315.0000       71.5673734837147        6.121428    
   330.0000       70.6260650970560        6.121428    
   345.0000       69.6865793926800        6.121428    
  0.0000000E+00   69.0202942143871        6.121428    
 
  0.0000000E+00   70.8789103639561        6.242857    
   15.00000       69.5742998896453        6.242857    
   30.00000       68.0346463607652        6.242857    
   45.00000       66.8491607244652        6.242857    
   60.00000       66.2222415534372        6.242857    
   75.00000       65.9052960301791        6.242857    
   90.00000       65.6253049386582        6.242857    
   105.0000       65.3526469611691        6.242857    
   120.0000       65.1836696148460        6.242857    
   135.0000       65.2654268680810        6.242857    
   150.0000       65.5780433651037        6.242857    
   165.0000       66.0845304837956        6.242857    
   180.0000       66.7533594896987        6.242857    
   195.0000       67.9866709378384        6.242857    
   210.0000       69.6124059936100        6.242857    
   225.0000       70.2352127098540        6.242857    
   240.0000       70.0565690422080        6.242857    
   255.0000       70.1574191531752        6.242857    
   270.0000       70.7966854508897        6.242857    
   285.0000       71.8178967601834        6.242857    
   300.0000       72.8952132423913        6.242857    
   315.0000       73.4457082886375        6.242857    
   330.0000       72.6597446572362        6.242857    
   345.0000       71.7126028870285        6.242857    
  0.0000000E+00   70.8789103639561        6.242857    
 
  0.0000000E+00   72.9576894013679        6.364286    
   15.00000       71.3969273358182        6.364286    
   30.00000       69.6920249631698        6.364286    
   45.00000       68.4305309863707        6.364286    
   60.00000       67.7113102502165        6.364286    
   75.00000       67.2583138504266        6.364286    
   90.00000       66.8803429562364        6.364286    
   105.0000       66.6128106317224        6.364286    
   120.0000       66.5642023919653        6.364286    
   135.0000       66.8195408256030        6.364286    
   150.0000       67.3068380099291        6.364286    
   165.0000       67.9277127248684        6.364286    
   180.0000       68.6896145996842        6.364286    
   195.0000       69.9166586183726        6.364286    
   210.0000       71.1739943355431        6.364286    
   225.0000       71.2443549322483        6.364286    
   240.0000       70.9752154422615        6.364286    
   255.0000       71.1519645826198        6.364286    
   270.0000       71.9715268526124        6.364286    
   285.0000       73.2101570931347        6.364286    
   300.0000       74.4626654400795        6.364286    
   315.0000       75.2211613013748        6.364286    
   330.0000       74.7632837259562        6.364286    
   345.0000       73.9251491197269        6.364286    
  0.0000000E+00   72.9576894013679        6.364286    
 
  0.0000000E+00   74.9229100439297        6.485714    
   15.00000       73.1831905966760        6.485714    
   30.00000       71.4066728178389        6.485714    
   45.00000       70.1261241098823        6.485714    
   60.00000       69.3286754372962        6.485714    
   75.00000       68.7634142283980        6.485714    
   90.00000       68.3370414908398        6.485714    
   105.0000       68.1413802437728        6.485714    
   120.0000       68.2576202888915        6.485714    
   135.0000       68.6869021021977        6.485714    
   150.0000       69.2942548175331        6.485714    
   165.0000       69.9499150009368        6.485714    
   180.0000       70.7029752586294        6.485714    
   195.0000       71.7252739999410        6.485714    
   210.0000       72.3833650103394        6.485714    
   225.0000       72.0522113654788        6.485714    
   240.0000       71.7710426461123        6.485714    
   255.0000       72.0781422136387        6.485714    
   270.0000       73.0941315817168        6.485714    
   285.0000       74.5215687726049        6.485714    
   300.0000       75.9054518172639        6.485714    
   315.0000       76.8268298824151        6.485714    
   330.0000       76.7294086214988        6.485714    
   345.0000       76.0149552391927        6.485714    
  0.0000000E+00   74.9229100439297        6.485714    
 
  0.0000000E+00   76.6458332255059        6.607143    
   15.00000       74.8001390955677        6.607143    
   30.00000       73.0089897563462        6.607143    
   45.00000       71.7329196880227        6.607143    
   60.00000       70.8708830995924        6.607143    
   75.00000       70.2367406853652        6.607143    
   90.00000       69.8253004795604        6.607143    
   105.0000       69.7579971722297        6.607143    
   120.0000       70.0517131268723        6.607143    
   135.0000       70.6191321081204        6.607143    
   150.0000       71.2707690442678        6.607143    
   165.0000       71.8871278411288        6.607143    
   180.0000       72.5112951406981        6.607143    
   195.0000       73.1724595702901        6.607143    
   210.0000       73.1864644191877        6.607143    
   225.0000       72.6688460142551        6.607143    
   240.0000       72.4558774336702        6.607143    
   255.0000       72.9406320096567        6.607143    
   270.0000       74.1614647290206        6.607143    
   285.0000       75.7498722947091        6.607143    
   300.0000       77.2324177948800        6.607143    
   315.0000       78.2747944057527        6.607143    
   330.0000       78.4724398236948        6.607143    
   345.0000       77.8630465564397        6.607143    
  0.0000000E+00   76.6458332255059        6.607143    
 
  0.0000000E+00   78.1000833382843        6.728571    
   15.00000       76.2067101895930        6.728571    
   30.00000       74.4416401147191        6.728571    
   45.00000       73.1700534770070        6.728571    
   60.00000       72.2697617626553        6.728571    
   75.00000       71.6237317835808        6.728571    
   90.00000       71.2880886730287        6.728571    
   105.0000       71.3737218161178        6.728571    
   120.0000       71.8285150673781        6.728571    
   135.0000       72.4770589430399        6.728571    
   150.0000       73.1054592061851        6.728571    
   165.0000       73.5992308491840        6.728571    
   180.0000       73.9961032036143        6.728571    
   195.0000       74.1905371385609        6.728571    
   210.0000       73.7268704868814        6.728571    
   225.0000       73.1597543624236        6.728571    
   240.0000       73.0793919509961        6.728571    
   255.0000       73.7732587382115        6.728571    
   270.0000       75.1938443386962        6.728571    
   285.0000       76.9132683586122        6.728571    
   300.0000       78.4664836982582        6.728571    
   315.0000       79.5871243526627        6.728571    
   330.0000       79.9577718783688        6.728571    
   345.0000       79.4211221981581        6.728571    
  0.0000000E+00   78.1000833382843        6.728571    
 
  0.0000000E+00   79.2924125520677        6.850000    
   15.00000       77.4017333550962        6.850000    
   30.00000       75.6844560871414        6.850000    
   45.00000       74.4228378408969        6.850000    
   60.00000       73.5129551212659        6.850000    
   75.00000       72.9095209173603        6.850000    
   90.00000       72.6971927715627        6.850000    
   105.0000       72.9476632450220        6.850000    
   120.0000       73.5267050189182        6.850000    
   135.0000       74.1929396959931        6.850000    
   150.0000       74.7269036744888        6.850000    
   165.0000       75.0328170090834        6.850000    
   180.0000       75.1224004429205        6.850000    
   195.0000       74.8252909040802        6.850000    
   210.0000       74.1188089449701        6.850000    
   225.0000       73.5971949252294        6.850000    
   240.0000       73.6935504225217        6.850000    
   255.0000       74.6090351665290        6.850000    
   270.0000       76.2106243114383        6.850000    
   285.0000       78.0291276985909        6.850000    
   300.0000       79.6258551848479        6.850000    
   315.0000       80.7780161290628        6.850000    
   330.0000       81.1992932594362        6.850000    
   345.0000       80.6812242673289        6.850000    
  0.0000000E+00   79.2924125520677        6.850000    
 
  0.0000000E+00   80.2458638339509        6.971429    
   15.00000       78.4057951383084        6.971429    
   30.00000       76.7416031332824        6.971429    
   45.00000       75.4980676690152        6.971429    
   60.00000       74.6115503720115        6.971429    
   75.00000       74.0987604562141        6.971429    
   90.00000       74.0394866278029        6.971429    
   105.0000       74.4458091081257        6.971429    
   120.0000       75.1018388923449        6.971429    
   135.0000       75.7263506600350        6.971429    
   150.0000       76.1107549664835        6.971429    
   165.0000       76.1798769829056        6.971429    
   180.0000       75.9156160658966        6.971429    
   195.0000       75.2506411483418        6.971429    
   210.0000       74.4557587255064        6.971429    
   225.0000       74.0423964185231        6.971429    
   240.0000       74.3393968311065        6.971429    
   255.0000       75.4708775313257        6.971429    
   270.0000       77.2240855801145        6.971429    
   285.0000       79.1090630628336        6.971429    
   300.0000       80.7213093064076        6.971429    
   315.0000       81.8558658157619        6.971429    
   330.0000       82.2279422364480        6.971429    
   345.0000       81.6547323597733        6.971429    
  0.0000000E+00   80.2458638339509        6.971429    
 
  0.0000000E+00   80.9876509172730        7.092857    
   15.00000       79.2382869534245        7.092857    
   30.00000       77.6341749740366        7.092857    
   45.00000       76.4179536236144        7.092857    
   60.00000       75.5878724007356        7.092857    
   75.00000       75.2009579345353        7.092857    
   90.00000       75.3067566431934        7.092857    
   105.0000       75.8453501784341        7.092857    
   120.0000       76.5299282615428        7.092857    
   135.0000       77.0656761162238        7.092857    
   150.0000       77.2637228527967        7.092857    
   165.0000       77.0624136516997        7.092857    
   180.0000       76.4625646812260        7.092857    
   195.0000       75.5930170139387        7.092857    
   210.0000       74.8083617643966        7.092857    
   225.0000       74.5402016757211        7.092857    
   240.0000       75.0412471447363        7.092857    
   255.0000       76.3681325410159        7.092857    
   270.0000       78.2400794976962        7.092857    
   285.0000       80.1597647533796        7.092857    
   300.0000       81.7588288765514        7.092857    
   315.0000       82.8291912709910        7.092857    
   330.0000       83.0842055959760        7.092857    
   345.0000       82.3996146821874        7.092857    
  0.0000000E+00   80.9876509172730        7.092857    
 
  0.0000000E+00   81.5681597615415        7.214286    
   15.00000       79.9192948629844        7.214286    
   30.00000       78.3834014894048        7.214286    
   45.00000       77.2102951274695        7.214286    
   60.00000       76.4661028860400        7.214286    
   75.00000       76.2295084079037        7.214286    
   90.00000       76.4970522092933        7.214286    
   105.0000       77.1330278437463        7.214286    
   120.0000       77.8073265574695        7.214286    
   135.0000       78.2194793275775        7.214286    
   150.0000       78.2066384339807        7.214286    
   165.0000       77.7282671403924        7.214286    
   180.0000       76.8993938527008        7.214286    
   195.0000       75.9382079736498        7.214286    
   210.0000       75.2230847326794        7.214286    
   225.0000       75.1178857024252        7.214286    
   240.0000       75.8141332465373        7.214286    
   255.0000       77.3053672822450        7.214286    
   270.0000       79.2578243370261        7.214286    
   285.0000       81.1842737831506        7.214286    
   300.0000       82.7428455081217        7.214286    
   315.0000       83.7101709602435        7.214286    
   330.0000       83.8103538985853        7.214286    
   345.0000       82.9981204427758        7.214286    
  0.0000000E+00   81.5681597615415        7.214286    
 
  0.0000000E+00   82.0601094467548        7.335714    
   15.00000       80.4690244825511        7.335714    
   30.00000       79.0123765850131        7.335714    
   45.00000       77.8996978864267        7.335714    
   60.00000       77.2648466047689        7.335714    
   75.00000       77.1909317465807        7.335714    
   90.00000       77.6065878280599        7.335714    
   105.0000       78.3080676596296        7.335714    
   120.0000       78.9381449042952        7.335714    
   135.0000       79.2049136455016        7.335714    
   150.0000       78.9739121014363        7.335714    
   165.0000       78.2808965270886        7.335714    
   180.0000       77.3171638662913        7.335714    
   195.0000       76.3408797151067        7.335714    
   210.0000       75.7320007751782        7.335714    
   225.0000       75.7924290619829        7.335714    
   240.0000       76.6637806900075        7.335714    
   255.0000       78.2823668017194        7.335714    
   270.0000       80.2782063604880        7.335714    
   285.0000       82.1842848495750        7.335714    
   300.0000       83.6768001208830        7.335714    
   315.0000       84.5153151206300        7.335714    
   330.0000       84.4469760100569        7.335714    
   345.0000       83.5127139330489        7.335714    
  0.0000000E+00   82.0601094467548        7.335714    
 
  0.0000000E+00   82.5139400380392        7.457143    
   15.00000       80.9542989774576        7.457143    
   30.00000       79.5479557417974        7.457143    
   45.00000       78.5105525823431        7.457143    
   60.00000       78.0000831531907        7.457143    
   75.00000       78.0906584706564        7.457143    
   90.00000       78.6348572785703        7.457143    
   105.0000       79.3728412861461        7.457143    
   120.0000       79.9348419074102        7.457143    
   135.0000       80.0474963490783        7.457143    
   150.0000       79.6354164616916        7.457143    
   165.0000       78.8025641434609        7.457143    
   180.0000       77.7746920065633        7.457143    
   195.0000       76.8366321335259        7.457143    
   210.0000       76.3525044344192        7.457143    
   225.0000       76.5701717254108        7.457143    
   240.0000       77.5890542549818        7.457143    
   255.0000       79.2960931977417        7.457143    
   270.0000       81.3014735494222        7.457143    
   285.0000       83.1635364798979        7.457143    
   300.0000       84.5684989586666        7.457143    
   315.0000       85.2623806366820        7.457143    
   330.0000       85.0302525865232        7.457143    
   345.0000       83.9899221032846        7.457143    
  0.0000000E+00   82.5139400380392        7.457143    
 
  0.0000000E+00   82.9665885693941        7.578571    
   15.00000       81.4246783535515        7.578571    
   30.00000       80.0565442188040        7.578571    
   45.00000       79.0936272655954        7.578571    
   60.00000       78.7042418442432        7.578571    
   75.00000       78.9352939301787        7.578571    
   90.00000       79.5848626732359        7.578571    
   105.0000       80.3355091423801        7.578571    
   120.0000       80.8161421038747        7.578571    
   135.0000       80.7985448849525        7.578571    
   150.0000       80.2618679351248        7.578571    
   165.0000       79.3488639594284        7.578571    
   180.0000       78.3097086703861        7.578571    
   195.0000       77.4445031067183        7.578571    
   210.0000       77.0907482281811        7.578571    
   225.0000       77.4496887767994        7.578571    
   240.0000       78.5845492586895        7.578571    
   255.0000       80.3423446705732        7.578571    
   270.0000       82.3278090291804        7.578571    
   285.0000       84.1258936211584        7.578571    
   300.0000       85.4269692919002        7.578571    
   315.0000       85.9706431217599        7.578571    
   330.0000       85.5886890006069        7.578571    
   345.0000       84.4619893366791        7.578571    
  0.0000000E+00   82.9665885693941        7.578571    
 
  0.0000000E+00   83.4438981595095        7.700000    
   15.00000       81.9150213998790        7.700000    
   30.00000       80.5832935585159        7.700000    
   45.00000       79.6958897565530        7.700000    
   60.00000       79.4188877630023        7.700000    
   75.00000       79.7636295632999        7.700000    
   90.00000       80.4822639267444        7.700000    
   105.0000       81.2241989901394        7.700000    
   120.0000       81.6307611246727        7.700000    
   135.0000       81.5166327436847        7.700000    
   150.0000       80.9010123921916        7.700000    
   165.0000       79.9543740601675        7.700000    
   180.0000       78.9428817176009        7.700000    
   195.0000       78.1713043039563        7.700000    
   210.0000       77.9445888134957        7.700000    
   225.0000       78.4241661832943        7.700000    
   240.0000       79.6423991083195        7.700000    
   255.0000       81.4165146343792        7.700000    
   270.0000       83.3573273864574        7.700000    
   285.0000       85.0751689779266        7.700000    
   300.0000       86.2614833716617        7.700000    
   315.0000       86.6578312588354        7.700000    
   330.0000       86.1458239922787        7.700000    
   345.0000       84.9528535432133        7.700000    
  0.0000000E+00   83.4438981595095        7.700000    
 
  0.0000000E+00   83.9633142902704        7.821429    
   15.00000       82.4488815761245        7.821429    
   30.00000       81.1568950085868        7.821429    
   45.00000       80.3454878339118        7.821429    
   60.00000       80.1686799106443        7.821429    
   75.00000       80.6007499045943        7.821429    
   90.00000       81.3591311020874        7.821429    
   105.0000       82.0790670294654        7.821429    
   120.0000       82.4220188089342        7.821429    
   135.0000       82.2405855377799        7.821429    
   150.0000       81.5828823877427        7.821429    
   165.0000       80.6386337367005        7.821429    
   180.0000       79.6826311452014        7.821429    
   195.0000       79.0151819468456        7.821429    
   210.0000       78.9061955020316        7.821429    
   225.0000       79.4834862128252        7.821429    
   240.0000       80.7536283938537        7.821429    
   255.0000       82.5140318819216        7.821429    
   270.0000       84.3900454662056        7.821429    
   285.0000       86.0149805766754        7.821429    
   300.0000       87.0807993134484        7.821429    
   315.0000       87.3387815473163        7.821429    
   330.0000       86.7187862778081        7.821429    
   345.0000       85.4785050280779        7.821429    
  0.0000000E+00   83.9633142902704        7.821429    
 
  0.0000000E+00   84.5357276667218        7.942857    
   15.00000       83.0410686580567        7.942857    
   30.00000       81.7943028817312        7.942857    
   45.00000       81.0579997598893        7.942857    
   60.00000       80.9673853501085        7.942857    
   75.00000       81.4624469399495        7.942857    
   90.00000       82.2376478648803        7.942857    
   105.0000       82.9280599711841        7.942857    
   120.0000       83.2189494280159        7.942857    
   135.0000       82.9949922846385        7.942857    
   150.0000       82.3246640312938        7.942857    
   165.0000       81.4102078167406        7.942857    
   180.0000       80.5285309150656        7.942857    
   195.0000       79.9681652346209        7.942857    
   210.0000       79.9638876541218        7.942857    
   225.0000       80.6155081684062        7.942857    
   240.0000       81.9087111762138        7.942857    
   255.0000       83.6302102942566        7.942857    
   270.0000       85.4255174871943        7.942857    
   285.0000       86.9482791839462        7.942857    
   300.0000       87.8923110025408        7.942857    
   315.0000       88.0247723936289        7.942857    
   330.0000       87.3189548849577        7.942857    
   345.0000       86.0486903494632        7.942857    
  0.0000000E+00   84.5357276667218        7.942857    
 
  0.0000000E+00   85.1667853444301        8.064285    
   15.00000       83.6995143595403        8.064285    
   30.00000       82.5039121985058        8.064285    
   45.00000       81.8403658592626        8.064285    
   60.00000       81.8214403397338        8.064285    
   75.00000       82.3580232824506        8.064285    
   90.00000       83.1325673769492        8.064285    
   105.0000       83.7897994654202        8.064285    
   120.0000       84.0399000034395        8.064285    
   135.0000       83.7939068445077        8.064285    
   150.0000       83.1340528535593        8.064285    
   165.0000       82.2695768175318        8.064285    
   180.0000       81.4737944457660        8.064285    
   195.0000       81.0180340974908        8.064285    
   210.0000       81.1034444648944        8.064285    
   225.0000       81.8068630319185        8.064285    
   240.0000       83.0977527086930        8.064285    
   255.0000       84.7599626281250        8.064285    
   270.0000       86.4624460004339        8.064285    
   285.0000       87.8768851271655        8.064285    
   300.0000       88.7014439195997        8.064285    
   315.0000       88.7233685304203        8.064285    
   330.0000       87.9527788200813        8.064285    
   345.0000       86.6682138514696        8.064285    
  0.0000000E+00   85.1667853444301        8.064285    
 
  0.0000000E+00   85.8579448506279        8.185715    
   15.00000       84.4267704278195        8.185715    
   30.00000       83.2878406371283        8.185715    
   45.00000       82.6935007999747        8.185715    
   60.00000       82.7321836965464        8.185715    
   75.00000       83.2919844645930        8.185715    
   90.00000       84.0528287049324        8.185715    
   105.0000       84.6756478557790        8.185715    
   120.0000       84.8951362865777        8.185715    
   135.0000       84.6435520175533        8.185715    
   150.0000       84.0117568694439        8.185715    
   165.0000       83.2113587326711        8.185715    
   180.0000       82.5072147243254        8.185715    
   195.0000       82.1497945650670        8.185715    
   210.0000       82.3091269078361        8.185715    
   225.0000       83.0435473923848        8.185715    
   240.0000       84.3106040042792        8.185715    
   255.0000       85.8976254314059        8.185715    
   270.0000       87.4984962014365        8.185715    
   285.0000       88.8012551370544        8.185715    
   300.0000       89.5114245367355        8.185715    
   315.0000       89.4386660467912        8.185715    
   330.0000       88.6226662916875        8.185715    
   345.0000       87.3380055621796        8.185715    
  0.0000000E+00   85.8579448506279        8.185715    
 
  0.0000000E+00   86.6074456053221        8.307143    
   15.00000       85.2213300019385        8.307143    
   30.00000       84.1437153760718        8.307143    
   45.00000       83.6141860242329        8.307143    
   60.00000       83.6974226606956        8.307143    
   75.00000       84.2652609126729        8.307143    
   90.00000       85.0028449572915        8.307143    
   105.0000       85.5913886272682        8.307143    
   120.0000       85.7888987192067        8.307143    
   135.0000       85.5444432727707        8.307143    
   150.0000       84.9535018678235        8.307143    
   165.0000       84.2261431248803        8.307143    
   180.0000       83.6147846814335        8.307143    
   195.0000       83.3469410278320        8.307143    
   210.0000       83.5645918847160        8.307143    
   225.0000       84.3114798318282        8.307143    
   240.0000       85.5370731336357        8.307143    
   255.0000       87.0370228841037        8.307143    
   270.0000       88.5303799118750        8.307143    
   285.0000       89.7205397431123        8.307143    
   300.0000       90.3234218813866        8.307143    
   315.0000       90.1718494125749        8.307143    
   330.0000       89.3279302008416        8.307143    
   345.0000       88.0560958431911        8.307143    
  0.0000000E+00   86.6074456053221        8.307143    
 
  0.0000000E+00   87.4109444290021        8.428572    
   15.00000       86.0785342169630        8.428572    
   30.00000       85.0658558603996        8.428572    
   45.00000       84.5962554577691        8.428572    
   60.00000       84.7123605291869        8.428572    
   75.00000       85.2759359746341        8.428572    
   90.00000       85.9833575268581        8.428572    
   105.0000       86.5384002138377        8.428572    
   120.0000       86.7208324887799        8.428572    
   135.0000       86.4928585144329        8.428572    
   150.0000       85.9514282978726        8.428572    
   165.0000       85.3017799091390        8.428572    
   180.0000       84.7808164093956        8.428572    
   195.0000       84.5922915089912        8.428572    
   210.0000       84.8534389631196        8.428572    
   225.0000       85.5967696164828        8.428572    
   240.0000       86.7669603115660        8.428572    
   255.0000       88.1714478675408        8.428572    
   270.0000       89.5538709237761        8.428572    
   285.0000       90.6325892338606        8.428572    
   300.0000       91.1366640781716        8.428572    
   315.0000       90.9216160427486        8.428572    
   330.0000       90.0654253887703        8.428572    
   345.0000       88.8182283304064        8.428572    
  0.0000000E+00   87.4109444290021        8.428572    
 
  0.0000000E+00   88.2622117907158        8.550000    
   15.00000       86.9914722224927        8.550000    
   30.00000       86.0463279312355        8.550000    
   45.00000       85.6315989413619        8.550000    
   60.00000       85.7704080746533        8.550000    
   75.00000       86.3199604463557        8.550000    
   90.00000       86.9922961418207        8.550000    
   105.0000       87.5147635956122        8.550000    
   120.0000       87.6872655594818        8.550000    
   135.0000       87.4821403528783        8.550000    
   150.0000       86.9953435547934        8.550000    
   165.0000       86.4245519767646        8.550000    
   180.0000       85.9889626631809        8.550000    
   195.0000       85.8687756936710        8.550000    
   210.0000       86.1597734966145        8.550000    
   225.0000       86.8860763835050        8.550000    
   240.0000       87.9902857517612        8.550000    
   255.0000       89.2938892891435        8.550000    
   270.0000       90.5640635851002        8.550000    
   285.0000       91.5342172496731        8.550000    
   300.0000       91.9488228717090        8.550000    
   315.0000       91.6847873549329        8.550000    
   330.0000       90.8302534098762        8.550000    
   345.0000       89.6185148271478        8.550000    
  0.0000000E+00   88.2622117907158        8.550000    
 
  0.0000000E+00   89.1536915157444        8.671429    
   15.00000       87.9516972728919        8.671429    
   30.00000       87.0757465792758        8.671429    
   45.00000       86.7108987600639        8.671429    
   60.00000       86.8637862605271        8.671429    
   75.00000       87.3917236247262        8.671429    
   90.00000       88.0254891439759        8.671429    
   105.0000       88.5161545448934        8.671429    
   120.0000       88.6822087137385        8.671429    
   135.0000       88.5037057913781        8.671429    
   150.0000       88.0736945165760        8.671429    
   165.0000       87.5800815249896        8.671429    
   180.0000       87.2229742804393        8.671429    
   195.0000       87.1597362749897        8.671429    
   210.0000       87.4686111670261        8.671429    
   225.0000       88.1668743574008        8.671429    
   240.0000       89.1974811463572        8.671429    
   255.0000       90.3972506913352        8.671429    
   270.0000       91.5556216430502        8.671429    
   285.0000       92.4214626818080        8.671429    
   300.0000       92.7563807522749        8.671429    
   315.0000       92.4568282174908        8.671429    
   330.0000       91.6163191936091        8.671429    
   345.0000       90.4499468619445        8.671429    
  0.0000000E+00   89.1536915157444        8.671429    
 
  0.0000000E+00   90.0769409272097        8.792857    
   15.00000       88.9497783130421        8.792857    
   30.00000       88.1438706293851        8.792857    
   45.00000       87.8241576800886        8.792857    
   60.00000       87.9839650577337        8.792857    
   75.00000       88.4844988143793        8.792857    
   90.00000       89.0772313114732        8.792857    
   105.0000       89.5365445058719        8.792857    
   120.0000       89.6981232212280        8.792857    
   135.0000       89.5478135584968        8.792857    
   150.0000       89.1742999961120        8.792857    
   165.0000       88.7539497063781        8.792857    
   180.0000       88.4669262024213        8.792857    
   195.0000       88.4498839990610        8.792857    
   210.0000       88.7660630621850        8.792857    
   225.0000       89.4276147913959        8.792857    
   240.0000       90.3795256294066        8.792857    
   255.0000       91.4745271045893        8.792857    
   270.0000       92.5229816230715        8.792857    
   285.0000       93.2898165205566        8.792857    
   300.0000       93.5549515469842        8.792857    
   315.0000       93.2322637329827        8.792857    
   330.0000       92.4167487068688        8.792857    
   345.0000       91.3047833941204        8.792857    
  0.0000000E+00   90.0769409272097        8.792857    
 
  0.0000000E+00   91.0230673683910        8.914286    
   15.00000       89.9758170328109        8.914286    
   30.00000       89.2401332798662        8.914286    
   45.00000       88.9611683932116        8.914286    
   60.00000       89.1220782897873        8.914286    
   75.00000       89.5908873159059        8.914286    
   90.00000       90.1408317806900        8.914286    
   105.0000       90.5688436323488        8.914286    
   120.0000       90.7266035093450        8.914286    
   135.0000       90.6042375673460        8.914286    
   150.0000       90.2849887673053        8.914286    
   165.0000       89.9321047809619        8.914286    
   180.0000       89.7064373712543        8.914286    
   195.0000       89.7253744152146        8.914286    
   210.0000       90.0397336290132        8.914286    
   225.0000       90.6578989069200        8.914286    
   240.0000       91.5281248685699        8.914286    
   255.0000       92.5190331230390        8.914286    
   270.0000       93.4606078006503        8.914286    
   285.0000       94.1345036403392        8.914286    
   300.0000       94.3396366021751        8.914286    
   315.0000       94.0050984948205        8.914286    
   330.0000       93.2242941775818        8.914286    
   345.0000       92.1749351575441        8.914286    
  0.0000000E+00   91.0230673683910        8.914286    
 
  0.0000000E+00   91.9830203308240        9.035714    
   15.00000       91.0197961624079        9.035714    
   30.00000       90.3539902568860        9.035714    
   45.00000       90.1118112074246        9.035714    
   60.00000       90.2691909737457        9.035714    
   75.00000       90.7031245406901        9.035714    
   90.00000       91.2090039378808        9.035714    
   105.0000       91.6053563382199        9.035714    
   120.0000       91.7588519927925        9.035714    
   135.0000       91.6627253453508        9.035714    
   150.0000       91.3939307793363        9.035714    
   165.0000       91.1017651186597        9.035714    
   180.0000       90.9284735533773        9.035714    
   195.0000       90.9739026494248        9.035714    
   210.0000       91.2787174365770        9.035714    
   225.0000       91.8485259994606        9.035714    
   240.0000       92.6357831892016        9.035714    
   255.0000       93.5245220320784        9.035714    
   270.0000       94.3631364184376        9.035714    
   285.0000       94.9506589941205        9.035714    
   300.0000       95.1052632642660        9.035714    
   315.0000       94.7690884527872        9.035714    
   330.0000       94.0315865093750        9.035714    
   345.0000       93.0522103059590        9.035714    
  0.0000000E+00   91.9830203308240        9.035714    
 
  0.0000000E+00   92.9479076794729        9.157143    
   15.00000       92.0719317111101        9.157143    
   30.00000       91.4752606305671        9.157143    
   45.00000       91.2663540430959        9.157143    
   60.00000       91.4165875124421        9.157143    
   75.00000       91.8134105747671        9.157143    
   90.00000       92.2742629781030        9.157143    
   105.0000       92.6382232685357        9.157143    
   120.0000       92.7861268331183        9.157143    
   135.0000       92.7134229200795        9.157143    
   150.0000       92.4901768550109        9.157143    
   165.0000       92.2514046220354        9.157143    
   180.0000       92.1215615707737        9.157143    
   195.0000       92.1848350634194        9.157143    
   210.0000       92.4736213144388        9.157143    
   225.0000       92.9915798218402        9.157143    
   240.0000       93.6959259947450        9.157143    
   255.0000       94.4853552538814        9.157143    
   270.0000       95.2255718602962        9.157143    
   285.0000       95.7335573151895        9.157143    
   300.0000       95.8466642632713        9.157143    
   315.0000       95.5180410773568        9.157143    
   330.0000       94.8314163885321        9.157143    
   345.0000       93.9285915742459        9.157143    
  0.0000000E+00   92.9479076794729        9.157143    
 
  0.0000000E+00   93.9086800104842        9.278572    
   15.00000       93.1223656244098        9.278572    
   30.00000       92.5937989955135        9.278572    
   45.00000       92.4150991851024        9.278572    
   60.00000       92.5554305423964        9.278572    
   75.00000       92.9136232730949        9.278572    
   90.00000       93.3287013367501        9.278572    
   105.0000       93.6592273327399        9.278572    
   120.0000       93.7995379352779        9.278572    
   135.0000       93.7466311203114        9.278572    
   150.0000       93.5634225946566        9.278572    
   165.0000       93.3704564104315        9.278572    
   180.0000       93.2753944911387        9.278572    
   195.0000       93.3486811831379        9.278572    
   210.0000       93.6160456634580        9.278572    
   225.0000       94.0799022415995        9.278572    
   240.0000       94.7024333383263        9.278572    
   255.0000       95.3960989790601        9.278572    
   270.0000       96.0429251581820        9.278572    
   285.0000       96.4782927118953        9.278572    
   300.0000       96.5583952728458        9.278572    
   315.0000       96.2455317249077        9.278572    
   330.0000       95.6164175905658        9.278572    
   345.0000       94.7959061017724        9.278572    
  0.0000000E+00   93.9086800104842        9.278572    
 
  0.0000000E+00   94.8570988227263        9.400000    
   15.00000       94.1621577580134        9.400000    
   30.00000       93.7004746801562        9.400000    
   45.00000       93.5493352739549        9.400000    
   60.00000       93.6777066900856        9.400000    
   75.00000       93.9962852953816        9.400000    
   90.00000       94.3649824330274        9.400000    
   105.0000       94.6608007066966        9.400000    
   120.0000       94.7910506628888        9.400000    
   135.0000       94.7537942369124        9.400000    
   150.0000       94.6047165955550        9.400000    
   165.0000       94.4499226253923        9.400000    
   180.0000       94.3814546713011        9.400000    
   195.0000       94.4578049627100        9.400000    
   210.0000       94.6993876523198        9.400000    
   225.0000       95.1078723590529        9.400000    
   240.0000       95.6504364811127        9.400000    
   255.0000       96.2523363130990        9.400000    
   270.0000       96.8110334365326        9.400000    
   285.0000       97.1806202081550        9.400000    
   300.0000       97.2356091873203        9.400000    
   315.0000       96.9457947412126        9.400000    
   330.0000       96.3799653578711        9.400000    
   345.0000       95.6467506989613        9.400000    
  0.0000000E+00   94.8570988227263        9.400000    
 
  0.0000000E+00   95.7856653828569        9.521429    
   15.00000       95.1832168465914        9.521429    
   30.00000       94.7870852974498        9.521429    
   45.00000       94.6612371313639        9.521429    
   60.00000       94.7761404612472        9.521429    
   75.00000       95.0545122350903        9.521429    
   90.00000       95.3763188766606        9.521429    
   105.0000       95.6360107629069        9.521429    
   120.0000       95.7534562457286        9.521429    
   135.0000       95.7274373789593        9.521429    
   150.0000       95.6064643335020        9.521429    
   165.0000       95.4824044135146        9.521429    
   180.0000       95.4329433732420        9.521429    
   195.0000       95.5062535345029        9.521429    
   210.0000       95.7185708697561        9.521429    
   225.0000       96.0711631139058        9.521429    
   240.0000       96.5361153074719        9.521429    
   255.0000       97.0505006146362        9.521429    
   270.0000       97.5264194893510        9.521429    
   285.0000       97.8368456848049        9.521429    
   300.0000       97.8739708973439        9.521429    
   315.0000       97.6136389451529        9.521429    
   330.0000       97.1160819929761        9.521429    
   345.0000       96.4744037997285        9.521429    
  0.0000000E+00   95.7856653828569        9.521429    
 
  0.0000000E+00   96.6878585599232        9.642858    
   15.00000       96.1785310954378        9.642858    
   30.00000       95.8465691910910        9.642858    
   45.00000       95.7440712268935        9.642858    
   60.00000       95.8444179730092        9.642858    
   75.00000       96.0822695210419        9.642858    
   90.00000       96.3567545285629        9.642858    
   105.0000       96.5788462252653        9.642858    
   120.0000       96.6806409877807        9.642858    
   135.0000       96.6614016693229        9.642858    
   150.0000       96.5626143143371        9.642858    
   165.0000       96.4622261908387        9.642858    
   180.0000       96.4248559161277        9.642858    
   195.0000       96.4898101118298        9.642858    
   210.0000       96.6701032150664        9.642858    
   225.0000       96.9668301344688        9.642858    
   240.0000       97.3568413295220        9.642858    
   255.0000       97.7880863039419        9.642858    
   270.0000       98.1865557058234        9.642858    
   285.0000       98.4441188312273        9.642858    
   300.0000       98.4699654645063        9.642858    
   315.0000       98.2447437474773        9.642858    
   330.0000       97.8197061071671        9.642858    
   345.0000       97.2730710456267        9.642858    
  0.0000000E+00   96.6878585599232        9.642858    
 
  0.0000000E+00   97.5580496623353        9.764286    
   15.00000       97.1420609403047        9.764286    
   30.00000       96.8728710057484        9.764286    
   45.00000       96.7920566149658        9.764286    
   60.00000       96.8770675130072        9.764286    
   75.00000       97.0742768584893        9.764286    
   90.00000       97.3010826456366        9.764286    
   105.0000       97.4841304714263        9.764286    
   120.0000       97.5674780217858        9.764286    
   135.0000       97.5507033411240        9.764286    
   150.0000       97.4684800450329        9.764286    
   165.0000       97.3852282341881        9.764286    
   180.0000       97.3537403633887        9.764286    
   195.0000       97.4057453413647        9.764286    
   210.0000       97.5518472830297        9.764286    
   225.0000       97.7931247283593        9.764286    
   240.0000       98.1109977068214        9.764286    
   255.0000       98.4634005633371        9.764286    
   270.0000       98.7895588634905        9.764286    
   285.0000       99.0001509324910        9.764286    
   300.0000       99.0206388937525        9.764286    
   315.0000       98.8354208853229        9.764286    
   330.0000       98.4864928693142        9.764286    
   345.0000       98.0377608173621        9.764286    
  0.0000000E+00   97.5580496623353        9.764286    
 
  0.0000000E+00   98.3914992831902        9.885715    
   15.00000       98.0687671216481        9.885715    
   30.00000       97.8609965783738        9.885715    
   45.00000       97.8004324732204        9.885715    
   60.00000       97.8695381679634        9.885715    
   75.00000       98.0261028321646        9.885715    
   90.00000       98.2049421758465        9.885715    
   105.0000       98.3476052656287        9.885715    
   120.0000       98.4098880556012        9.885715    
   135.0000       98.3915565503913        9.885715    
   150.0000       98.3207118860516        9.885715    
   165.0000       98.2486736649146        9.885715    
   180.0000       98.2175697456592        9.885715    
   195.0000       98.2526748439179        9.885715    
   210.0000       98.3628638545596        9.885715    
   225.0000       98.5493212704800        9.885715    
   240.0000       98.7978425523149        9.885715    
   255.0000       99.0755497292365        9.885715    
   270.0000       99.3342833737669        9.885715    
   285.0000       99.5033326230886        9.885715    
   300.0000       99.5237208092345        9.885715    
   315.0000       99.3827152112517        9.885715    
   330.0000       99.1128763659788        9.885715    
   345.0000       98.7642955126211        9.885715    
  0.0000000E+00   98.3914992831902        9.885715    
 
  0.0000000E+00   99.1843209959744        10.00714    
   15.00000       98.9545338857152        10.00714    
   30.00000       98.8069017178055        10.00714    
   45.00000       98.7653514726558        10.00714    
   60.00000       98.8181328660548        10.00714    
   75.00000       98.9341376006553        10.00714    
   90.00000       99.0648230862840        10.00714    
   105.0000       99.1659424170359        10.00714    
   120.0000       99.2048210558912        10.00714    
   135.0000       99.1813149935178        10.00714    
   150.0000       99.1171930901627        10.00714    
   165.0000       99.0511025073450        10.00714    
   180.0000       99.0155602698218        10.00714    
   195.0000       99.0303598786790        10.00714    
   210.0000       99.1032504807350        10.00714    
   225.0000       99.2356238981965        10.00714    
   240.0000       99.4174695890574        10.00714    
   255.0000       99.6243923442770        10.00714    
   270.0000       99.8202653822775        10.00714    
   285.0000       99.9526946766897        10.00714    
   300.0000       99.9775926167650        10.00714    
   315.0000       99.8843709166027        10.00714    
   330.0000       99.6960360339768        10.00714    
   345.0000       99.4492861996292        10.00714    
  0.0000000E+00   99.1843209959744        10.00714    
 
  0.0000000E+00   99.9335289322446        10.12857    
   15.00000       99.7962089285310        10.12857    
   30.00000       99.7075273559698        10.12857    
   45.00000       99.6839167592186        10.12857    
   60.00000       99.7200473650129        10.12857    
   75.00000       99.7956300488088        10.12857    
   90.00000       99.8780853982148        10.12857    
   105.0000       99.9367384263084        10.12857    
   120.0000       99.9502397984573        10.12857    
   135.0000       99.9184359634137        10.12857    
   150.0000       99.8569817518265        10.12857    
   165.0000       99.7922578668898        10.12857    
   180.0000       99.7481010289296        10.12857    
   195.0000       99.7396647827509        10.12857    
   210.0000       99.7741114362306        10.12857    
   225.0000       99.8531459075350        10.12857    
   240.0000       99.9707990242926        10.12857    
   255.0000       100.110551313829        10.12857    
   270.0000       100.247754604393        10.12857    
   285.0000       100.347957216093        10.12857    
   300.0000       100.381343085689        10.12857    
   315.0000       100.338883099096        10.12857    
   330.0000       100.233944823070        10.12857    
   345.0000       100.090181966126        10.12857    
  0.0000000E+00   99.9335289322446        10.12857    
 
  0.0000000E+00   100.636990868585        10.25000    
   15.00000       100.591553573660        10.25000    
   30.00000       100.560751865398        10.25000    
   45.00000       100.554147410004        10.25000    
   60.00000       100.573355471149        10.25000    
   75.00000       100.608688646397        10.25000    
   90.00000       100.642965970846        10.25000    
   105.0000       100.658513545318        10.25000    
   120.0000       100.645091947379        10.25000    
   135.0000       100.602418958343        10.25000    
   150.0000       100.540215088732        10.25000    
   165.0000       100.472959432753        10.25000    
   180.0000       100.416608754405        10.25000    
   195.0000       100.382404579812        10.25000    
   210.0000       100.377416160036        10.25000    
   225.0000       100.403787502620        10.25000    
   240.0000       100.459475419633        10.25000    
   255.0000       100.535328086558        10.25000    
   270.0000       100.617643967021        10.25000    
   285.0000       100.689472336360        10.25000    
   300.0000       100.734715872607        10.25000    
   315.0000       100.745444184342        10.25000    
   330.0000       100.725316818691        10.25000    
   345.0000       100.685222107941        10.25000    
  0.0000000E+00   100.636990868585        10.25000    
 
