  0.0000000E+00   69.9201599511815        6.000000    
   15.00000       69.4553477062177        6.000000    
   30.00000       68.9891922326117        6.000000    
   45.00000       68.6356675009553        6.000000    
   60.00000       68.4489596751094        6.000000    
   75.00000       68.3937211131105        6.000000    
   90.00000       68.3517331418645        6.000000    
   105.0000       68.2653782979245        6.000000    
   120.0000       68.1523135597219        6.000000    
   135.0000       68.0485386195331        6.000000    
   150.0000       67.9419501668259        6.000000    
   165.0000       67.8587887341271        6.000000    
   180.0000       67.8146744052146        6.000000    
   195.0000       67.7887298844391        6.000000    
   210.0000       67.7828815020871        6.000000    
   225.0000       67.8775884645564        6.000000    
   240.0000       68.0171274645759        6.000000    
   255.0000       68.1767472206941        6.000000    
   270.0000       68.5481510362767        6.000000    
   285.0000       69.0567548231513        6.000000    
   300.0000       69.4401088139802        6.000000    
   315.0000       69.8293166350215        6.000000    
   330.0000       70.1907252943552        6.000000    
   345.0000       70.2374617184181        6.000000    
  0.0000000E+00   69.9201599511815        6.000000    
 
  0.0000000E+00   72.0752893504893        6.121428    
   15.00000       71.2873491388112        6.121428    
   30.00000       70.5037883208180        6.121428    
   45.00000       69.8788861388528        6.121428    
   60.00000       69.5293011715598        6.121428    
   75.00000       69.3728145181126        6.121428    
   90.00000       69.2277064034457        6.121428    
   105.0000       69.0285169626912        6.121428    
   120.0000       68.8196083890918        6.121428    
   135.0000       68.6274558584181        6.121428    
   150.0000       68.4684730016057        6.121428    
   165.0000       68.3570701442561        6.121428    
   180.0000       68.2957180162879        6.121428    
   195.0000       68.2512094946613        6.121428    
   210.0000       68.2445266405124        6.121428    
   225.0000       68.4036018067363        6.121428    
   240.0000       68.6472558434822        6.121428    
   255.0000       68.9810079686452        6.121428    
   270.0000       69.6775904677530        6.121428    
   285.0000       70.5752001662270        6.121428    
   300.0000       71.2692200555532        6.121428    
   315.0000       71.9763176177641        6.121428    
   330.0000       72.5716916081508        6.121428    
   345.0000       72.6162764719185        6.121428    
  0.0000000E+00   72.0752893504893        6.121428    
 
  0.0000000E+00   74.8070052568883        6.242857    
   15.00000       73.8062714952503        6.242857    
   30.00000       72.7963276395825        6.242857    
   45.00000       71.9600742738723        6.242857    
   60.00000       71.4541951270190        6.242857    
   75.00000       71.1684175599155        6.242857    
   90.00000       70.8984558312628        6.242857    
   105.0000       70.5962233061180        6.242857    
   120.0000       70.3333662968410        6.242857    
   135.0000       70.1191235731970        6.242857    
   150.0000       69.9719349739286        6.242857    
   165.0000       69.8783864852756        6.242857    
   180.0000       69.8315982845108        6.242857    
   195.0000       69.7902352413001        6.242857    
   210.0000       69.7981629396683        6.242857    
   225.0000       70.0044263294050        6.242857    
   240.0000       70.3291668686894        6.242857    
   255.0000       70.8376229415686        6.242857    
   270.0000       71.7984172257782        6.242857    
   285.0000       72.9686657567722        6.242857    
   300.0000       73.9196879651285        6.242857    
   315.0000       74.8466547697468        6.242857    
   330.0000       75.5395752317704        6.242857    
   345.0000       75.5170964123622        6.242857    
  0.0000000E+00   74.8070052568883        6.242857    
 
  0.0000000E+00   77.4206883658805        6.364286    
   15.00000       76.2728425090295        6.364286    
   30.00000       75.0917123301846        6.364286    
   45.00000       74.0922906569207        6.364286    
   60.00000       73.4512304039439        6.364286    
   75.00000       73.0497595957485        6.364286    
   90.00000       72.6767783293036        6.364286    
   105.0000       72.3132444505270        6.364286    
   120.0000       72.0514150734046        6.364286    
   135.0000       71.8774557487023        6.364286    
   150.0000       71.7919712742976        6.364286    
   165.0000       71.7523080213014        6.364286    
   180.0000       71.7357930717168        6.364286    
   195.0000       71.7029779386715        6.364286    
   210.0000       71.7272374868317        6.364286    
   225.0000       71.9646706341586        6.364286    
   240.0000       72.3569606406655        6.364286    
   255.0000       73.0304631433594        6.364286    
   270.0000       74.1936703875524        6.364286    
   285.0000       75.5448985823845        6.364286    
   300.0000       76.6808694759924        6.364286    
   315.0000       77.7208560334625        6.364286    
   330.0000       78.3926350805280        6.364286    
   345.0000       78.2654455440510        6.364286    
  0.0000000E+00   77.4206883658805        6.364286    
 
  0.0000000E+00   79.6628101096807        6.485714    
   15.00000       78.3948287655570        6.485714    
   30.00000       77.0803935540580        6.485714    
   45.00000       75.9636626029832        6.485714    
   60.00000       75.2335547110564        6.485714    
   75.00000       74.7592542229559        6.485714    
   90.00000       74.3340548214343        6.485714    
   105.0000       73.9669578224793        6.485714    
   120.0000       73.7508098121122        6.485714    
   135.0000       73.6666931798964        6.485714    
   150.0000       73.6720428221065        6.485714    
   165.0000       73.6964427856825        6.485714    
   180.0000       73.7030949721856        6.485714    
   195.0000       73.6690432692994        6.485714    
   210.0000       73.6986963539191        6.485714    
   225.0000       73.9499134609076        6.485714    
   240.0000       74.4009395338437        6.485714    
   255.0000       75.2198376238721        6.485714    
   270.0000       76.5237616339744        6.485714    
   285.0000       77.9821960816123        6.485714    
   300.0000       79.2345055921792        6.485714    
   315.0000       80.2985152736469        6.485714    
   330.0000       80.8627463243242        6.485714    
   345.0000       80.6146523849418        6.485714    
  0.0000000E+00   79.6628101096807        6.485714    
 
  0.0000000E+00   81.4523964325584        6.607143    
   15.00000       80.0936078233560        6.607143    
   30.00000       78.6778592561586        6.607143    
   45.00000       77.4883431823474        6.607143    
   60.00000       76.7151481830919        6.607143    
   75.00000       76.2235441470474        6.607143    
   90.00000       75.8114108193457        6.607143    
   105.0000       75.5041399153660        6.607143    
   120.0000       75.3845275980647        6.607143    
   135.0000       75.4131479610857        6.607143    
   150.0000       75.5173857427666        6.607143    
   165.0000       75.5936465823635        6.607143    
   180.0000       75.6007222158376        6.607143    
   195.0000       75.5452615061550        6.607143    
   210.0000       75.5617945577595        6.607143    
   225.0000       75.8095096197040        6.607143    
   240.0000       76.3103363696876        6.607143    
   255.0000       77.2452505229182        6.607143    
   270.0000       78.6399321591947        6.607143    
   285.0000       80.1452760505641        6.607143    
   300.0000       81.4486185067787        6.607143    
   315.0000       82.4503302076434        6.607143    
   330.0000       82.8501548905058        6.607143    
   345.0000       82.4835365812823        6.607143    
  0.0000000E+00   81.4523964325584        6.607143    
 
  0.0000000E+00   82.7898431669056        6.728571    
   15.00000       81.3686850653928        6.728571    
   30.00000       79.8845619764429        6.728571    
   45.00000       78.6674407195491        6.728571    
   60.00000       77.9011190427342        6.728571    
   75.00000       77.4533445080117        6.728571    
   90.00000       77.1235245613449        6.728571    
   105.0000       76.9364102211782        6.728571    
   120.0000       76.9533059539147        6.728571    
   135.0000       77.1071388293883        6.728571    
   150.0000       77.2931511961426        6.728571    
   165.0000       77.3935901456447        6.728571    
   180.0000       77.3705763110660        6.728571    
   195.0000       77.2690460771759        6.728571    
   210.0000       77.2515438438686        6.728571    
   225.0000       77.4792048243437        6.728571    
   240.0000       78.0249670370538        6.728571    
   255.0000       79.0395619160591        6.728571    
   270.0000       80.4700855214022        6.728571    
   285.0000       81.9679826269514        6.728571    
   300.0000       83.2605417393186        6.728571    
   315.0000       84.1346872160794        6.728571    
   330.0000       84.3436373527059        6.728571    
   345.0000       83.8729938700016        6.728571    
  0.0000000E+00   82.7898431669056        6.728571    
 
  0.0000000E+00   83.7133466176291        6.850000    
   15.00000       82.2580164880931        6.850000    
   30.00000       80.7417670663606        6.850000    
   45.00000       79.5425683969355        6.850000    
   60.00000       78.8329269176676        6.850000    
   75.00000       78.4890651356325        6.850000    
   90.00000       78.3067962423383        6.850000    
   105.0000       78.2913729402735        6.850000    
   120.0000       78.4703777000917        6.850000    
   135.0000       78.7461807501153        6.850000    
   150.0000       78.9879253018580        6.850000    
   165.0000       79.0754012446769        6.850000    
   180.0000       78.9903567120212        6.850000    
   195.0000       78.8203483211880        6.850000    
   210.0000       78.7507367555095        6.850000    
   225.0000       78.9432453024750        6.850000    
   240.0000       79.5160660904751        6.850000    
   255.0000       80.5684382446119        6.850000    
   270.0000       81.9842265729238        6.850000    
   285.0000       83.4281644392009        6.850000    
   300.0000       84.6555847443335        6.850000    
   315.0000       85.3822541015665        6.850000    
   330.0000       85.4250226533412        6.850000    
   345.0000       84.8382904549882        6.850000    
  0.0000000E+00   83.7133466176291        6.850000    
 
  0.0000000E+00   84.3145082272556        6.971429    
   15.00000       82.8167630716725        6.971429    
   30.00000       81.3083903940222        6.971429    
   45.00000       80.1712247497902        6.971429    
   60.00000       79.5644464772319        6.971429    
   75.00000       79.3743874414887        6.971429    
   90.00000       79.3950508761187        6.971429    
   105.0000       79.5905036191150        6.971429    
   120.0000       79.9424312807536        6.971429    
   135.0000       80.3242287282746        6.971429    
   150.0000       80.5892631156706        6.971429    
   165.0000       80.6285464368775        6.971429    
   180.0000       80.4541479744029        6.971429    
   195.0000       80.1947698451326        6.971429    
   210.0000       80.0550676639481        6.971429    
   225.0000       80.1969863125066        6.971429    
   240.0000       80.7738095299005        6.971429    
   255.0000       81.8203586032446        6.971429    
   270.0000       83.1944951253118        6.971429    
   285.0000       84.5989283175464        6.971429    
   300.0000       85.7492922337710        6.971429    
   315.0000       86.3331137307738        6.971429    
   330.0000       86.2261808631125        6.971429    
   345.0000       85.5174776703887        6.971429    
  0.0000000E+00   84.3145082272556        6.971429    
 
  0.0000000E+00   84.7179820114588        7.092857    
   15.00000       83.1751454040792        7.092857    
   30.00000       81.6917215623529        7.092857    
   45.00000       80.6437985115998        7.092857    
   60.00000       80.1675636776898        7.092857    
   75.00000       80.1545210694769        7.092857    
   90.00000       80.4122091218843        7.092857    
   105.0000       80.8440221988509        7.092857    
   120.0000       81.3669407127499        7.092857    
   135.0000       81.8307542431677        7.092857    
   150.0000       82.0857904875134        7.092857    
   165.0000       82.0466525859959        7.092857    
   180.0000       81.7619911760996        7.092857    
   195.0000       81.3969599485877        7.092857    
   210.0000       81.1717607860995        7.092857    
   225.0000       81.2471400594089        7.092857    
   240.0000       81.8095461289233        7.092857    
   255.0000       82.8558757706246        7.092857    
   270.0000       84.2058957754150        7.092857    
   285.0000       85.5729352097521        7.092857    
   300.0000       86.6364637246745        7.092857    
   315.0000       87.0836877175787        7.092857    
   330.0000       86.8401728452690        7.092857    
   345.0000       86.0101692709559        7.092857    
  0.0000000E+00   84.7179820114588        7.092857    
 
  0.0000000E+00   85.0148629628250        7.214286    
   15.00000       83.4408502746783        7.214286    
   30.00000       82.0032290172549        7.214286    
   45.00000       81.0633719424554        7.214286    
   60.00000       80.7325941513281        7.214286    
   75.00000       80.9036294108543        7.214286    
   90.00000       81.3893676982906        7.214286    
   105.0000       82.0517471833192        7.214286    
   120.0000       82.7345177719359        7.214286    
   135.0000       83.2533736834105        7.214286    
   150.0000       83.4689435947822        7.214286    
   165.0000       83.3288079822041        7.214286    
   180.0000       82.9204054439604        7.214286    
   195.0000       82.4383799065934        7.214286    
   210.0000       82.1163808631276        7.214286    
   225.0000       82.1492992969414        7.214286    
   240.0000       82.7070953025834        7.214286    
   255.0000       83.7535116079012        7.214286    
   270.0000       85.0883861925567        7.214286    
   285.0000       86.4138707174951        7.214286    
   300.0000       87.3844289333747        7.214286    
   315.0000       87.7035775308375        7.214286    
   330.0000       87.3358185416329        7.214286    
   345.0000       86.3913772087288        7.214286    
  0.0000000E+00   85.0148629628250        7.214286    
 
  0.0000000E+00   85.2720862502927        7.335714    
   15.00000       83.6874504253070        7.335714    
   30.00000       82.3147374738993        7.335714    
   45.00000       81.4933922527242        7.335714    
   60.00000       81.3122324031390        7.335714    
   75.00000       81.6657365033603        7.335714    
   90.00000       82.3621242112702        7.335714    
   105.0000       83.2221788108869        7.335714    
   120.0000       84.0330547825316        7.335714    
   135.0000       84.5811248509026        7.335714    
   150.0000       84.7344989287852        7.335714    
   165.0000       84.4793195360529        7.335714    
   180.0000       83.9409194248147        7.335714    
   195.0000       83.3552324129082        7.335714    
   210.0000       82.9602830275194        7.335714    
   225.0000       82.9677281478299        7.335714    
   240.0000       83.5249437953966        7.335714    
   255.0000       84.5694603197402        7.335714    
   270.0000       85.8882951776617        7.335714    
   285.0000       87.1675829884954        7.335714    
   300.0000       88.0428429251478        7.335714    
   315.0000       88.2443377633901        7.335714    
   330.0000       87.7651373899013        7.335714    
   345.0000       86.7183461705835        7.335714    
  0.0000000E+00   85.2720862502927        7.335714    
 
  0.0000000E+00   85.5377376855179        7.457143    
   15.00000       83.9628132321059        7.457143    
   30.00000       82.6696686445235        7.457143    
   45.00000       81.9718462784943        7.457143    
   60.00000       81.9389109844937        7.457143    
   75.00000       82.4653452832375        7.457143    
   90.00000       83.3482807708036        7.457143    
   105.0000       84.3684406191278        7.457143    
   120.0000       85.2668599374392        7.457143    
   135.0000       85.8124878085191        7.457143    
   150.0000       85.8881354221100        7.457143    
   165.0000       85.5199126635990        7.457143    
   180.0000       84.8707084525730        7.457143    
   195.0000       84.2016763903409        7.457143    
   210.0000       83.7542027671510        7.457143    
   225.0000       83.7473002643526        7.457143    
   240.0000       84.3040086297660        7.457143    
   255.0000       85.3425778373265        7.457143    
   270.0000       86.6403536138892        7.457143    
   285.0000       87.8661053699261        7.457143    
   300.0000       88.6487662872359        7.457143    
   315.0000       88.7442801481292        7.457143    
   330.0000       88.1673236782678        7.457143    
   345.0000       87.0341122361596        7.457143    
  0.0000000E+00   85.5377376855179        7.457143    
 
  0.0000000E+00   85.8431842458740        7.578571    
   15.00000       84.2982083435519        7.578571    
   30.00000       83.0953759919890        7.578571    
   45.00000       82.5210204005832        7.578571    
   60.00000       82.6293784567458        7.578571    
   75.00000       83.3132545424847        7.578571    
   90.00000       84.3544438265231        7.578571    
   105.0000       85.4968235468772        7.578571    
   120.0000       86.4459526725267        7.578571    
   135.0000       86.9650015702458        7.578571    
   150.0000       86.9578021992627        7.578571    
   165.0000       86.4879883600192        7.578571    
   180.0000       85.7486910806652        7.578571    
   195.0000       85.0161127103300        7.578571    
   210.0000       84.5329971086196        7.578571    
   225.0000       84.5185340177004        7.578571    
   240.0000       85.0723390106802        7.578571    
   255.0000       86.0994120520870        7.578571    
   270.0000       87.3689897252622        7.578571    
   285.0000       88.5348879923393        7.578571    
   300.0000       89.2279719077937        7.578571    
   315.0000       89.2297217853655        7.578571    
   330.0000       88.5695026689238        7.578571    
   345.0000       87.3681608902530        7.578571    
  0.0000000E+00   85.8431842458740        7.578571    
 
  0.0000000E+00   86.2096638858199        7.700000    
   15.00000       84.7119424146739        7.700000    
   30.00000       83.6058944638485        7.700000    
   45.00000       83.1510537359734        7.700000    
   60.00000       83.3896973876711        7.700000    
   75.00000       84.2113532505392        7.700000    
   90.00000       85.3804380121038        7.700000    
   105.0000       86.6091710242520        7.700000    
   120.0000       87.5783962445821        7.700000    
   135.0000       88.0552510187274        7.700000    
   150.0000       87.9673285254222        7.700000    
   165.0000       87.4110039144969        7.700000    
   180.0000       86.6021361767821        7.700000    
   195.0000       85.8243766818068        7.700000    
   210.0000       85.3193084656451        7.700000    
   225.0000       85.3010866486618        7.700000    
   240.0000       85.8482502300708        7.700000    
   255.0000       86.8574081529810        7.700000    
   270.0000       88.0909197583698        7.700000    
   285.0000       89.1921183645952        7.700000    
   300.0000       89.8003230892623        7.700000    
   315.0000       89.7206198583548        7.700000    
   330.0000       88.9921485889918        7.700000    
   345.0000       87.7419991120573        7.700000    
  0.0000000E+00   86.2096638858199        7.700000    
 
  0.0000000E+00   86.6487466527924        7.821429    
   15.00000       85.2122509503742        7.821429    
   30.00000       84.2058515472043        7.821429    
   45.00000       83.8637065083524        7.821429    
   60.00000       84.2187698219288        7.821429    
   75.00000       85.1559299159619        7.821429    
   90.00000       86.4222535710827        7.821429    
   105.0000       87.7047963518815        7.821429    
   120.0000       88.6698660712253        7.821429    
   135.0000       89.0957131362704        7.821429    
   150.0000       88.9338826200820        7.821429    
   165.0000       88.3078075490299        7.821429    
   180.0000       87.4488809121976        7.821429    
   195.0000       86.6424812092934        7.821429    
   210.0000       86.1264871039770        7.821429    
   225.0000       86.1064041786332        7.821429    
   240.0000       86.6426586863773        7.821429    
   255.0000       87.6271935391665        7.821429    
   270.0000       88.8169586069805        7.821429    
   285.0000       89.8501343795537        7.821429    
   300.0000       90.3791534794300        7.821429    
   315.0000       90.2300402938122        7.821429    
   330.0000       89.4484224458982        7.821429    
   345.0000       88.1687297245166        7.821429    
  0.0000000E+00   86.6487466527924        7.821429    
 
  0.0000000E+00   87.1645669594854        7.942857    
   15.00000       85.8000088225549        7.942857    
   30.00000       84.8932395613970        7.942857    
   45.00000       84.6549476607961        7.942857    
   60.00000       85.1107111280003        7.942857    
   75.00000       86.1398431567472        7.942857    
   90.00000       87.4737796210948        7.942857    
   105.0000       88.7815502808747        7.942857    
   120.0000       89.7239646210735        7.942857    
   135.0000       90.0951224523384        7.942857    
   150.0000       89.8690091697901        7.942857    
   165.0000       89.1902360750887        7.942857    
   180.0000       88.2992790061761        7.942857    
   195.0000       87.4788667704091        7.942857    
   210.0000       86.9608364730537        7.942857    
   225.0000       86.9396792806382        7.942857    
   240.0000       87.4607691979726        7.942857    
   255.0000       88.4141607360823        7.942857    
   270.0000       89.5532488806855        7.942857    
   285.0000       90.5164741380228        7.942857    
   300.0000       90.9724877016290        7.942857    
   315.0000       90.7655135393665        7.942857    
   330.0000       89.9455521716844        7.942857    
   345.0000       88.6547070405856        7.942857    
  0.0000000E+00   87.1645669594854        7.942857    
 
  0.0000000E+00   87.7555915560941        8.064285    
   15.00000       86.4707066871381        8.064285    
   30.00000       85.6613225231051        8.064285    
   45.00000       85.5167079039568        8.064285    
   60.00000       86.0564336513067        8.064285    
   75.00000       87.1538371193065        8.064285    
   90.00000       88.5277162656080        8.064285    
   105.0000       89.8362639210943        8.064285    
   120.0000       90.7424331180995        8.064285    
   135.0000       91.0588815146296        8.064285    
   150.0000       90.7795149980123        8.064285    
   165.0000       90.0644859820761        8.064285    
   180.0000       89.1578100708492        8.064285    
   195.0000       88.3361590679619        8.064285    
   210.0000       87.8233007697226        8.064285    
   225.0000       87.8012864905620        8.064285    
   240.0000       88.3032958088442        8.064285    
   255.0000       89.2195500516122        8.064285    
   270.0000       90.3020946627741        8.064285    
   285.0000       91.1946463592488        8.064285    
   300.0000       91.5839867931023        8.064285    
   315.0000       91.3300667163961        8.064285    
   330.0000       90.4859347710091        8.064285    
   345.0000       89.2009174046961        8.064285    
  0.0000000E+00   87.7555915560941        8.064285    
 
  0.0000000E+00   88.4160998109965        8.185715    
   15.00000       87.2160216059790        8.185715    
   30.00000       86.5001074495286        8.185715    
   45.00000       86.4382004053239        8.185715    
   60.00000       87.0447983748017        8.185715    
   75.00000       88.1874439432138        8.185715    
   90.00000       89.5761166337261        8.185715    
   105.0000       90.8649986668819        8.185715    
   120.0000       91.7253462784703        8.185715    
   135.0000       91.9895310339208        8.185715    
   150.0000       91.6683599276206        8.185715    
   165.0000       90.9323662864433        8.185715    
   180.0000       90.0244844431376        8.185715    
   195.0000       89.2126383044664        8.185715    
   210.0000       88.7108385798283        8.185715    
   225.0000       88.6879561446424        8.185715    
   240.0000       89.1674919601403        8.185715    
   255.0000       90.0413621113216        8.185715    
   270.0000       91.0626908532572        8.185715    
   285.0000       91.8848533728781        8.185715    
   300.0000       92.2138089357969        8.185715    
   315.0000       91.9231577719923        8.185715    
   330.0000       91.0681448891204        8.185715    
   345.0000       89.8042046441708        8.185715    
  0.0000000E+00   88.4160998109965        8.185715    
 
  0.0000000E+00   89.1374996343847        8.307143    
   15.00000       88.0251485280694        8.307143    
   30.00000       87.3975741430081        8.307143    
   45.00000       87.4070328660887        8.307143    
   60.00000       88.0635903649478        8.307143    
   75.00000       89.2297209550200        8.307143    
   90.00000       90.6108546123546        8.307143    
   105.0000       91.8633281864371        8.307143    
   120.0000       92.6714640601267        8.307143    
   135.0000       92.8873775717870        8.307143    
   150.0000       92.5356154366717        8.307143    
   165.0000       91.7925096941230        8.307143    
   180.0000       90.8961465325478        8.307143    
   195.0000       90.1035578539365        8.307143    
   210.0000       89.6176489176426        8.307143    
   225.0000       89.5938580276029        8.307143    
   240.0000       90.0481362360778        8.307143    
   255.0000       90.8752490125348        8.307143    
   270.0000       91.8319077778156        8.307143    
   285.0000       92.5847918572396        8.307143    
   300.0000       92.8594906706844        8.307143    
   315.0000       92.5415999659875        8.307143    
   330.0000       91.6879432817913        8.307143    
   345.0000       90.4584412201563        8.307143    
  0.0000000E+00   89.1374996343847        8.307143    
 
  0.0000000E+00   89.9092216749313        8.428572    
   15.00000       88.8856770461740        8.428572    
   30.00000       88.3404672366674        8.428572    
   45.00000       88.4099043304471        8.428572    
   60.00000       89.1000866359039        8.428572    
   75.00000       90.2696248242653        8.428572    
   90.00000       91.6237821699909        8.428572    
   105.0000       92.8264083115659        8.428572    
   120.0000       93.5784092559194        8.428572    
   135.0000       93.7509096575368        8.428572    
   150.0000       93.3791251137055        8.428572    
   165.0000       92.6412030972953        8.428572    
   180.0000       91.7673636212539        8.428572    
   195.0000       91.0020370581181        8.428572    
   210.0000       90.5359933816522        8.428572    
   225.0000       90.5113248931563        8.428572    
   240.0000       90.9381870679662        8.428572    
   255.0000       91.7150930578428        8.428572    
   270.0000       92.6047975342753        8.428572    
   285.0000       93.2901875983627        8.428572    
   300.0000       93.5165416016995        8.428572    
   315.0000       93.1801713972159        8.428572    
   330.0000       92.3389540941797        8.428572    
   345.0000       91.1553337480207        8.428572    
  0.0000000E+00   89.9092216749313        8.428572    
 
  0.0000000E+00   90.7195928047265        8.550000    
   15.00000       89.7844346511221        8.550000    
   30.00000       89.3150681192148        8.550000    
   45.00000       89.4333035677997        8.550000    
   60.00000       90.1416546760020        8.550000    
   75.00000       91.2964418548204        8.550000    
   90.00000       92.6070134481875        8.550000    
   105.0000       93.7492284510424        8.550000    
   120.0000       94.4430436123711        8.550000    
   135.0000       94.5773706384916        8.550000    
   150.0000       94.1952491161376        8.550000    
   165.0000       93.4732351718715        8.550000    
   180.0000       92.6313027944325        8.550000    
   195.0000       91.8999328594722        8.550000    
   210.0000       91.4570167382109        8.550000    
   225.0000       91.4316164912395        8.550000    
   240.0000       91.8295099103649        8.550000    
   255.0000       92.5536794888008        8.550000    
   270.0000       93.3752219663244        8.550000    
   285.0000       93.9954457634509        8.550000    
   300.0000       94.1791263655565        8.550000    
   315.0000       93.8323149719302        8.550000    
   330.0000       93.0134156116487        8.550000    
   345.0000       91.8852498251185        8.550000    
  0.0000000E+00   90.7195928047265        8.550000    
 
  0.0000000E+00   91.5565100087778        8.671429    
   15.00000       90.7081259016863        8.671429    
   30.00000       90.3077787922747        8.671429    
   45.00000       90.4640346936169        8.671429    
   60.00000       91.1761849792031        8.671429    
   75.00000       92.3000901726321        8.671429    
   90.00000       93.5531285692951        8.671429    
   105.0000       94.6268277838236        8.671429    
   120.0000       95.2617974000896        8.671429    
   135.0000       95.3632362450048        8.671429    
   150.0000       94.9794593124826        8.671429    
   165.0000       94.2825556652485        8.671429    
   180.0000       93.4804078705374        8.671429    
   195.0000       92.7885069898150        8.671429    
   210.0000       92.3713765014929        8.671429    
   225.0000       92.3455134001442        8.671429    
   240.0000       92.7134493055624        8.671429    
   255.0000       93.3832308257437        8.671429    
   270.0000       94.1363664225187        8.671429    
   285.0000       94.6941830980883        8.671429    
   300.0000       94.8406097813395        8.671429    
   315.0000       94.4906875142666        8.671429    
   330.0000       93.7027775632268        8.671429    
   345.0000       92.6378760780793        8.671429    
  0.0000000E+00   91.5565100087778        8.671429    
 
  0.0000000E+00   92.4079334349591        8.792857    
   15.00000       91.6437908712761        8.792857    
   30.00000       91.3055343652286        8.792857    
   45.00000       91.4895806083566        8.792857    
   60.00000       92.1923786112065        8.792857    
   75.00000       93.2713062886479        8.792857    
   90.00000       94.4553051092349        8.792857    
   105.0000       95.4544509802074        8.792857    
   120.0000       96.0309221561158        8.792857    
   135.0000       96.1045783556749        8.792857    
   150.0000       95.7267812389372        8.792857    
   165.0000       95.0627553140370        8.792857    
   180.0000       94.3068895282186        8.792857    
   195.0000       93.6589107491240        8.792857    
   210.0000       93.2697050428071        8.792857    
   225.0000       93.2437610952358        8.792857    
   240.0000       93.5812603117428        8.792857    
   255.0000       94.1958115304037        8.792857    
   270.0000       94.8811307713349        8.792857    
   285.0000       95.3796341767647        8.792857    
   300.0000       95.4939706309844        8.792857    
   315.0000       95.1475793807556        8.792857    
   330.0000       94.3981527397965        8.792857    
   345.0000       93.4027060783523        8.792857    
  0.0000000E+00   92.4079334349591        8.792857    
 
  0.0000000E+00   93.2623284625628        8.914286    
   15.00000       92.5792128094530        8.914286    
   30.00000       92.2961720920921        8.914286    
   45.00000       92.4984307055824        8.914286    
   60.00000       93.1800131318354        8.914286    
   75.00000       94.2018410987351        8.914286    
   90.00000       95.3074834536338        8.914286    
   105.0000       96.2277521338235        8.914286    
   120.0000       96.7467770421393        8.914286    
   135.0000       96.7974316781258        8.914286    
   150.0000       96.4322116341245        8.914286    
   165.0000       95.8075024089065        8.914286    
   180.0000       95.1031642201670        8.914286    
   195.0000       94.5026163931459        8.914286    
   210.0000       94.1430251113263        8.914286    
   225.0000       94.1174785817255        8.914286    
   240.0000       94.4245129902965        8.914286    
   255.0000       94.9837185666747        8.914286    
   270.0000       95.6025196362729        8.914286    
   285.0000       96.0450519405778        8.914286    
   300.0000       96.1322006087944        8.914286    
   315.0000       95.7953162387762        8.914286    
   330.0000       95.0907458451119        8.914286    
   345.0000       94.1694907509454        8.914286    
  0.0000000E+00   93.2623284625628        8.914286    
 
  0.0000000E+00   94.1089208352528        9.035714    
   15.00000       93.5031413354867        9.035714    
   30.00000       93.2686227615644        9.035714    
   45.00000       93.4802399278124        9.035714    
   60.00000       94.1300516189670        9.035714    
   75.00000       95.0845179638806        9.035714    
   90.00000       96.1044146678773        9.035714    
   105.0000       96.9428813313203        9.035714    
   120.0000       97.4059815480419        9.035714    
   135.0000       97.4380041224334        9.035714    
   150.0000       97.0909612026743        9.035714    
   165.0000       96.5107963779635        9.035714    
   180.0000       95.8621081083516        9.035714    
   195.0000       95.3116658835224        9.035714    
   210.0000       94.9829888250544        9.035714    
   225.0000       94.9583942344526        9.035714    
   240.0000       95.2353269024969        9.035714    
   255.0000       95.7397068108228        9.035714    
   270.0000       96.2938707034323        9.035714    
   285.0000       96.6839469142317        9.035714    
   300.0000       96.7485451387532        9.035714    
   315.0000       96.4265032866046        9.035714    
   330.0000       95.7721142148881        9.035714    
   345.0000       94.9285078447294        9.035714    
  0.0000000E+00   94.1089208352528        9.035714    
 
  0.0000000E+00   94.9379519610909        9.157143    
   15.00000       94.4055166975873        9.157143    
   30.00000       94.2131066180455        9.157143    
   45.00000       94.4259954794227        9.157143    
   60.00000       95.0347699049586        9.157143    
   75.00000       95.9133273588973        9.157143    
   90.00000       96.8417608500481        9.157143    
   105.0000       97.5966279906156        9.157143    
   120.0000       98.0056133450082        9.157143    
   135.0000       98.0229149569898        9.157143    
   150.0000       97.6987118564359        9.157143    
   165.0000       97.1672261482370        9.157143    
   180.0000       96.5773108129759        9.157143    
   195.0000       96.0789171585806        9.157143    
   210.0000       95.7821163656217        9.157143    
   225.0000       95.7590839321947        9.157143    
   240.0000       96.0066115657677        9.157143    
   255.0000       96.4572283683154        9.157143    
   270.0000       96.9491029830429        9.157143    
   285.0000       97.2903449681793        9.157143    
   300.0000       97.3367613689606        9.157143    
   315.0000       97.0342869982348        9.157143    
   330.0000       96.4344428311482        9.157143    
   345.0000       95.6708374714612        9.157143    
  0.0000000E+00   94.9379519610909        9.157143    
 
  0.0000000E+00   95.7402693352296        9.278572    
   15.00000       95.2770254982168        9.278572    
   30.00000       95.1206667070977        9.278572    
   45.00000       95.3275359315217        9.278572    
   60.00000       95.8872632743518        9.278572    
   75.00000       96.6829378827960        9.278572    
   90.00000       97.5156390722762        9.278572    
   105.0000       98.1860153465440        9.278572    
   120.0000       98.5428485134230        9.278572    
   135.0000       98.5488578494696        9.278572    
   150.0000       98.2512788031630        9.278572    
   165.0000       97.7716168819982        9.278572    
   180.0000       97.2427054622530        9.278572    
   195.0000       96.7976600796120        9.278572    
   210.0000       96.5334030201817        9.278572    
   225.0000       96.5125859919215        9.278572    
   240.0000       96.7316925322285        9.278572    
   255.0000       97.1300712477698        9.278572    
   270.0000       97.5623741146034        9.278572    
   285.0000       97.8584556842945        9.278572    
   300.0000       97.8907825256016        9.278572    
   315.0000       97.6120119954616        9.278572    
   330.0000       97.0701919950604        9.278572    
   345.0000       96.3879876730984        9.278572    
  0.0000000E+00   95.7402693352296        9.278572    
 
  0.0000000E+00   96.5081950813106        9.400000    
   15.00000       96.1099524991955        9.400000    
   30.00000       95.9839983908353        9.400000    
   45.00000       96.1783498294459        9.400000    
   60.00000       96.6822031293566        9.400000    
   75.00000       97.3894195069652        9.400000    
   90.00000       98.1233382716496        9.400000    
   105.0000       98.7090370083616        9.400000    
   120.0000       99.0157286488859        9.400000    
   135.0000       99.0133950409882        9.400000    
   150.0000       98.7454251264571        9.400000    
   165.0000       98.3198577761814        9.400000    
   180.0000       97.8534038694162        9.400000    
   195.0000       97.4624526195775        9.400000    
   210.0000       97.2311537768678        9.400000    
   225.0000       97.2132311153496        9.400000    
   240.0000       97.4051326661530        9.400000    
   255.0000       97.7531702514534        9.400000    
   270.0000       98.1288901531497        9.400000    
   285.0000       98.3834862908255        9.400000    
   300.0000       98.4055393407000        9.400000    
   315.0000       98.1540599983822        9.400000    
   330.0000       97.6729594043703        9.400000    
   345.0000       97.0727681639059        9.400000    
  0.0000000E+00   96.5081950813106        9.400000    
 
  0.0000000E+00   97.2353483480801        9.521429    
   15.00000       96.8979803002224        9.521429    
   30.00000       96.7972311617061        9.521429    
   45.00000       96.9733407394999        9.521429    
   60.00000       97.4155862626067        9.521429    
   75.00000       98.0299917158274        9.521429    
   90.00000       98.6630881958697        9.521429    
   105.0000       99.1644569797161        9.521429    
   120.0000       99.4229871571953        9.521429    
   135.0000       99.4147961995980        9.521429    
   150.0000       99.1787017268962        9.521429    
   165.0000       98.8087350859316        9.521429    
   180.0000       98.4055218357012        9.521429    
   195.0000       98.0689393329287        9.521429    
   210.0000       97.8707972707312        9.521429    
   225.0000       97.8564587404791        9.521429    
   240.0000       98.0225530643628        9.521429    
   255.0000       98.3224349209283        9.521429    
   270.0000       98.6447459576054        9.521429    
   285.0000       98.8614903406448        9.521429    
   300.0000       98.8768115718426        9.521429    
   315.0000       98.6557050804401        9.521429    
   330.0000       98.2373362333308        9.521429    
   345.0000       97.7191347187305        9.521429    
  0.0000000E+00   97.2353483480801        9.521429    
 
  0.0000000E+00   97.9167837710131        9.642858    
   15.00000       97.6363056878444        9.642858    
   30.00000       97.5560294210003        9.642858    
   45.00000       97.7089162302815        9.642858    
   60.00000       98.0848173984877        9.642858    
   75.00000       98.6031150432543        9.642858    
   90.00000       99.1341748405974        9.642858    
   105.0000       99.5519548935002        9.642858    
   120.0000       99.7642163858982        9.642858    
   135.0000       99.7522135789569        9.642858    
   150.0000       99.5496194909102        9.642858    
   165.0000       99.2360950952059        9.642858    
   180.0000       98.8963319135862        9.642858    
   195.0000       98.6139950981454        9.642858    
   210.0000       98.4490250430713        9.642858    
   225.0000       98.4389590057348        9.642858    
   240.0000       98.5807810552137        9.642858    
   255.0000       98.8349073505878        9.642858    
   270.0000       99.1070966493044        9.642858    
   285.0000       99.2895476682120        9.642858    
   300.0000       99.3014107812833        9.642858    
   315.0000       99.1132974778435        9.642858    
   330.0000       98.7590858804315        9.642858    
   345.0000       98.3223513392473        9.642858    
  0.0000000E+00   97.9167837710131        9.642858    
 
  0.0000000E+00   98.5487647638822        9.764286    
   15.00000       98.3213955059981        9.764286    
   30.00000       98.2573359282231        9.764286    
   45.00000       98.3827216617852        9.764286    
   60.00000       98.6884561238166        9.764286    
   75.00000       99.1082658015712        9.764286    
   90.00000       99.5367569731139        9.764286    
   105.0000       99.8719639890321        9.764286    
   120.0000       100.039717715266        9.764286    
   135.0000       100.025530114312        9.764286    
   150.0000       99.8574830553386        9.764286    
   165.0000       99.6006547293063        9.764286    
   180.0000       99.3240460886840        9.764286    
   195.0000       99.0955010131195        9.764286    
   210.0000       98.9635644945502        9.764286    
   225.0000       98.9584482182828        9.764286    
   240.0000       99.0776305303655        9.764286    
   255.0000       99.2885510709071        9.764286    
   270.0000       99.5139576363961        9.764286    
   285.0000       99.6655724374887        9.764286    
   300.0000       99.6769947948617        9.764286    
   315.0000       99.5240804418646        9.764286    
   330.0000       99.2349548198720        9.764286    
   345.0000       98.8787833184816        9.764286    
  0.0000000E+00   98.5487647638822        9.764286    
 
  0.0000000E+00   99.1287625495495        9.885715    
   15.00000       98.9509725752767        9.885715    
   30.00000       98.8993539755639        9.885715    
   45.00000       98.9936190676700        9.885715    
   60.00000       99.2261398415981        9.885715    
   75.00000       99.5458134466467        9.885715    
   90.00000       99.8717007859839        9.885715    
   105.0000       100.125530320999        9.885715    
   120.0000       100.250384124260        9.885715    
   135.0000       100.235263474667        9.885715    
   150.0000       100.102321441947        9.885715    
   165.0000       99.9019680583952        9.885715    
   180.0000       99.6878308311484        9.885715    
   195.0000       99.5123487093456        9.885715    
   210.0000       99.4131781825163        9.885715    
   225.0000       99.4136711755381        9.885715    
   240.0000       99.5119150454331        9.885715    
   255.0000       99.6822840703505        9.885715    
   270.0000       99.8642497116696        9.885715    
   285.0000       99.9883629503957        9.885715    
   300.0000       100.002110227945        9.885715    
   315.0000       99.8862297480984        9.885715    
   330.0000       99.6627102612572        9.885715    
   345.0000       99.3859288712890        9.885715    
  0.0000000E+00   99.1287625495495        9.885715    
 
  0.0000000E+00   99.6552400985882        10.00714    
   15.00000       99.5237773869665        10.00714    
   30.00000       99.4812797254010        10.00714    
   45.00000       99.5414027986998        10.00714    
   60.00000       99.6983574973416        10.00714    
   75.00000       99.9168657658342        10.00714    
   90.00000       100.140511177809        10.00714    
   105.0000       100.314260301148        10.00714    
   120.0000       100.397648425487        10.00714    
   135.0000       100.382498596838        10.00714    
   150.0000       100.284787978447        10.00714    
   165.0000       100.140279010346        10.00714    
   180.0000       99.9875980190476        10.00714    
   195.0000       99.8642344938175        10.00714    
   210.0000       99.7974614295526        10.00714    
   225.0000       99.8041991664054        10.00714    
   240.0000       99.8832364362811        10.00714    
   255.0000       100.015745899058        10.00714    
   270.0000       100.157574705567        10.00714    
   285.0000       100.257385026084        10.00714    
   300.0000       100.275987760484        10.00714    
   315.0000       100.198650410868        10.00714    
   330.0000       100.040923944859        10.00714    
   345.0000       99.8421780278873        10.00714    
  0.0000000E+00   99.6552400985882        10.00714    
 
  0.0000000E+00   100.127615063570        10.12857    
   15.00000       100.039527373030        10.12857    
   30.00000       100.003275427259        10.12857    
   45.00000       100.026785364238        10.12857    
   60.00000       100.106423049509        10.12857    
   75.00000       100.223239043580        10.12857    
   90.00000       100.345298829589        10.12857    
   105.0000       100.440303664125        10.12857    
   120.0000       100.483476074924        10.12857    
   135.0000       100.468883052806        10.12857    
   150.0000       100.406154593190        10.12857    
   165.0000       100.316514611305        10.12857    
   180.0000       100.224002515407        10.12857    
   195.0000       100.151641852704        10.12857    
   210.0000       100.116817568633        10.12857    
   225.0000       100.130410313345        10.12857    
   240.0000       100.191985851700        10.12857    
   255.0000       100.289338728353        10.12857    
   270.0000       100.394266728779        10.12857    
   285.0000       100.472827172170        10.12857    
   300.0000       100.498594444404        10.12857    
   315.0000       100.461024154071        10.12857    
   330.0000       100.369010575008        10.12857    
   345.0000       100.246837440273        10.12857    
  0.0000000E+00   100.127615063570        10.12857    
 
  0.0000000E+00   100.546123023279        10.25000    
   15.00000       100.498768631180        10.25000    
   30.00000       100.466309974963        10.25000    
   45.00000       100.451231971035        10.25000    
   60.00000       100.452315967443        10.25000    
   75.00000       100.467311667976        10.25000    
   90.00000       100.488648652136        10.25000    
   105.0000       100.506234073500        10.25000    
   120.0000       100.510250848745        10.25000    
   135.0000       100.496511932690        10.25000    
   150.0000       100.468192968567        10.25000    
   165.0000       100.432161421564        10.25000    
   180.0000       100.398315047510        10.25000    
   195.0000       100.375712287174        10.25000    
   210.0000       100.372329228224        10.25000    
   225.0000       100.393362462598        10.25000    
   240.0000       100.439216948259        10.25000    
   255.0000       100.504098093211        10.25000    
   270.0000       100.575270671144        10.25000    
   285.0000       100.635483350234        10.25000    
   300.0000       100.670517298407        10.25000    
   315.0000       100.673690166086        10.25000    
   330.0000       100.647100271823        10.25000    
   345.0000       100.599990105245        10.25000    
  0.0000000E+00   100.546123023279        10.25000    
 
