  0.0000000E+00   69.4000080004949     
   15.00000       68.9958198268379     
   30.00000       68.5887332758462     
   45.00000       68.4015994196915     
   60.00000       67.9521339358645     
   75.00000       67.2651387888638     
   90.00000       66.5852696697170     
   105.0000       66.1039282130970     
   120.0000       65.8185187565698     
   135.0000       65.6466784712171     
   150.0000       65.4850755389112     
   165.0000       65.3720989345076     
   180.0000       65.3935884228353     
   195.0000       65.5363836945396     
   210.0000       65.7508588501810     
   225.0000       65.9085835000730     
   240.0000       65.9840256234739     
   255.0000       66.2519626306682     
   270.0000       66.6191022788201     
   285.0000       66.3313178813877     
   300.0000       65.6390124313788     
   315.0000       66.4168828157671     
   330.0000       68.6173137933123     
   345.0000       69.6726092311306     
   360.0000       69.4000080004949     
   360.0000       70.5829195467246     
   375.0000       69.8776187383819     
   390.0000       69.2618838899508     
   405.0000       69.0118806778075     
   420.0000       68.3210639993835     
   435.0000       67.1442433859446     
   450.0000       66.0156081539007     
   465.0000       65.2455455980685     
   480.0000       64.8105159504262     
   495.0000       64.5671079084390     
   510.0000       64.3802136805365     
   525.0000       64.2751760176404     
   540.0000       64.3627017047965     
   555.0000       64.5870130076795     
   570.0000       64.8849989874299     
   585.0000       65.1097934016073     
   600.0000       65.2643898764658     
   615.0000       65.7720487783880     
   630.0000       66.3748891474027     
   645.0000       66.0021335041013     
   660.0000       65.2925184003603     
   675.0000       66.9379932058193     
   690.0000       70.1217586960682     
   705.0000       71.1833600446283     
   720.0000       70.5829195467246     
   720.0000       72.0592290156131     
   735.0000       71.1547798979095     
   750.0000       70.3760765646791     
   765.0000       70.0863569789996     
   780.0000       69.3767519148292     
   795.0000       67.9111966736456     
   810.0000       66.5439766233682     
   825.0000       65.6618860005442     
   840.0000       65.2203499425605     
   855.0000       65.0122756532749     
   870.0000       64.9061430409996     
   885.0000       64.8970592754009     
   900.0000       65.0652740684703     
   915.0000       65.3094340478131     
   930.0000       65.6203261341201     
   945.0000       65.8502297286319     
   960.0000       66.0801375356583     
   975.0000       66.7593391986343     
   990.0000       67.4858482620500     
   1005.000       67.2070813160342     
   1020.000       66.9298337909252     
   1035.000       69.2560352775384     
   1050.000       72.4459568453188     
   1065.000       72.8981177711003     
   1080.000       72.0592290156131     
   1080.000       73.3509669647276     
   1095.000       72.3274147214556     
   1110.000       71.4498477425362     
   1125.000       71.1158688749823     
   1140.000       70.4818457454790     
   1155.000       68.8960115619276     
   1170.000       67.4683946440411     
   1185.000       66.6186035649558     
   1200.000       66.2808935391788     
   1215.000       66.1905923247718     
   1230.000       66.2128903016195     
   1245.000       66.3217586099199     
   1260.000       66.5392224971361     
   1275.000       66.7640546511328     
   1290.000       67.0213684401655     
   1305.000       67.2233526994106     
   1320.000       67.5217819205344     
   1335.000       68.3166244105783     
   1350.000       69.1206824906195     
   1365.000       69.0673299424576     
   1380.000       69.3851160971144     
   1395.000       72.0419365834543     
   1410.000       74.5961825089076     
   1425.000       74.3518855682728     
   1440.000       73.3509669647276     
   1440.000       74.3535064364343     
   1455.000       73.2687568266781     
   1470.000       72.3502581033665     
   1485.000       71.9865899889535     
   1500.000       71.4286062661274     
   1515.000       69.8754694690492     
   1530.000       68.5312033826528     
   1545.000       67.8266440889781     
   1560.000       67.6609138318250     
   1575.000       67.7327179783775     
   1590.000       67.8971051525052     
   1605.000       68.0959080414698     
   1620.000       68.3070969703745     
   1635.000       68.4575581212034     
   1650.000       68.6197895739275     
   1665.000       68.7834630772161     
   1680.000       69.1547015527778     
   1695.000       70.0264171638995     
   1710.000       70.8953529762533     
   1725.000       71.1388182416997     
   1740.000       72.0154160259207     
   1755.000       74.6012552092363     
   1770.000       76.1792598961467     
   1785.000       75.4423377608013     
   1800.000       74.3535064364343     
   1800.000       75.0948494668351     
   1815.000       73.9891394351401     
   1830.000       73.0742968993459     
   1845.000       72.7026654472210     
   1860.000       72.2156474035530     
   1875.000       70.8089379342289     
   1890.000       69.6565644045407     
   1905.000       69.1734661575537     
   1920.000       69.2101026139332     
   1935.000       69.4530284405491     
   1950.000       69.7334262062729     
   1965.000       69.9638163772200     
   1980.000       70.1069507962740     
   1995.000       70.1404926674728     
   2010.000       70.1992674018949     
   2025.000       70.3254500913003     
   2040.000       70.7555135971554     
   2055.000       71.6737267812726     
   2070.000       72.6152456087803     
   2085.000       73.1834140350095     
   2100.000       74.4431395929020     
   2115.000       76.6145733677704     
   2130.000       77.1794607214877     
   2145.000       76.2146769364164     
   2160.000       75.0948494668351     
   2160.000       75.6422719488203     
   2175.000       74.5432912303149     
   2190.000       73.6637515768196     
   2205.000       73.3065119856020     
   2220.000       72.9002714956505     
   2235.000       71.7203907896415     
   2250.000       70.8336363892214     
   2265.000       70.6124570596909     
   2280.000       70.8555699282140     
   2295.000       71.2423335165113     
   2310.000       71.5872624675046     
   2325.000       71.7823030031873     
   2340.000       71.8044149719589     
   2355.000       71.7046552466303     
   2370.000       71.6519411901691     
   2385.000       71.7429253293909     
   2400.000       72.2122553303699     
   2415.000       73.1585339624459     
   2430.000       74.1790905058038     
   2445.000       75.0361417896448     
   2460.000       76.4520287269473     
   2475.000       77.9839875772898     
   2490.000       77.8159398474606     
   2505.000       76.7584818663099     
   2520.000       75.6422719488203     
   2520.000       76.0667019193927     
   2535.000       74.9939389130510     
   2550.000       74.1710063244318     
   2565.000       73.8486766262430     
   2580.000       73.5413400344491     
   2595.000       72.6460222618514     
   2610.000       72.0655811112862     
   2625.000       72.1153616857645     
   2640.000       72.5450395283893     
   2655.000       73.0281763388385     
   2670.000       73.3742643211404     
   2685.000       73.4758910852704     
   2700.000       73.3467810320823     
   2715.000       73.0998626031993     
   2730.000       72.9334733416740     
   2745.000       72.9886690813615     
   2760.000       73.4787430098347     
   2775.000       74.4269833368225     
   2790.000       75.5195490671433     
   2805.000       76.5957053967474     
   2820.000       77.9504832777421     
   2835.000       78.7738870185806     
   2850.000       78.2335332843237     
   2865.000       77.1603938434591     
   2880.000       76.0667019193927     
   2880.000       76.4304016517833     
   2895.000       75.3980433223484     
   2910.000       74.6453179810106     
   2925.000       74.3754787092514     
   2940.000       74.1862229308912     
   2955.000       73.6111833632119     
   2970.000       73.3490794457300     
   2985.000       73.6543182706952     
   3000.000       74.2335846147420     
   3015.000       74.7618025427357     
   3030.000       75.0512875941573     
   3045.000       75.0146742728193     
   3060.000       74.7130567747197     
   3075.000       74.3135430973766     
   3090.000       74.0385713516693     
   3105.000       74.0514679907367     
   3120.000       74.5324749522676     
   3135.000       75.4529948572206     
   3150.000       76.5914668676350     
   3165.000       77.7976397433149     
   3180.000       78.9336896294456     
   3195.000       79.2454462531349     
   3210.000       78.5391119270818     
   3225.000       77.4918831560972     
   3240.000       76.4304016517833     
   3240.000       76.7833794439648     
   3255.000       75.8019130030303     
   3270.000       75.1272737421352     
   3285.000       74.9238061116928     
   3300.000       74.8658012807344     
   3315.000       74.6236028883897     
   3330.000       74.6714516925622     
   3345.000       75.1987123015614     
   3360.000       75.8822797622438     
   3375.000       76.4049614723136     
   3390.000       76.5913952390992     
   3405.000       76.3882595579496     
   3420.000       75.9059329578468     
   3435.000       75.3582632893672     
   3450.000       74.9728241475999     
   3465.000       74.9307402812630     
   3480.000       75.3698122498141     
   3495.000       76.2681193576622     
   3510.000       77.4421579922963     
   3525.000       78.6667158262876     
   3540.000       79.5639750044798     
   3555.000       79.5697424186214     
   3570.000       78.8086884121653     
   3585.000       77.8076207998115     
   3600.000       76.7833794439648     
   3600.000       77.1635004540272     
   3615.000       76.2406066135147     
   3630.000       75.6470141766130     
   3645.000       75.5175091532997     
   3660.000       75.5998640756106     
   3675.000       75.6751924353292     
   3690.000       76.0118468508688     
   3705.000       76.7182411353855     
   3720.000       77.4604014539386     
   3735.000       77.9342693793748     
   3750.000       77.9859731380844     
   3765.000       77.6032737848933     
   3780.000       76.9447401245025     
   3795.000       76.2507989645271     
   3810.000       75.7507137770076     
   3825.000       75.6456794533484     
   3840.000       76.0625028915326     
   3855.000       76.9587069627406     
   3870.000       78.1476090990465     
   3885.000       79.3254565242225     
   3900.000       80.0128261995737     
   3915.000       79.8491731467971     
   3930.000       79.0940555898086     
   3945.000       78.1474435559179     
   3960.000       77.1635004540272     
   3960.000       77.5980263501883     
   3975.000       76.7368957514942     
   3990.000       76.2248834161309     
   4005.000       76.1745839464193     
   4020.000       76.3973489810392     
   4035.000       76.7497403867819     
   4050.000       77.3470449065392     
   4065.000       78.1875094855769     
   4080.000       78.9475558948813     
   4095.000       79.3400430241020     
   4110.000       79.2406307742538     
   4125.000       78.6792116440944     
   4140.000       77.8505895620087     
   4155.000       77.0130097331368     
   4170.000       76.4208371759344     
   4185.000       76.2785318165342     
   4200.000       76.6837930808000     
   4215.000       77.5826836273280     
   4230.000       78.7657521032419     
   4245.000       79.8654075263562     
   4260.000       80.3896752179569     
   4275.000       80.1466241207221     
   4290.000       79.4296525327166     
   4305.000       78.5396676268470     
   4320.000       77.5980263501883     
   4320.000       78.1042108764981     
   4335.000       77.3081101369756     
   4350.000       76.8756313833595     
   4365.000       76.9050232194993     
   4380.000       77.2598101216437     
   4395.000       77.8394748472262     
   4410.000       78.6558078626262     
   4425.000       79.5912110929832     
   4440.000       80.3361731084051     
   4455.000       80.6261620911914     
   4470.000       80.3702573080082     
   4485.000       79.6364384609004     
   4500.000       78.6473506045483     
   4515.000       77.7010650692493     
   4530.000       77.0505513028942     
   4545.000       76.8861013949077     
   4560.000       77.2843784302320     
   4575.000       78.1823098004842     
   4590.000       79.3425853853653     
   4605.000       80.3548766861921     
   4620.000       80.7644727022069     
   4635.000       80.5001966105769     
   4650.000       79.8369067388131     
   4665.000       79.0011801194095     
   4680.000       78.1042108764981     
   4680.000       78.6940096411203     
   4695.000       77.9641599831358     
   4710.000       77.6071397337143     
   4725.000       77.7125651508272     
   4740.000       78.1845035430611     
   4755.000       78.9407364251653     
   4770.000       79.9215704533161     
   4785.000       80.9184036913988     
   4800.000       81.6239877445190     
   4815.000       81.8004468448170     
   4830.000       81.3913274735582     
   4845.000       80.4974541028676     
   4860.000       79.3884993781358     
   4875.000       78.3721434071809     
   4890.000       77.6855721492990     
   4905.000       77.5077031600862     
   4920.000       77.8995602534767     
   4935.000       78.7893351940914     
   4950.000       79.9133583702106     
   4965.000       80.8435913850207     
   4980.000       81.1808887643515     
   4995.000       80.9304882796835     
   5010.000       80.3269982405221     
   5025.000       79.5441055087652     
   5040.000       78.6940096411203     
   5040.000       79.3729380010451     
   5055.000       78.7088445549510     
   5070.000       78.4216918280281     
   5085.000       78.5962492994492     
   5100.000       79.1664047298280     
   5115.000       80.0523385137256     
   5130.000       81.1385514632717     
   5145.000       82.1647396300011     
   5160.000       82.8147054247379     
   5175.000       82.8747676241446     
   5190.000       82.3230977934635     
   5205.000       81.3098252110091     
   5220.000       80.1224577868816     
   5235.000       79.0636882690546     
   5250.000       78.3563205935521     
   5265.000       78.1699782575140     
   5280.000       78.5536513851795     
   5295.000       79.4271639559892     
   5310.000       80.5062796581419     
   5325.000       81.3649343770235     
   5340.000       81.6637995274965     
   5355.000       81.4485811887595     
   5370.000       80.9060172604624     
   5385.000       80.1742780499040     
   5400.000       79.3729380010451     
   5400.000       80.1412059224098     
   5415.000       79.5410067111545     
   5430.000       79.3171047182568     
   5445.000       79.5516822961865     
   5460.000       80.1992773501129     
   5475.000       81.1738365243639     
   5490.000       82.3171336806423     
   5505.000       83.3360636264685     
   5520.000       83.9169263246198     
   5535.000       83.8712963260668     
   5550.000       83.2087835541875     
   5565.000       82.1139086404217     
   5580.000       80.8798261192727     
   5595.000       79.7991525272904     
   5610.000       79.0819777517774     
   5625.000       78.8899983822121     
   5640.000       79.2626407403173     
   5655.000       80.1123326148162     
   5670.000       81.1420791561510     
   5685.000       81.9419111828038     
   5700.000       82.2272392067653     
   5715.000       82.0581744422829     
   5730.000       81.5745690033793     
   5745.000       80.8923890499841     
   5760.000       80.1412059224098     
   5760.000       80.9948511088960     
   5775.000       80.4556708230369     
   5790.000       80.2878441599338     
   5805.000       80.5720988741799     
   5820.000       81.2762666864221     
   5835.000       82.3045111814247     
   5850.000       83.4678289701586     
   5865.000       84.4544783654396     
   5880.000       84.9614619312497     
   5895.000       84.8246741411409     
   5910.000       84.0802456616735     
   5925.000       82.9347750525396     
   5940.000       81.6786753410082     
   5955.000       80.5919209595369     
   5970.000       79.8733563225037     
   5985.000       79.6775105641027     
   6000.000       80.0360352645113     
   6015.000       80.8555798992220     
   6030.000       81.8344530814989     
   6045.000       82.5877278377716     
   6060.000       82.8763108922159     
   6075.000       82.7573570121123     
   6090.000       82.3291372481878     
   6105.000       81.6950752550151     
   6120.000       80.9948511088960     
   6120.000       81.9268935668071     
   6135.000       81.4451621958772     
   6150.000       81.3260758065225     
   6165.000       81.6492565289513     
   6180.000       82.3902806650871     
   6195.000       83.4431731963023     
   6210.000       84.5984429653092     
   6225.000       85.5365460324328     
   6240.000       85.9703834380694     
   6255.000       85.7582168639691     
   6270.000       84.9574623809442     
   6285.000       83.7868076874845     
   6300.000       82.5283125970018     
   6315.000       81.4481783225513     
   6330.000       80.7350944618127     
   6345.000       80.5367209527887     
   6360.000       80.8783223550388     
   6375.000       81.6628304744940     
   6390.000       82.5911546826911     
   6405.000       83.3081541183899     
   6420.000       83.6099869659632     
   6435.000       83.5404495412875     
   6450.000       83.1632873434613     
   6465.000       82.5759957506599     
   6480.000       81.9268935668071     
   6480.000       82.9281303504487     
   6495.000       82.4998614788492     
   6510.000       82.4223295223832     
   6525.000       82.7739092891305     
   6540.000       83.5339661468646     
   6555.000       84.5878602604031     
   6570.000       85.7141490352464     
   6585.000       86.5937698170223     
   6600.000       86.9585175930954     
   6615.000       86.6866220202889     
   6630.000       85.8517200031787     
   6645.000       84.6767316140057     
   6660.000       83.4317319326797     
   6675.000       82.3687757512043     
   6690.000       81.6670882637727     
   6705.000       81.4674480886378     
   6720.000       81.7898758838426     
   6735.000       82.5358232456201     
   6750.000       83.4148404639470     
   6765.000       84.1032321269314     
   6780.000       84.4229128568317     
   6795.000       84.3991281165470     
   6810.000       84.0684296796006     
   6825.000       83.5265672950501     
   6840.000       82.9281303504487     
   6840.000       83.9879196366847     
   6855.000       83.6089328080284     
   6870.000       83.5661465560583     
   6885.000       83.9362536686985     
   6900.000       84.6997711909897     
   6915.000       85.7357617488462     
   6930.000       86.8177580440257     
   6945.000       87.6334727291029     
   6960.000       87.9350383287539     
   6975.000       87.6181585321295     
   6990.000       86.7680619419265     
   7005.000       85.6058836940202     
   7020.000       84.3874709785710     
   7035.000       83.3507107848584     
   7050.000       82.6657018649706     
   7065.000       82.4661478318956     
   7080.000       82.7678085610447     
   7095.000       83.4728338179557     
   7110.000       84.3040494363383     
   7125.000       84.9687853171719     
   7140.000       85.3068300233551     
   7155.000       85.3233603821548     
   7170.000       85.0345443738420     
   7185.000       84.5367034649985     
   7200.000       83.9879196366847     
   7200.000       85.0946712595394     
   7215.000       84.7607676646534     
   7230.000       84.7464382087267     
   7245.000       85.1261129670153     
   7260.000       85.8798507883443     
   7275.000       86.8830963711866     
   7290.000       87.9098933263830     
   7305.000       88.6594432026836     
   7320.000       88.9046130069190     
   7335.000       88.5561946381121     
   7350.000       87.7069384981534     
   7365.000       86.5717026630904     
   7380.000       85.3908129954961     
   7395.000       84.3880910796586     
   7410.000       83.7245729422797     
   7425.000       83.5266078282368     
   7440.000       83.8065514034607     
   7455.000       84.4692066649472     
   7470.000       85.2539638863211     
   7485.000       85.8975002137581     
   7500.000       86.2514894468718     
   7515.000       86.3019659239453     
   7530.000       86.0506183684860     
   7545.000       85.5952769356372     
   7560.000       85.0946712595394     
   7560.000       86.2364086848629     
   7575.000       85.9434948551639     
   7590.000       85.9519250073482     
   7605.000       86.3332364540985     
   7620.000       87.0661960816443     
   7635.000       88.0252747164286     
   7650.000       88.9893924811201     
   7665.000       89.6726982441771     
   7680.000       89.8685134952719     
   7695.000       89.5005474291241     
   7710.000       88.6655925491466     
   7725.000       87.5689750107708     
   7740.000       86.4348348188162     
   7755.000       85.4730329869286     
   7770.000       84.8354188632257     
   7785.000       84.6406893243012     
   7800.000       84.8985368665005     
   7815.000       85.5180472699884     
   7830.000       86.2572858334195     
   7845.000       86.8799608672159     
   7860.000       87.2454999420862     
   7875.000       87.3232097649881     
   7890.000       87.1051696292598     
   7905.000       86.6906735626198     
   7920.000       86.2364086848629     
   7920.000       87.4012035000699     
   7935.000       87.1453692192026     
   7950.000       87.1714684537191     
   7965.000       87.5475352131155     
   7980.000       88.2507675483320     
   7995.000       89.1570864531094     
   8010.000       90.0536916433657     
   8025.000       90.6721363675921     
   8040.000       90.8255046336415     
   8055.000       90.4485149970032     
   8070.000       89.6390897304045     
   8085.000       88.5907477421855     
   8100.000       87.5111859807653     
   8115.000       86.5963552646654     
   8130.000       85.9886821196709     
   8145.000       85.7989408283285     
   8160.000       86.0347851286800     
   8175.000       86.6108434675065     
   8190.000       87.3050018196387     
   8205.000       87.9054833925225     
   8220.000       88.2769766764412     
   8235.000       88.3752645504281     
   8250.000       88.1866645165267     
   8265.000       87.8112303306094     
   8280.000       87.4012035000699     
   8280.000       88.5774827248642     
   8295.000       88.3550440653923     
   8310.000       88.3943051230785     
   8325.000       88.7592463176062     
   8340.000       89.4256090345332     
   8355.000       90.2728830191880     
   8370.000       91.0991632666031     
   8385.000       91.6550732134798     
   8400.000       91.7725375050320     
   8415.000       91.3956500667384     
   8430.000       90.6210689214103     
   8445.000       89.6289891865800     
   8460.000       88.6106566460720     
   8475.000       87.7480973166313     
   8490.000       87.1740278552465     
   8505.000       86.9910766386321     
   8520.000       87.2053889099298     
   8535.000       87.7379955752409     
   8550.000       88.3870137406841     
   8565.000       88.9627504466076     
   8580.000       89.3340078065421     
   8595.000       89.4465407828842     
   8610.000       89.2838227671371     
   8625.000       88.9455546086610     
   8640.000       88.5774827248642     
   8640.000       89.7543304724142     
   8655.000       89.5618435745180     
   8670.000       89.6102913205071     
   8685.000       89.9591352144524     
   8700.000       90.5830306137622     
   8715.000       91.3668277220220     
   8730.000       92.1214918628195     
   8745.000       92.6177627340106     
   8760.000       92.7053767115856     
   8775.000       92.3364308496106     
   8790.000       91.6043795006423     
   8805.000       90.6751534611491     
   8820.000       89.7236856966484     
   8835.000       88.9180028017988     
   8850.000       88.3808213039302     
   8865.000       88.2064592718558     
   8880.000       88.3999697308221     
   8895.000       88.8893451458142     
   8910.000       89.4927353455552     
   8925.000       90.0403777944545     
   8940.000       90.4050748597882     
   8955.000       90.5260083000641     
   8970.000       90.3859235095450     
   8985.000       90.0828395299540     
   9000.000       89.7543304724142     
   9000.000       90.9216429432307     
   9015.000       90.7558967551186     
   9030.000       90.8100197196320     
   9045.000       91.1385878852054     
   9060.000       91.7157047939519     
   9075.000       92.4330571008180     
   9090.000       93.1159349867503     
   9105.000       93.5557635048180     
   9120.000       93.6190342817581     
   9135.000       93.2647128816518     
   9150.000       92.5814987157098     
   9165.000       91.7205460870014     
   9180.000       90.8406880511415     
   9195.000       90.0958374057096     
   9210.000       89.5984505471785     
   9225.000       89.4344316579804     
   9240.000       89.6080523124240     
   9255.000       90.0545587020028     
   9270.000       90.6115149967285     
   9285.000       91.1272865443852     
   9300.000       91.4793015973329     
   9315.000       91.6033732394466     
   9330.000       91.4829732552750     
   9345.000       91.2130349600682     
   9360.000       90.9216429432307     
   9360.000       92.0703070611921     
   9375.000       91.9283019296534     
   9390.000       91.9849771155785     
   9405.000       92.2897594590008     
   9420.000       92.8168295907396     
   9435.000       93.4659016301066     
   9450.000       94.0776246727644     
   9465.000       94.4643180203140     
   9480.000       94.5081937434011     
   9495.000       94.1741570724773     
   9510.000       93.5449253216982     
   9525.000       92.7566736509409     
   9540.000       91.9523804862404     
   9555.000       91.2717127612990     
   9570.000       90.8166578684775     
   9585.000       90.6646602905195     
   9600.000       90.8194282556412     
   9615.000       91.2235193305196     
   9630.000       91.7330467084544     
   9645.000       92.2130552856565     
   9660.000       92.5467051047050     
   9675.000       92.6692778357470     
   9690.000       92.5659008422347     
   9705.000       92.3270412944838     
   9720.000       92.0703070611921     
   9720.000       93.1917332712287     
   9735.000       93.0706523903673     
   9750.000       93.1270759794616     
   9765.000       93.4051190192535     
   9780.000       93.8797130217560     
   9795.000       94.4595395718744     
   9810.000       95.0013001913926     
   9825.000       95.3381469309765     
   9840.000       95.3670265793000     
   9855.000       95.0580286568185     
   9870.000       94.4869319250805     
   9885.000       93.7749504686323     
   9900.000       93.0494626379617     
   9915.000       92.4357608793362     
   9930.000       92.0252256261173     
   9945.000       91.8868550707731     
   9960.000       92.0239044000630     
   9975.000       92.3860634774345     
   9990.000       92.8471182506758     
   10005.00       93.2876114594944     
   10020.00       93.5978056040547     
   10035.00       93.7148697736745     
   10050.00       93.6261164767254     
   10065.00       93.4162592906387     
   10080.00       93.1917332712287     
   10080.00       94.2787252068571     
   10095.00       94.1759011958824     
   10110.00       94.2295134796984     
   10125.00       94.4782979666094     
   10140.00       94.8986233417872     
   10155.00       95.4088700031383     
   10170.00       95.8822162921999     
   10185.00       96.1723927157776     
   10200.00       96.1901567038637     
   10215.00       95.9101683830942     
   10230.00       95.4005265896145     
   10245.00       94.7676480819393     
   10260.00       94.1235659823409     
   10275.00       93.5790954903023     
   10290.00       93.2149336424550     
   10305.00       93.0916778184919     
   10320.00       93.2121962406435     
   10335.00       93.5329978168084     
   10350.00       93.9446114994407     
   10365.00       94.3421703705963     
   10380.00       94.6245042527800     
   10395.00       94.7326624934941     
   10410.00       94.6563808079323     
   10425.00       94.4734644941387     
   10440.00       94.2787252068571     
   10440.00       95.3252974925249     
   10455.00       95.2381780131468     
   10470.00       95.2865933247548     
   10485.00       95.5039197914119     
   10500.00       95.8686425601417     
   10515.00       96.3094044707659     
   10530.00       96.7160764655717     
   10545.00       96.9625813057853     
   10560.00       96.9726300848778     
   10575.00       96.7249500449972     
   10590.00       96.2793875414773     
   10605.00       95.7278139642506     
   10620.00       95.1671664178341     
   10635.00       94.6937166565972     
   10650.00       94.3774707701656     
   10665.00       94.2707071264405     
   10680.00       94.3759273229768     
   10695.00       94.6560579929355     
   10710.00       95.0174483402855     
   10725.00       95.3691296081669     
   10740.00       95.6199296066706     
   10755.00       95.7163662054214     
   10770.00       95.6506357475526     
   10785.00       95.4926334300129     
   10800.00       95.3252974925249     
   10800.00       96.3268405118516     
   10815.00       96.2529582606242     
   10830.00       96.2939117728691     
   10845.00       96.4778178007767     
   10860.00       96.7859176025214     
   10875.00       97.1575503658929     
   10890.00       97.4993470884535     
   10905.00       97.7049489978754     
   10920.00       97.7102308918597     
   10935.00       97.4975596757351     
   10950.00       97.1180995776996     
   10965.00       96.6494902065957     
   10980.00       96.1737986716141     
   10995.00       95.7727329531801     
   11010.00       95.5056665049750     
   11025.00       95.4166700999622     
   11040.00       95.5078700773645     
   11055.00       95.7481616559386     
   11070.00       96.0588319501355     
   11085.00       96.3622720247121     
   11100.00       96.5786116140248     
   11115.00       96.6610581805061     
   11130.00       96.6041778327233     
   11145.00       96.4691138084206     
   11160.00       96.3268405118516     
   11160.00       97.2798979446547     
   11175.00       97.2168406906208     
   11190.00       97.2481110851017     
   11205.00       97.3967391825527     
   11220.00       97.6473565138498     
   11235.00       97.9503429299795     
   11250.00       98.2290266780554     
   11265.00       98.3962479226551     
   11280.00       98.3993170429351     
   11295.00       98.2238774222284     
   11310.00       97.9120677295391     
   11325.00       97.5275991839541     
   11340.00       97.1379246654238     
   11355.00       96.8102334145820     
   11370.00       96.5933697206459     
   11385.00       96.5233317576062     
   11400.00       96.6018444893329     
   11415.00       96.8033051789399     
   11430.00       97.0631190217498     
   11445.00       97.3165940750209     
   11460.00       97.4962775163152     
   11475.00       97.5629672460945     
   11490.00       97.5134392648030     
   11505.00       97.3994019316065     
   11520.00       97.2798979446547     
   11520.00       98.1820934186407     
   11535.00       98.1274571468913     
   11550.00       98.1468299729552     
   11565.00       98.2583708379347     
   11580.00       98.4507117867932     
   11595.00       98.6855507800278     
   11610.00       98.9027688596162     
   11625.00       99.0338655272773     
   11640.00       99.0369149639464     
   11655.00       98.9005149645980     
   11670.00       98.6575066657614     
   11685.00       98.3579697880048     
   11700.00       98.0549962799020     
   11715.00       97.8013397665103     
   11730.00       97.6354919247465     
   11745.00       97.5855374701189     
   11760.00       97.6527675663023     
   11775.00       97.8166161972798     
   11790.00       98.0258568933978     
   11805.00       98.2283162783882     
   11820.00       98.3698479150646     
   11835.00       98.4194681961425     
   11850.00       98.3759692101803     
   11865.00       98.2810987480796     
   11880.00       98.1820934186407     
   11880.00       99.0320461402907     
   11895.00       98.9834234032645     
   11910.00       98.9886508968798     
   11925.00       99.0612787015740     
   11940.00       99.1945260119412     
   11955.00       99.3616448190518     
   11970.00       99.5188705044383     
   11985.00       99.6158221420763     
   12000.00       99.6207162329901     
   12015.00       99.5248090433971     
   12030.00       99.3514230043552     
   12045.00       99.1372800149956     
   12060.00       98.9213700631308     
   12075.00       98.7421508931460     
   12090.00       98.6279839928894     
   12105.00       98.5992065295879     
   12120.00       98.6566432835435     
   12135.00       98.7843295545034     
   12150.00       98.9437286662023     
   12165.00       99.0947893483508     
   12180.00       99.1973155481200     
   12195.00       99.2289442681978     
   12210.00       99.1903060143499     
   12225.00       99.1128000337145     
   12240.00       99.0320461402907     
   12240.00       99.8293724303274     
   12255.00       99.7843294913577     
   12270.00       99.7730969018990     
   12285.00       99.8049175794538     
   12300.00       99.8781610092133     
   12315.00       99.9778452026294     
   12330.00       100.076332130011     
   12345.00       100.140834897363     
   12360.00       100.149137192453     
   12375.00       100.094870404946     
   12390.00       99.9916526052838     
   12405.00       99.8630877060598     
   12420.00       99.7343317110304     
   12435.00       99.6297407512071     
   12450.00       99.5678078747105     
   12465.00       99.5612946225024     
   12480.00       99.6105375148112     
   12495.00       99.7037708365436     
   12510.00       99.8145379709411     
   12525.00       99.9144821999102     
   12540.00       99.9777498067249     
   12555.00       99.9908156853969     
   12570.00       99.9560055964649     
   12585.00       99.8941108953622     
   12600.00       99.8293724303274     
   12600.00       100.574581337600     
   12615.00       100.530638846269     
   12630.00       100.500537414868     
   12645.00       100.489540420313     
   12660.00       100.501713493749     
   12675.00       100.534056819672     
   12690.00       100.574811859974     
   12705.00       100.608284640361     
   12720.00       100.621286054890     
   12735.00       100.609546731691     
   12750.00       100.576820598158     
   12765.00       100.533792497351     
   12780.00       100.492063508849     
   12795.00       100.462132626799     
   12810.00       100.452918919663     
   12825.00       100.469781672902     
   12840.00       100.512561889199     
   12855.00       100.573330047025     
   12870.00       100.637161134020     
   12885.00       100.686911810043     
   12900.00       100.711213106776     
   12915.00       100.705446270241     
   12930.00       100.673542026590     
   12945.00       100.625542511576     
   12960.00       100.574581337600     
