  0.0000000E+00   83.6599088278853        6.000000    
   15.00000       83.1164495115282        6.000000    
   30.00000       82.7246634723816        6.000000    
   45.00000       82.5291733708034        6.000000    
   60.00000       82.5289281638988        6.000000    
   75.00000       82.6633563642667        6.000000    
   90.00000       82.8631190101269        6.000000    
   105.0000       83.0376052503585        6.000000    
   120.0000       83.1000109548430        6.000000    
   135.0000       83.0213116731229        6.000000    
   150.0000       82.8381976195096        6.000000    
   165.0000       82.5969134792938        6.000000    
   180.0000       82.3889924491531        6.000000    
   195.0000       82.2879938299120        6.000000    
   210.0000       82.3317269407004        6.000000    
   225.0000       82.6076074293168        6.000000    
   240.0000       83.0604253229080        6.000000    
   255.0000       83.6717468328854        6.000000    
   270.0000       84.3566189355248        6.000000    
   285.0000       84.9297820473236        6.000000    
   300.0000       85.2235845664399        6.000000    
   315.0000       85.1788200022235        6.000000    
   330.0000       84.8387882482955        6.000000    
   345.0000       84.2799624293464        6.000000    
  0.0000000E+00   83.6599088278853        6.000000    
 
  0.0000000E+00   93.0216052044785        6.121428    
   15.00000       92.1972561251311        6.121428    
   30.00000       91.5784062228304        6.121428    
   45.00000       91.2269172685072        6.121428    
   60.00000       91.1557070381691        6.121428    
   75.00000       91.2929410314181        6.121428    
   90.00000       91.5511011214805        6.121428    
   105.0000       91.7995872355356        6.121428    
   120.0000       91.9142634351628        6.121428    
   135.0000       91.8421609730077        6.121428    
   150.0000       91.6146269277060        6.121428    
   165.0000       91.2893504191553        6.121428    
   180.0000       90.9903884003909        6.121428    
   195.0000       90.8296283929770        6.121428    
   210.0000       90.8600729635058        6.121428    
   225.0000       91.2296196879108        6.121428    
   240.0000       91.8740046656057        6.121428    
   255.0000       92.7394895662373        6.121428    
   270.0000       93.7246562659079        6.121428    
   285.0000       94.5737841982837        6.121428    
   300.0000       95.0460994370926        6.121428    
   315.0000       95.0627336111881        6.121428    
   330.0000       94.6540745641209        6.121428    
   345.0000       93.9059041133146        6.121428    
  0.0000000E+00   93.0216052044785        6.121428    
 
  0.0000000E+00   99.7870548626228        6.242857    
   15.00000       98.8455371258391        6.242857    
   30.00000       98.0984232336381        6.242857    
   45.00000       97.6408380927019        6.242857    
   60.00000       97.4877718343979        6.242857    
   75.00000       97.5798070783721        6.242857    
   90.00000       97.8318271871661        6.242857    
   105.0000       98.1029077529346        6.242857    
   120.0000       98.2519698134642        6.242857    
   135.0000       98.2072458128269        6.242857    
   150.0000       97.9913960925386        6.242857    
   165.0000       97.6555850535040        6.242857    
   180.0000       97.3258680523139        6.242857    
   195.0000       97.1357844559161        6.242857    
   210.0000       97.1521623685036        6.242857    
   225.0000       97.5370771197228        6.242857    
   240.0000       98.2309225288588        6.242857    
   255.0000       99.1741299207677        6.242857    
   270.0000       100.241056113352        6.242857    
   285.0000       101.167714401858        6.242857    
   300.0000       101.734095809720        6.242857    
   315.0000       101.857450954240        6.242857    
   330.0000       101.510869112252        6.242857    
   345.0000       100.744548647842        6.242857    
  0.0000000E+00   99.7870548626228        6.242857    
 
  0.0000000E+00   104.834637647350        6.364286    
   15.00000       103.880759860963        6.364286    
   30.00000       103.082155107392        6.364286    
   45.00000       102.550341629831        6.364286    
   60.00000       102.323007642964        6.364286    
   75.00000       102.355967416507        6.364286    
   90.00000       102.571638213310        6.364286    
   105.0000       102.836658878023        6.364286    
   120.0000       103.006736212954        6.364286    
   135.0000       102.995702418788        6.364286    
   150.0000       102.816197598703        6.364286    
   165.0000       102.506573291841        6.364286    
   180.0000       102.188829552514        6.364286    
   195.0000       101.990053505990        6.364286    
   210.0000       101.986009891165        6.364286    
   225.0000       102.339870543695        6.364286    
   240.0000       103.004220641005        6.364286    
   255.0000       103.899620619525        6.364286    
   270.0000       104.890714197914        6.364286    
   285.0000       105.778864069214        6.364286    
   300.0000       106.389953747815        6.364286    
   315.0000       106.633051545776        6.364286    
   330.0000       106.433141401406        6.364286    
   345.0000       105.758182200916        6.364286    
  0.0000000E+00   104.834637647350        6.364286    
 
  0.0000000E+00   108.663081882435        6.485714    
   15.00000       107.764818199680        6.485714    
   30.00000       106.968352073584        6.485714    
   45.00000       106.395715711074        6.485714    
   60.00000       106.105949809015        6.485714    
   75.00000       106.071946272943        6.485714    
   90.00000       106.236870126991        6.485714    
   105.0000       106.481663264833        6.485714    
   120.0000       106.666216883479        6.485714    
   135.0000       106.697802981307        6.485714    
   150.0000       106.571489879232        6.485714    
   165.0000       106.308565499805        6.485714    
   180.0000       106.018991330343        6.485714    
   195.0000       105.820404705205        6.485714    
   210.0000       105.786809272317        6.485714    
   225.0000       106.080030437132        6.485714    
   240.0000       106.644721195898        6.485714    
   255.0000       107.387861831166        6.485714    
   270.0000       108.247361939190        6.485714    
   285.0000       109.070590291618        6.485714    
   300.0000       109.694189955855        6.485714    
   315.0000       110.019011552981        6.485714    
   330.0000       109.981630781655        6.485714    
   345.0000       109.478966911501        6.485714    
  0.0000000E+00   108.663081882435        6.485714    
 
  0.0000000E+00   111.568860731128        6.607143    
   15.00000       110.769531627725        6.607143    
   30.00000       110.014310669395        6.607143    
   45.00000       109.428098704031        6.607143    
   60.00000       109.090026833628        6.607143    
   75.00000       108.995949036222        6.607143    
   90.00000       109.108922766168        6.607143    
   105.0000       109.329953348091        6.607143    
   120.0000       109.528529436735        6.607143    
   135.0000       109.606315912174        6.607143    
   150.0000       109.539996280439        6.607143    
   165.0000       109.334119679281        6.607143    
   180.0000       109.078604941767        6.607143    
   195.0000       108.879960632409        6.607143    
   210.0000       108.810814290191        6.607143    
   225.0000       109.006991216112        6.607143    
   240.0000       109.405831359915        6.607143    
   255.0000       109.975368413424        6.607143    
   270.0000       110.695716129268        6.607143    
   285.0000       111.439140261332        6.607143    
   300.0000       112.054805773254        6.607143    
   315.0000       112.434703304376        6.607143    
   330.0000       112.518796311569        6.607143    
   345.0000       112.222094324125        6.607143    
  0.0000000E+00   111.568860731128        6.607143    
 
  0.0000000E+00   113.730063407193        6.728571    
   15.00000       113.061570303530        6.728571    
   30.00000       112.371490870045        6.728571    
   45.00000       111.796286508909        6.728571    
   60.00000       111.428198844958        6.728571    
   75.00000       111.287950269051        6.728571    
   90.00000       111.358552628157        6.728571    
   105.0000       111.561500701020        6.728571    
   120.0000       111.778615614997        6.728571    
   135.0000       111.905497164046        6.728571    
   150.0000       111.901262575279        6.728571    
   165.0000       111.754195289299        6.728571    
   180.0000       111.530490603248        6.728571    
   195.0000       111.329856235099        6.728571    
   210.0000       111.209114848899        6.728571    
   225.0000       111.270134488513        6.728571    
   240.0000       111.494866769123        6.728571    
   255.0000       111.902745268534        6.728571    
   270.0000       112.486294521268        6.728571    
   285.0000       113.144418510641        6.728571    
   300.0000       113.739490132150        6.728571    
   315.0000       114.155330382983        6.728571    
   330.0000       114.327386692325        6.728571    
   345.0000       114.186623151086        6.728571    
  0.0000000E+00   113.730063407193        6.728571    
 
  0.0000000E+00   115.261184537616        6.850000    
   15.00000       114.738956471130        6.850000    
   30.00000       114.133298672919        6.850000    
   45.00000       113.587791818779        6.850000    
   60.00000       113.213811005356        6.850000    
   75.00000       113.050408488157        6.850000    
   90.00000       113.100013708003        6.850000    
   105.0000       113.300584051288        6.850000    
   120.0000       113.545631783048        6.850000    
   135.0000       113.723310180385        6.850000    
   150.0000       113.777299943301        6.850000    
   165.0000       113.680987468089        6.850000    
   180.0000       113.482061741961        6.850000    
   195.0000       113.264333776693        6.850000    
   210.0000       113.069021651139        6.850000    
   225.0000       112.986465061448        6.850000    
   240.0000       113.061974628317        6.850000    
   255.0000       113.328773191472        6.850000    
   270.0000       113.790412712772        6.850000    
   285.0000       114.369020700059        6.850000    
   300.0000       114.938668174325        6.850000    
   315.0000       115.375627089417        6.850000    
   330.0000       115.606111192822        6.850000    
   345.0000       115.569338517809        6.850000    
  0.0000000E+00   115.261184537616        6.850000    
 
  0.0000000E+00   116.288969933105        6.971429    
   15.00000       115.869953985875        6.971429    
   30.00000       115.357836901584        6.971429    
   45.00000       114.862553110419        6.971429    
   60.00000       114.509042604555        6.971429    
   75.00000       114.354745601845        6.971429    
   90.00000       114.417172453268        6.971429    
   105.0000       114.641599497743        6.971429    
   120.0000       114.928690674397        6.971429    
   135.0000       115.156703527532        6.971429    
   150.0000       115.258573631227        6.971429    
   165.0000       115.195184249631        6.971429    
   180.0000       114.997494913140        6.971429    
   195.0000       114.735003728106        6.971429    
   210.0000       114.442940271887        6.971429    
   225.0000       114.242708143218        6.971429    
   240.0000       114.199340217021        6.971429    
   255.0000       114.356562018031        6.971429    
   270.0000       114.725791396127        6.971429    
   285.0000       115.244424800868        6.971429    
   300.0000       115.792907731078        6.971429    
   315.0000       116.239386437422        6.971429    
   330.0000       116.499176843866        6.971429    
   345.0000       116.515692994828        6.971429    
  0.0000000E+00   116.288969933105        6.971429    
 
  0.0000000E+00   116.923958721270        7.092857    
   15.00000       116.545123142469        7.092857    
   30.00000       116.094411797645        7.092857    
   45.00000       115.668066099153        7.092857    
   60.00000       115.368433983358        7.092857    
   75.00000       115.264852591293        7.092857    
   90.00000       115.380684412554        7.092857    
   105.0000       115.662951255595        7.092857    
   120.0000       116.008211570513        7.092857    
   135.0000       116.284808359086        7.092857    
   150.0000       116.412700706203        7.092857    
   165.0000       116.347692581368        7.092857    
   180.0000       116.111942012127        7.092857    
   195.0000       115.765869908248        7.092857    
   210.0000       115.384310070328        7.092857    
   225.0000       115.089824966779        7.092857    
   240.0000       114.961753374741        7.092857    
   255.0000       115.051347594629        7.092857    
   270.0000       115.371379504547        7.092857    
   285.0000       115.862817010056        7.092857    
   300.0000       116.403073890792        7.092857    
   315.0000       116.850001837510        7.092857    
   330.0000       117.109564945622        7.092857    
   345.0000       117.130795662096        7.092857    
  0.0000000E+00   116.923958721270        7.092857    
 
  0.0000000E+00   117.241607563429        7.214286    
   15.00000       116.852717667699        7.214286    
   30.00000       116.424690312134        7.214286    
   45.00000       116.058211459463        7.214286    
   60.00000       115.850012002492        7.214286    
   75.00000       115.843952543896        7.214286    
   90.00000       116.061178919142        7.214286    
   105.0000       116.436194200497        7.214286    
   120.0000       116.851508587536        7.214286    
   135.0000       117.162299744774        7.214286    
   150.0000       117.281297134174        7.214286    
   165.0000       117.165583944879        7.214286    
   180.0000       116.839220915804        7.214286    
   195.0000       116.396120474788        7.214286    
   210.0000       115.929402722659        7.214286    
   225.0000       115.565394811456        7.214286    
   240.0000       115.392405549850        7.214286    
   255.0000       115.464421195526        7.214286    
   270.0000       115.787073967932        7.214286    
   285.0000       116.290985263188        7.214286    
   300.0000       116.838850647002        7.214286    
   315.0000       117.275799539480        7.214286    
   330.0000       117.503306245982        7.214286    
   345.0000       117.482236649233        7.214286    
  0.0000000E+00   117.241607563429        7.214286    
 
  0.0000000E+00   117.291658128256        7.335714    
   15.00000       116.859514716126        7.335714    
   30.00000       116.434050318665        7.335714    
   45.00000       116.121518531237        7.335714    
   60.00000       116.021506313336        7.335714    
   75.00000       116.160474812257        7.335714    
   90.00000       116.522795088213        7.335714    
   105.0000       117.016606088700        7.335714    
   120.0000       117.501680631974        7.335714    
   135.0000       117.819041083922        7.335714    
   150.0000       117.881683816693        7.335714    
   165.0000       117.656727919240        7.335714    
   180.0000       117.210987566654        7.335714    
   195.0000       116.660294214647        7.335714    
   210.0000       116.116574674601        7.335714    
   225.0000       115.711810937208        7.335714    
   240.0000       115.537990048765        7.335714    
   255.0000       115.645339673488        7.335714    
   270.0000       116.022301846154        7.335714    
   285.0000       116.575062009460        7.335714    
   300.0000       117.140903702416        7.335714    
   315.0000       117.551985980101        7.335714    
   330.0000       117.713472846772        7.335714    
   345.0000       117.607736899463        7.335714    
  0.0000000E+00   117.291658128256        7.335714    
 
  0.0000000E+00   117.111564528967        7.457143    
   15.00000       116.621639417971        7.457143    
   30.00000       116.196377070481        7.457143    
   45.00000       115.946641340384        7.457143    
   60.00000       115.970047416545        7.457143    
   75.00000       116.276705353763        7.457143    
   90.00000       116.815622126174        7.457143    
   105.0000       117.437957039044        7.457143    
   120.0000       117.976616901564        7.457143    
   135.0000       118.261000867365        7.457143    
   150.0000       118.213844479300        7.457143    
   165.0000       117.846106348715        7.457143    
   180.0000       117.261749890510        7.457143    
   195.0000       116.601635771088        7.457143    
   210.0000       115.996750753756        7.457143    
   225.0000       115.583921240615        7.457143    
   240.0000       115.453382095907        7.457143    
   255.0000       115.644179575698        7.457143    
   270.0000       116.117298121712        7.457143    
   285.0000       116.742704090107        7.457143    
   300.0000       117.325708887001        7.457143    
   315.0000       117.689039130036        7.457143    
   330.0000       117.751952174899        7.457143    
   345.0000       117.528786123466        7.457143    
  0.0000000E+00   117.111564528967        7.457143    
 
  0.0000000E+00   116.738115402321        7.578571    
   15.00000       116.191726412469        7.578571    
   30.00000       115.776234628933        7.578571    
   45.00000       115.604718491481        7.578571    
   60.00000       115.767263238168        7.578571    
   75.00000       116.251267896933        7.578571    
   90.00000       116.965347155190        7.578571    
   105.0000       117.708414175817        7.578571    
   120.0000       118.272545232266        7.578571    
   135.0000       118.484682641850        7.578571    
   150.0000       118.296879349787        7.578571    
   165.0000       117.765591655546        7.578571    
   180.0000       117.036574013918        7.578571    
   195.0000       116.276171044675        7.578571    
   210.0000       115.632266024456        7.578571    
   225.0000       115.243743848916        7.578571    
   240.0000       115.194009134121        7.578571    
   255.0000       115.503930465904        7.578571    
   270.0000       116.098560072305        7.578571    
   285.0000       116.804290580338        7.578571    
   300.0000       117.393330718176        7.578571    
   315.0000       117.685629528586        7.578571    
   330.0000       117.624782282259        7.578571    
   345.0000       117.265334682171        7.578571    
  0.0000000E+00   116.738115402321        7.578571    
 
  0.0000000E+00   116.210564023672        7.700000    
   15.00000       115.618415475616        7.700000    
   30.00000       115.226032941724        7.700000    
   45.00000       115.145865638430        7.700000    
   60.00000       115.455797466607        7.700000    
   75.00000       116.115983146088        7.700000    
   90.00000       116.991510108932        7.700000    
   105.0000       117.830378818871        7.700000    
   120.0000       118.390479196145        7.700000    
   135.0000       118.503207029449        7.700000    
   150.0000       118.156728001969        7.700000    
   165.0000       117.456589379160        7.700000    
   180.0000       116.589914866205        7.700000    
   195.0000       115.746122968330        7.700000    
   210.0000       115.086409365152        7.700000    
   225.0000       114.748336483714        7.700000    
   240.0000       114.804585969433        7.700000    
   255.0000       115.252706277853        7.700000    
   270.0000       115.976844194094        7.700000    
   285.0000       116.757612284641        7.700000    
   300.0000       117.337369943960        7.700000    
   315.0000       117.540642933527        7.700000    
   330.0000       117.342910110825        7.700000    
   345.0000       116.843095452358        7.700000    
  0.0000000E+00   116.210564023672        7.700000    
 
  0.0000000E+00   115.568187953901        7.821429    
   15.00000       114.943548474018        7.821429    
   30.00000       114.584844610393        7.821429    
   45.00000       114.601518535360        7.821429    
   60.00000       115.056425187033        7.821429    
   75.00000       115.880849494620        7.821429    
   90.00000       116.896529126345        7.821429    
   105.0000       117.804892535457        7.821429    
   120.0000       118.337438594796        7.821429    
   135.0000       118.335997675358        7.821429    
   150.0000       117.827983594077        7.821429    
   165.0000       116.967251224863        7.821429    
   180.0000       115.978554187917        7.821429    
   195.0000       115.070664257017        7.821429    
   210.0000       114.414268028620        7.821429    
   225.0000       114.142803966797        7.821429    
   240.0000       114.316062193007        7.821429    
   255.0000       114.905773528767        7.821429    
   270.0000       115.754172932341        7.821429    
   285.0000       116.598153458961        7.821429    
   300.0000       117.155566013067        7.821429    
   315.0000       117.261239796710        7.821429    
   330.0000       116.926128280500        7.821429    
   345.0000       116.293534810975        7.821429    
  0.0000000E+00   115.568187953901        7.821429    
 
  0.0000000E+00   114.844961147550        7.942857    
   15.00000       114.199356528954        7.942857    
   30.00000       113.879413379522        7.942857    
   45.00000       113.990076355226        7.942857    
   60.00000       114.578341051596        7.942857    
   75.00000       115.547721810267        7.942857    
   90.00000       116.679649161116        7.942857    
   105.0000       117.635097972320        7.942857    
   120.0000       118.126145672896        7.942857    
   135.0000       118.008510953128        7.942857    
   150.0000       117.348364128142        7.942857    
   165.0000       116.343975744111        7.942857    
   180.0000       115.252478641199        7.942857    
   195.0000       114.298133404745        7.942857    
   210.0000       113.657809167991        7.942857    
   225.0000       113.459098547208        7.942857    
   240.0000       113.748413730269        7.942857    
   255.0000       114.471698836980        7.942857    
   270.0000       115.431549335942        7.942857    
   285.0000       116.325794207696        7.942857    
   300.0000       116.853238032827        7.942857    
   315.0000       116.862130298906        7.942857    
   330.0000       116.398833902391        7.942857    
   345.0000       115.647966053726        7.942857    
  0.0000000E+00   114.844961147550        7.942857    
 
  0.0000000E+00   114.066918170015        8.064285    
   15.00000       113.408835888143        8.064285    
   30.00000       113.127774852223        8.064285    
   45.00000       113.323525279413        8.064285    
   60.00000       114.027925453940        8.064285    
   75.00000       115.119664337609        8.064285    
   90.00000       116.344690696381        8.064285    
   105.0000       117.330220893051        8.064285    
   120.0000       117.774358006364        8.064285    
   135.0000       117.547748523022        8.064285    
   150.0000       116.752284822790        8.064285    
   165.0000       115.625138659041        8.064285    
   180.0000       114.450286153904        8.064285    
   195.0000       113.463985539301        8.064285    
   210.0000       112.846696125518        8.064285    
   225.0000       112.719427570705        8.064285    
   240.0000       113.115936241475        8.064285    
   255.0000       113.958247842964        8.064285    
   270.0000       115.013650000913        8.064285    
   285.0000       115.946665861727        8.064285    
   300.0000       116.441708553377        8.064285    
   315.0000       116.361270027793        8.064285    
   330.0000       115.784559288866        8.064285    
   345.0000       114.932752242898        8.064285    
  0.0000000E+00   114.066918170015        8.064285    
 
  0.0000000E+00   113.252965756829        8.185715    
   15.00000       112.588384089666        8.185715    
   30.00000       112.343266872299        8.185715    
   45.00000       112.612144928572        8.185715    
   60.00000       113.413277778384        8.185715    
   75.00000       114.604371079565        8.185715    
   90.00000       115.901480025713        8.185715    
   105.0000       116.904616256472        8.185715    
   120.0000       117.301996543329        8.185715    
   135.0000       116.978671832396        8.185715    
   150.0000       116.067916656603        8.185715    
   165.0000       114.839767470297        8.185715    
   180.0000       113.599780635120        8.185715    
   195.0000       112.593165122237        8.185715    
   210.0000       112.001968901972        8.185715    
   225.0000       111.940520465647        8.185715    
   240.0000       112.431287796418        8.185715    
   255.0000       113.375267278367        8.185715    
   270.0000       114.509722515273        8.185715    
   285.0000       115.471820720101        8.185715    
   300.0000       115.935339107104        8.185715    
   315.0000       115.776405579321        8.185715    
   330.0000       115.103235725483        8.185715    
   345.0000       114.168162218244        8.185715    
  0.0000000E+00   113.252965756829        8.185715    
 
  0.0000000E+00   112.417384005306        8.307143    
   15.00000       111.750794519111        8.307143    
   30.00000       111.537418747668        8.307143    
   45.00000       111.866691513911        8.307143    
   60.00000       112.745215731642        8.307143    
   75.00000       114.013764872651        8.307143    
   90.00000       115.364197339068        8.307143    
   105.0000       116.375444797304        8.307143    
   120.0000       116.729020192342        8.307143    
   135.0000       116.323128553823        8.307143    
   150.0000       115.317675784145        8.307143    
   165.0000       114.009600983793        8.307143    
   180.0000       112.721202497420        8.307143    
   195.0000       111.703924812518        8.307143    
   210.0000       111.139796246159        8.307143    
   225.0000       111.136671888166        8.307143    
   240.0000       111.707313994730        8.307143    
   255.0000       112.734970667168        8.307143    
   270.0000       113.932397476163        8.307143    
   285.0000       114.915133142250        8.307143    
   300.0000       115.349435408539        8.307143    
   315.0000       115.123829903573        8.307143    
   330.0000       114.371283879389        8.307143    
   345.0000       113.369833384547        8.307143    
  0.0000000E+00   112.417384005306        8.307143    
 
  0.0000000E+00   111.571973098579        8.428572    
   15.00000       110.907192900511        8.428572    
   30.00000       110.721226063148        8.428572    
   45.00000       111.098655624769        8.428572    
   60.00000       112.036370448002        8.428572    
   75.00000       113.362103761957        8.428572    
   90.00000       114.749004862402        8.428572    
   105.0000       115.760577040251        8.428572    
   120.0000       116.074307488972        8.428572    
   135.0000       115.600113595843        8.428572    
   150.0000       114.519845530994        8.428572    
   165.0000       113.151702680540        8.428572    
   180.0000       111.830284580184        8.428572    
   195.0000       110.810772150008        8.428572    
   210.0000       110.273801792990        8.428572    
   225.0000       110.321056545622        8.428572    
   240.0000       110.957144811465        8.428572    
   255.0000       112.050878489783        8.428572    
   270.0000       113.295880214552        8.428572    
   285.0000       114.291446869116        8.428572    
   300.0000       114.699070339954        8.428572    
   315.0000       114.418304089694        8.428572    
   330.0000       113.602649243787        8.428572    
   345.0000       112.550609486663        8.428572    
  0.0000000E+00   111.571973098579        8.428572    
 
  0.0000000E+00   110.727708488680        8.550000    
   15.00000       110.068339927349        8.550000    
   30.00000       109.905847301802        8.550000    
   45.00000       110.320193516906        8.550000    
   60.00000       111.300364764200        8.550000    
   75.00000       112.664651418901        8.550000    
   90.00000       114.072657483480        8.550000    
   105.0000       115.077694739375        8.550000    
   120.0000       115.355646424011        8.550000    
   135.0000       114.826764336326        8.550000    
   150.0000       113.690407492666        8.550000    
   165.0000       112.280769151614        8.550000    
   180.0000       110.940630783780        8.550000    
   195.0000       109.926559540099        8.550000    
   210.0000       109.416569767642        8.550000    
   225.0000       109.506463525525        8.550000    
   240.0000       110.194117589843        8.550000    
   255.0000       111.337088454694        8.550000    
   270.0000       112.614945017124        8.550000    
   285.0000       113.615802343260        8.550000    
   300.0000       113.998957427264        8.550000    
   315.0000       113.673722045943        8.550000    
   330.0000       112.810132294351        8.550000    
   345.0000       111.722216254266        8.550000    
  0.0000000E+00   110.727708488680        8.550000    
 
  0.0000000E+00   109.895657569231        8.671429    
   15.00000       109.245291628480        8.671429    
   30.00000       109.102898858403        8.671429    
   45.00000       109.544004753311        8.671429    
   60.00000       110.551324734839        8.671429    
   75.00000       111.936987421388        8.671429    
   90.00000       113.351889480602        8.671429    
   105.0000       114.344041648863        8.671429    
   120.0000       114.590025744134        8.671429    
   135.0000       114.019198784661        8.671429    
   150.0000       112.844283487752        8.671429    
   165.0000       111.410548684448        8.671429    
   180.0000       110.065097496371        8.671429    
   195.0000       109.063643600047        8.671429    
   210.0000       108.580446760371        8.671429    
   225.0000       108.705667544729        8.671429    
   240.0000       109.431723093564        8.671429    
   255.0000       110.607916656418        8.671429    
   270.0000       111.904515588111        8.671429    
   285.0000       112.903218883164        8.671429    
   300.0000       113.263623199453        8.671429    
   315.0000       112.903703033699        8.671429    
   330.0000       112.006286119311        8.671429    
   345.0000       110.896271134402        8.671429    
  0.0000000E+00   109.895657569231        8.671429    
 
  0.0000000E+00   109.087442870932        8.792857    
   15.00000       108.449732346091        8.792857    
   30.00000       108.324620399237        8.792857    
   45.00000       108.783321223555        8.792857    
   60.00000       109.803731243449        8.792857    
   75.00000       111.194809038138        8.792857    
   90.00000       112.603289876835        8.792857    
   105.0000       113.576499326176        8.792857    
   120.0000       113.793967807013        8.792857    
   135.0000       113.193088529339        8.792857    
   150.0000       111.996066981543        8.792857    
   165.0000       110.554625478110        8.792857    
   180.0000       109.216536752924        8.792857    
   195.0000       108.234514678121        8.792857    
   210.0000       107.778004575492        8.792857    
   225.0000       107.931702504241        8.792857    
   240.0000       108.683697216708        8.792857    
   255.0000       109.877859406667        8.792857    
   270.0000       111.179627821420        8.792857    
   285.0000       112.168763017598        8.792857    
   300.0000       112.507647251957        8.792857    
   315.0000       112.121998356796        8.792857    
   330.0000       111.203931625222        8.792857    
   345.0000       110.084815409778        8.792857    
  0.0000000E+00   109.087442870932        8.792857    
 
  0.0000000E+00   108.315615609599        8.914286    
   15.00000       107.694294350667        8.914286    
   30.00000       107.584136215725        8.914286    
   45.00000       108.052115089211        8.914286    
   60.00000       109.072596446800        8.914286    
   75.00000       110.454110206525        8.914286    
   90.00000       111.843532238813        8.914286    
   105.0000       112.791906406393        8.914286    
   120.0000       112.983948561199        8.914286    
   135.0000       112.364162480171        8.914286    
   150.0000       111.160577267867        8.914286    
   165.0000       109.726985972177        8.914286    
   180.0000       108.408346461281        8.914286    
   195.0000       107.452304873190        8.914286    
   210.0000       107.022489032653        8.914286    
   225.0000       107.198247196977        8.914286    
   240.0000       107.964346588492        8.914286    
   255.0000       109.161875578502        8.914286    
   270.0000       110.455694377228        8.914286    
   285.0000       111.427846128059        8.914286    
   300.0000       111.746011037042        8.914286    
   315.0000       111.342888188793        8.914286    
   330.0000       110.416575079388        8.914286    
   345.0000       109.300722381043        8.914286    
  0.0000000E+00   108.315615609599        8.914286    
 
  0.0000000E+00   107.593901410632        9.035714    
   15.00000       106.992792685979        9.035714    
   30.00000       106.895679491657        9.035714    
   45.00000       107.365315798447        9.035714    
   60.00000       108.373679990166        9.035714    
   75.00000       109.731411324106        9.035714    
   90.00000       111.089628697886        9.035714    
   105.0000       112.007345814582        9.035714    
   120.0000       112.176715575929        9.035714    
   135.0000       111.548551243977        9.035714    
   150.0000       110.353220333696        9.035714    
   165.0000       108.942388803423        9.035714    
   180.0000       107.654840215084        9.035714    
   195.0000       106.731151084142        9.035714    
   210.0000       106.328170399266        9.035714    
   225.0000       106.519960604999        9.035714    
   240.0000       107.288863992454        9.035714    
   255.0000       108.475691616580        9.035714    
   270.0000       109.748771049889        9.035714    
   285.0000       110.696487547850        9.035714    
   300.0000       110.994361199143        9.035714    
   315.0000       110.581444915616        9.035714    
   330.0000       109.658670362646        9.035714    
   345.0000       108.557954591160        9.035714    
  0.0000000E+00   107.593901410632        9.035714    
 
  0.0000000E+00   106.937615591443        9.157143    
   15.00000       106.360643740301        9.157143    
   30.00000       106.275015211192        9.157143    
   45.00000       106.739238452642        9.157143    
   60.00000       107.723925438475        9.157143    
   75.00000       109.044201895783        9.157143    
   90.00000       110.359378962248        9.157143    
   105.0000       111.240601870477        9.157143    
   120.0000       111.389752980861        9.157143    
   135.0000       110.763259131107        9.157143    
   150.0000       109.590472674858        9.157143    
   165.0000       108.216860157929        9.157143    
   180.0000       106.971754487783        9.157143    
   195.0000       106.086710682395        9.157143    
   210.0000       105.710859933041        9.157143    
   225.0000       105.912992140581        9.157143    
   240.0000       106.673830796542        9.157143    
   255.0000       107.836299459839        9.157143    
   270.0000       109.076014236734        9.157143    
   285.0000       109.991754934837        9.157143    
   300.0000       110.269435219950        9.157143    
   315.0000       109.853949935460        9.157143    
   330.0000       108.946034791135        9.157143    
   345.0000       107.871976117333        9.157143    
  0.0000000E+00   106.937615591443        9.157143    
 
  0.0000000E+00   106.363775010677        9.278572    
   15.00000       105.814996489854        9.278572    
   30.00000       105.739575980478        9.278572    
   45.00000       106.191707088684        9.278572    
   60.00000       107.141556528451        9.278572    
   75.00000       108.410997465125        9.278572    
   90.00000       109.671395067284        9.278572    
   105.0000       110.510165636241        9.278572    
   120.0000       110.641293049969        9.278572    
   135.0000       110.026211861418        9.278572    
   150.0000       108.889979211459        9.278572    
   165.0000       107.567848327294        9.278572    
   180.0000       106.376454668134        9.278572    
   195.0000       105.536399446828        9.278572    
   210.0000       105.188165030102        9.278572    
   225.0000       105.395241604428        9.278572    
   240.0000       106.137450141323        9.278572    
   255.0000       107.262052124692        9.278572    
   270.0000       108.455740329657        9.278572    
   285.0000       109.331784233522        9.278572    
   300.0000       109.589065356412        9.278572    
   315.0000       109.177909025131        9.278572    
   330.0000       108.295893401522        9.278572    
   345.0000       107.259835572782        9.278572    
  0.0000000E+00   106.363775010677        9.278572    
 
  0.0000000E+00   105.892210320984        9.400000    
   15.00000       105.375853031507        9.400000    
   30.00000       105.309594594026        9.400000    
   45.00000       105.743203727519        9.400000    
   60.00000       106.647240904845        9.400000    
   75.00000       107.852514257391        9.400000    
   90.00000       109.046276961496        9.400000    
   105.0000       109.836408496882        9.400000    
   120.0000       109.951483749096        9.400000    
   135.0000       109.357419691653        9.400000    
   150.0000       108.271716091464        9.400000    
   165.0000       107.015389009192        9.400000    
   180.0000       105.889100874986        9.400000    
   195.0000       105.100552859908        9.400000    
   210.0000       104.780627295670        9.400000    
   225.0000       104.987434662761        9.400000    
   240.0000       105.700552300216        9.400000    
   255.0000       106.773773843420        9.400000    
   270.0000       107.908598882462        9.400000    
   285.0000       108.736934495196        9.400000    
   300.0000       108.973314056734        9.400000    
   315.0000       108.573172205441        9.400000    
   330.0000       107.727989978708        9.400000    
   345.0000       106.741274048812        9.400000    
  0.0000000E+00   105.892210320984        9.400000    
 
  0.0000000E+00   105.546364650623        9.521429    
   15.00000       105.066888495676        9.521429    
   30.00000       105.008929253531        9.521429    
   45.00000       105.417681951814        9.521429    
   60.00000       106.264880545907        9.521429    
   75.00000       107.392421540397        9.521429    
   90.00000       108.507323098709        9.521429    
   105.0000       109.242261573139        9.521429    
   120.0000       109.343062962937        9.521429    
   135.0000       108.779677538148        9.521429    
   150.0000       107.758740119325        9.521429    
   165.0000       106.582907166257        9.521429    
   180.0000       105.533493582096        9.521429    
   195.0000       104.803297905885        9.521429    
   210.0000       104.512611314349        9.521429    
   225.0000       104.714043202750        9.521429    
   240.0000       105.387542127138        9.521429    
   255.0000       106.395610346323        9.521429    
   270.0000       107.458318701495        9.521429    
   285.0000       108.230489131196        9.521429    
   300.0000       108.445155582621        9.521429    
   315.0000       108.062626634289        9.521429    
   330.0000       107.265315867082        9.521429    
   345.0000       106.339491886961        9.521429    
  0.0000000E+00   105.546364650623        9.521429    
 
  0.0000000E+00   105.354896981382        9.642858    
   15.00000       104.917073334347        9.642858    
   30.00000       104.866690986728        9.642858    
   45.00000       105.244176256545        9.642858    
   60.00000       106.023175294935        9.642858    
   75.00000       107.058843110977        9.642858    
   90.00000       108.081976623209        9.642858    
   105.0000       108.754630331907        9.642858    
   120.0000       108.842783617170        9.642858    
   135.0000       108.320042101718        9.642858    
   150.0000       107.378742006205        9.642858    
   165.0000       106.298852122825        9.642858    
   180.0000       105.338780710551        9.642858    
   195.0000       104.674310716550        9.642858    
   210.0000       104.414080409958        9.642858    
   225.0000       104.605037368798        9.642858    
   240.0000       105.228087534491        9.642858    
   255.0000       106.156652212984        9.642858    
   270.0000       107.133257158739        9.642858    
   285.0000       107.840149113419        9.642858    
   300.0000       108.031948865831        9.642858    
   315.0000       107.673685954810        9.642858    
   330.0000       106.935633305295        9.642858    
   345.0000       106.082715527843        9.642858    
  0.0000000E+00   105.354896981382        9.642858    
 
  0.0000000E+00   105.353517699656        9.764286    
   15.00000       104.962539929850        9.764286    
   30.00000       104.919103495998        9.764286    
   45.00000       105.258623208169        9.764286    
   60.00000       105.957377982838        9.764286    
   75.00000       106.886025403179        9.764286    
   90.00000       107.803402802479        9.764286    
   105.0000       108.405917757056        9.764286    
   120.0000       108.482946686397        9.764286    
   135.0000       108.011442654954        9.764286    
   150.0000       107.165775830807        9.764286    
   165.0000       106.198552885613        9.764286    
   180.0000       105.341411647690        9.764286    
   195.0000       104.750831021046        9.764286    
   210.0000       104.522625113833        9.764286    
   225.0000       104.697881875685        9.764286    
   240.0000       105.259038503339        9.764286    
   255.0000       106.092746623978        9.764286    
   270.0000       106.968100800128        9.764286    
   285.0000       107.599653219529        9.764286    
   300.0000       107.767031979573        9.764286    
   315.0000       107.439918071104        9.764286    
   330.0000       106.773174897876        9.764286    
   345.0000       106.005974161929        9.764286    
  0.0000000E+00   105.353517699656        9.764286    
 
  0.0000000E+00   105.588106166912        9.885715    
   15.00000       105.249724801871        9.885715    
   30.00000       105.212632734336        9.885715    
   45.00000       105.506936394528        9.885715    
   60.00000       106.112274549699        9.885715    
   75.00000       106.917193610081        9.885715    
   90.00000       107.713225739580        9.885715    
   105.0000       108.236690688327        9.885715    
   120.0000       108.304082480723        9.885715    
   135.0000       107.895462941279        9.885715    
   150.0000       107.163194544157        9.885715    
   165.0000       106.327310406511        9.885715    
   180.0000       105.588359150277        9.885715    
   195.0000       105.080969247241        9.885715    
   210.0000       104.886790686939        9.885715    
   225.0000       105.040820103770        9.885715    
   240.0000       105.527611302014        9.885715    
   255.0000       106.249545238866        9.885715    
   270.0000       107.006783271998        9.885715    
   285.0000       107.551614221375        9.885715    
   300.0000       107.692555580388        9.885715    
   315.0000       107.403943417393        9.885715    
   330.0000       106.821629633215        9.885715    
   345.0000       106.154159122093        9.885715    
  0.0000000E+00   105.588106166912        9.885715    
 
  0.0000000E+00   106.119155028083        10.00714    
   15.00000       105.839881593856        10.00714    
   30.00000       105.808491091583        10.00714    
   45.00000       106.049426255027        10.00714    
   60.00000       106.546450378498        10.00714    
   75.00000       107.208614876747        10.00714    
   90.00000       107.865402176025        10.00714    
   105.0000       108.299454446962        10.00714    
   120.0000       108.358785430259        10.00714    
   135.0000       108.026394852944        10.00714    
   150.0000       107.428009932759        10.00714    
   165.0000       106.745070367228        10.00714    
   180.0000       106.142031522326        10.00714    
   195.0000       105.728738663925        10.00714    
   210.0000       105.571133448338        10.00714    
   225.0000       105.697861915586        10.00714    
   240.0000       106.096213308367        10.00714    
   255.0000       106.687092671106        10.00714    
   270.0000       107.306790754392        10.00714    
   285.0000       107.751572831130        10.00714    
   300.0000       107.863397736727        10.00714    
   315.0000       107.621364773354        10.00714    
   330.0000       107.138231018951        10.00714    
   345.0000       106.586321893307        10.00714    
  0.0000000E+00   106.119155028083        10.00714    
 
  0.0000000E+00   107.029079586528        10.12857    
   15.00000       106.816420572543        10.12857    
   30.00000       106.789920011661        10.12857    
   45.00000       106.967935595707        10.12857    
   60.00000       107.339196312503        10.12857    
   75.00000       107.836217228025        10.12857    
   90.00000       108.332568293283        10.12857    
   105.0000       108.664853444636        10.12857    
   120.0000       108.717977236232        10.12857    
   135.0000       108.477773446900        10.12857    
   150.0000       108.037815721808        10.12857    
   165.0000       107.533731801347        10.12857    
   180.0000       107.087884964466        10.12857    
   195.0000       106.781867181248        10.12857    
   210.0000       106.664070478186        10.12857    
   225.0000       106.756521723345        10.12857    
   240.0000       107.049932965306        10.12857    
   255.0000       107.486990342998        10.12857    
   270.0000       107.946018877571        10.12857    
   285.0000       108.274672438507        10.12857    
   300.0000       108.353845706056        10.12857    
   315.0000       108.167612522743        10.12857    
   330.0000       107.800800475613        10.12857    
   345.0000       107.382873322617        10.12857    
  0.0000000E+00   107.029079586528        10.12857    
 
  0.0000000E+00   108.434044756825        10.25000    
   15.00000       108.296803345426        10.25000    
   30.00000       108.274006370306        10.25000    
   45.00000       108.377435230118        10.25000    
   60.00000       108.601758821326        10.25000    
   75.00000       108.906402297046        10.25000    
   90.00000       109.216446031640        10.25000    
   105.0000       109.431876140646        10.25000    
   120.0000       109.481264026210        10.25000    
   135.0000       109.353235196828        10.25000    
   150.0000       109.102335431526        10.25000    
   165.0000       108.809372601197        10.25000    
   180.0000       108.547166451379        10.25000    
   195.0000       108.364828624450        10.25000    
   210.0000       108.290955687614        10.25000    
   225.0000       108.340715841427        10.25000    
   240.0000       108.509046128843        10.25000    
   255.0000       108.764366365988        10.25000    
   270.0000       109.034171726467        10.25000    
   285.0000       109.226621904906        10.25000    
   300.0000       109.268403219957        10.25000    
   315.0000       109.148894433236        10.25000    
   330.0000       108.919022596218        10.25000    
   345.0000       108.657191890624        10.25000    
  0.0000000E+00   108.434044756825        10.25000    
 
