  0.0000000E+00   84.0876353121192        6.000000    
   15.00000       83.3406099214145        6.000000    
   30.00000       82.7164192392960        6.000000    
   45.00000       82.2698065168490        6.000000    
   60.00000       82.0474154811616        6.000000    
   75.00000       82.0591495865012        6.000000    
   90.00000       82.1952278432414        6.000000    
   105.0000       82.3633291199810        6.000000    
   120.0000       82.4747321005700        6.000000    
   135.0000       82.4711966051130        6.000000    
   150.0000       82.3453063013079        6.000000    
   165.0000       82.1425322663964        6.000000    
   180.0000       81.9228701607436        6.000000    
   195.0000       81.7936701603081        6.000000    
   210.0000       81.8249460578271        6.000000    
   225.0000       82.0406191631576        6.000000    
   240.0000       82.4967824708605        6.000000    
   255.0000       83.1517948126110        6.000000    
   270.0000       83.9710078453382        6.000000    
   285.0000       84.8039222282541        6.000000    
   300.0000       85.4683393392416        6.000000    
   315.0000       85.6261071852386        6.000000    
   330.0000       85.3461275660436        6.000000    
   345.0000       84.7903604549387        6.000000    
  0.0000000E+00   84.0876353121192        6.000000    
 
  0.0000000E+00   93.6764853259836        6.121428    
   15.00000       92.5817687820935        6.121428    
   30.00000       91.5986753282263        6.121428    
   45.00000       90.8661333536590        6.121428    
   60.00000       90.4533516518281        6.121428    
   75.00000       90.3839576462936        6.121428    
   90.00000       90.5429990456072        6.121428    
   105.0000       90.7843245516041        6.121428    
   120.0000       90.9726470722385        6.121428    
   135.0000       91.0098161793541        6.121428    
   150.0000       90.8687015916749        6.121428    
   165.0000       90.6053426353588        6.121428    
   180.0000       90.2999021146221        6.121428    
   195.0000       90.1002745501703        6.121428    
   210.0000       90.1189526936276        6.121428    
   225.0000       90.4022027740845        6.121428    
   240.0000       91.0512479538297        6.121428    
   255.0000       92.0273891077654        6.121428    
   270.0000       93.2367224914993        6.121428    
   285.0000       94.4480347347851        6.121428    
   300.0000       95.3122563044652        6.121428    
   315.0000       95.5518600401010        6.121428    
   330.0000       95.3304304712771        6.121428    
   345.0000       94.6556651931484        6.121428    
  0.0000000E+00   93.6764853259836        6.121428    
 
  0.0000000E+00   100.559904568940        6.242857    
   15.00000       99.3468503889572        6.242857    
   30.00000       98.1941062960733        6.242857    
   45.00000       97.2846779041951        6.242857    
   60.00000       96.7340568878009        6.242857    
   75.00000       96.5663924935297        6.242857    
   90.00000       96.6910368628860        6.242857    
   105.0000       96.9444843548706        6.242857    
   120.0000       97.1713106200999        6.242857    
   135.0000       97.2503342521050        6.242857    
   150.0000       97.1342010495218        6.242857    
   165.0000       96.8735317954782        6.242857    
   180.0000       96.5467027200051        6.242857    
   195.0000       96.3173274366189        6.242857    
   210.0000       96.3121000240187        6.242857    
   225.0000       96.6079423295438        6.242857    
   240.0000       97.3221932235287        6.242857    
   255.0000       98.4261896980530        6.242857    
   270.0000       99.7878471931511        6.242857    
   285.0000       101.090398677631        6.242857    
   300.0000       101.952333483536        6.242857    
   315.0000       102.259438132196        6.242857    
   330.0000       102.121485551857        6.242857    
   345.0000       101.563508937627        6.242857    
  0.0000000E+00   100.559904568940        6.242857    
 
  0.0000000E+00   105.640814554430        6.364286    
   15.00000       104.458868482208        6.364286    
   30.00000       103.272064504988        6.364286    
   45.00000       102.278272658423        6.364286    
   60.00000       101.631327216026        6.364286    
   75.00000       101.369015817358        6.364286    
   90.00000       101.431446446091        6.364286    
   105.0000       101.658699185470        6.364286    
   120.0000       101.893574102811        6.364286    
   135.0000       102.004610347965        6.364286    
   150.0000       101.927842303281        6.364286    
   165.0000       101.700249987662        6.364286    
   180.0000       101.388815521689        6.364286    
   195.0000       101.155290007346        6.364286    
   210.0000       101.133083612882        6.364286    
   225.0000       101.406683317360        6.364286    
   240.0000       102.103892667250        6.364286    
   255.0000       103.213206589616        6.364286    
   270.0000       104.548101378486        6.364286    
   285.0000       105.752719163026        6.364286    
   300.0000       106.597655713421        6.364286    
   315.0000       106.961379790405        6.364286    
   330.0000       106.906872764009        6.364286    
   345.0000       106.501015437809        6.364286    
  0.0000000E+00   105.640814554430        6.364286    
 
  0.0000000E+00   109.426690321822        6.485714    
   15.00000       108.386205211496        6.485714    
   30.00000       107.255636793237        6.485714    
   45.00000       106.250399187135        6.485714    
   60.00000       105.542863999488        6.485714    
   75.00000       105.196178418792        6.485714    
   90.00000       105.185251357844        6.485714    
   105.0000       105.364076505984        6.485714    
   120.0000       105.586740451025        6.485714    
   135.0000       105.719896581798        6.485714    
   150.0000       105.687727550378        6.485714    
   165.0000       105.514484506829        6.485714    
   180.0000       105.241636059947        6.485714    
   195.0000       105.018154206756        6.485714    
   210.0000       104.974088381966        6.485714    
   225.0000       105.197817660601        6.485714    
   240.0000       105.824313746978        6.485714    
   255.0000       106.833378238543        6.485714    
   270.0000       108.001326577889        6.485714    
   285.0000       109.088069763971        6.485714    
   300.0000       109.906699685407        6.485714    
   315.0000       110.321314863583        6.485714    
   330.0000       110.351067920232        6.485714    
   345.0000       110.072001686409        6.485714    
  0.0000000E+00   109.426690321822        6.485714    
 
  0.0000000E+00   112.220631425070        6.607143    
   15.00000       111.397907931128        6.607143    
   30.00000       110.387588648029        6.607143    
   45.00000       109.426513252992        6.607143    
   60.00000       108.696325804302        6.607143    
   75.00000       108.283306845859        6.607143    
   90.00000       108.193081581163        6.607143    
   105.0000       108.314943147087        6.607143    
   120.0000       108.515349187433        6.607143    
   135.0000       108.671277868171        6.607143    
   150.0000       108.685896066467        6.607143    
   165.0000       108.572009271441        6.607143    
   180.0000       108.347232836139        6.607143    
   195.0000       108.138095690680        6.607143    
   210.0000       108.064262942660        6.607143    
   225.0000       108.220867299860        6.607143    
   240.0000       108.726684483567        6.607143    
   255.0000       109.546723702228        6.607143    
   270.0000       110.522707909663        6.607143    
   285.0000       111.490954143149        6.607143    
   300.0000       112.278231199447        6.607143    
   315.0000       112.739365334517        6.607143    
   330.0000       112.853339872085        6.607143    
   345.0000       112.681984304535        6.607143    
  0.0000000E+00   112.220631425070        6.607143    
 
  0.0000000E+00   114.265021935277        6.728571    
   15.00000       113.655137716472        6.728571    
   30.00000       112.808424992259        6.728571    
   45.00000       111.929947482394        6.728571    
   60.00000       111.213905373529        6.728571    
   75.00000       110.760874661520        6.728571    
   90.00000       110.607165391607        6.728571    
   105.0000       110.678073775794        6.728571    
   120.0000       110.856871281899        6.728571    
   135.0000       111.032418289965        6.728571    
   150.0000       111.092287593053        6.728571    
   165.0000       111.034076872639        6.728571    
   180.0000       110.856530010874        6.728571    
   195.0000       110.657567493802        6.728571    
   210.0000       110.549336899707        6.728571    
   225.0000       110.619590536126        6.728571    
   240.0000       110.963622037188        6.728571    
   255.0000       111.573155390063        6.728571    
   270.0000       112.371756685130        6.728571    
   285.0000       113.226049692518        6.728571    
   300.0000       113.979023435150        6.728571    
   315.0000       114.480148692667        6.728571    
   330.0000       114.673005358129        6.728571    
   345.0000       114.592167367423        6.728571    
  0.0000000E+00   114.265021935277        6.728571    
 
  0.0000000E+00   115.738939748659        6.850000    
   15.00000       115.268297323565        6.850000    
   30.00000       114.598694269359        6.850000    
   45.00000       113.831213705717        6.850000    
   60.00000       113.160605922057        6.850000    
   75.00000       112.703363107128        6.850000    
   90.00000       112.517454620968        6.850000    
   105.0000       112.559386941000        6.850000    
   120.0000       112.728976559489        6.850000    
   135.0000       112.925150245199        6.850000    
   150.0000       113.024707026264        6.850000    
   165.0000       113.009846867782        6.850000    
   180.0000       112.867355317742        6.850000    
   195.0000       112.669784700905        6.850000    
   210.0000       112.514086655293        6.850000    
   225.0000       112.480360434387        6.850000    
   240.0000       112.654921325032        6.850000    
   255.0000       113.084817482734        6.850000    
   270.0000       113.730530403442        6.850000    
   285.0000       114.483716499639        6.850000    
   300.0000       115.202610171454        6.850000    
   315.0000       115.733574373789        6.850000    
   330.0000       115.991314281424        6.850000    
   345.0000       115.979186848212        6.850000    
  0.0000000E+00   115.738939748659        6.850000    
 
  0.0000000E+00   116.766838261198        6.971429    
   15.00000       116.365178960677        6.971429    
   30.00000       115.816353373681        6.971429    
   45.00000       115.173877045064        6.971429    
   60.00000       114.579683578415        6.971429    
   75.00000       114.157989576540        6.971429    
   90.00000       113.985068131294        6.971429    
   105.0000       114.034960414472        6.971429    
   120.0000       114.219047176179        6.971429    
   135.0000       114.440628748680        6.971429    
   150.0000       114.569668721984        6.971429    
   165.0000       114.580105775935        6.971429    
   180.0000       114.447695116575        6.971429    
   195.0000       114.227275609031        6.971429    
   210.0000       114.003593279695        6.971429    
   225.0000       113.859499084034        6.971429    
   240.0000       113.902611189169        6.971429    
   255.0000       114.196508241042        6.971429    
   270.0000       114.726904595882        6.971429    
   285.0000       115.403421834318        6.971429    
   300.0000       116.094405993519        6.971429    
   315.0000       116.642533536914        6.971429    
   330.0000       116.941331175548        6.971429    
   345.0000       116.967231626383        6.971429    
  0.0000000E+00   116.766838261198        6.971429    
 
  0.0000000E+00   117.433261045193        7.092857    
   15.00000       117.041308080799        7.092857    
   30.00000       116.544865051339        7.092857    
   45.00000       116.003818750714        7.092857    
   60.00000       115.513041527566        7.092857    
   75.00000       115.173037662054        7.092857    
   90.00000       115.063897986587        7.092857    
   105.0000       115.168373014841        7.092857    
   120.0000       115.397092427821        7.092857    
   135.0000       115.649024962681        7.092857    
   150.0000       115.794299323334        7.092857    
   165.0000       115.798257083074        7.092857    
   180.0000       115.636763841181        7.092857    
   195.0000       115.356548668403        7.092857    
   210.0000       115.050480344620        7.092857    
   225.0000       114.819902881967        7.092857    
   240.0000       114.772891905518        7.092857    
   255.0000       114.982202291853        7.092857    
   270.0000       115.447166482230        7.092857    
   285.0000       116.084740852167        7.092857    
   300.0000       116.760444278722        7.092857    
   315.0000       117.311492524364        7.092857    
   330.0000       117.618418109266        7.092857    
   345.0000       117.641949847769        7.092857    
  0.0000000E+00   117.433261045193        7.092857    
 
  0.0000000E+00   117.790002934766        7.214286    
   15.00000       117.361887901775        7.214286    
   30.00000       116.872337792528        7.214286    
   45.00000       116.393939166369        7.214286    
   60.00000       116.018949289402        7.214286    
   75.00000       115.807371390549        7.214286    
   90.00000       115.817578184647        7.214286    
   105.0000       116.023482591113        7.214286    
   120.0000       116.323690382056        7.214286    
   135.0000       116.604303005249        7.214286    
   150.0000       116.739565500514        7.214286    
   165.0000       116.693774881240        7.214286    
   180.0000       116.452595823723        7.214286    
   195.0000       116.085661691936        7.214286    
   210.0000       115.700803813069        7.214286    
   225.0000       115.407763400838        7.214286    
   240.0000       115.315268837262        7.214286    
   255.0000       115.497568422404        7.214286    
   270.0000       115.953710615533        7.214286    
   285.0000       116.593252676524        7.214286    
   300.0000       117.267537636223        7.214286    
   315.0000       117.804160621802        7.214286    
   330.0000       118.079294142606        7.214286    
   345.0000       118.053616446197        7.214286    
  0.0000000E+00   117.790002934766        7.214286    
 
  0.0000000E+00   117.871224050485        7.335714    
   15.00000       117.377633404356        7.335714    
   30.00000       116.873431440480        7.335714    
   45.00000       116.444109467921        7.335714    
   60.00000       116.182381739072        7.335714    
   75.00000       116.134468989360        7.335714    
   90.00000       116.313525350025        7.335714    
   105.0000       116.657286785022        7.335714    
   120.0000       117.041997117400        7.335714    
   135.0000       117.335789265079        7.335714    
   150.0000       117.422958324899        7.335714    
   165.0000       117.275638627024        7.335714    
   180.0000       116.921263371749        7.335714    
   195.0000       116.454922463584        7.335714    
   210.0000       115.998202343050        7.335714    
   225.0000       115.670210496972        7.335714    
   240.0000       115.578814463354        7.335714    
   255.0000       115.791728910178        7.335714    
   270.0000       116.293305601827        7.335714    
   285.0000       116.970718107212        7.335714    
   300.0000       117.650738625340        7.335714    
   315.0000       118.149794269362        7.335714    
   330.0000       118.349867675117        7.335714    
   345.0000       118.228695262290        7.335714    
  0.0000000E+00   117.871224050485        7.335714    
 
  0.0000000E+00   117.705959663514        7.457143    
   15.00000       117.136178076137        7.457143    
   30.00000       116.616933782181        7.457143    
   45.00000       116.243659596334        7.457143    
   60.00000       116.107745821607        7.457143    
   75.00000       116.238865574645        7.457143    
   90.00000       116.612051723017        7.457143    
   105.0000       117.111982774439        7.457143    
   120.0000       117.574978941592        7.457143    
   135.0000       117.851555485411        7.457143    
   150.0000       117.844825567342        7.457143    
   165.0000       117.565151887080        7.457143    
   180.0000       117.077747327159        7.457143    
   195.0000       116.508259349049        7.457143    
   210.0000       115.994129979649        7.457143    
   225.0000       115.662408798572        7.457143    
   240.0000       115.616808727842        7.457143    
   255.0000       115.910236049673        7.457143    
   270.0000       116.499244889483        7.457143    
   285.0000       117.236304789478        7.457143    
   300.0000       117.917329245914        7.457143    
   315.0000       118.350528329570        7.457143    
   330.0000       118.435302116823        7.457143    
   345.0000       118.181761302383        7.457143    
  0.0000000E+00   117.705959663514        7.457143    
 
  0.0000000E+00   117.329434406470        7.578571    
   15.00000       116.688987461325        7.578571    
   30.00000       116.168245370591        7.578571    
   45.00000       115.868319478807        7.578571    
   60.00000       115.875411587923        7.578571    
   75.00000       116.197273452229        7.578571    
   90.00000       116.766163480532        7.578571    
   105.0000       117.410460630073        7.578571    
   120.0000       117.927219268523        7.578571    
   135.0000       118.154766431426        7.578571    
   150.0000       118.024681690241        7.578571    
   165.0000       117.591525561636        7.578571    
   180.0000       116.963737068956        7.578571    
   195.0000       116.298509078189        7.578571    
   210.0000       115.747719061292        7.578571    
   225.0000       115.443146687020        7.578571    
   240.0000       115.480048212608        7.578571    
   255.0000       115.889063387671        7.578571    
   270.0000       116.589166267568        7.578571    
   285.0000       117.390728970427        7.578571    
   300.0000       118.057931163225        7.578571    
   315.0000       118.397498632138        7.578571    
   330.0000       118.337352400669        7.578571    
   345.0000       117.930667215931        7.578571    
  0.0000000E+00   117.329434406470        7.578571    
 
  0.0000000E+00   116.784419389563        7.700000    
   15.00000       116.088590282957        7.700000    
   30.00000       115.584517795062        7.700000    
   45.00000       115.374905013506        7.700000    
   60.00000       115.536716916209        7.700000    
   75.00000       116.050975420425        7.700000    
   90.00000       116.804132994077        7.700000    
   105.0000       117.569183337363        7.700000    
   120.0000       118.109091012701        7.700000    
   135.0000       118.258674346193        7.700000    
   150.0000       117.985610666808        7.700000    
   165.0000       117.391545702009        7.700000    
   180.0000       116.628804529699        7.700000    
   195.0000       115.883210018750        7.700000    
   210.0000       115.317668955145        7.700000    
   225.0000       115.064919355179        7.700000    
   240.0000       115.207802292635        7.700000    
   255.0000       115.749475665885        7.700000    
   270.0000       116.566222405284        7.700000    
   285.0000       117.424397236972        7.700000    
   300.0000       118.059925958604        7.700000    
   315.0000       118.285881918405        7.700000    
   330.0000       118.066731636866        7.700000    
   345.0000       117.503521943759        7.700000    
  0.0000000E+00   116.784419389563        7.700000    
 
  0.0000000E+00   116.115904032256        7.821429    
   15.00000       115.382488902766        7.821429    
   30.00000       114.910433240910        7.821429    
   45.00000       114.800941969916        7.821429    
   60.00000       115.118768086482        7.821429    
   75.00000       115.815678651346        7.821429    
   90.00000       116.732365671274        7.821429    
   105.0000       117.590947724366        7.821429    
   120.0000       118.127165744175        7.821429    
   135.0000       118.180283853758        7.821429    
   150.0000       117.758157864065        7.821429    
   165.0000       117.008677977771        7.821429    
   180.0000       116.125186948749        7.821429    
   195.0000       115.317198634945        7.821429    
   210.0000       114.754873300495        7.821429    
   225.0000       114.568691006921        7.821429    
   240.0000       114.826525652429        7.821429    
   255.0000       115.501886154268        7.821429    
   270.0000       116.427889808030        7.821429    
   285.0000       117.329255574132        7.821429    
   300.0000       117.919176352648        7.821429    
   315.0000       118.023348737137        7.821429    
   330.0000       117.646389212124        7.821429    
   345.0000       116.936794202048        7.821429    
  0.0000000E+00   116.115904032256        7.821429    
 
  0.0000000E+00   115.363221297836        7.942857    
   15.00000       114.607764809988        7.942857    
   30.00000       114.176935078946        7.942857    
   45.00000       114.168527455506        7.942857    
   60.00000       114.633641127882        7.942857    
   75.00000       115.494883774627        7.942857    
   90.00000       116.550164296499        7.942857    
   105.0000       117.477304672934        7.942857    
   120.0000       117.991441476999        7.942857    
   135.0000       117.941701504646        7.942857    
   150.0000       117.376287817708        7.942857    
   165.0000       116.485723380870        7.942857    
   180.0000       115.499559523551        7.942857    
   195.0000       114.645677406987        7.942857    
   210.0000       114.098314370710        7.942857    
   225.0000       113.983536362533        7.942857    
   240.0000       114.353423499662        7.942857    
   255.0000       115.152499962698        7.942857    
   270.0000       116.173727685295        7.942857    
   285.0000       117.105022323897        7.942857    
   300.0000       117.642408043918        7.942857    
   315.0000       117.627719338443        7.942857    
   330.0000       117.105271914959        7.942857    
   345.0000       116.267114178919        7.942857    
  0.0000000E+00   115.363221297836        7.942857    
 
  0.0000000E+00   114.556240446872        8.064285    
   15.00000       113.790463892040        8.064285    
   30.00000       113.404172299051        8.064285    
   45.00000       113.490795487912        8.064285    
   60.00000       114.087692908164        8.064285    
   75.00000       115.090454293424        8.064285    
   90.00000       116.259122102438        8.064285    
   105.0000       117.234471922437        8.064285    
   120.0000       117.716529851716        8.064285    
   135.0000       117.567033627947        8.064285    
   150.0000       116.871817123031        8.064285    
   165.0000       115.858930059471        8.064285    
   180.0000       114.788629407807        8.064285    
   195.0000       113.902336845175        8.064285    
   210.0000       113.376032184199        8.064285    
   225.0000       113.330217886831        8.064285    
   240.0000       113.801756644181        8.064285    
   255.0000       114.708817939458        8.064285    
   270.0000       115.809192400865        8.064285    
   285.0000       116.759730948058        8.064285    
   300.0000       117.243961321483        8.064285    
   315.0000       117.120850445910        8.064285    
   330.0000       116.471232619225        8.064285    
   345.0000       115.525122972901        8.064285    
  0.0000000E+00   114.556240446872        8.064285    
 
  0.0000000E+00   113.716050890393        8.185715    
   15.00000       112.948314539379        8.185715    
   30.00000       112.605841705370        8.185715    
   45.00000       112.777347004507        8.185715    
   60.00000       113.487268514348        8.185715    
   75.00000       114.607516040198        8.185715    
   90.00000       115.866059997032        8.185715    
   105.0000       116.873719522771        8.185715    
   120.0000       117.319736983255        8.185715    
   135.0000       117.079266353340        8.185715    
   150.0000       116.271492413522        8.185715    
   165.0000       115.156380570156        8.185715    
   180.0000       114.019393000486        8.185715    
   195.0000       113.111405345633        8.185715    
   210.0000       112.608480959222        8.185715    
   225.0000       112.625105685880        8.185715    
   240.0000       113.184347159941        8.185715    
   255.0000       114.181650766557        8.185715    
   270.0000       115.345370790348        8.185715    
   285.0000       116.307060992137        8.185715    
   300.0000       116.741443927839        8.185715    
   315.0000       116.523978642176        8.185715    
   330.0000       115.767496935382        8.185715    
   345.0000       114.733926177440        8.185715    
  0.0000000E+00   113.716050890393        8.185715    
 
  0.0000000E+00   112.857842692857        8.307143    
   15.00000       112.094237846953        8.307143    
   30.00000       111.792738037870        8.307143    
   45.00000       112.037302058301        8.307143    
   60.00000       112.840739616110        8.307143    
   75.00000       114.055105259911        8.307143    
   90.00000       115.382246393852        8.307143    
   105.0000       116.409612724909        8.307143    
   120.0000       116.819132231282        8.307143    
   135.0000       116.499063515891        8.307143    
   150.0000       115.597102301688        8.307143    
   165.0000       114.399562041606        8.307143    
   180.0000       113.211902200870        8.307143    
   195.0000       112.291024675368        8.307143    
   210.0000       111.811840081388        8.307143    
   225.0000       111.882743901596        8.307143    
   240.0000       112.514794194035        8.307143    
   255.0000       113.584629833560        8.307143    
   270.0000       114.796927672594        8.307143    
   285.0000       115.763385852486        8.307143    
   300.0000       116.152905680350        8.307143    
   315.0000       115.856014811201        8.307143    
   330.0000       115.012646436659        8.307143    
   345.0000       113.910741973112        8.307143    
  0.0000000E+00   112.857842692857        8.307143    
 
  0.0000000E+00   111.993495097526        8.428572    
   15.00000       111.238785516869        8.428572    
   30.00000       110.974583673667        8.428572    
   45.00000       111.280176437648        8.428572    
   60.00000       112.158219093396        8.428572    
   75.00000       113.444789873038        8.428572    
   90.00000       114.821346962387        8.428572    
   105.0000       115.857992940222        8.428572    
   120.0000       116.232275255247        8.428572    
   135.0000       115.844723494947        8.428572    
   150.0000       114.866701564273        8.428572    
   165.0000       113.605576509037        8.428572    
   180.0000       112.381960294620        8.428572    
   195.0000       111.455851516748        8.428572    
   210.0000       110.999997279295        8.428572    
   225.0000       111.116795423778        8.428572    
   240.0000       111.807135923820        8.428572    
   255.0000       112.932667807389        8.428572    
   270.0000       114.179841596673        8.428572    
   285.0000       115.145547260425        8.428572    
   300.0000       115.495433566941        8.428572    
   315.0000       115.133446101775        8.428572    
   330.0000       114.221845190441        8.428572    
   345.0000       113.069082937363        8.428572    
  0.0000000E+00   111.993495097526        8.428572    
 
  0.0000000E+00   111.133574384065        8.550000    
   15.00000       110.391795151355        8.550000    
   30.00000       110.161078858450        8.550000    
   45.00000       110.516157362965        8.550000    
   60.00000       111.451025982292        8.550000    
   75.00000       112.789514970327        8.550000    
   90.00000       114.198069296226        8.550000    
   105.0000       115.234966356600        8.550000    
   120.0000       115.575990001447        8.550000    
   135.0000       115.132917043075        8.550000    
   150.0000       114.096172257293        8.550000    
   165.0000       112.789208912275        8.550000    
   180.0000       111.543288477382        8.550000    
   195.0000       110.618943195099        8.550000    
   210.0000       110.185852701089        8.550000    
   225.0000       110.340562767752        8.550000    
   240.0000       111.075545548000        8.550000    
   255.0000       112.241015082709        8.550000    
   270.0000       113.510243611175        8.550000    
   285.0000       114.470012430239        8.550000    
   300.0000       114.785064620635        8.550000    
   315.0000       114.371159597990        8.550000    
   330.0000       113.408424879845        8.550000    
   345.0000       112.220744285936        8.550000    
  0.0000000E+00   111.133574384065        8.550000    
 
  0.0000000E+00   110.288482012745        8.671429    
   15.00000       109.563269953081        8.671429    
   30.00000       109.362393616704        8.671429    
   45.00000       109.756140593741        8.671429    
   60.00000       110.731289128197        8.671429    
   75.00000       112.102923415650        8.671429    
   90.00000       113.527482817315        8.671429    
   105.0000       114.556525572664        8.671429    
   120.0000       114.866502362960        8.671429    
   135.0000       114.379379475668        8.671429    
   150.0000       113.300336496444        8.671429    
   165.0000       111.964246562824        8.671429    
   180.0000       110.708821555482        8.671429    
   195.0000       109.792830489931        8.671429    
   210.0000       109.382032939632        8.671429    
   225.0000       109.567268673349        8.671429    
   240.0000       110.334197372824        8.671429    
   255.0000       111.524854216559        8.671429    
   270.0000       112.803996874687        8.671429    
   285.0000       113.752715185893        8.671429    
   300.0000       114.037082857702        8.671429    
   315.0000       113.583217767954        8.671429    
   330.0000       112.585000132478        8.671429    
   345.0000       111.377044482652        8.671429    
  0.0000000E+00   110.288482012745        8.671429    
 
  0.0000000E+00   109.469065641755        8.792857    
   15.00000       108.763840401088        8.792857    
   30.00000       108.589434244747        8.792857    
   45.00000       109.011782862294        8.792857    
   60.00000       110.011811256151        8.792857    
   75.00000       111.399120827588        8.792857    
   90.00000       112.824820976217        8.792857    
   105.0000       113.838530174716        8.792857    
   120.0000       114.119683865136        8.792857    
   135.0000       113.599416755010        8.792857    
   150.0000       112.493642615446        8.792857    
   165.0000       111.144240745492        8.792857    
   180.0000       109.891433357614        8.792857    
   195.0000       108.990125966757        8.792857    
   210.0000       108.601329698922        8.792857    
   225.0000       108.810303467721        8.792857    
   240.0000       109.597346358702        8.792857    
   255.0000       110.799291949405        8.792857    
   270.0000       112.076720779115        8.792857    
   285.0000       113.009224177287        8.792857    
   300.0000       113.266395937230        8.792857    
   315.0000       112.783426921085        8.792857    
   330.0000       111.764150080555        8.792857    
   345.0000       110.549517097409        8.792857    
  0.0000000E+00   109.469065641755        8.792857    
 
  0.0000000E+00   108.687102331488        8.914286    
   15.00000       108.005173867074        8.914286    
   30.00000       107.854168801529        8.914286    
   45.00000       108.295739801858        8.914286    
   60.00000       109.306236273450        8.914286    
   75.00000       110.692815151994        8.914286    
   90.00000       112.105656222268        8.914286    
   105.0000       113.096970391423        8.914286    
   120.0000       113.351434378844        8.914286    
   135.0000       112.808393907862        8.914286    
   150.0000       111.690720620200        8.914286    
   165.0000       110.343085360066        8.914286    
   180.0000       109.104495841494        8.914286    
   195.0000       108.224034915385        8.914286    
   210.0000       107.857147214755        8.914286    
   225.0000       108.083608356743        8.914286    
   240.0000       108.879662485891        8.914286    
   255.0000       110.079677683968        8.914286    
   270.0000       111.344135235163        8.914286    
   285.0000       112.255147090070        8.914286    
   300.0000       112.488012377465        8.914286    
   315.0000       111.985872060046        8.914286    
   330.0000       110.958969950518        8.914286    
   345.0000       109.750442807421        8.914286    
  0.0000000E+00   108.687102331488        8.914286    
 
  0.0000000E+00   107.955626749132        9.035714    
   15.00000       107.300273516677        9.035714    
   30.00000       107.169892509323        9.035714    
   45.00000       107.621897266571        9.035714    
   60.00000       108.629253148027        9.035714    
   75.00000       109.999517655938        9.035714    
   90.00000       111.386120740381        9.035714    
   105.0000       112.348226717908        9.035714    
   120.0000       112.577989688588        9.035714    
   135.0000       112.022086505524        9.035714    
   150.0000       110.906762440939        9.035714    
   165.0000       109.575412615715        9.035714    
   180.0000       108.362268982100        9.035714    
   195.0000       107.508732885513        9.035714    
   210.0000       107.163864083533        9.035714    
   225.0000       107.402022143758        9.035714    
   240.0000       108.196568175261        9.035714    
   255.0000       109.381943582674        9.035714    
   270.0000       110.622405569346        9.035714    
   285.0000       111.506492622848        9.035714    
   300.0000       111.717417619821        9.035714    
   315.0000       111.205296067883        9.035714    
   330.0000       110.183441593766        9.035714    
   345.0000       108.993203233864        9.035714    
  0.0000000E+00   107.955626749132        9.035714    
 
  0.0000000E+00   107.289415412142        9.157143    
   15.00000       106.663950594137        9.157143    
   30.00000       106.551685038726        9.157143    
   45.00000       107.005811894613        9.157143    
   60.00000       107.997024090245        9.157143    
   75.00000       109.335966977153        9.157143    
   90.00000       110.683337068336        9.157143    
   105.0000       111.609516700367        9.157143    
   120.0000       111.816391807628        9.157143    
   135.0000       111.257170145032        9.157143    
   150.0000       110.158029622653        9.157143    
   165.0000       108.857113213853        9.157143    
   180.0000       107.680427709196        9.157143    
   195.0000       106.859897418206        9.157143    
   210.0000       106.537366387774        9.157143    
   225.0000       106.781812726524        9.157143    
   240.0000       107.564772892993        9.157143    
   255.0000       108.723142147481        9.157143    
   270.0000       109.928672017571        9.157143    
   285.0000       110.780195827424        9.157143    
   300.0000       110.971093796070        9.157143    
   315.0000       110.457611762502        9.157143    
   330.0000       109.452938500415        9.157143    
   345.0000       108.292773707233        9.157143    
  0.0000000E+00   107.289415412142        9.157143    
 
  0.0000000E+00   106.705194696890        9.278572    
   15.00000       106.113037379256        9.278572    
   30.00000       106.016611752210        9.278572    
   45.00000       106.464883127385        9.278572    
   60.00000       107.427316382952        9.278572    
   75.00000       108.720216941402        9.278572    
   90.00000       110.015475311638        9.278572    
   105.0000       110.898938258923        9.278572    
   120.0000       111.084545625045        9.278572    
   135.0000       110.531316083093        9.278572    
   150.0000       109.461996957697        9.278572    
   165.0000       108.205530105551        9.278572    
   180.0000       107.076295725964        9.278572    
   195.0000       106.294965757797        9.278572    
   210.0000       105.995315185685        9.278572    
   225.0000       106.240941325742        9.278572    
   240.0000       107.002515317598        9.278572    
   255.0000       108.121634173548        9.278572    
   270.0000       109.281202635104        9.278572    
   285.0000       110.094246955459        9.278572    
   300.0000       110.266643531285        9.278572    
   315.0000       109.760039187637        9.278572    
   330.0000       108.784386572663        9.278572    
   345.0000       107.665913858362        9.278572    
  0.0000000E+00   106.705194696890        9.278572    
 
  0.0000000E+00   106.222789134600        9.400000    
   15.00000       105.667533097842        9.400000    
   30.00000       105.584865575211        9.400000    
   45.00000       106.019492065704        9.400000    
   60.00000       106.940637865804        9.400000    
   75.00000       108.172772076516        9.400000    
   90.00000       109.402886234949        9.400000    
   105.0000       110.236604823959        9.400000    
   120.0000       110.402357867111        9.400000    
   135.0000       109.864335391697        9.400000    
   150.0000       108.838505554385        9.400000    
   165.0000       107.640622392344        9.400000    
   180.0000       106.570017470967        9.400000    
   195.0000       105.834315744159        9.400000    
   210.0000       105.558330107588        9.400000    
   225.0000       105.800237029885        9.400000    
   240.0000       106.530725405584        9.400000    
   255.0000       107.598278999290        9.400000    
   270.0000       108.700596310889        9.400000    
   285.0000       109.468880573475        9.400000    
   300.0000       109.623964199195        9.400000    
   315.0000       109.132266742941        9.400000    
   330.0000       108.197417526679        9.400000    
   345.0000       107.132316772363        9.400000    
  0.0000000E+00   106.222789134600        9.400000    
 
  0.0000000E+00   105.866001292622        9.521429    
   15.00000       105.351494872128        9.521429    
   30.00000       105.280649107797        9.521429    
   45.00000       105.693854452741        9.521429    
   60.00000       106.561049641302        9.521429    
   75.00000       107.717351365795        9.521429    
   90.00000       108.868819342673        9.521429    
   105.0000       109.645334036228        9.521429    
   120.0000       109.792426112899        9.521429    
   135.0000       109.278897788503        9.521429    
   150.0000       108.310532600527        9.521429    
   165.0000       107.185787104395        9.521429    
   180.0000       106.185423341482        9.521429    
   195.0000       105.502160048515        9.521429    
   210.0000       105.250897485166        9.521429    
   225.0000       105.484309957486        9.521429    
   240.0000       106.173929979532        9.521429    
   255.0000       107.177288344825        9.521429    
   270.0000       108.210582854123        9.521429    
   285.0000       108.927343143600        9.521429    
   300.0000       109.066006978458        9.521429    
   315.0000       108.597228205770        9.521429    
   330.0000       107.715182983921        9.521429    
   345.0000       106.715461170561        9.521429    
  0.0000000E+00   105.866001292622        9.521429    
 
  0.0000000E+00   105.664352840171        9.642858    
   15.00000       105.194790087682        9.642858    
   30.00000       105.133913871678        9.642858    
   45.00000       105.517720779301        9.642858    
   60.00000       106.317803173782        9.642858    
   75.00000       107.382450091702        9.642858    
   90.00000       108.440916859341        9.642858    
   105.0000       109.152100943569        9.642858    
   120.0000       109.281495253506        9.642858    
   135.0000       108.802033739231        9.642858    
   150.0000       107.905764372710        9.642858    
   165.0000       106.869509063928        9.642858    
   180.0000       105.951744846565        9.642858    
   195.0000       105.328306273846        9.642858    
   210.0000       105.103148124565        9.642858    
   225.0000       105.323317286620        9.642858    
   240.0000       105.961978964795        9.642858    
   255.0000       106.887900017529        9.642858    
   270.0000       107.839637798551        9.642858    
   285.0000       108.497466738201        9.642858    
   300.0000       108.620345616028        9.642858    
   315.0000       108.182703595521        9.642858    
   330.0000       107.366005074627        9.642858    
   345.0000       106.444314644989        9.642858    
  0.0000000E+00   105.664352840171        9.642858    
 
  0.0000000E+00   105.655132647844        9.764286    
   15.00000       105.235165681261        9.764286    
   30.00000       105.182404507411        9.764286    
   45.00000       105.528354178096        9.764286    
   60.00000       106.247218243415        9.764286    
   75.00000       107.203100734434        9.764286    
   90.00000       108.152861184368        9.764286    
   105.0000       108.789615419311        9.764286    
   120.0000       108.902034181846        9.764286    
   135.0000       108.466781678816        9.764286    
   150.0000       107.658356657220        9.764286    
   165.0000       106.727243937595        9.764286    
   180.0000       105.905595221917        9.764286    
   195.0000       105.350202297099        9.764286    
   210.0000       105.152924934499        9.764286    
   225.0000       105.355010735572        9.764286    
   240.0000       105.932032491213        9.764286    
   255.0000       106.766276402884        9.764286    
   270.0000       107.622788394754        9.764286    
   285.0000       108.213415944523        9.764286    
   300.0000       108.320921924090        9.764286    
   315.0000       107.923121882216        9.764286    
   330.0000       107.185271215669        9.764286    
   345.0000       106.355319625941        9.764286    
  0.0000000E+00   105.655132647844        9.764286    
 
  0.0000000E+00   105.886862345690        9.885715    
   15.00000       105.521747605955        9.885715    
   30.00000       105.475122594983        9.885715    
   45.00000       105.773899239050        9.885715    
   60.00000       106.395912333026        9.885715    
   75.00000       107.223936764881        9.885715    
   90.00000       108.047282158166        9.885715    
   105.0000       108.599131432480        9.885715    
   120.0000       108.695040982285        9.885715    
   135.0000       108.315082327248        9.885715    
   150.0000       107.611976404208        9.885715    
   165.0000       106.804616052256        9.885715    
   180.0000       106.094294756818        9.885715    
   195.0000       105.616340099525        9.885715    
   210.0000       105.449208736589        9.885715    
   225.0000       105.628126613732        9.885715    
   240.0000       106.131865113250        9.885715    
   255.0000       106.858686887492        9.885715    
   270.0000       107.604678201028        9.885715    
   285.0000       108.118681444196        9.885715    
   300.0000       108.211061600672        9.885715    
   315.0000       107.862677454788        9.885715    
   330.0000       107.218691338919        9.885715    
   345.0000       106.495772475579        9.885715    
  0.0000000E+00   105.886862345690        9.885715    
 
  0.0000000E+00   106.424382711676        10.00714    
   15.00000       106.120119088076        10.00714    
   30.00000       106.077322916393        10.00714    
   45.00000       106.318211858249        10.00714    
   60.00000       106.825382888900        10.00714    
   75.00000       107.503480809349        10.00714    
   90.00000       108.179774171148        10.00714    
   105.0000       108.634302556241        10.00714    
   120.0000       108.713914403811        10.00714    
   135.0000       108.401843141121        10.00714    
   150.0000       107.824157378817        10.00714    
   165.0000       107.162080800105        10.00714    
   180.0000       106.580782453946        10.00714    
   195.0000       106.191335800438        10.00714    
   210.0000       106.057271321545        10.00714    
   225.0000       106.207521533663        10.00714    
   240.0000       106.624897399542        10.00714    
   255.0000       107.226369584202        10.00714    
   270.0000       107.844233910210        10.00714    
   285.0000       108.270608571595        10.00714    
   300.0000       108.347968638962        10.00714    
   315.0000       108.059926699814        10.00714    
   330.0000       107.527077384002        10.00714    
   345.0000       106.928798801517        10.00714    
  0.0000000E+00   106.424382711676        10.00714    
 
  0.0000000E+00   107.357240102213        10.12857    
   15.00000       107.120761142929        10.12857    
   30.00000       107.078833311483        10.12857    
   45.00000       107.248914232828        10.12857    
   60.00000       107.619694547023        10.12857    
   75.00000       108.121410097473        10.12857    
   90.00000       108.625768238811        10.12857    
   105.0000       108.967816323375        10.12857    
   120.0000       109.031090628544        10.12857    
   135.0000       108.801817891582        10.12857    
   150.0000       108.373558151448        10.12857    
   165.0000       107.882577119564        10.12857    
   180.0000       107.451577106861        10.12857    
   195.0000       107.164077999386        10.12857    
   210.0000       107.066870348844        10.12857    
   225.0000       107.182278793236        10.12857    
   240.0000       107.498093008428        10.12857    
   255.0000       107.953142636351        10.12857    
   270.0000       108.422004304996        10.12857    
   285.0000       108.747586951863        10.12857    
   300.0000       108.809998266385        10.12857    
   315.0000       108.595333326618        10.12857    
   330.0000       108.194243484473        10.12857    
   345.0000       107.741549634385        10.12857    
  0.0000000E+00   107.357240102213        10.12857    
 
  0.0000000E+00   108.813590595893        10.25000    
   15.00000       108.652941991310        10.25000    
   30.00000       108.607696905484        10.25000    
   45.00000       108.690583424723        10.25000    
   60.00000       108.898053250704        10.25000    
   75.00000       109.190431939181        10.25000    
   90.00000       109.491766346598        10.25000    
   105.0000       109.702249612969        10.25000    
   120.0000       109.748931840769        10.25000    
   135.0000       109.620935811328        10.25000    
   150.0000       109.371954903026        10.25000    
   165.0000       109.084202909513        10.25000    
   180.0000       108.829988517044        10.25000    
   195.0000       108.661279223210        10.25000    
   210.0000       108.605919928496        10.25000    
   225.0000       108.679292837266        10.25000    
   240.0000       108.875271754031        10.25000    
   255.0000       109.158312803697        10.25000    
   270.0000       109.452653162182        10.25000    
   285.0000       109.661293357288        10.25000    
   300.0000       109.708964983797        10.25000    
   315.0000       109.583949709073        10.25000    
   330.0000       109.340206464558        10.25000    
   345.0000       109.058856718166        10.25000    
  0.0000000E+00   108.813590595893        10.25000    
 
