  0.0000000E+00  6.7912575E-29   6.000000    
   15.00000      6.0849125E-29   6.000000    
   30.00000      5.9712892E-29   6.000000    
   45.00000      6.5570283E-29   6.000000    
   60.00000      7.5511247E-29   6.000000    
   75.00000      8.6028185E-29   6.000000    
   90.00000      9.4903099E-29   6.000000    
   105.0000      1.0059154E-28   6.000000    
   120.0000      1.0118186E-28   6.000000    
   135.0000      9.5743539E-29   6.000000    
   150.0000      8.6149898E-29   6.000000    
   165.0000      7.5546757E-29   6.000000    
   180.0000      6.6844821E-29   6.000000    
   195.0000      6.0952192E-29   6.000000    
   210.0000      5.7994927E-29   6.000000    
   225.0000      5.7479957E-29   6.000000    
   240.0000      5.8068190E-29   6.000000    
   255.0000      5.9340201E-29   6.000000    
   270.0000      6.3223128E-29   6.000000    
   285.0000      6.6405427E-29   6.000000    
   300.0000      6.5732374E-29   6.000000    
   315.0000      6.5423551E-29   6.000000    
   330.0000      6.9894893E-29   6.000000    
   345.0000      7.2612699E-29   6.000000    
  0.0000000E+00  6.7912575E-29   6.000000    
 
  0.0000000E+00  5.2056683E-29   6.121428    
   15.00000      4.6688665E-29   6.121428    
   30.00000      4.5940402E-29   6.121428    
   45.00000      5.0578682E-29   6.121428    
   60.00000      5.8182428E-29   6.121428    
   75.00000      6.6181044E-29   6.121428    
   90.00000      7.3195882E-29   6.121428    
   105.0000      7.7546179E-29   6.121428    
   120.0000      7.7666068E-29   6.121428    
   135.0000      7.3471369E-29   6.121428    
   150.0000      6.6120750E-29   6.121428    
   165.0000      5.8197089E-29   6.121428    
   180.0000      5.1516941E-29   6.121428    
   195.0000      4.6988234E-29   6.121428    
   210.0000      4.4606376E-29   6.121428    
   225.0000      4.4353866E-29   6.121428    
   240.0000      4.4854162E-29   6.121428    
   255.0000      4.5921103E-29   6.121428    
   270.0000      4.8832213E-29   6.121428    
   285.0000      5.1460210E-29   6.121428    
   300.0000      5.0716585E-29   6.121428    
   315.0000      5.0620541E-29   6.121428    
   330.0000      5.4264123E-29   6.121428    
   345.0000      5.6185190E-29   6.121428    
  0.0000000E+00  5.2056683E-29   6.121428    
 
  0.0000000E+00  4.0085099E-29   6.242857    
   15.00000      3.6047330E-29   6.242857    
   30.00000      3.5729317E-29   6.242857    
   45.00000      3.9413031E-29   6.242857    
   60.00000      4.5222761E-29   6.242857    
   75.00000      5.1418345E-29   6.242857    
   90.00000      5.6685571E-29   6.242857    
   105.0000      5.9710912E-29   6.242857    
   120.0000      5.9725272E-29   6.242857    
   135.0000      5.6312266E-29   6.242857    
   150.0000      5.0578182E-29   6.242857    
   165.0000      4.4450186E-29   6.242857    
   180.0000      3.9528999E-29   6.242857    
   195.0000      3.6118078E-29   6.242857    
   210.0000      3.4372018E-29   6.242857    
   225.0000      3.4220820E-29   6.242857    
   240.0000      3.4763559E-29   6.242857    
   255.0000      3.5858204E-29   6.242857    
   270.0000      3.8301318E-29   6.242857    
   285.0000      4.0373444E-29   6.242857    
   300.0000      3.9832315E-29   6.242857    
   315.0000      4.0018387E-29   6.242857    
   330.0000      4.2783468E-29   6.242857    
   345.0000      4.3641867E-29   6.242857    
  0.0000000E+00  4.0085099E-29   6.242857    
 
  0.0000000E+00  3.1063857E-29   6.364286    
   15.00000      2.8022239E-29   6.364286    
   30.00000      2.8053047E-29   6.364286    
   45.00000      3.1051498E-29   6.364286    
   60.00000      3.5563949E-29   6.364286    
   75.00000      4.0171408E-29   6.364286    
   90.00000      4.4005390E-29   6.364286    
   105.0000      4.6184396E-29   6.364286    
   120.0000      4.5924967E-29   6.364286    
   135.0000      4.3071666E-29   6.364286    
   150.0000      3.8581077E-29   6.364286    
   165.0000      3.3915374E-29   6.364286    
   180.0000      3.0198579E-29   6.364286    
   195.0000      2.7758248E-29   6.364286    
   210.0000      2.6542712E-29   6.364286    
   225.0000      2.6541900E-29   6.364286    
   240.0000      2.7078551E-29   6.364286    
   255.0000      2.8168630E-29   6.364286    
   270.0000      3.0269137E-29   6.364286    
   285.0000      3.1904528E-29   6.364286    
   300.0000      3.1609473E-29   6.364286    
   315.0000      3.2010882E-29   6.364286    
   330.0000      3.4018104E-29   6.364286    
   345.0000      3.4127063E-29   6.364286    
  0.0000000E+00  3.1063857E-29   6.364286    
 
  0.0000000E+00  2.4147382E-29   6.485714    
   15.00000      2.2032375E-29   6.485714    
   30.00000      2.2302052E-29   6.485714    
   45.00000      2.4712961E-29   6.485714    
   60.00000      2.8065846E-29   6.485714    
   75.00000      3.1495774E-29   6.485714    
   90.00000      3.4284231E-29   6.485714    
   105.0000      3.5713058E-29   6.485714    
   120.0000      3.5245234E-29   6.485714    
   135.0000      3.2846470E-29   6.485714    
   150.0000      2.9339948E-29   6.485714    
   165.0000      2.5824792E-29   6.485714    
   180.0000      2.3078756E-29   6.485714    
   195.0000      2.1312237E-29   6.485714    
   210.0000      2.0546793E-29   6.485714    
   225.0000      2.0674467E-29   6.485714    
   240.0000      2.1259314E-29   6.485714    
   255.0000      2.2359221E-29   6.485714    
   270.0000      2.4188121E-29   6.485714    
   285.0000      2.5493932E-29   6.485714    
   300.0000      2.5397220E-29   6.485714    
   315.0000      2.5909734E-29   6.485714    
   330.0000      2.7253913E-29   6.485714    
   345.0000      2.6800137E-29   6.485714    
  0.0000000E+00  2.4147382E-29   6.485714    
 
  0.0000000E+00  1.8939371E-29   6.607143    
   15.00000      1.7505033E-29   6.607143    
   30.00000      1.7896836E-29   6.607143    
   45.00000      1.9763403E-29   6.607143    
   60.00000      2.2300433E-29   6.607143    
   75.00000      2.4794088E-29   6.607143    
   90.00000      2.6750866E-29   6.607143    
   105.0000      2.7620532E-29   6.607143    
   120.0000      2.7025492E-29   6.607143    
   135.0000      2.5027992E-29   6.607143    
   150.0000      2.2306933E-29   6.607143    
   165.0000      1.9681214E-29   6.607143    
   180.0000      1.7677145E-29   6.607143    
   195.0000      1.6425516E-29   6.607143    
   210.0000      1.5960400E-29   6.607143    
   225.0000      1.6202894E-29   6.607143    
   240.0000      1.6821545E-29   6.607143    
   255.0000      1.7905456E-29   6.607143    
   270.0000      1.9490778E-29   6.607143    
   285.0000      2.0494088E-29   6.607143    
   300.0000      2.0559532E-29   6.607143    
   315.0000      2.1098927E-29   6.607143    
   330.0000      2.1928336E-29   6.607143    
   345.0000      2.1138265E-29   6.607143    
  0.0000000E+00  1.8939371E-29   6.607143    
 
  0.0000000E+00  1.4993301E-29   6.728571    
   15.00000      1.4010241E-29   6.728571    
   30.00000      1.4450234E-29   6.728571    
   45.00000      1.5916013E-29   6.728571    
   60.00000      1.7775146E-29   6.728571    
   75.00000      1.9552149E-29   6.728571    
   90.00000      2.0866635E-29   6.728571    
   105.0000      2.1336478E-29   6.728571    
   120.0000      2.0709168E-29   6.728571    
   135.0000      1.9091530E-29   6.728571    
   150.0000      1.7004093E-29   6.728571    
   165.0000      1.5054972E-29   6.728571    
   180.0000      1.3604862E-29   6.728571    
   195.0000      1.2736558E-29   6.728571    
   210.0000      1.2475711E-29   6.728571    
   225.0000      1.2763327E-29   6.728571    
   240.0000      1.3395601E-29   6.728571    
   255.0000      1.4426040E-29   6.728571    
   270.0000      1.5781726E-29   6.728571    
   285.0000      1.6637591E-29   6.728571    
   300.0000      1.6813871E-29   6.728571    
   315.0000      1.7298480E-29   6.728571    
   330.0000      1.7649801E-29   6.728571    
   345.0000      1.6726948E-29   6.728571    
  0.0000000E+00  1.4993301E-29   6.728571    
 
  0.0000000E+00  1.2033969E-29   6.850000    
   15.00000      1.1383445E-29   6.850000    
   30.00000      1.1797246E-29   6.850000    
   45.00000      1.2893273E-29   6.850000    
   60.00000      1.4214765E-29   6.850000    
   75.00000      1.5467143E-29   6.850000    
   90.00000      1.6359181E-29   6.850000    
   105.0000      1.6549233E-29   6.850000    
   120.0000      1.5853951E-29   6.850000    
   135.0000      1.4580864E-29   6.850000    
   150.0000      1.3057829E-29   6.850000    
   165.0000      1.1621598E-29   6.850000    
   180.0000      1.0573314E-29   6.850000    
   195.0000      9.9787967E-30   6.850000    
   210.0000      9.8623863E-30   6.850000    
   225.0000      1.0179298E-29   6.850000    
   240.0000      1.0801357E-29   6.850000    
   255.0000      1.1766280E-29   6.850000    
   270.0000      1.2926454E-29   6.850000    
   285.0000      1.3641386E-29   6.850000    
   300.0000      1.3871605E-29   6.850000    
   315.0000      1.4186159E-29   6.850000    
   330.0000      1.3812303E-29   6.850000    
   345.0000      1.3025523E-29   6.850000    
  0.0000000E+00  1.2033969E-29   6.850000    
 
  0.0000000E+00  9.7219951E-30   6.971429    
   15.00000      9.3756662E-30   6.971429    
   30.00000      9.7148796E-30   6.971429    
   45.00000      1.0493715E-29   6.971429    
   60.00000      1.1397368E-29   6.971429    
   75.00000      1.2208551E-29   6.971429    
   90.00000      1.2738191E-29   6.971429    
   105.0000      1.2759572E-29   6.971429    
   120.0000      1.2215518E-29   6.971429    
   135.0000      1.1252659E-29   6.971429    
   150.0000      1.0133115E-29   6.971429    
   165.0000      9.1108117E-30   6.971429    
   180.0000      8.3484624E-30   6.971429    
   195.0000      7.9428165E-30   6.971429    
   210.0000      7.9199746E-30   6.971429    
   225.0000      8.2477152E-30   6.971429    
   240.0000      8.8469894E-30   6.971429    
   255.0000      9.7328570E-30   6.971429    
   270.0000      1.0700106E-29   6.971429    
   285.0000      1.1216527E-29   6.971429    
   300.0000      1.1387627E-29   6.971429    
   315.0000      1.1291062E-29   6.971429    
   330.0000      1.0861315E-29   6.971429    
   345.0000      1.0230883E-29   6.971429    
  0.0000000E+00  9.7219951E-30   6.971429    
 
  0.0000000E+00  7.7625178E-30   7.092857    
   15.00000      7.6815942E-30   7.092857    
   30.00000      7.9154637E-30   7.092857    
   45.00000      8.3826462E-30   7.092857    
   60.00000      8.9922324E-30   7.092857    
   75.00000      9.5968081E-30   7.092857    
   90.00000      9.9908639E-30   7.092857    
   105.0000      9.9945984E-30   7.092857    
   120.0000      9.5673173E-30   7.092857    
   135.0000      8.8189002E-30   7.092857    
   150.0000      7.9782491E-30   7.092857    
   165.0000      7.2298221E-30   7.092857    
   180.0000      6.6955346E-30   7.092857    
   195.0000      6.4289024E-30   7.092857    
   210.0000      6.4638806E-30   7.092857    
   225.0000      6.7877460E-30   7.092857    
   240.0000      7.3435468E-30   7.092857    
   255.0000      8.0003258E-30   7.092857    
   270.0000      8.6257745E-30   7.092857    
   285.0000      9.0227817E-30   7.092857    
   300.0000      9.1629931E-30   7.092857    
   315.0000      9.0466482E-30   7.092857    
   330.0000      8.6567429E-30   7.092857    
   345.0000      8.1448909E-30   7.092857    
  0.0000000E+00  7.7625178E-30   7.092857    
 
  0.0000000E+00  6.2376474E-30   7.214286    
   15.00000      6.1666321E-30   7.214286    
   30.00000      6.3269988E-30   7.214286    
   45.00000      6.6702206E-30   7.214286    
   60.00000      7.1340778E-30   7.214286    
   75.00000      7.6011836E-30   7.214286    
   90.00000      7.9094843E-30   7.214286    
   105.0000      7.8981417E-30   7.214286    
   120.0000      7.5541036E-30   7.214286    
   135.0000      6.9781806E-30   7.214286    
   150.0000      6.3379150E-30   7.214286    
   165.0000      5.7727813E-30   7.214286    
   180.0000      5.3759600E-30   7.214286    
   195.0000      5.1891414E-30   7.214286    
   210.0000      5.2299805E-30   7.214286    
   225.0000      5.4860916E-30   7.214286    
   240.0000      5.9297160E-30   7.214286    
   255.0000      6.4831993E-30   7.214286    
   270.0000      6.9843458E-30   7.214286    
   285.0000      7.3133330E-30   7.214286    
   300.0000      7.4231825E-30   7.214286    
   315.0000      7.2978955E-30   7.214286    
   330.0000      6.9531743E-30   7.214286    
   345.0000      6.5367251E-30   7.214286    
  0.0000000E+00  6.2376474E-30   7.214286    
 
  0.0000000E+00  5.0332291E-30   7.335714    
   15.00000      4.9643447E-30   7.335714    
   30.00000      5.0712692E-30   7.335714    
   45.00000      5.3329824E-30   7.335714    
   60.00000      5.6917282E-30   7.335714    
   75.00000      6.0544391E-30   7.335714    
   90.00000      6.2862797E-30   7.335714    
   105.0000      6.2759083E-30   7.335714    
   120.0000      6.0085587E-30   7.335714    
   135.0000      5.5642614E-30   7.335714    
   150.0000      5.0707114E-30   7.335714    
   165.0000      4.6335087E-30   7.335714    
   180.0000      4.3246591E-30   7.335714    
   195.0000      4.1793996E-30   7.335714    
   210.0000      4.2189662E-30   7.335714    
   225.0000      4.4376935E-30   7.335714    
   240.0000      4.8105645E-30   7.335714    
   255.0000      5.2692225E-30   7.335714    
   270.0000      5.6905219E-30   7.335714    
   285.0000      5.9550728E-30   7.335714    
   300.0000      6.0387910E-30   7.335714    
   315.0000      5.9138131E-30   7.335714    
   330.0000      5.6151533E-30   7.335714    
   345.0000      5.2747625E-30   7.335714    
  0.0000000E+00  5.0332291E-30   7.335714    
 
  0.0000000E+00  4.0731033E-30   7.457143    
   15.00000      4.0080573E-30   7.457143    
   30.00000      4.0783387E-30   7.457143    
   45.00000      4.2695602E-30   7.457143    
   60.00000      4.5495227E-30   7.457143    
   75.00000      4.8369445E-30   7.457143    
   90.00000      5.0216332E-30   7.457143    
   105.0000      5.0163305E-30   7.457143    
   120.0000      4.8105825E-30   7.457143    
   135.0000      4.4665889E-30   7.457143    
   150.0000      4.0815447E-30   7.457143    
   165.0000      3.7369327E-30   7.457143    
   180.0000      3.4920996E-30   7.457143    
   195.0000      3.3796444E-30   7.457143    
   210.0000      3.4178087E-30   7.457143    
   225.0000      3.6033525E-30   7.457143    
   240.0000      3.9159335E-30   7.457143    
   255.0000      4.2964661E-30   7.457143    
   270.0000      4.6452986E-30   7.457143    
   285.0000      4.8680121E-30   7.457143    
   300.0000      4.9280018E-30   7.457143    
   315.0000      4.8094082E-30   7.457143    
   330.0000      4.5566652E-30   7.457143    
   345.0000      4.2765071E-30   7.457143    
  0.0000000E+00  4.0731033E-30   7.457143    
 
  0.0000000E+00  3.3076274E-30   7.578571    
   15.00000      3.2392554E-30   7.578571    
   30.00000      3.2808660E-30   7.578571    
   45.00000      3.4266702E-30   7.578571    
   60.00000      3.6486938E-30   7.578571    
   75.00000      3.8796151E-30   7.578571    
   90.00000      4.0301841E-30   7.578571    
   105.0000      4.0311617E-30   7.578571    
   120.0000      3.8740826E-30   7.578571    
   135.0000      3.6064313E-30   7.578571    
   150.0000      3.3026637E-30   7.578571    
   165.0000      3.0279407E-30   7.578571    
   180.0000      2.8320999E-30   7.578571    
   195.0000      2.7434855E-30   7.578571    
   210.0000      2.7782623E-30   7.578571    
   225.0000      2.9348438E-30   7.578571    
   240.0000      3.1964516E-30   7.578571    
   255.0000      3.5127570E-30   7.578571    
   270.0000      3.8027870E-30   7.578571    
   285.0000      3.9921398E-30   7.578571    
   300.0000      4.0382576E-30   7.578571    
   315.0000      3.9291307E-30   7.578571    
   330.0000      3.7114009E-30   7.578571    
   345.0000      3.4780895E-30   7.578571    
  0.0000000E+00  3.3076274E-30   7.578571    
 
  0.0000000E+00  2.6884761E-30   7.700000    
   15.00000      2.6223097E-30   7.700000    
   30.00000      2.6466069E-30   7.700000    
   45.00000      2.7595683E-30   7.700000    
   60.00000      2.9379301E-30   7.700000    
   75.00000      3.1259949E-30   7.700000    
   90.00000      3.2512759E-30   7.700000    
   105.0000      3.2581818E-30   7.700000    
   120.0000      3.1389002E-30   7.700000    
   135.0000      2.9292495E-30   7.700000    
   150.0000      2.6871680E-30   7.700000    
   165.0000      2.4657030E-30   7.700000    
   180.0000      2.3070282E-30   7.700000    
   195.0000      2.2358946E-30   7.700000    
   210.0000      2.2664821E-30   7.700000    
   225.0000      2.3982195E-30   7.700000    
   240.0000      2.6171176E-30   7.700000    
   255.0000      2.8807643E-30   7.700000    
   270.0000      3.1229065E-30   7.700000    
   285.0000      3.2804353E-30   7.700000    
   300.0000      3.3139868E-30   7.700000    
   315.0000      3.2161097E-30   7.700000    
   330.0000      3.0313658E-30   7.700000    
   345.0000      2.8353398E-30   7.700000    
  0.0000000E+00  2.6884761E-30   7.700000    
 
  0.0000000E+00  2.1892928E-30   7.821429    
   15.00000      2.1268323E-30   7.821429    
   30.00000      2.1400305E-30   7.821429    
   45.00000      2.2289299E-30   7.821429    
   60.00000      2.3738403E-30   7.821429    
   75.00000      2.5287780E-30   7.821429    
   90.00000      2.6347876E-30   7.821429    
   105.0000      2.6466110E-30   7.821429    
   120.0000      2.5564550E-30   7.821429    
   135.0000      2.3911205E-30   7.821429    
   150.0000      2.1962812E-30   7.821429    
   165.0000      2.0159008E-30   7.821429    
   180.0000      1.8859330E-30   7.821429    
   195.0000      1.8279264E-30   7.821429    
   210.0000      1.8542105E-30   7.821429    
   225.0000      1.9648044E-30   7.821429    
   240.0000      2.1480107E-30   7.821429    
   255.0000      2.3683273E-30   7.821429    
   270.0000      2.5711345E-30   7.821429    
   285.0000      2.7023152E-30   7.821429    
   300.0000      2.7265601E-30   7.821429    
   315.0000      2.6400053E-30   7.821429    
   330.0000      2.4830477E-30   7.821429    
   345.0000      2.3169016E-30   7.821429    
  0.0000000E+00  2.1892928E-30   7.821429    
 
  0.0000000E+00  1.7860950E-30   7.942857    
   15.00000      1.7284303E-30   7.942857    
   30.00000      1.7347694E-30   7.942857    
   45.00000      1.8057745E-30   7.942857    
   60.00000      1.9246873E-30   7.942857    
   75.00000      2.0536706E-30   7.942857    
   90.00000      2.1445815E-30   7.942857    
   105.0000      2.1600911E-30   7.942857    
   120.0000      2.0921490E-30   7.942857    
   135.0000      1.9607483E-30   7.942857    
   150.0000      1.8024425E-30   7.942857    
   165.0000      1.6541560E-30   7.942857    
   180.0000      1.5466784E-30   7.942857    
   195.0000      1.4987402E-30   7.942857    
   210.0000      1.5209531E-30   7.942857    
   225.0000      1.6136746E-30   7.942857    
   240.0000      1.7671474E-30   7.942857    
   255.0000      1.9517344E-30   7.942857    
   270.0000      2.1220507E-30   7.942857    
   285.0000      2.2314422E-30   7.942857    
   300.0000      2.2489069E-30   7.942857    
   315.0000      2.1730016E-30   7.942857    
   330.0000      2.0392657E-30   7.942857    
   345.0000      1.8973936E-30   7.942857    
  0.0000000E+00  1.7860950E-30   7.942857    
 
  0.0000000E+00  1.4599822E-30   8.064285    
   15.00000      1.4077369E-30   8.064285    
   30.00000      1.4100104E-30   8.064285    
   45.00000      1.4674988E-30   8.064285    
   60.00000      1.5659551E-30   8.064285    
   75.00000      1.6743061E-30   8.064285    
   90.00000      1.7530896E-30   8.064285    
   105.0000      1.7710412E-30   8.064285    
   120.0000      1.7199216E-30   8.064285    
   135.0000      1.6146359E-30   8.064285    
   150.0000      1.4848420E-30   8.064285    
   165.0000      1.3619033E-30   8.064285    
   180.0000      1.2723024E-30   8.064285    
   195.0000      1.2322411E-30   8.064285    
   210.0000      1.2508027E-30   8.064285    
   225.0000      1.3285061E-30   8.064285    
   240.0000      1.4572254E-30   8.064285    
   255.0000      1.6122701E-30   8.064285    
   270.0000      1.7556591E-30   8.064285    
   285.0000      1.8470345E-30   8.064285    
   300.0000      1.8595662E-30   8.064285    
   315.0000      1.7933293E-30   8.064285    
   330.0000      1.6789328E-30   8.064285    
   345.0000      1.5570991E-30   8.064285    
  0.0000000E+00  1.4599822E-30   8.064285    
 
  0.0000000E+00  1.1958323E-30   8.185715    
   15.00000      1.1492247E-30   8.185715    
   30.00000      1.1492357E-30   8.185715    
   45.00000      1.1963568E-30   8.185715    
   60.00000      1.2785284E-30   8.185715    
   75.00000      1.3702704E-30   8.185715    
   90.00000      1.4390448E-30   8.185715    
   105.0000      1.4583690E-30   8.185715    
   120.0000      1.4199323E-30   8.185715    
   135.0000      1.3348393E-30   8.185715    
   150.0000      1.2275131E-30   8.185715    
   165.0000      1.1248368E-30   8.185715    
   180.0000      1.0496174E-30   8.185715    
   195.0000      1.0158406E-30   8.185715    
   210.0000      1.0312279E-30   8.185715    
   225.0000      1.0963653E-30   8.185715    
   240.0000      1.2044841E-30   8.185715    
   255.0000      1.3350260E-30   8.185715    
   270.0000      1.4560060E-30   8.185715    
   285.0000      1.5324952E-30   8.185715    
   300.0000      1.5414265E-30   8.185715    
   315.0000      1.4837321E-30   8.185715    
   330.0000      1.3855087E-30   8.185715    
   345.0000      1.2804721E-30   8.185715    
  0.0000000E+00  1.1958323E-30   8.185715    
 
  0.0000000E+00  9.8156618E-31   8.307143    
   15.00000      9.4050776E-31   8.307143    
   30.00000      9.3938409E-31   8.307143    
   45.00000      9.7842827E-31   8.307143    
   60.00000      1.0474855E-30   8.307143    
   75.00000      1.1256840E-30   8.307143    
   90.00000      1.1860336E-30   8.307143    
   105.0000      1.2058768E-30   8.307143    
   120.0000      1.1769456E-30   8.307143    
   135.0000      1.1075782E-30   8.307143    
   150.0000      1.0181507E-30   8.307143    
   165.0000      9.3184437E-31   8.307143    
   180.0000      8.6832414E-31   8.307143    
   195.0000      8.3963888E-31   8.307143    
   210.0000      8.5232161E-31   8.307143    
   225.0000      9.0696179E-31   8.307143    
   240.0000      9.9793706E-31   8.307143    
   255.0000      1.1080924E-30   8.307143    
   270.0000      1.2103536E-30   8.307143    
   285.0000      1.2745173E-30   8.307143    
   300.0000      1.2808151E-30   8.307143    
   315.0000      1.2305521E-30   8.307143    
   330.0000      1.1459210E-30   8.307143    
   345.0000      1.0551555E-30   8.307143    
  0.0000000E+00  9.8156618E-31   8.307143    
 
  0.0000000E+00  8.0748074E-31   8.428572    
   15.00000      7.7167546E-31   8.428572    
   30.00000      7.7010218E-31   8.428572    
   45.00000      8.0275553E-31   8.428572    
   60.00000      8.6115155E-31   8.428572    
   75.00000      9.2817363E-31   8.428572    
   90.00000      9.8132488E-31   8.428572    
   105.0000      1.0010126E-30   8.428572    
   120.0000      9.7919168E-31   8.428572    
   135.0000      9.2216892E-31   8.428572    
   150.0000      8.4714041E-31   8.428572    
   165.0000      7.7418528E-31   8.428572    
   180.0000      7.2028365E-31   8.428572    
   195.0000      6.9578554E-31   8.428572    
   210.0000      7.0619845E-31   8.428572    
   225.0000      7.5207842E-31   8.428572    
   240.0000      8.2875568E-31   8.428572    
   255.0000      9.2189405E-31   8.428572    
   270.0000      1.0084896E-30   8.428572    
   285.0000      1.0624152E-30   8.428572    
   300.0000      1.0667562E-30   8.428572    
   315.0000      1.0229278E-30   8.428572    
   330.0000      9.4979473E-31   8.428572    
   345.0000      8.7127453E-31   8.428572    
  0.0000000E+00  8.0748074E-31   8.428572    
 
  0.0000000E+00  6.6578293E-31   8.550000    
   15.00000      6.3481533E-31   8.550000    
   30.00000      6.3318709E-31   8.550000    
   45.00000      6.6071914E-31   8.550000    
   60.00000      7.1036666E-31   8.550000    
   75.00000      7.6808353E-31   8.550000    
   90.00000      8.1498556E-31   8.550000    
   105.0000      8.3403732E-31   8.550000    
   120.0000      8.1752660E-31   8.550000    
   135.0000      7.7028302E-31   8.550000    
   150.0000      7.0694832E-31   8.550000    
   165.0000      6.4497983E-31   8.550000    
   180.0000      5.9905049E-31   8.550000    
   195.0000      5.7803731E-31   8.550000    
   210.0000      5.8656341E-31   8.550000    
   225.0000      6.2513363E-31   8.550000    
   240.0000      6.8986265E-31   8.550000    
   255.0000      7.6874820E-31   8.550000    
   270.0000      8.4218528E-31   8.550000    
   285.0000      8.8759124E-31   8.550000    
   300.0000      8.9046735E-31   8.550000    
   315.0000      8.5218479E-31   8.550000    
   330.0000      7.8885451E-31   8.550000    
   345.0000      7.2091949E-31   8.550000    
  0.0000000E+00  6.6578293E-31   8.550000    
 
  0.0000000E+00  5.5023583E-31   8.671429    
   15.00000      5.2362960E-31   8.671429    
   30.00000      5.2216216E-31   8.671429    
   45.00000      5.4554326E-31   8.671429    
   60.00000      5.8795317E-31   8.671429    
   75.00000      6.3784091E-31   8.671429    
   90.00000      6.7927483E-31   8.671429    
   105.0000      6.9735986E-31   8.671429    
   120.0000      6.8481517E-31   8.671429    
   135.0000      6.4537912E-31   8.671429    
   150.0000      5.9162767E-31   8.671429    
   165.0000      5.3877787E-31   8.671429    
   180.0000      4.9950959E-31   8.671429    
   195.0000      4.8142362E-31   8.671429    
   210.0000      4.8838837E-31   8.671429    
   225.0000      5.2085167E-31   8.671429    
   240.0000      5.7557559E-31   8.671429    
   255.0000      6.4248825E-31   8.671429    
   270.0000      7.0483859E-31   8.671429    
   285.0000      7.4312242E-31   8.671429    
   300.0000      7.4489469E-31   8.671429    
   315.0000      7.1141943E-31   8.671429    
   330.0000      6.5649789E-31   8.671429    
   345.0000      5.9774555E-31   8.671429    
  0.0000000E+00  5.5023583E-31   8.671429    
 
  0.0000000E+00  4.5582563E-31   8.792857    
   15.00000      4.3309378E-31   8.792857    
   30.00000      4.3188988E-31   8.792857    
   45.00000      4.5186671E-31   8.792857    
   60.00000      4.8823725E-31   8.792857    
   75.00000      5.3148882E-31   8.792857    
   90.00000      5.6810434E-31   8.792857    
   105.0000      5.8501382E-31   8.792857    
   120.0000      5.7542640E-31   8.792857    
   135.0000      5.4228404E-31   8.792857    
   150.0000      4.9645424E-31   8.792857    
   165.0000      4.5122841E-31   8.792857    
   180.0000      4.1755939E-31   8.792857    
   195.0000      4.0195427E-31   8.792857    
   210.0000      4.0763643E-31   8.792857    
   225.0000      4.3498990E-31   8.792857    
   240.0000      4.8131115E-31   8.792857    
   255.0000      5.3812942E-31   8.792857    
   270.0000      5.9111069E-31   8.792857    
   285.0000      6.2342620E-31   8.792857    
   300.0000      6.2436166E-31   8.792857    
   315.0000      5.9505649E-31   8.792857    
   330.0000      5.4740562E-31   8.792857    
   345.0000      4.9665135E-31   8.792857    
  0.0000000E+00  4.5582563E-31   8.792857    
 
  0.0000000E+00  3.7851847E-31   8.914286    
   15.00000      3.5918805E-31   8.914286    
   30.00000      3.5828259E-31   8.914286    
   45.00000      3.7543954E-31   8.914286    
   60.00000      4.0673995E-31   8.914286    
   75.00000      4.4432027E-31   8.914286    
   90.00000      4.7666484E-31   8.914286    
   105.0000      4.9228015E-31   8.914286    
   120.0000      4.8490139E-31   8.914286    
   135.0000      4.5687727E-31   8.914286    
   150.0000      4.1764952E-31   8.914286    
   165.0000      3.7883743E-31   8.914286    
   180.0000      3.4990818E-31   8.914286    
   195.0000      3.3641877E-31   8.914286    
   210.0000      3.4104834E-31   8.914286    
   225.0000      3.6411631E-31   8.914286    
   240.0000      4.0336477E-31   8.914286    
   255.0000      4.5164947E-31   8.914286    
   270.0000      4.9669508E-31   8.914286    
   285.0000      5.2398324E-31   8.914286    
   300.0000      5.2428614E-31   8.914286    
   315.0000      4.9862289E-31   8.914286    
   330.0000      4.5729001E-31   8.914286    
   345.0000      4.1350487E-31   8.914286    
  0.0000000E+00  3.7851847E-31   8.914286    
 
  0.0000000E+00  3.1506441E-31   9.035714    
   15.00000      2.9869443E-31   9.035714    
   30.00000      2.9808437E-31   9.035714    
   45.00000      3.1288467E-31   9.035714    
   60.00000      3.3989570E-31   9.035714    
   75.00000      3.7259353E-31   9.035714    
   90.00000      4.0114050E-31   9.035714    
   105.0000      4.1541321E-31   9.035714    
   120.0000      4.0968677E-31   9.035714    
   135.0000      3.8586731E-31   9.035714    
   150.0000      3.5218121E-31   9.035714    
   165.0000      3.1879924E-31   9.035714    
   180.0000      2.9390166E-31   9.035714    
   195.0000      2.8222430E-31   9.035714    
   210.0000      2.8599068E-31   9.035714    
   225.0000      3.0546025E-31   9.035714    
   240.0000      3.3873182E-31   9.035714    
   255.0000      3.7978017E-31   9.035714    
   270.0000      4.1808337E-31   9.035714    
   285.0000      4.4112899E-31   9.035714    
   300.0000      4.4096432E-31   9.035714    
   315.0000      4.1849621E-31   9.035714    
   330.0000      3.8267053E-31   9.035714    
   345.0000      3.4497016E-31   9.035714    
  0.0000000E+00  3.1506441E-31   9.035714    
 
  0.0000000E+00  2.6280245E-31   9.157143    
   15.00000      2.4899317E-31   9.157143    
   30.00000      2.4865585E-31   9.157143    
   45.00000      2.6147043E-31   9.157143    
   60.00000      2.8483030E-31   9.157143    
   75.00000      3.1330836E-31   9.157143    
   90.00000      3.3847128E-31   9.157143    
   105.0000      3.5141009E-31   9.157143    
   120.0000      3.4692891E-31   9.157143    
   135.0000      3.2659803E-31   9.157143    
   150.0000      2.9760672E-31   9.157143    
   165.0000      2.6885258E-31   9.157143    
   180.0000      2.4740138E-31   9.157143    
   195.0000      2.3728708E-31   9.157143    
   210.0000      2.4034625E-31   9.157143    
   225.0000      2.5678491E-31   9.157143    
   240.0000      2.8499419E-31   9.157143    
   255.0000      3.1987952E-31   9.157143    
   270.0000      3.5242727E-31   9.157143    
   285.0000      3.7186853E-31   9.157143    
   300.0000      3.7135395E-31   9.157143    
   315.0000      3.5169992E-31   9.157143    
   330.0000      3.2069263E-31   9.157143    
   345.0000      2.8829763E-31   9.157143    
  0.0000000E+00  2.6280245E-31   9.157143    
 
  0.0000000E+00  2.1967582E-31   9.278572    
   15.00000      2.0807294E-31   9.278572    
   30.00000      2.0797439E-31   9.278572    
   45.00000      2.1909682E-31   9.278572    
   60.00000      2.3932416E-31   9.278572    
   75.00000      2.6412357E-31   9.278572    
   90.00000      2.8625422E-31   9.278572    
   105.0000      2.9788285E-31   9.278572    
   120.0000      2.9433513E-31   9.278572    
   135.0000      2.7692122E-31   9.278572    
   150.0000      2.5193348E-31   9.278572    
   165.0000      2.2714458E-31   9.278572    
   180.0000      2.0865530E-31   9.278572    
   195.0000      1.9989415E-31   9.278572    
   210.0000      2.0237278E-31   9.278572    
   225.0000      2.1624822E-31   9.278572    
   240.0000      2.4015357E-31   9.278572    
   255.0000      2.6977607E-31   9.278572    
   270.0000      2.9740701E-31   9.278572    
   285.0000      3.1379001E-31   9.278572    
   300.0000      3.1303440E-31   9.278572    
   315.0000      2.9588152E-31   9.278572    
   330.0000      2.6910778E-31   9.278572    
   345.0000      2.4134667E-31   9.278572    
  0.0000000E+00  2.1967582E-31   9.278572    
 
  0.0000000E+00  1.8398478E-31   9.400000    
   15.00000      1.7427508E-31   9.400000    
   30.00000      1.7437583E-31   9.400000    
   45.00000      1.8404431E-31   9.400000    
   60.00000      2.0156105E-31   9.400000    
   75.00000      2.2313173E-31   9.400000    
   90.00000      2.4253535E-31   9.400000    
   105.0000      2.5290013E-31   9.400000    
   120.0000      2.5005461E-31   9.400000    
   135.0000      2.3510357E-31   9.400000    
   150.0000      2.1355340E-31   9.400000    
   165.0000      1.9218576E-31   9.400000    
   180.0000      1.7625575E-31   9.400000    
   195.0000      1.6867232E-31   9.400000    
   210.0000      1.7067454E-31   9.400000    
   225.0000      1.8237720E-31   9.400000    
   240.0000      2.0261291E-31   9.400000    
   255.0000      2.2773158E-31   9.400000    
   270.0000      2.5114820E-31   9.400000    
   285.0000      2.6493224E-31   9.400000    
   300.0000      2.6402652E-31   9.400000    
   315.0000      2.4910710E-31   9.400000    
   330.0000      2.2605946E-31   9.400000    
   345.0000      2.0234541E-31   9.400000    
  0.0000000E+00  1.8398478E-31   9.400000    
 
  0.0000000E+00  1.5436752E-31   9.521429    
   15.00000      1.4627708E-31   9.521429    
   30.00000      1.4653602E-31   9.521429    
   45.00000      1.5494205E-31   9.521429    
   60.00000      1.7009169E-31   9.521429    
   75.00000      1.8877207E-31   9.521429    
   90.00000      2.0566828E-31   9.521429    
   105.0000      2.1477932E-31   9.521429    
   120.0000      2.1243035E-31   9.521429    
   135.0000      1.9957997E-31   9.521429    
   150.0000      1.8105756E-31   9.521429    
   165.0000      1.6278399E-31   9.521429    
   180.0000      1.4907645E-31   9.521429    
   195.0000      1.4252401E-31   9.521429    
   210.0000      1.4413781E-31   9.521429    
   225.0000      1.5399521E-31   9.521429    
   240.0000      1.7109547E-31   9.521429    
   255.0000      1.9234997E-31   9.521429    
   270.0000      2.1214725E-31   9.521429    
   285.0000      2.2371905E-31   9.521429    
   300.0000      2.2273164E-31   9.521429    
   315.0000      2.0980844E-31   9.521429    
   330.0000      1.9004979E-31   9.521429    
   345.0000      1.6986897E-31   9.521429    
  0.0000000E+00  1.5436752E-31   9.521429    
 
  0.0000000E+00  1.2970865E-31   9.642858    
   15.00000      1.2299273E-31   9.642858    
   30.00000      1.2335919E-31   9.642858    
   45.00000      1.3063927E-31   9.642858    
   60.00000      1.4368628E-31   9.642858    
   75.00000      1.5982127E-31   9.642858    
   90.00000      1.7446506E-31   9.642858    
   105.0000      1.8243929E-31   9.642858    
   120.0000      1.8053641E-31   9.642858    
   135.0000      1.6952539E-31   9.642858    
   150.0000      1.5358751E-31   9.642858    
   165.0000      1.3782538E-31   9.642858    
   180.0000      1.2609838E-31   9.642858    
   195.0000      1.2048253E-31   9.642858    
   210.0000      1.2180364E-31   9.642858    
   225.0000      1.3010588E-31   9.642858    
   240.0000      1.4453098E-31   9.642858    
   255.0000      1.6246730E-31   9.642858    
   270.0000      1.7916100E-31   9.642858    
   285.0000      1.8886922E-31   9.642858    
   300.0000      1.8785823E-31   9.642858    
   315.0000      1.7671910E-31   9.642858    
   330.0000      1.5985129E-31   9.642858    
   345.0000      1.4274698E-31   9.642858    
  0.0000000E+00  1.2970865E-31   9.642858    
 
  0.0000000E+00  1.0908207E-31   9.764286    
   15.00000      1.0353453E-31   9.764286    
   30.00000      1.0397229E-31   9.764286    
   45.00000      1.1025865E-31   9.764286    
   60.00000      1.2145262E-31   9.764286    
   75.00000      1.3533764E-31   9.764286    
   90.00000      1.4800307E-31   9.764286    
   105.0000      1.5494554E-31   9.764286    
   120.0000      1.5335630E-31   9.764286    
   135.0000      1.4392112E-31   9.764286    
   150.0000      1.3025930E-31   9.764286    
   165.0000      1.1676853E-31   9.764286    
   180.0000      1.0673863E-31   9.764286    
   195.0000      1.0191599E-31   9.764286    
   210.0000      1.0297023E-31   9.764286    
   225.0000      1.0991975E-31   9.764286    
   240.0000      1.2202132E-31   9.764286    
   255.0000      1.3707289E-31   9.764286    
   270.0000      1.5105236E-31   9.764286    
   285.0000      1.5911019E-31   9.764286    
   300.0000      1.5813826E-31   9.764286    
   315.0000      1.4864389E-31   9.764286    
   330.0000      1.3438512E-31   9.764286    
   345.0000      1.1999597E-31   9.764286    
  0.0000000E+00  1.0908207E-31   9.764286    
 
  0.0000000E+00  9.1718593E-32   9.885715    
   15.00000      8.7181567E-32   9.885715    
   30.00000      8.7676021E-32   9.885715    
   45.00000      9.3095991E-32   9.885715    
   60.00000      1.0267504E-31   9.885715    
   75.00000      1.1452686E-31   9.885715    
   90.00000      1.2534995E-31   9.885715    
   105.0000      1.3130064E-31   9.885715    
   120.0000      1.2996440E-31   9.885715    
   135.0000      1.2192492E-31   9.885715    
   150.0000      1.1029073E-31   9.885715    
   165.0000      9.8819531E-32   9.885715    
   180.0000      9.0299572E-32   9.885715    
   195.0000      8.6193112E-32   9.885715    
   210.0000      8.7042347E-32   9.885715    
   225.0000      9.2844899E-32   9.885715    
   240.0000      1.0295639E-31   9.885715    
   255.0000      1.1552476E-31   9.885715    
   270.0000      1.2717354E-31   9.885715    
   285.0000      1.3384002E-31   9.885715    
   300.0000      1.3291156E-31   9.885715    
   315.0000      1.2483936E-31   9.885715    
   330.0000      1.1281682E-31   9.885715    
   345.0000      1.0077659E-31   9.885715    
  0.0000000E+00  9.1718593E-32   9.885715    
 
  0.0000000E+00  7.7136797E-32   10.00714    
   15.00000      7.3444370E-32   10.00714    
   30.00000      7.3950479E-32   10.00714    
   45.00000      7.8570901E-32   10.00714    
   60.00000      8.6674218E-32   10.00714    
   75.00000      9.6681260E-32   10.00714    
   90.00000      1.0582207E-31   10.00714    
   105.0000      1.1085340E-31   10.00714    
   120.0000      1.0972998E-31   10.00714    
   135.0000      1.0294221E-31   10.00714    
   150.0000      9.3128693E-32   10.00714    
   165.0000      8.3463878E-32   10.00714    
   180.0000      7.6293486E-32   10.00714    
   195.0000      7.2835193E-32   10.00714    
   210.0000      7.3528106E-32   10.00714    
   225.0000      7.8352940E-32   10.00714    
   240.0000      8.6749250E-32   10.00714    
   255.0000      9.7162237E-32   10.00714    
   270.0000      1.0678322E-31   10.00714    
   285.0000      1.1224545E-31   10.00714    
   300.0000      1.1138701E-31   10.00714    
   315.0000      1.0460879E-31   10.00714    
   330.0000      9.4589162E-32   10.00714    
   345.0000      8.4606711E-32   10.00714    
  0.0000000E+00  7.7136797E-32   10.00714    
 
  0.0000000E+00  6.4786783E-32   10.12857    
   15.00000      6.1806582E-32   10.12857    
   30.00000      6.2293866E-32   10.12857    
   45.00000      6.6182195E-32   10.12857    
   60.00000      7.2948076E-32   10.12857    
   75.00000      8.1279768E-32   10.12857    
   90.00000      8.8884582E-32   10.12857    
   105.0000      9.3070935E-32   10.12857    
   120.0000      9.2134930E-32   10.12857    
   135.0000      8.6479433E-32   10.12857    
   150.0000      7.8307631E-32   10.12857    
   165.0000      7.0265504E-32   10.12857    
   180.0000      6.4304478E-32   10.12857    
   195.0000      6.1432792E-32   10.12857    
   210.0000      6.2006422E-32   10.12857    
   225.0000      6.5993675E-32   10.12857    
   240.0000      7.2905899E-32   10.12857    
   255.0000      8.1443926E-32   10.12857    
   270.0000      8.9295323E-32   10.12857    
   285.0000      9.3711327E-32   10.12857    
   300.0000      9.2933314E-32   10.12857    
   315.0000      8.7314557E-32   10.12857    
   330.0000      7.9066877E-32   10.12857    
   345.0000      7.0884907E-32   10.12857    
  0.0000000E+00  6.4786783E-32   10.12857    
 
  0.0000000E+00  5.4266144E-32   10.25000    
   15.00000      5.1886121E-32   10.25000    
   30.00000      5.2329905E-32   10.25000    
   45.00000      5.5546216E-32   10.25000    
   60.00000      6.1100269E-32   10.25000    
   75.00000      6.7915714E-32   10.25000    
   90.00000      7.4127050E-32   10.25000    
   105.0000      7.7545734E-32   10.25000    
   120.0000      7.6778542E-32   10.25000    
   135.0000      7.2147024E-32   10.25000    
   150.0000      6.5454241E-32   10.25000    
   165.0000      5.8868340E-32   10.25000    
   180.0000      5.3990062E-32   10.25000    
   195.0000      5.1648401E-32   10.25000    
   210.0000      5.2131864E-32   10.25000    
   225.0000      5.5399056E-32   10.25000    
   240.0000      6.1025660E-32   10.25000    
   255.0000      6.7931760E-32   10.25000    
   270.0000      7.4239762E-32   10.25000    
   285.0000      7.7746544E-32   10.25000    
   300.0000      7.7053149E-32   10.25000    
   315.0000      7.2468392E-32   10.25000    
   330.0000      6.5786788E-32   10.25000    
   345.0000      5.9179299E-32   10.25000    
  0.0000000E+00  5.4266144E-32   10.25000    
 
