  0.0000000E+00   89.5733976982406     
   15.00000       89.8988917588619     
   30.00000       90.0676736768986     
   45.00000       90.2012660538933     
   60.00000       90.3143841908433     
   75.00000       90.3800612913677     
   90.00000       90.4010560416820     
   105.0000       90.3787595502839     
   120.0000       90.2674699492683     
   135.0000       89.9846225831971     
   150.0000       89.5146550719000     
   165.0000       88.8476158728234     
   180.0000       88.1291378191427     
   195.0000       87.5287753777836     
   210.0000       87.1196630512236     
   225.0000       86.8229803088982     
   240.0000       86.6320693017695     
   255.0000       86.7649671282265     
   270.0000       87.2039966045500     
   285.0000       87.5597668344617     
   300.0000       87.7112305043030     
   315.0000       87.9176029770981     
   330.0000       88.3688946612319     
   345.0000       89.0103292276158     
   360.0000       89.5733976982406     
   360.0000       101.917781491209     
   375.0000       102.474853881381     
   390.0000       102.745422650600     
   405.0000       102.888387834217     
   420.0000       102.924931834832     
   435.0000       102.860009860151     
   450.0000       102.744848241654     
   465.0000       102.592922860294     
   480.0000       102.330775881764     
   495.0000       101.803237467790     
   510.0000       100.946244420604     
   525.0000       99.9174197594510     
   540.0000       98.8706191544003     
   555.0000       97.9783175086481     
   570.0000       97.3499322331589     
   585.0000       96.9553090081635     
   600.0000       96.7316272847199     
   615.0000       96.9135966179391     
   630.0000       97.5382381822729     
   645.0000       98.1163628574301     
   660.0000       98.4966383070885     
   675.0000       98.9873071245576     
   690.0000       99.8455579739486     
   705.0000       100.962618912309     
   720.0000       101.917781491209     
   720.0000       110.246762675406     
   735.0000       111.003555452460     
   750.0000       111.381686334400     
   765.0000       111.542017978353     
   780.0000       111.505931335018     
   795.0000       111.306031198927     
   810.0000       111.041590062538     
   825.0000       110.740786233354     
   840.0000       110.282488820669     
   855.0000       109.537838222313     
   870.0000       108.493112010184     
   885.0000       107.282443459458     
   900.0000       106.065570441652     
   915.0000       105.001031925047     
   930.0000       104.212584263360     
   945.0000       103.714325644450     
   960.0000       103.488706442416     
   975.0000       103.700484287844     
   990.0000       104.388046068324     
   1005.000       105.117930867578     
   1020.000       105.712877361625     
   1035.000       106.449811285437     
   1050.000       107.586717145580     
   1065.000       109.008963920688     
   1080.000       110.246762675406     
   1080.000       115.980547114418     
   1095.000       116.928075164990     
   1110.000       117.438062751237     
   1125.000       117.653188399937     
   1140.000       117.593369805694     
   1155.000       117.307795557312     
   1170.000       116.921416120468     
   1185.000       116.486495337362     
   1200.000       115.911489511512     
   1215.000       115.069176821473     
   1230.000       113.938142257347     
   1245.000       112.629024858122     
   1260.000       111.294893859949     
   1275.000       110.087902763085     
   1290.000       109.138255839892     
   1305.000       108.504895550203     
   1320.000       108.205157831173     
   1335.000       108.374482286958     
   1350.000       109.065554980702     
   1365.000       109.929021809289     
   1380.000       110.739344528661     
   1395.000       111.671803507438     
   1410.000       112.965666995228     
   1425.000       114.550064929691     
   1440.000       115.980547114418     
   1440.000       119.931682832021     
   1455.000       121.044868871835     
   1470.000       121.697437111417     
   1485.000       122.001670185840     
   1500.000       121.980588510849     
   1515.000       121.686458535295     
   1530.000       121.257728304352     
   1545.000       120.766069882074     
   1560.000       120.145675001533     
   1575.000       119.274527358614     
   1590.000       118.107690702893     
   1605.000       116.728895809308     
   1620.000       115.281617599608     
   1635.000       113.920669355423     
   1650.000       112.788704429985     
   1665.000       111.985694953263     
   1680.000       111.556428657269     
   1695.000       111.610931169313     
   1710.000       112.223857795459     
   1725.000       113.172996871436     
   1740.000       114.227045124349     
   1755.000       115.356296289806     
   1770.000       116.738448302738     
   1785.000       118.382520256850     
   1800.000       119.931682832021     
   1800.000       122.697080159230     
   1815.000       123.918303950925     
   1830.000       124.683829594154     
   1845.000       125.077572774610     
   1860.000       125.134681483042     
   1875.000       124.903318715696     
   1890.000       124.503384246240     
   1905.000       124.018623690452     
   1920.000       123.400272790160     
   1935.000       122.528224035655     
   1950.000       121.333941728442     
   1965.000       119.878872050468     
   1980.000       118.301066520286     
   1995.000       116.771804267871     
   2010.000       115.453427091966     
   2025.000       114.480448362650     
   2040.000       113.922008104592     
   2055.000       113.870183565071     
   2070.000       114.412730546371     
   2085.000       115.414685579266     
   2100.000       116.638917447590     
   2115.000       117.950968920438     
   2130.000       119.431041345423     
   2145.000       121.097141371502     
   2160.000       122.697080159230     
   2160.000       124.802443065746     
   2175.000       126.022643421674     
   2190.000       126.802353399767     
   2205.000       127.220377817068     
   2220.000       127.330122093152     
   2235.000       127.175140511718     
   2250.000       126.845142316531     
   2265.000       126.409136791850     
   2280.000       125.810057621577     
   2295.000       124.920910047561     
   2310.000       123.663323353335     
   2325.000       122.096127199846     
   2340.000       120.367057961182     
   2355.000       118.676757059379     
   2370.000       117.211970001973     
   2385.000       116.131992080756     
   2400.000       115.523456511330     
   2415.000       115.468619472010     
   2430.000       116.048453238211     
   2445.000       117.156478893155     
   2460.000       118.544016671522     
   2475.000       120.015777384866     
   2490.000       121.574732738308     
   2505.000       123.230869410755     
   2520.000       124.802443065746     
   2520.000       126.582375813556     
   2535.000       127.653326729210     
   2550.000       128.311279489627     
   2565.000       128.654428873679     
   2580.000       128.755672852907     
   2595.000       128.655022382517     
   2610.000       128.406188741056     
   2625.000       128.031148852450     
   2640.000       127.432438894720     
   2655.000       126.469568446197     
   2670.000       125.079204308699     
   2685.000       123.348578531577     
   2700.000       121.461401555608     
   2715.000       119.652839047601     
   2730.000       118.132025348112     
   2745.000       117.069419094883     
   2760.000       116.557365045204     
   2775.000       116.669341489495     
   2790.000       117.453762104509     
   2805.000       118.773420880883     
   2820.000       120.352422078538     
   2835.000       121.964800967933     
   2850.000       123.567129362740     
   2865.000       125.152205792385     
   2880.000       126.582375813556     
   2880.000       128.090806607662     
   2895.000       128.879866820537     
   2910.000       129.309055601631     
   2925.000       129.508251070087     
   2940.000       129.562581162849     
   2955.000       129.502328294947     
   2970.000       129.335525710914     
   2985.000       129.009557671718     
   3000.000       128.366462902268     
   3015.000       127.258939368085     
   3030.000       125.668309847408     
   3045.000       123.744136933551     
   3060.000       121.722710813093     
   3075.000       119.872447842880     
   3090.000       118.414510056503     
   3105.000       117.515990913449     
   3120.000       117.262903110794     
   3135.000       117.710946205280     
   3150.000       118.846573628728     
   3165.000       120.459960599266     
   3180.000       122.237830740267     
   3195.000       123.942677963891     
   3210.000       125.511511908701     
   3225.000       126.926683689184     
   3240.000       128.090806607662     
   3240.000       129.237816289059     
   3255.000       129.672312631085     
   3270.000       129.833449283092     
   3285.000       129.877827297253     
   3300.000       129.890890051508     
   3315.000       129.882760913992     
   3330.000       129.801850746476     
   3345.000       129.506066031722     
   3360.000       128.776606776739     
   3375.000       127.478508185926     
   3390.000       125.661834021022     
   3405.000       123.554910004990     
   3420.000       121.450815564336     
   3435.000       119.642897988867     
   3450.000       118.352121106380     
   3465.000       117.732259012505     
   3480.000       117.854268040825     
   3495.000       118.740864847235     
   3510.000       120.292664517485     
   3525.000       122.211996772502     
   3540.000       124.149889005043     
   3555.000       125.867151487421     
   3570.000       127.299328689018     
   3585.000       128.436897649890     
   3600.000       129.237816289059     
   3600.000       129.971758579455     
   3615.000       130.045222406127     
   3630.000       129.956237802037     
   3645.000       129.875283037624     
   3660.000       129.878557005321     
   3675.000       129.946731859646     
   3690.000       129.960113159021     
   3705.000       129.686002969621     
   3720.000       128.856851825919     
   3735.000       127.365359681833     
   3750.000       125.339865859127     
   3765.000       123.088427256632     
   3780.000       120.955211765501     
   3795.000       119.249102187992     
   3810.000       118.183175153861     
   3825.000       117.894384396759     
   3840.000       118.433369768755     
   3855.000       119.776173398994     
   3870.000       121.728424034129     
   3885.000       123.910352655243     
   3900.000       125.942879301927     
   3915.000       127.587728274714     
   3930.000       128.791690383100     
   3945.000       129.575990839396     
   3960.000       129.971758579455     
   3960.000       130.331989031608     
   3975.000       130.079195462807     
   3990.000       129.783747423708     
   4005.000       129.619098756766     
   4020.000       129.647630212120     
   4035.000       129.815914610932     
   4050.000       129.934497047641     
   4065.000       129.687954712726     
   4080.000       128.772629573486     
   4095.000       127.114829108031     
   4110.000       124.918365319336     
   4125.000       122.563558983161     
   4140.000       120.437545266380     
   4155.000       118.858373651489     
   4170.000       118.028682616214     
   4185.000       118.068779059800     
   4200.000       119.007199294825     
   4215.000       120.766136366138     
   4230.000       123.060684079904     
   4245.000       125.442854186420     
   4260.000       127.506426559180     
   4275.000       129.013085241194     
   4290.000       129.931946445501     
   4305.000       130.333729097438     
   4320.000       130.331989031608     
   4320.000       130.401286579611     
   4335.000       129.872567053991     
   4350.000       129.418821068772     
   4365.000       129.209813084836     
   4380.000       129.292830215296     
   4395.000       129.579337891699     
   4410.000       129.813635528437     
   4425.000       129.608185671863     
   4440.000       128.632143956482     
   4455.000       126.844434222369     
   4470.000       124.515990216690     
   4485.000       122.089944307408     
   4500.000       119.989319661281     
   4515.000       118.537789506166     
   4530.000       117.928206512042     
   4545.000       118.266535547350     
   4560.000       119.557569664045     
   4575.000       121.668951646112     
   4590.000       124.237089312770     
   4605.000       126.758972574140     
   4620.000       128.802133488294     
   4635.000       130.128632341013     
   4650.000       130.738988107602     
   4665.000       130.764680922888     
   4680.000       130.401286579611     
   4680.000       130.258599461163     
   4695.000       129.506583985238     
   4710.000       128.939498176861     
   4725.000       128.719860113315     
   4740.000       128.879820594220     
   4755.000       129.296691158015     
   4770.000       129.654446919835     
   4785.000       129.503908055678     
   4800.000       128.492927552487     
   4815.000       126.609289955209     
   4830.000       124.181707331432     
   4845.000       121.707180071260     
   4860.000       119.638790738260     
   4875.000       118.304597235375     
   4890.000       117.888661725350     
   4905.000       118.483973811777     
   4920.000       120.071520746161     
   4935.000       122.467834939044     
   4950.000       125.244028080294     
   4965.000       127.852430499877     
   4980.000       129.835403933299     
   4995.000       130.958322168018     
   5010.000       131.259771266425     
   5025.000       130.936247482117     
   5040.000       130.258599461163     
   5040.000       129.960868740754     
   5055.000       129.035770216491     
   5070.000       128.395590797911     
   5085.000       128.193552158045     
   5100.000       128.446915593716     
   5115.000       129.000843767803     
   5130.000       129.485923302804     
   5145.000       129.401059838751     
   5160.000       128.377100867357     
   5175.000       126.426430956418     
   5190.000       123.926701457606     
   5205.000       121.420577438592     
   5220.000       119.386759647475     
   5235.000       118.156002840140     
   5250.000       117.904472578736     
   5265.000       118.713286330966     
   5280.000       120.540400028911     
   5295.000       123.156901728345     
   5310.000       126.081344555418     
   5325.000       128.729687840630     
   5340.000       130.621644554172     
   5355.000       131.530623154771     
   5370.000       131.537213740957     
   5385.000       130.901915628303     
   5400.000       129.960868740754     
   5400.000       129.539923090667     
   5415.000       128.488730580937     
   5430.000       127.810969692087     
   5445.000       127.649592742929     
   5460.000       128.007157509094     
   5475.000       128.699532025824     
   5490.000       129.311527919437     
   5505.000       129.299434847401     
   5520.000       128.280778928208     
   5535.000       126.288452329027     
   5550.000       123.740661974227     
   5565.000       121.218174314224     
   5580.000       119.220315480635     
   5595.000       118.078748153456     
   5610.000       117.962372487995     
   5625.000       118.941150203806     
   5640.000       120.951658591786     
   5655.000       123.726528573033     
   5670.000       126.743593224507     
   5685.000       129.389793946918     
   5700.000       131.166926219099     
   5715.000       131.861276776806     
   5730.000       131.596721541772     
   5745.000       130.692956124600     
   5760.000       129.539923090667     
   5760.000       129.002620880008     
   5775.000       127.869781948630     
   5790.000       127.186060489280     
   5805.000       127.083342684663     
   5820.000       127.550162253215     
   5835.000       128.376760444526     
   5850.000       129.110672103919     
   5865.000       129.175048950972     
   5880.000       128.177818720030     
   5895.000       126.168477075865     
   5910.000       123.597447572036     
   5925.000       121.075453231113     
   5940.000       119.116540673842     
   5955.000       118.051239959674     
   5970.000       118.041288682021     
   5985.000       119.146030204897     
   6000.000       121.283268581169     
   6015.000       124.155213144559     
   6030.000       127.210506769941     
   6045.000       129.814669527170     
   6060.000       131.458442473892     
   6075.000       131.945168534512     
   6090.000       131.440646693850     
   6105.000       130.316044509137     
   6120.000       129.002620880008     
   6120.000       128.332100277393     
   6135.000       127.161036715398     
   6150.000       126.500106970963     
   6165.000       126.469348255147     
   6180.000       127.044467080544     
   6195.000       127.994862100002     
   6210.000       128.840630661789     
   6225.000       128.982188169575     
   6240.000       128.022156425104     
   6255.000       126.022753216203     
   6270.000       123.457677160283     
   6285.000       120.957618047416     
   6300.000       119.044508936915     
   6315.000       118.044864920269     
   6330.000       118.112799680940     
   6345.000       119.297558630647     
   6360.000       121.501786264356     
   6375.000       124.406439745784     
   6390.000       127.442865268224     
   6405.000       129.964694833533     
   6420.000       131.459998042061     
   6435.000       131.752581509505     
   6450.000       131.046125402552     
   6465.000       129.752836538346     
   6480.000       128.332100277393     
   6480.000       127.489516846877     
   6495.000       126.324583522718     
   6510.000       125.713460927884     
   6525.000       125.763523416826     
   6540.000       126.439408059050     
   6555.000       127.496026100732     
   6570.000       128.437803058222     
   6585.000       128.654624404406     
   6600.000       127.749178675599     
   6615.000       125.792281436915     
   6630.000       123.270349354501     
   6645.000       120.821587384389     
   6660.000       118.967207940164     
   6675.000       118.025658949763     
   6690.000       118.142376462865     
   6705.000       119.357130781083     
   6720.000       121.562111155255     
   6735.000       124.427523496413     
   6750.000       127.380955193286     
   6765.000       129.776499378202     
   6780.000       131.109725559214     
   6795.000       131.227440398822     
   6810.000       130.364391144992     
   6825.000       128.960819204086     
   6840.000       127.489516846877     
   6840.000       126.416580072056     
   6855.000       125.305467368383     
   6870.000       124.770713411659     
   6885.000       124.906107411187     
   6900.000       125.667603077945     
   6915.000       126.804130347451     
   6930.000       127.818908823809     
   6945.000       128.106415541254     
   6960.000       127.276525131649     
   6975.000       125.403969111627     
   6990.000       122.974473494601     
   7005.000       120.618144493033     
   7020.000       118.843988805627     
   7035.000       117.956772773046     
   7050.000       118.091584283457     
   7065.000       119.279560741525     
   7080.000       121.408196014652     
   7095.000       124.149450775374     
   7110.000       126.943785623441     
   7125.000       129.161693092462     
   7140.000       130.318724592117     
   7155.000       130.286614208907     
   7170.000       129.321462044646     
   7185.000       127.875036624447     
   7200.000       126.416580072056     
   7200.000       125.036184267221     
   7215.000       124.032929725488     
   7230.000       123.602182137895     
   7245.000       123.823026242131     
   7260.000       124.646014091647     
   7275.000       125.824913633815     
   7290.000       126.880236964428     
   7305.000       127.230506181413     
   7320.000       126.502602063378     
   7335.000       124.769509024261     
   7350.000       122.498763311782     
   7365.000       120.292116109130     
   7380.000       118.631089360134     
   7395.000       117.798909833959     
   7410.000       117.917860772123     
   7425.000       119.011612558728     
   7440.000       120.970451440111     
   7455.000       123.483412126695     
   7470.000       126.024654935903     
   7485.000       128.001857785127     
   7500.000       128.966586201353     
   7515.000       128.816776997955     
   7530.000       127.816372250998     
   7545.000       126.407707760210     
   7560.000       125.036184267221     
   7560.000       123.249408591630     
   7575.000       122.418361070998     
   7590.000       122.122177362676     
   7605.000       122.423741985768     
   7620.000       123.272495520442     
   7635.000       124.440900144112     
   7650.000       125.490915003341     
   7665.000       125.891384639893     
   7680.000       125.299986027501     
   7695.000       123.781178044833     
   7710.000       121.760684824918     
   7725.000       119.784008803804     
   7740.000       118.284408425633     
   7755.000       117.513075219305     
   7770.000       117.576503331222     
   7785.000       118.492704319077     
   7800.000       120.164323752235     
   7815.000       122.316551048231     
   7830.000       124.484134585082     
   7845.000       126.140072628343     
   7860.000       126.892507880894     
   7875.000       126.666312677920     
   7890.000       125.714800503265     
   7905.000       124.443707953457     
   7920.000       123.249408591630     
   7920.000       120.926213357613     
   7935.000       120.346405274952     
   7950.000       120.219513621801     
   7965.000       120.589939134836     
   7980.000       121.411477971023     
   7995.000       122.493536466659     
   8010.000       123.472038580885     
   8025.000       123.902962706187     
   8040.000       123.495329119339     
   8055.000       122.296502285596     
   8070.000       120.656997746988     
   8085.000       119.026161668673     
   8100.000       117.759810369348     
   8115.000       117.062954850714     
   8130.000       117.023079481790     
   8145.000       117.655500507534     
   8160.000       118.887821064245     
   8175.000       120.505982525467     
   8190.000       122.140873412564     
   8205.000       123.368787614885     
   8220.000       123.881794302974     
   8235.000       123.632055877938     
   8250.000       122.837092553178     
   8265.000       121.830119049870     
   8280.000       120.926213357613     
   8280.000       117.884928381898     
   8295.000       117.655770778971     
   8310.000       117.736737584781     
   8325.000       118.149899322342     
   8340.000       118.859958746813     
   8355.000       119.737890362847     
   8370.000       120.540679466511     
   8385.000       120.967390903429     
   8400.000       120.811928677763     
   8415.000       120.092165627497     
   8430.000       119.031886796522     
   8445.000       117.923794470250     
   8460.000       117.002831070048     
   8475.000       116.408611670964     
   8490.000       116.206863365335     
   8505.000       116.416033323459     
   8520.000       117.006141381487     
   8535.000       117.856369555367     
   8550.000       118.741861689163     
   8565.000       119.395003405223     
   8580.000       119.629711385434     
   8595.000       119.425762662770     
   8610.000       118.929453672572     
   8625.000       118.352224182332     
   8640.000       117.884928381898     
