  0.0000000E+00   87.5912548953953     
   15.00000       87.2848613840531     
   30.00000       86.7657283713130     
   45.00000       86.0697980510570     
   60.00000       85.5367111642675     
   75.00000       85.3259058363553     
   90.00000       85.4172054385947     
   105.0000       85.6794118021071     
   120.0000       85.9742167629640     
   135.0000       86.2127401832739     
   150.0000       86.3699926478029     
   165.0000       86.4837729075496     
   180.0000       86.6070980448923     
   195.0000       86.8003021742947     
   210.0000       87.1780724975097     
   225.0000       87.8969550657871     
   240.0000       88.6772317656801     
   255.0000       89.0855099860504     
   270.0000       89.3648159245445     
   285.0000       89.5171200288454     
   300.0000       89.4593331110645     
   315.0000       89.1738150188676     
   330.0000       88.7206451830583     
   345.0000       88.1512326603340     
   360.0000       87.5912548953953     
   360.0000       97.6421564504548     
   375.0000       97.1511454284386     
   390.0000       96.6321082461385     
   405.0000       95.7267995888787     
   420.0000       94.9545452626476     
   435.0000       94.6008628436775     
   450.0000       94.6959243575457     
   465.0000       95.0764552211504     
   480.0000       95.5486091457154     
   495.0000       95.9776310325851     
   510.0000       96.3072363872740     
   525.0000       96.5723208699753     
   540.0000       96.8305347171402     
   555.0000       97.1381462199765     
   570.0000       97.6803865049855     
   585.0000       98.5651867520403     
   600.0000       99.2973342748876     
   615.0000       99.7419867001681     
   630.0000       100.062341754084     
   645.0000       100.245315266643     
   660.0000       100.168201166703     
   675.0000       99.7974258469016     
   690.0000       99.2046493186020     
   705.0000       98.4350176267720     
   720.0000       97.6421564504548     
   720.0000       103.853614376676     
   735.0000       103.222670279571     
   750.0000       102.716756290423     
   765.0000       101.908184581216     
   780.0000       101.085390667133     
   795.0000       100.661143573620     
   810.0000       100.721166741952     
   825.0000       101.125810463996     
   840.0000       101.683118962863     
   855.0000       102.237940990011     
   870.0000       102.706021111300     
   885.0000       103.103061266397     
   900.0000       103.474025174353     
   915.0000       103.865107776347     
   930.0000       104.451850312351     
   945.0000       105.208455014231     
   960.0000       105.776584898005     
   975.0000       106.172528731877     
   990.0000       106.468332506599     
   1005.000       106.647598632044     
   1020.000       106.571254209875     
   1035.000       106.190971433156     
   1050.000       105.572944253058     
   1065.000       104.747658957065     
   1080.000       103.853614376676     
   1080.000       107.834331627111     
   1095.000       107.081645158429     
   1110.000       106.530056577096     
   1125.000       105.888422176430     
   1140.000       105.150203648238     
   1155.000       104.708280226544     
   1170.000       104.721489019025     
   1185.000       105.097911481888     
   1200.000       105.679789581737     
   1215.000       106.308772711328     
   1230.000       106.876202340763     
   1245.000       107.379896980201     
   1260.000       107.833298171549     
   1275.000       108.267316064057     
   1290.000       108.798950010020     
   1305.000       109.350317514929     
   1320.000       109.798166470007     
   1335.000       110.138966051032     
   1350.000       110.402352116024     
   1365.000       110.577883970512     
   1380.000       110.525987470064     
   1395.000       110.178981997051     
   1410.000       109.587402410778     
   1425.000       108.771417103090     
   1440.000       107.834331627111     
   1440.000       110.381584813856     
   1455.000       109.513778498130     
   1470.000       108.862278262551     
   1485.000       108.282971148496     
   1500.000       107.712532710436     
   1515.000       107.323109326139     
   1530.000       107.308740657285     
   1545.000       107.650457040468     
   1560.000       108.233276400680     
   1575.000       108.906755610863     
   1590.000       109.547298527181     
   1605.000       110.121099322043     
   1620.000       110.620506528949     
   1635.000       111.051246298619     
   1650.000       111.464051950644     
   1665.000       111.873071905432     
   1680.000       112.234686014772     
   1695.000       112.536240666012     
   1710.000       112.779878836213     
   1725.000       112.963328401071     
   1740.000       112.956479609132     
   1755.000       112.667181667455     
   1770.000       112.121588511388     
   1785.000       111.337443597913     
   1800.000       110.381584813856     
   1800.000       111.881806283566     
   1815.000       110.909498214491     
   1830.000       110.135971576852     
   1845.000       109.539245050357     
   1860.000       109.058551587031     
   1875.000       108.795381393434     
   1890.000       108.834250950216     
   1905.000       109.191036625884     
   1920.000       109.796727871232     
   1935.000       110.508131761856     
   1950.000       111.194945104310     
   1965.000       111.800554167160     
   1980.000       112.299531282090     
   1995.000       112.673648409139     
   2010.000       112.995843982322     
   2025.000       113.304227365706     
   2040.000       113.601196019084     
   2055.000       113.879544520561     
   2070.000       114.120659310818     
   2085.000       114.322510313037     
   2100.000       114.365039284940     
   2115.000       114.132140623407     
   2130.000       113.621206821012     
   2145.000       112.855239456990     
   2160.000       111.881806283566     
   2160.000       112.500517798849     
   2175.000       111.444749274940     
   2190.000       110.572399104467     
   2205.000       109.943571262555     
   2220.000       109.523952683897     
   2235.000       109.373911399264     
   2250.000       109.533976239828     
   2265.000       109.999995357008     
   2280.000       110.686808805845     
   2295.000       111.452064795836     
   2310.000       112.159876312215     
   2325.000       112.747464136049     
   2340.000       113.195979199618     
   2355.000       113.506177961883     
   2370.000       113.747088991644     
   2385.000       113.974465883000     
   2400.000       114.221124088983     
   2415.000       114.488531666094     
   2430.000       114.742379357319     
   2445.000       114.966748886629     
   2460.000       115.040253043004     
   2475.000       114.828965821898     
   2490.000       114.308294800135     
   2505.000       113.514538492526     
   2520.000       112.500517798849     
   2520.000       112.342828945461     
   2535.000       111.232305181017     
   2550.000       110.322042411543     
   2565.000       109.709616030367     
   2580.000       109.388548249754     
   2595.000       109.394770084561     
   2610.000       109.735225314098     
   2625.000       110.366097210168     
   2640.000       111.168773649337     
   2655.000       111.985718638235     
   2670.000       112.683925227746     
   2685.000       113.210846678463     
   2700.000       113.566721876856     
   2715.000       113.780039173277     
   2730.000       113.928955705560     
   2745.000       114.083761502846     
   2760.000       114.294463345241     
   2775.000       114.564078251101     
   2790.000       114.841743729093     
   2805.000       115.083529450651     
   2820.000       115.150254659716     
   2835.000       114.899657075678     
   2850.000       114.303883233036     
   2865.000       113.424559987086     
   2880.000       112.342828945461     
   2880.000       111.569197446909     
   2895.000       110.445169229023     
   2910.000       109.572188615358     
   2925.000       109.052672262302     
   2940.000       108.896708045103     
   2955.000       109.120103221028     
   2970.000       109.693892728232     
   2985.000       110.521153377789     
   3000.000       111.439607296626     
   3015.000       112.274265524985     
   3030.000       112.908407987036     
   3045.000       113.316675408707     
   3060.000       113.531858764345     
   3075.000       113.616554667205     
   3090.000       113.664536829818     
   3105.000       113.757356533458     
   3120.000       113.949593743443     
   3135.000       114.234973071986     
   3150.000       114.541937951611     
   3165.000       114.785706635782     
   3180.000       114.800206569973     
   3195.000       114.448476887455     
   3210.000       113.723637968591     
   3225.000       112.723937150401     
   3240.000       111.569197446909     
   3240.000       110.410158559739     
   3255.000       109.319311778942     
   3270.000       108.545450758218     
   3285.000       108.180302749277     
   3300.000       108.238995403216     
   3315.000       108.714442960403     
   3330.000       109.535650061082     
   3345.000       110.547435334341     
   3360.000       111.545256888532     
   3375.000       112.345691159292     
   3390.000       112.861988251154     
   3405.000       113.107069036055     
   3420.000       113.153873565822     
   3435.000       113.098659030344     
   3450.000       113.050334327265     
   3465.000       113.096629055409     
   3480.000       113.286738242853     
   3495.000       113.597080712906     
   3510.000       113.930434311617     
   3525.000       114.157323292879     
   3540.000       114.087293375608     
   3555.000       113.601855545166     
   3570.000       112.730751587140     
   3585.000       111.614161460789     
   3600.000       110.410158559739     
   3600.000       109.086126827944     
   3615.000       108.063568851651     
   3630.000       107.420502363987     
   3645.000       107.234611055233     
   3660.000       107.518528256267     
   3675.000       108.239301914686     
   3690.000       109.281506797255     
   3705.000       110.435923817717     
   3720.000       111.464968998761     
   3735.000       112.188226291035     
   3750.000       112.556114025234     
   3765.000       112.622561016507     
   3780.000       112.500531876900     
   3795.000       112.314071003913     
   3810.000       112.183249059236     
   3825.000       112.196970872408     
   3840.000       112.393867618290     
   3855.000       112.730996229638     
   3870.000       113.084288132887     
   3885.000       113.283196295831     
   3900.000       113.121492927909     
   3915.000       112.506219987169     
   3930.000       111.507341211484     
   3945.000       110.304147256291     
   3960.000       109.086126827944     
   3960.000       107.745626093623     
   3975.000       106.808111437566     
   3990.000       106.300076517497     
   4005.000       106.286943811861     
   4020.000       106.774892653120     
   4035.000       107.705157380964     
   4050.000       108.921133764954     
   4065.000       110.169781490718     
   4080.000       111.191240856984     
   4095.000       111.815731347637     
   4110.000       112.030626886267     
   4125.000       111.927534603036     
   4140.000       111.654249696168     
   4155.000       111.355117004817     
   4170.000       111.157155208803     
   4185.000       111.147130024041     
   4200.000       111.352319178119     
   4215.000       111.712784826881     
   4230.000       112.080332137053     
   4245.000       112.251013797874     
   4260.000       112.010832606690     
   4275.000       111.292312792410     
   4290.000       110.200926266858     
   4305.000       108.947876659357     
   4320.000       107.745626093623     
   4320.000       106.468926409849     
   4335.000       105.619809940641     
   4350.000       105.235524223243     
   4365.000       105.372353902132     
   4380.000       106.028372627604     
   4395.000       107.121703787050     
   4410.000       108.461450999026     
   4425.000       109.761946518434     
   4440.000       110.750693047287     
   4455.000       111.271922389376     
   4470.000       111.345537072985     
   4485.000       111.094856672852     
   4500.000       110.695354426642     
   4515.000       110.304850251754     
   4530.000       110.053903043966     
   4545.000       110.025396981934     
   4560.000       110.236751845083     
   4575.000       110.615057685164     
   4590.000       110.992714763057     
   4605.000       111.140885549289     
   4620.000       110.843222983377     
   4635.000       110.053900700966     
   4650.000       108.906282554046     
   4665.000       107.635381128503     
   4680.000       106.468926409849     
   4680.000       105.299746407673     
   4695.000       104.536091236434     
   4710.000       104.259524783308     
   4725.000       104.518828905185     
   4740.000       105.303741592195     
   4755.000       106.513512334651     
   4770.000       107.931190799349     
   4785.000       109.249182947057     
   4800.000       110.189890596435     
   4815.000       110.612468410653     
   4830.000       110.563630111278     
   4845.000       110.191831098584     
   4860.000       109.692826259724     
   4875.000       109.232237988235     
   4890.000       108.941425937806     
   4905.000       108.898515602505     
   4920.000       109.113150185958     
   4935.000       109.503434613018     
   4950.000       109.887583982272     
   4965.000       110.019783249694     
   4980.000       109.684903181859     
   4995.000       108.854196830656     
   5010.000       107.681394669937     
   5025.000       106.417754254454     
   5040.000       105.299746407673     
   5040.000       104.270067629936     
   5055.000       103.586949416184     
   5070.000       103.401322867722     
   5085.000       103.755629546822     
   5100.000       104.631878185626     
   5115.000       105.915076177546     
   5130.000       107.370427874041     
   5145.000       108.678049565734     
   5160.000       109.561191854332     
   5175.000       109.893755652828     
   5190.000       109.743575647619     
   5205.000       109.277795875935     
   5220.000       108.705443355355     
   5235.000       108.195242712915     
   5250.000       107.877022909850     
   5265.000       107.823673365397     
   5280.000       108.038986324887     
   5295.000       108.435506138151     
   5310.000       108.822337895991     
   5325.000       108.943718537713     
   5340.000       108.588371339871     
   5355.000       107.740595464609     
   5370.000       106.567885780189     
   5385.000       105.331011858602     
   5400.000       104.270067629936     
   5400.000       103.411577329682     
   5415.000       102.803386501918     
   5430.000       102.692538344401     
   5445.000       103.115790275313     
   5460.000       104.048530282049     
   5475.000       105.366181257855     
   5490.000       106.823809991848     
   5505.000       108.097852431899     
   5520.000       108.917283174909     
   5535.000       109.170142524681     
   5550.000       108.940069828209     
   5565.000       108.406734904084     
   5580.000       107.785956089747     
   5595.000       107.245583705162     
   5610.000       106.911845423233     
   5625.000       106.852112147500     
   5640.000       107.065909368578     
   5655.000       107.463103179966     
   5670.000       107.848464918753     
   5685.000       107.962530790540     
   5700.000       107.600079544054     
   5715.000       106.755174270979     
   5730.000       105.603359219540     
   5745.000       104.409220184777     
   5760.000       103.411577329682     
   5760.000       102.760330960889     
   5775.000       102.221377420348     
   5790.000       102.169949300765     
   5805.000       102.637536004507     
   5820.000       103.594340866595     
   5835.000       104.910758945794     
   5850.000       106.338855838774     
   5865.000       107.559212127357     
   5880.000       108.310708401675     
   5895.000       108.494767232554     
   5910.000       108.205889908866     
   5925.000       107.630362440817     
   5940.000       106.984811050879     
   5955.000       106.432740315239     
   5970.000       106.094886947186     
   5985.000       106.032918197410     
   6000.000       106.243352675325     
   6015.000       106.635854892537     
   6030.000       107.015366102914     
   6045.000       107.124364448837     
   6060.000       106.765710637150     
   6075.000       105.940579012919     
   6090.000       104.827650404458     
   6105.000       103.689831862264     
   6120.000       102.760330960889     
   6120.000       102.360638290141     
   6135.000       101.885354972793     
   6150.000       101.878568778708     
   6165.000       102.366851407492     
   6180.000       103.316894310752     
   6195.000       104.598418790836     
   6210.000       105.967441492413     
   6225.000       107.115732516790     
   6240.000       107.795958615305     
   6255.000       107.922157761359     
   6270.000       107.595021265894     
   6285.000       107.001717535280     
   6300.000       106.354074769923     
   6315.000       105.808104842139     
   6330.000       105.477275964397     
   6345.000       105.417401942269     
   6360.000       105.622982005127     
   6375.000       106.005689116212     
   6390.000       106.374929404818     
   6405.000       106.480359092952     
   6420.000       106.134926260091     
   6435.000       105.344735355910     
   6450.000       104.287079639701     
   6465.000       103.217820690165     
   6480.000       102.360638290141     
   6480.000       102.269422287251     
   6495.000       101.852349187737     
   6510.000       101.875532322332     
   6525.000       102.361032415409     
   6540.000       103.273879461423     
   6555.000       104.487447998341     
   6570.000       105.768573247534     
   6585.000       106.826870926506     
   6600.000       107.432555967758     
   6615.000       107.511585029842     
   6630.000       107.166305710341     
   6645.000       106.579081527696     
   6660.000       105.951535383384     
   6675.000       105.429308707726     
   6690.000       105.116786790465     
   6705.000       105.063764515211     
   6720.000       105.263489480034     
   6735.000       105.631695535106     
   6750.000       105.986434771078     
   6765.000       106.089578497141     
   6780.000       105.766258591840     
   6795.000       105.025631148140     
   6810.000       104.039098261989     
   6825.000       103.050245527466     
   6840.000       102.269422287251     
   6840.000       102.562896231365     
   6855.000       102.198441823292     
   6870.000       102.236245959121     
   6885.000       102.694345324875     
   6900.000       103.538299286905     
   6915.000       104.649708184462     
   6930.000       105.813056436683     
   6945.000       106.762423540632     
   6960.000       107.289519305283     
   6975.000       107.331611112992     
   6990.000       106.988197744167     
   7005.000       106.431074577210     
   7020.000       105.846233878508     
   7035.000       105.365979819017     
   7050.000       105.083793111621     
   7065.000       105.043253796964     
   7080.000       105.236927617990     
   7095.000       105.586585347323     
   7110.000       105.923120560968     
   7125.000       106.025679308636     
   7140.000       105.733866797240     
   7155.000       105.058081335833     
   7170.000       104.159145118671     
   7185.000       103.263068389324     
   7200.000       102.562896231365     
   7200.000       103.347661094924     
   7215.000       103.029423703759     
   7230.000       103.064406418408     
   7245.000       103.467488591055     
   7260.000       104.207365194931     
   7275.000       105.178823326757     
   7290.000       106.191184068027     
   7305.000       107.009947408375     
   7320.000       107.452720319926     
   7335.000       107.467648335820     
   7350.000       107.146634240296     
   7365.000       106.644838675728     
   7380.000       106.126885158564     
   7395.000       105.708618627102     
   7410.000       105.470595462597     
   7425.000       105.449839624965     
   7440.000       105.638670623025     
   7455.000       105.966906006237     
   7470.000       106.282617096818     
   7485.000       106.387556498871     
   7500.000       106.138400853605     
   7515.000       105.544888796046     
   7530.000       104.752069702879     
   7545.000       103.962502077965     
   7560.000       103.347661094924     
   7560.000       104.778799782878     
   7575.000       104.498331461658     
   7590.000       104.508697149811     
   7605.000       104.823073559433     
   7620.000       105.416668200211     
   7635.000       106.203174578511     
   7650.000       107.024808851194     
   7665.000       107.686311070753     
   7680.000       108.036236255974     
   7695.000       108.033334882250     
   7710.000       107.756696458670     
   7725.000       107.338184318769     
   7740.000       106.914623882951     
   7755.000       106.581918752788     
   7770.000       106.405304534809     
   7785.000       106.414732814228     
   7800.000       106.602516914687     
   7815.000       106.908617338968     
   7830.000       107.203016717664     
   7845.000       107.315956757190     
   7860.000       107.124212037231     
   7875.000       106.634599227850     
   7890.000       105.970224038116     
   7905.000       105.303296705656     
   7920.000       104.778799782878     
   7920.000       107.093078127530     
   7935.000       106.837231353074     
   7950.000       106.792527400117     
   7965.000       106.973000944429     
   7980.000       107.365139514025     
   7995.000       107.908736904677     
   8010.000       108.488491082169     
   8025.000       108.957592900187     
   8040.000       109.201637467917     
   8055.000       109.189867958161     
   8070.000       108.982481382167     
   8085.000       108.680350256284     
   8100.000       108.384838175696     
   8115.000       108.167791973866     
   8130.000       108.076094251443     
   8145.000       108.131855668504     
   8160.000       108.327380264628     
   8175.000       108.615034829202     
   8190.000       108.891995616946     
   8205.000       109.023857634213     
   8220.000       108.911067440655     
   8235.000       108.554467973854     
   8250.000       108.047244659355     
   8265.000       107.522613946491     
   8280.000       107.093078127530     
   8280.000       110.672744303641     
   8295.000       110.417858793422     
   8310.000       110.270405979340     
   8325.000       110.249988937605     
   8340.000       110.361751382010     
   8355.000       110.581361143920     
   8370.000       110.848223980511     
   8385.000       111.075379278197     
   8400.000       111.193085596352     
   8415.000       111.181089627019     
   8430.000       111.073117430415     
   8445.000       110.929662081717     
   8460.000       110.806881401296     
   8475.000       110.747438127234     
   8490.000       110.775788108165     
   8505.000       110.905085384347     
   8520.000       111.127222645000     
   8535.000       111.409447871845     
   8550.000       111.682255908124     
   8565.000       111.854874850346     
   8580.000       111.855575678852     
   8595.000       111.674419134127     
   8610.000       111.363509176923     
   8625.000       111.005478597577     
   8640.000       110.672744303641     
