  0.0000000E+00  3.562591786585868E+036   6.000000    
   22.50000      3.517534539214445E+036   6.000000    
   45.00000      3.483490321736771E+036   6.000000    
   67.50000      3.475726385679328E+036   6.000000    
   90.00000      3.516876855455486E+036   6.000000    
   112.5000      3.557073669730195E+036   6.000000    
   135.0000      3.586459056316922E+036   6.000000    
   157.5000      3.597648381537573E+036   6.000000    
   180.0000      3.560785294548187E+036   6.000000    
   202.5000      3.525953750885283E+036   6.000000    
   225.0000      3.518502761403456E+036   6.000000    
   247.5000      3.554521010274309E+036   6.000000    
   270.0000      3.594211447111615E+036   6.000000    
   292.5000      3.625105482050369E+036   6.000000    
   315.0000      3.639479868542628E+036   6.000000    
   337.5000      3.633138034728278E+036   6.000000    
  0.0000000E+00  3.562591786585868E+036   6.000000    
 
  0.0000000E+00  3.379064368885158E+036   6.283333    
   22.50000      3.330058297758673E+036   6.283333    
   45.00000      3.299004752839914E+036   6.283333    
   67.50000      3.287631249971241E+036   6.283333    
   90.00000      3.326658777974291E+036   6.283333    
   112.5000      3.367261960638640E+036   6.283333    
   135.0000      3.396391655509199E+036   6.283333    
   157.5000      3.410489919186301E+036   6.283333    
   180.0000      3.383258576915720E+036   6.283333    
   202.5000      3.354354621240614E+036   6.283333    
   225.0000      3.325448800949520E+036   6.283333    
   247.5000      3.339709190024717E+036   6.283333    
   270.0000      3.378692966421665E+036   6.283333    
   292.5000      3.410968251069095E+036   6.283333    
   315.0000      3.426133902683976E+036   6.283333    
   337.5000      3.424748957066580E+036   6.283333    
  0.0000000E+00  3.379064368885158E+036   6.283333    
 
  0.0000000E+00  3.113071201421801E+036   6.566667    
   22.50000      3.079320022001895E+036   6.566667    
   45.00000      3.050593294513941E+036   6.566667    
   67.50000      3.031563799712893E+036   6.566667    
   90.00000      3.058284824603623E+036   6.566667    
   112.5000      3.095924252349931E+036   6.566667    
   135.0000      3.125489669671065E+036   6.566667    
   157.5000      3.141773213019912E+036   6.566667    
   180.0000      3.118075921999867E+036   6.566667    
   202.5000      3.088233384561606E+036   6.566667    
   225.0000      3.056648087587701E+036   6.566667    
   247.5000      3.053676722953796E+036   6.566667    
   270.0000      3.083181313973986E+036   6.566667    
   292.5000      3.115255465275158E+036   6.566667    
   315.0000      3.135502273371476E+036   6.566667    
   337.5000      3.138338949353051E+036   6.566667    
  0.0000000E+00  3.113071201421801E+036   6.566667    
 
  0.0000000E+00  2.822724727008270E+036   6.850000    
   22.50000      2.798589604538913E+036   6.850000    
   45.00000      2.778789963905039E+036   6.850000    
   67.50000      2.760513147802828E+036   6.850000    
   90.00000      2.772742503586905E+036   6.850000    
   112.5000      2.801261833282349E+036   6.850000    
   135.0000      2.826760327738047E+036   6.850000    
   157.5000      2.841433730369078E+036   6.850000    
   180.0000      2.826246081306127E+036   6.850000    
   202.5000      2.799874919232872E+036   6.850000    
   225.0000      2.770049910045263E+036   6.850000    
   247.5000      2.754958162196588E+036   6.850000    
   270.0000      2.771665760799254E+036   6.850000    
   292.5000      2.801266752181823E+036   6.850000    
   315.0000      2.826498870644989E+036   6.850000    
   337.5000      2.835213930798300E+036   6.850000    
  0.0000000E+00  2.822724727008270E+036   6.850000    
 
  0.0000000E+00  2.529287763630786E+036   7.133333    
   22.50000      2.512170875583171E+036   7.133333    
   45.00000      2.498823236820499E+036   7.133333    
   67.50000      2.486809893139453E+036   7.133333    
   90.00000      2.495805951491355E+036   7.133333    
   112.5000      2.518636187134052E+036   7.133333    
   135.0000      2.538301077525031E+036   7.133333    
   157.5000      2.547919209283092E+036   7.133333    
   180.0000      2.534701963252150E+036   7.133333    
   202.5000      2.510245329648768E+036   7.133333    
   225.0000      2.483887104300813E+036   7.133333    
   247.5000      2.464992672241691E+036   7.133333    
   270.0000      2.472892859071194E+036   7.133333    
   292.5000      2.497671291262715E+036   7.133333    
   315.0000      2.523088607840038E+036   7.133333    
   337.5000      2.534578538376284E+036   7.133333    
  0.0000000E+00  2.529287763630786E+036   7.133333    
 
  0.0000000E+00  2.244757948789887E+036   7.416667    
   22.50000      2.233911347320771E+036   7.416667    
   45.00000      2.227273798267671E+036   7.416667    
   67.50000      2.223775572100465E+036   7.416667    
   90.00000      2.236049737429394E+036   7.416667    
   112.5000      2.255356765434121E+036   7.416667    
   135.0000      2.267819017183102E+036   7.416667    
   157.5000      2.269152864980820E+036   7.416667    
   180.0000      2.252845320697004E+036   7.416667    
   202.5000      2.229100009394003E+036   7.416667    
   225.0000      2.206625628715005E+036   7.416667    
   247.5000      2.190648835033356E+036   7.416667    
   270.0000      2.196992140277675E+036   7.416667    
   292.5000      2.217434605246863E+036   7.416667    
   315.0000      2.238178004381747E+036   7.416667    
   337.5000      2.247514795284585E+036   7.416667    
  0.0000000E+00  2.244757948789887E+036   7.416667    
 
  0.0000000E+00  1.982419877651575E+036   7.700000    
   22.50000      1.976435567365469E+036   7.700000    
   45.00000      1.974497687961175E+036   7.700000    
   67.50000      1.976601575338554E+036   7.700000    
   90.00000      1.990615108639132E+036   7.700000    
   112.5000      2.005635666360407E+036   7.700000    
   135.0000      2.011702402160109E+036   7.700000    
   157.5000      2.006067991657727E+036   7.700000    
   180.0000      1.986944087262852E+036   7.700000    
   202.5000      1.964295387282896E+036   7.700000    
   225.0000      1.944926120059489E+036   7.700000    
   247.5000      1.933185916866455E+036   7.700000    
   270.0000      1.941011518809055E+036   7.700000    
   292.5000      1.959229357995692E+036   7.700000    
   315.0000      1.976322513706207E+036   7.700000    
   337.5000      1.983789855242230E+036   7.700000    
  0.0000000E+00  1.982419877651575E+036   7.700000    
 
  0.0000000E+00  1.743446275937679E+036   7.983334    
   22.50000      1.740075537023217E+036   7.983334    
   45.00000      1.739950712261392E+036   7.983334    
   67.50000      1.744174430075563E+036   7.983334    
   90.00000      1.757405318474345E+036   7.983334    
   112.5000      1.768565481337986E+036   7.983334    
   135.0000      1.770463619368648E+036   7.983334    
   157.5000      1.760609384994964E+036   7.983334    
   180.0000      1.740593857328986E+036   7.983334    
   202.5000      1.719496052744266E+036   7.983334    
   225.0000      1.702720629080442E+036   7.983334    
   247.5000      1.694745627747594E+036   7.983334    
   270.0000      1.704399363621023E+036   7.983334    
   292.5000      1.721928041222372E+036   7.983334    
   315.0000      1.737347779812743E+036   7.983334    
   337.5000      1.743974661679133E+036   7.983334    
  0.0000000E+00  1.743446275937679E+036   7.983334    
 
  0.0000000E+00  1.523587845373337E+036   8.266666    
   22.50000      1.521450114970438E+036   8.266666    
   45.00000      1.521782062855725E+036   8.266666    
   67.50000      1.526409699233303E+036   8.266666    
   90.00000      1.537816824348345E+036   8.266666    
   112.5000      1.545865613119265E+036   8.266666    
   135.0000      1.545182288099181E+036   8.266666    
   157.5000      1.533464141563440E+036   8.266666    
   180.0000      1.514243237689747E+036   8.266666    
   202.5000      1.495351427079595E+036   8.266666    
   225.0000      1.481233447292657E+036   8.266666    
   247.5000      1.476319893759769E+036   8.266666    
   270.0000      1.486969109781564E+036   8.266666    
   292.5000      1.503683530261586E+036   8.266666    
   315.0000      1.517732215404042E+036   8.266666    
   337.5000      1.523659688506798E+036   8.266666    
  0.0000000E+00  1.523587845373337E+036   8.266666    
 
  0.0000000E+00  1.320113221030181E+036   8.550000    
   22.50000      1.318566840530623E+036   8.550000    
   45.00000      1.318900809869512E+036   8.550000    
   67.50000      1.323190776685043E+036   8.550000    
   90.00000      1.332509200605180E+036   8.550000    
   112.5000      1.338181551354981E+036   8.550000    
   135.0000      1.336040389632098E+036   8.550000    
   157.5000      1.324091626748118E+036   8.550000    
   180.0000      1.306798356157548E+036   8.550000    
   202.5000      1.290519581660591E+036   8.550000    
   225.0000      1.279018772147910E+036   8.550000    
   247.5000      1.276355162337639E+036   8.550000    
   270.0000      1.287002321042978E+036   8.550000    
   292.5000      1.302325379112410E+036   8.550000    
   315.0000      1.314800887480142E+036   8.550000    
   337.5000      1.319972815172014E+036   8.550000    
  0.0000000E+00  1.320113221030181E+036   8.550000    
 
  0.0000000E+00  1.131330221774659E+036   8.833333    
   22.50000      1.130093182589400E+036   8.833333    
   45.00000      1.130303687608166E+036   8.833333    
   67.50000      1.133961120866910E+036   8.833333    
   90.00000      1.141303754218394E+036   8.833333    
   112.5000      1.145271423186696E+036   8.833333    
   135.0000      1.142447314770135E+036   8.833333    
   157.5000      1.131332903205004E+036   8.833333    
   180.0000      1.116524485690541E+036   8.833333    
   202.5000      1.102969346908888E+036   8.833333    
   225.0000      1.093861281200527E+036   8.833333    
   247.5000      1.092701972031530E+036   8.833333    
   270.0000      1.102583216495043E+036   8.833333    
   292.5000      1.116028550422893E+036   8.833333    
   315.0000      1.126745314369905E+036   8.833333    
   337.5000      1.131127046670355E+036   8.833333    
  0.0000000E+00  1.131330221774659E+036   8.833333    
 
  0.0000000E+00  9.559293958929431E+035   9.116667    
   22.50000      9.548981615257801E+035   9.116667    
   45.00000      9.549845229786087E+035   9.116667    
   67.50000      9.579301002802860E+035   9.116667    
   90.00000      9.635431111006331E+035   9.116667    
   112.5000      9.662846031429473E+035   9.116667    
   135.0000      9.633642000221749E+035   9.116667    
   157.5000      9.537248479766901E+035   9.116667    
   180.0000      9.415965109517472E+035   9.116667    
   202.5000      9.306993776307515E+035   9.116667    
   225.0000      9.236877133635684E+035   9.116667    
   247.5000      9.234323708153510E+035   9.116667    
   270.0000      9.320368486505726E+035   9.116667    
   292.5000      9.433187632232241E+035   9.116667    
   315.0000      9.521713512544858E+035   9.116667    
   337.5000      9.557427273664392E+035   9.116667    
  0.0000000E+00  9.559293958929431E+035   9.116667    
 
  0.0000000E+00  7.927884176165359E+035   9.400000    
   22.50000      7.919425121588076E+035   9.400000    
   45.00000      7.919453263862638E+035   9.400000    
   67.50000      7.941970292793297E+035   9.400000    
   90.00000      7.983402816871252E+035   9.400000    
   112.5000      8.002021293832911E+035   9.400000    
   135.0000      7.975777718622449E+035   9.400000    
   157.5000      7.897616421855881E+035   9.400000    
   180.0000      7.803108630575611E+035   9.400000    
   202.5000      7.719252363422938E+035   9.400000    
   225.0000      7.667189334052077E+035   9.400000    
   247.5000      7.669234331584526E+035   9.400000    
   270.0000      7.739419504438274E+035   9.400000    
   292.5000      7.829177166048796E+035   9.400000    
   315.0000      7.898776840152483E+035   9.400000    
   337.5000      7.926497395550968E+035   9.400000    
  0.0000000E+00  7.927884176165359E+035   9.400000    
 
  0.0000000E+00  6.409032836434196E+035   9.683333    
   22.50000      6.402533961958502E+035   9.683333    
   45.00000      6.402177898400464E+035   9.683333    
   67.50000      6.418292024446537E+035   9.683333    
   90.00000      6.447267040179478E+035   9.683333    
   112.5000      6.459479890709817E+035   9.683333    
   135.0000      6.438610980256392E+035   9.683333    
   157.5000      6.380226130791169E+035   9.683333    
   180.0000      6.311497130601129E+035   9.683333    
   202.5000      6.251025476711903E+035   9.683333    
   225.0000      6.214504611844869E+035   9.683333    
   247.5000      6.218093764071407E+035   9.683333    
   270.0000      6.270824631124484E+035   9.683333    
   292.5000      6.337141982571230E+035   9.683333    
   315.0000      6.388105400161876E+035   9.683333    
   337.5000      6.408162231379494E+035   9.683333    
  0.0000000E+00  6.409032836434196E+035   9.683333    
 
  0.0000000E+00  4.993591299605886E+035   9.966667    
   22.50000      4.989208318368306E+035   9.966667    
   45.00000      4.988817395464403E+035   9.966667    
   67.50000      4.999113092188284E+035   9.966667    
   90.00000      5.017357487487021E+035   9.966667    
   112.5000      5.024721202503418E+035   9.966667    
   135.0000      5.010516928124853E+035   9.966667    
   157.5000      4.972209806228782E+035   9.966667    
   180.0000      4.927862533314471E+035   9.966667    
   202.5000      4.889058209242320E+035   9.966667    
   225.0000      4.866075083871043E+035   9.966667    
   247.5000      4.869285565221345E+035   9.966667    
   270.0000      4.904041455986990E+035   9.966667    
   292.5000      4.947281093896428E+035   9.966667    
   315.0000      4.980288432107392E+035   9.966667    
   337.5000      4.993139023839132E+035   9.966667    
  0.0000000E+00  4.993591299605886E+035   9.966667    
 
  0.0000000E+00  3.673155083440198E+035   10.25000    
   22.50000      3.670975386270411E+035   10.25000    
   45.00000      3.670751523273199E+035   10.25000    
   67.50000      3.675721442019464E+035   10.25000    
   90.00000      3.684451630746782E+035   10.25000    
   112.5000      3.687895470949247E+035   10.25000    
   135.0000      3.680835282392988E+035   10.25000    
   157.5000      3.662140248321298E+035   10.25000    
   180.0000      3.640683592797571E+035   10.25000    
   202.5000      3.621971562366779E+035   10.25000    
   225.0000      3.611015385618031E+035   10.25000    
   247.5000      3.612814161775580E+035   10.25000    
   270.0000      3.629823367450637E+035   10.25000    
   292.5000      3.650850324380120E+035   10.25000    
   315.0000      3.666826757612379E+035   10.25000    
   337.5000      3.672990930747977E+035   10.25000    
  0.0000000E+00  3.673155083440198E+035   10.25000    
 
