  0.0000000E+00   344.463178166478     
   22.50000       344.577621668858     
   45.00000       337.683270354759     
   67.50000       328.795060591843     
   90.00000       315.589219377772     
   112.5000       304.206833783875     
   135.0000       297.177312636444     
   157.5000       295.283515776260     
   180.0000       301.513446499067     
   202.5000       307.611119700594     
   225.0000       320.782321289048     
   247.5000       329.730957265397     
   270.0000       332.610027085708     
   292.5000       334.654206888284     
   315.0000       334.986541743653     
   337.5000       341.275088367435     
   360.0000       344.463178166478     
   360.0000       301.509652165480     
   382.5000       302.855886650785     
   405.0000       299.292610811890     
   427.5000       293.881317189141     
   450.0000       284.614678628734     
   472.5000       275.939642768975     
   495.0000       270.541057042439     
   517.5000       268.713209608962     
   540.0000       273.395143558056     
   562.5000       277.171886029081     
   585.0000       286.019260687486     
   607.5000       292.228723563086     
   630.0000       293.996362837826     
   652.5000       294.966521436105     
   675.0000       294.577007109078     
   697.5000       298.838719053432     
   720.0000       301.509652165480     
   720.0000       253.919219128030     
   742.5000       255.203091684046     
   765.0000       252.887456826706     
   787.5000       250.242348531636     
   810.0000       244.693718884436     
   832.5000       239.030883283997     
   855.0000       235.446295111509     
   877.5000       233.403806235032     
   900.0000       235.536863170536     
   922.5000       238.130683648316     
   945.0000       243.264583302826     
   967.5000       247.363018242761     
   990.0000       248.864823515529     
   1012.500       249.791132000090     
   1035.000       249.482952878567     
   1057.500       251.753990313736     
   1080.000       253.919219128030     
   1080.000       206.596688635116     
   1102.500       208.077327113875     
   1125.000       207.173492764830     
   1147.500       205.341833042351     
   1170.000       202.569368066255     
   1192.500       199.253393065731     
   1215.000       196.849315507804     
   1237.500       195.053951857625     
   1260.000       196.102677390131     
   1282.500       197.100443175979     
   1305.000       199.408487715697     
   1327.500       201.905177858851     
   1350.000       203.262533450909     
   1372.500       204.380927152610     
   1395.000       204.453187531936     
   1417.500       205.567705407253     
   1440.000       206.596688635116     
   1440.000       165.454446796182     
   1462.500       166.610303706658     
   1485.000       166.673932493204     
   1507.500       166.233414626029     
   1530.000       164.678687904525     
   1552.500       162.433937916272     
   1575.000       161.053640776087     
   1597.500       159.662378034238     
   1620.000       159.828166568384     
   1642.500       160.157679012462     
   1665.000       161.149355451058     
   1687.500       162.473383822844     
   1710.000       163.342187138737     
   1732.500       164.149149246141     
   1755.000       164.332338159502     
   1777.500       164.999163054905     
   1800.000       165.454446796182     
   1800.000       132.617291263154     
   1822.500       133.672591322165     
   1845.000       134.065562915423     
   1867.500       134.080400358531     
   1890.000       133.166157005192     
   1912.500       131.484685253533     
   1935.000       130.422337651974     
   1957.500       129.539743383075     
   1980.000       129.756191105322     
   2002.500       130.086095279077     
   2025.000       130.726121692473     
   2047.500       131.326794408500     
   2070.000       131.548847010194     
   2092.500       131.652146073797     
   2115.000       131.629963222813     
   2137.500       132.136933487154     
   2160.000       132.617291263154     
   2160.000       106.027339337186     
   2182.500       107.046567224836     
   2205.000       107.458048530094     
   2227.500       107.427548616958     
   2250.000       106.522709263750     
   2272.500       105.165543729843     
   2295.000       104.473648067942     
   2317.500       104.209855440495     
   2340.000       104.719231304458     
   2362.500       105.139630076766     
   2385.000       105.573831464901     
   2407.500       105.583186895824     
   2430.000       105.213567202419     
   2452.500       104.783649103382     
   2475.000       104.727806671668     
   2497.500       105.309297802279     
   2520.000       106.027339337186     
   2520.000       83.4780048649861     
   2542.500       84.3565771732251     
   2565.000       84.6703152895430     
   2587.500       84.5137571105577     
   2610.000       83.6258405179226     
   2632.500       82.6051610271509     
   2655.000       82.2618308399747     
   2677.500       82.4145445214190     
   2700.000       83.0246228693461     
   2722.500       83.3937835442459     
   2745.000       83.5865144054388     
   2767.500       83.2013838746321     
   2790.000       82.5360488151064     
   2812.500       81.9407350427605     
   2835.000       81.9963931796396     
   2857.500       82.6528879672375     
   2880.000       83.4780048649861     
   2880.000       64.5524943206331     
   2902.500       65.2436058257021     
   2925.000       65.4757469745992     
   2947.500       65.2984041594402     
   2970.000       64.5504003786143     
   2992.500       63.8245454209891     
   3015.000       63.6900599248528     
   3037.500       64.0024329051852     
   3060.000       64.5475653934627     
   3082.500       64.7888983801350     
   3105.000       64.8046984484679     
   3127.500       64.2780875848130     
   3150.000       63.5963291904419     
   3172.500       63.0320308173374     
   3195.000       63.1654380725737     
   3217.500       63.7917535716342     
   3240.000       64.5524943206331     
   3240.000       49.1028677292511     
   3262.500       49.6236983246168     
   3285.000       49.8087347453030     
   3307.500       49.6404884823637     
   3330.000       49.0556045067362     
   3352.500       48.5549457557392     
   3375.000       48.5197031236476     
   3397.500       48.8420403487711     
   3420.000       49.2646587794147     
   3442.500       49.4267168231247     
   3465.000       49.3533544112017     
   3487.500       48.8424367828622     
   3510.000       48.2269107933591     
   3532.500       47.7611642359153     
   3555.000       47.9168150618915     
   3577.500       48.4473602634409     
   3600.000       49.1028677292511     
   3600.000       36.6041932184990     
   3622.500       36.9925127552326     
   3645.000       37.1300462726529     
   3667.500       36.9960568052422     
   3690.000       36.5752190559763     
   3712.500       36.2397542670997     
   3735.000       36.2445116754699     
   3757.500       36.5136267242279     
   3780.000       36.8121457391013     
   3802.500       36.9080575536742     
   3825.000       36.8093829474324     
   3847.500       36.3710295756780     
   3870.000       35.8837557538357     
   3892.500       35.5307665717483     
   3915.000       35.6758236596451     
   3937.500       36.0898426410901     
   3960.000       36.6041932184990     
   3960.000       26.6201288213368     
   3982.500       26.8916088124540     
   4005.000       26.9948737973518     
   4027.500       26.9032149228543     
   4050.000       26.6179285983659     
   4072.500       26.4006028502769     
   4095.000       26.4172794372616     
   4117.500       26.6171066061487     
   4140.000       26.8130841299833     
   4162.500       26.8609743809500     
   4185.000       26.7631729775302     
   4207.500       26.4274540526197     
   4230.000       26.0717504625202     
   4252.500       25.8214454608111     
   4275.000       25.9410314800910     
   4297.500       26.2435871238344     
   4320.000       26.6201288213368     
   4320.000       18.6952555355724     
   4342.500       18.8746167401794     
   4365.000       18.9481063810802     
   4387.500       18.8911069036717     
   4410.000       18.7101595514274     
   4432.500       18.5762825736598     
   4455.000       18.5929114680816     
   4477.500       18.7277161613005     
   4500.000       18.8467180849329     
   4522.500       18.8653766673618     
   4545.000       18.7842881431809     
   4567.500       18.5479715325089     
   4590.000       18.3073566305584     
   4612.500       18.1420576754136     
   4635.000       18.2316514845907     
   4657.500       18.4380025784714     
   4680.000       18.6952555355724     
   4680.000       12.4646734562523     
   4702.500       12.5736004749914     
   4725.000       12.6215664034526     
   4747.500       12.5899191110395     
   4770.000       12.4852110588861     
   4792.500       12.4091083831142     
   4815.000       12.4213297689533     
   4837.500       12.5027971214537     
   4860.000       12.5678504389395     
   4882.500       12.5710801463076     
   4905.000       12.5128294923399     
   4927.500       12.3624251550047     
   4950.000       12.2146781132489     
   4972.500       12.1154772372678     
   4995.000       12.1758916099856     
   5017.500       12.3043621476046     
   5040.000       12.4646734562523     
   5040.000       7.63207138652120     
   5062.500       7.68889164279402     
   5085.000       7.71557423309850     
   5107.500       7.70079659499145     
   5130.000       7.64898984649329     
   5152.500       7.61170123835990     
   5175.000       7.61863536575300     
   5197.500       7.65984394240975     
   5220.000       7.68953512034062     
   5242.500       7.68695230564620     
   5265.000       7.65230323906091     
   5287.500       7.57112101908275     
   5310.000       7.49420753844786     
   5332.500       7.44352770050043     
   5355.000       7.47813772774011     
   5377.500       7.54665818737950     
   5400.000       7.63207138652120     
   5400.000       3.98515968995868     
   5422.500       4.00558819343858     
   5445.000       4.01572934769550     
   5467.500       4.01096864925347     
   5490.000       3.99327043071896     
   5512.500       3.98055053644557     
   5535.000       3.98319472030577     
   5557.500       3.99761642529772     
   5580.000       4.00694173050409     
   5602.500       4.00452433317865     
   5625.000       3.99065411132975     
   5647.500       3.96059661045522     
   5670.000       3.93290124118659     
   5692.500       3.91523898866059     
   5715.000       3.92875373801003     
   5737.500       3.95390862857797     
   5760.000       3.98515968995868     
