  0.0000000E+00   361.728087619993        6.000000    
   22.50000       357.440304857043        6.000000    
   45.00000       355.112572668311        6.000000    
   67.50000       349.795525766262        6.000000    
   90.00000       341.196766645255        6.000000    
   112.5000       337.997602106633        6.000000    
   135.0000       334.642417006976        6.000000    
   157.5000       339.956975804833        6.000000    
   180.0000       350.551160635618        6.000000    
   202.5000       360.574770897378        6.000000    
   225.0000       373.197178655092        6.000000    
   247.5000       374.962925200235        6.000000    
   270.0000       369.927485994899        6.000000    
   292.5000       364.809840037946        6.000000    
   315.0000       359.743860384995        6.000000    
   337.5000       360.138464295138        6.000000    
  0.0000000E+00   361.728087619993        6.000000    
 
  0.0000000E+00   320.606828479393        6.283333    
   22.50000       318.764497541057        6.283333    
   45.00000       317.853172868893        6.283333    
   67.50000       315.083315319657        6.283333    
   90.00000       309.005471079321        6.283333    
   112.5000       306.779665865459        6.283333    
   135.0000       304.506526069028        6.283333    
   157.5000       308.855398044822        6.283333    
   180.0000       316.767042123913        6.283333    
   202.5000       323.864428038948        6.283333    
   225.0000       333.283497877413        6.283333    
   247.5000       334.873785767451        6.283333    
   270.0000       330.542959900672        6.283333    
   292.5000       325.493573515761        6.283333    
   315.0000       320.282594488154        6.283333    
   337.5000       319.632116305756        6.283333    
  0.0000000E+00   320.606828479393        6.283333    
 
  0.0000000E+00   274.085483932419        6.566667    
   22.50000       271.607899644879        6.566667    
   45.00000       270.560524456929        6.566667    
   67.50000       269.474670728288        6.566667    
   90.00000       265.512782924448        6.566667    
   112.5000       264.432769370136        6.566667    
   135.0000       263.393011485262        6.566667    
   157.5000       265.489115744043        6.566667    
   180.0000       270.997688503532        6.566667    
   202.5000       276.597201274212        6.566667    
   225.0000       282.624645948156        6.566667    
   247.5000       284.648112214480        6.566667    
   270.0000       282.523837644503        6.566667    
   292.5000       279.206378342652        6.566667    
   315.0000       275.120036138317        6.566667    
   337.5000       273.444403579028        6.566667    
  0.0000000E+00   274.085483932419        6.566667    
 
  0.0000000E+00   226.140593925988        6.850000    
   22.50000       224.925709943067        6.850000    
   45.00000       223.041923874325        6.850000    
   67.50000       221.717125412581        6.850000    
   90.00000       219.617567358322        6.850000    
   112.5000       219.110286726901        6.850000    
   135.0000       218.593837754042        6.850000    
   157.5000       219.982976401171        6.850000    
   180.0000       223.401711857007        6.850000    
   202.5000       226.711934405627        6.850000    
   225.0000       230.457980435490        6.850000    
   247.5000       232.687343804947        6.850000    
   270.0000       232.492972810026        6.850000    
   292.5000       231.061913255696        6.850000    
   315.0000       228.632073990986        6.850000    
   337.5000       226.483370022342        6.850000    
  0.0000000E+00   226.140593925988        6.850000    
 
  0.0000000E+00   182.600468556248        7.133333    
   22.50000       181.946256769452        7.133333    
   45.00000       180.888834140920        7.133333    
   67.50000       180.389296685218        7.133333    
   90.00000       178.747222095038        7.133333    
   112.5000       178.242552064768        7.133333    
   135.0000       178.307813427232        7.133333    
   157.5000       178.950863358693        7.133333    
   180.0000       180.923466230649        7.133333    
   202.5000       182.902678106434        7.133333    
   225.0000       185.165098908310        7.133333    
   247.5000       186.802059582801        7.133333    
   270.0000       187.116035690011        7.133333    
   292.5000       186.429244700874        7.133333    
   315.0000       185.067981647648        7.133333    
   337.5000       183.265260161973        7.133333    
  0.0000000E+00   182.600468556248        7.133333    
 
  0.0000000E+00   146.470345314422        7.416667    
   22.50000       146.396948786964        7.416667    
   45.00000       146.168142751077        7.416667    
   67.50000       146.221135624250        7.416667    
   90.00000       145.273124934507        7.416667    
   112.5000       144.779660360179        7.416667    
   135.0000       144.759630233130        7.416667    
   157.5000       145.320452703387        7.416667    
   180.0000       146.854026622802        7.416667    
   202.5000       148.276721594066        7.416667    
   225.0000       149.705045060049        7.416667    
   247.5000       150.422024683151        7.416667    
   270.0000       150.107112756497        7.416667    
   292.5000       149.048323588160        7.416667    
   315.0000       147.880911570512        7.416667    
   337.5000       146.663417536016        7.416667    
  0.0000000E+00   146.470345314422        7.416667    
 
  0.0000000E+00   116.796825644224        7.700000    
   22.50000       117.209898793954        7.700000    
   45.00000       117.531650949886        7.700000    
   67.50000       117.674858855742        7.700000    
   90.00000       116.945851945354        7.700000    
   112.5000       116.515245016052        7.700000    
   135.0000       116.599663028905        7.700000    
   157.5000       117.388055653353        7.700000    
   180.0000       118.767717381556        7.700000    
   202.5000       119.789635814674        7.700000    
   225.0000       120.496396442077        7.700000    
   247.5000       120.235887899969        7.700000    
   270.0000       119.120233284364        7.700000    
   292.5000       117.694234406768        7.700000    
   315.0000       116.762754850439        7.700000    
   337.5000       116.317602904483        7.700000    
  0.0000000E+00   116.796825644224        7.700000    
 
  0.0000000E+00   91.6871736250059        7.983334    
   22.50000       92.3209129890280        7.983334    
   45.00000       92.8388495274880        7.983334    
   67.50000       92.8944035534725        7.983334    
   90.00000       92.3361343251910        7.983334    
   112.5000       92.0081855055858        7.983334    
   135.0000       92.2227129229593        7.983334    
   157.5000       93.0995673209387        7.983334    
   180.0000       94.1725260439283        7.983334    
   202.5000       94.7560135548674        7.983334    
   225.0000       94.8678575143725        7.983334    
   247.5000       93.9952330280006        7.983334    
   270.0000       92.5592749691735        7.983334    
   292.5000       91.2080054008121        7.983334    
   315.0000       90.6882228154554        7.983334    
   337.5000       90.8421553492099        7.983334    
  0.0000000E+00   91.6871736250059        7.983334    
 
  0.0000000E+00   70.7927819735125        8.266666    
   22.50000       71.4580402498246        8.266666    
   45.00000       71.9902333372723        8.266666    
   67.50000       71.9924442902977        8.266666    
   90.00000       71.5262412703073        8.266666    
   112.5000       71.3031295887012        8.266666    
   135.0000       71.5426099927943        8.266666    
   157.5000       72.2983269124836        8.266666    
   180.0000       73.0801422912069        8.266666    
   202.5000       73.3521464665397        8.266666    
   225.0000       73.1327519632932        8.266666    
   247.5000       72.0858117993619        8.266666    
   270.0000       70.7302575658571        8.266666    
   292.5000       69.6461632765973        8.266666    
   315.0000       69.4248943774666        8.266666    
   337.5000       69.8807550405304        8.266666    
  0.0000000E+00   70.7927819735125        8.266666    
 
  0.0000000E+00   53.7421734138124        8.550000    
   22.50000       54.3404057115008        8.550000    
   45.00000       54.8106539438885        8.550000    
   67.50000       54.8024796538639        8.550000    
   90.00000       54.4915887250900        8.550000    
   112.5000       54.3083270489271        8.550000    
   135.0000       54.5189666293723        8.550000    
   157.5000       55.0897922177849        8.550000    
   180.0000       55.5941472486618        8.550000    
   202.5000       55.6636803522978        8.550000    
   225.0000       55.3211569556369        8.550000    
   247.5000       54.3535723693366        8.550000    
   270.0000       53.2438769032711        8.550000    
   292.5000       52.4458980308732        8.550000    
   315.0000       52.4042580730869        8.550000    
   337.5000       52.9266274871250        8.550000    
  0.0000000E+00   53.7421734138124        8.550000    
 
  0.0000000E+00   39.9913938921198        8.833333    
   22.50000       40.4797618999003        8.833333    
   45.00000       40.8601469198000        8.833333    
   67.50000       40.8598356694684        8.833333    
   90.00000       40.6382207780668        8.833333    
   112.5000       40.5026725992466        8.833333    
   135.0000       40.6621478556994        8.833333    
   157.5000       41.0780884419705        8.833333    
   180.0000       41.3751011966740        8.833333    
   202.5000       41.3376322387358        8.833333    
   225.0000       40.9897878659532        8.833333    
   247.5000       40.2032091728749        8.833333    
   270.0000       39.3705219931184        8.833333    
   292.5000       38.8166239985925        8.833333    
   315.0000       38.8607019588321        8.833333    
   337.5000       39.3348082536027        8.833333    
  0.0000000E+00   39.9913938921198        8.833333    
 
  0.0000000E+00   29.0026734685060        9.116667    
   22.50000       29.3720824764581        9.116667    
   45.00000       29.6586721513100        9.116667    
   67.50000       29.6672437458381        9.116667    
   90.00000       29.5293790685973        9.116667    
   112.5000       29.4347014682871        9.116667    
   135.0000       29.5449832531801        9.116667    
   157.5000       29.8167642737828        9.116667    
   180.0000       29.9759451252563        9.116667    
   202.5000       29.8960082147518        9.116667    
   225.0000       29.5991971330391        9.116667    
   247.5000       29.0116498351850        9.116667    
   270.0000       28.4258586598769        9.116667    
   292.5000       28.0602187844285        9.116667    
   315.0000       28.1336185088174        9.116667    
   337.5000       28.5129849326349        9.116667    
  0.0000000E+00   29.0026734685060        9.116667    
 
  0.0000000E+00   20.2886452850754        9.400000    
   22.50000       20.5472950711319        9.400000    
   45.00000       20.7481158298273        9.400000    
   67.50000       20.7618273878559        9.400000    
   90.00000       20.6831417208922        9.400000    
   112.5000       20.6217637182033        9.400000    
   135.0000       20.6924171583146        9.400000    
   157.5000       20.8570479223784        9.400000    
   180.0000       20.9313567576637        9.400000    
   202.5000       20.8465486535721        9.400000    
   225.0000       20.6211149374507        9.400000    
   247.5000       20.2151572610544        9.400000    
   270.0000       19.8300360759730        9.400000    
   292.5000       19.6028192241158        9.400000    
   315.0000       19.6749224588733        9.400000    
   337.5000       19.9499065211535        9.400000    
  0.0000000E+00   20.2886452850754        9.400000    
 
  0.0000000E+00   13.4477327191494        9.683333    
   22.50000       13.6118075107530        9.683333    
   45.00000       13.7397568710387        9.683333    
   67.50000       13.7537820435439        9.683333    
   90.00000       13.7138068313275        9.683333    
   112.5000       13.6778730974496        9.683333    
   135.0000       13.7188350502734        9.683333    
   157.5000       13.8087936615764        9.683333    
   180.0000       13.8358737138617        9.683333    
   202.5000       13.7664530895219        9.683333    
   225.0000       13.6143464063625        9.683333    
   247.5000       13.3599511876242        9.683333    
   270.0000       13.1289127347479        9.683333    
   292.5000       12.9997147653781        9.683333    
   315.0000       13.0560113341979        9.683333    
   337.5000       13.2348220823929        9.683333    
  0.0000000E+00   13.4477327191494        9.683333    
 
  0.0000000E+00   8.15418986068412        9.966667    
   22.50000       8.24246453369421        9.966667    
   45.00000       8.31171753987324        9.966667    
   67.50000       8.32203669474851        9.966667    
   90.00000       8.30498984952561        9.966667    
   112.5000       8.28711609564459        9.966667    
   135.0000       8.30728989336310        9.966667    
   157.5000       8.34881591137435        9.966667    
   180.0000       8.35404002930486        9.966667    
   202.5000       8.30921946760973        9.966667    
   225.0000       8.22311931810247        9.966667    
   247.5000       8.08760528347590        9.966667    
   270.0000       7.96940036604840        9.966667    
   292.5000       7.90656265142101        9.966667    
   315.0000       7.94180709927945        9.966667    
   337.5000       8.04019320513460        9.966667    
  0.0000000E+00   8.15418986068412        9.966667    
 
  0.0000000E+00   4.17615945092311        10.25000    
   22.50000       4.20859427118334        10.25000    
   45.00000       4.23418769492336        10.25000    
   67.50000       4.23883119139339        10.25000    
   90.00000       4.23390591082584        10.25000    
   112.5000       4.22776702831164        10.25000    
   135.0000       4.23444067776422        10.25000    
   157.5000       4.24746248829352        10.25000    
   180.0000       4.24652659829776        10.25000    
   202.5000       4.22777825398865        10.25000    
   225.0000       4.19492935106256        10.25000    
   247.5000       4.14554164622365        10.25000    
   270.0000       4.10387298613997        10.25000    
   292.5000       4.08293367635840        10.25000    
   315.0000       4.09748881435325        10.25000    
   337.5000       4.13436282951242        10.25000    
  0.0000000E+00   4.17615945092311        10.25000    
 
