  0.0000000E+00   353.648344213525     
   22.50000       359.910667661752     
   45.00000       362.815932364391     
   67.50000       355.142036028279     
   90.00000       343.723440256842     
   112.5000       327.953197952475     
   135.0000       315.612494858566     
   157.5000       307.526931587455     
   180.0000       303.545517784186     
   202.5000       304.238965534390     
   225.0000       303.459738762199     
   247.5000       312.193275048414     
   270.0000       316.634592340033     
   292.5000       322.217778841809     
   315.0000       330.042621727637     
   337.5000       340.070973960706     
   360.0000       353.648344213525     
   360.0000       308.235187611037     
   382.5000       314.171807896104     
   405.0000       318.785599783710     
   427.5000       315.301728143561     
   450.0000       308.200900278579     
   472.5000       296.993718057058     
   495.0000       287.772439772981     
   517.5000       281.550740751024     
   540.0000       277.954834059701     
   562.5000       277.868281442975     
   585.0000       275.660926911871     
   607.5000       280.112372198634     
   630.0000       282.038558131425     
   652.5000       285.022644454634     
   675.0000       290.180877552016     
   697.5000       297.285646743412     
   720.0000       308.235187611037     
   720.0000       256.993500211282     
   742.5000       262.306874749116     
   765.0000       266.003116389310     
   787.5000       265.264261401729     
   810.0000       262.460723357333     
   832.5000       256.205248448660     
   855.0000       250.384815906256     
   877.5000       245.837356624382     
   900.0000       242.211414541416     
   922.5000       241.190397036947     
   945.0000       239.637191894535     
   967.5000       241.004057120467     
   990.0000       241.443138194095     
   1012.500       242.629355110499     
   1035.000       245.595068759718     
   1057.500       249.708173782266     
   1080.000       256.993500211282     
   1080.000       207.399847039377     
   1102.500       210.936887336487     
   1125.000       214.833973055939     
   1147.500       215.430040746755     
   1170.000       214.743779773660     
   1192.500       212.220421695550     
   1215.000       208.862299803330     
   1237.500       206.102917319409     
   1260.000       203.456873152953     
   1282.500       202.298797374202     
   1305.000       200.481310759026     
   1327.500       200.132986909392     
   1350.000       199.813611112728     
   1372.500       199.932409515622     
   1395.000       201.376585247458     
   1417.500       203.278003710994     
   1440.000       207.399847039377     
   1440.000       165.764359147048     
   1462.500       167.953317219013     
   1485.000       171.061783960369     
   1507.500       172.587891529142     
   1530.000       173.224423754261     
   1552.500       172.210869772502     
   1575.000       170.464447506250     
   1597.500       168.729165322144     
   1620.000       166.604398886801     
   1642.500       165.357326065162     
   1665.000       163.728104510503     
   1687.500       162.836887494734     
   1710.000       162.155904013437     
   1732.500       161.765430413815     
   1755.000       162.389786218632     
   1777.500       163.298070474780     
   1800.000       165.764359147048     
   1800.000       133.492976573299     
   1822.500       135.258463754194     
   1845.000       137.711367398213     
   1867.500       139.055781255299     
   1890.000       139.625682968880     
   1912.500       138.804515396486     
   1935.000       137.423729968798     
   1957.500       136.215895606502     
   1980.000       134.774461720988     
   2002.500       133.907516135414     
   2025.000       132.708179874224     
   2047.500       131.838327953297     
   2070.000       130.963628593219     
   2092.500       130.363359946101     
   2115.000       130.662393828716     
   2137.500       131.484290056794     
   2160.000       133.492976573299     
   2160.000       107.612376896300     
   2182.500       109.213144713333     
   2205.000       111.053312979725     
   2227.500       111.759806148365     
   2250.000       111.695522962602     
   2272.500       110.573831212692     
   2295.000       109.414400069337     
   2317.500       108.647423101757     
   2340.000       107.853555215877     
   2362.500       107.388862098320     
   2385.000       106.526636166478     
   2407.500       105.729376214485     
   2430.000       104.760877207148     
   2452.500       104.211675785460     
   2475.000       104.585428629064     
   2497.500       105.703599340156     
   2520.000       107.612376896300     
   2520.000       85.3883690074063     
   2542.500       86.7206396933959     
   2565.000       87.9535183579152     
   2587.500       88.1011962011159     
   2610.000       87.5908899578257     
   2632.500       86.3975578815070     
   2655.000       85.5424708005821     
   2677.500       85.1337223086098     
   2700.000       84.7756212945621     
   2722.500       84.5430036540894     
   2745.000       83.8916057873690     
   2767.500       83.1823725722018     
   2790.000       82.2911978999065     
   2812.500       81.9302624393437     
   2835.000       82.4465742308887     
   2857.500       83.7095540272580     
   2880.000       85.3883690074063     
   2880.000       66.4084821119504     
   2902.500       67.4250718027404     
   2925.000       68.2006218717387     
   2947.500       68.0607090887073     
   2970.000       67.4408988239308     
   2992.500       66.3803935984769     
   3015.000       65.7865418549300     
   3037.500       65.5846432337639     
   3060.000       65.4358171948129     
   3082.500       65.3206921144644     
   3105.000       64.8414064277793     
   3127.500       64.2581521350891     
   3150.000       63.5665238718541     
   3172.500       63.3643026618632     
   3195.000       63.9057388837489     
   3217.500       65.0799189186246     
   3240.000       66.4084821119504     
   3240.000       50.7008369258458     
   3262.500       51.4404174698200     
   3285.000       51.9138908931785     
   3307.500       51.6923603337219     
   3330.000       51.0943506830298     
   3352.500       50.2346609027804     
   3375.000       49.8283864179644     
   3397.500       49.7395479927647     
   3420.000       49.7087834494574     
   3442.500       49.6399024571773     
   3465.000       49.3006767826036     
   3487.500       48.8751869040004     
   3510.000       48.3385250664648     
   3532.500       48.2373969672666     
   3555.000       48.7180494468511     
   3577.500       49.6896971302422     
   3600.000       50.7008369258458     
   3600.000       37.8775172844570     
   3622.500       38.4111200462350     
   3645.000       38.6965413040089     
   3667.500       38.4669317989583     
   3690.000       37.9709702804287     
   3712.500       37.3196520860567     
   3735.000       37.0442026410604     
   3757.500       37.0029559561145     
   3780.000       37.0183735954482     
   3802.500       36.9869170476320     
   3825.000       36.7491082388098     
   3847.500       36.4345934550333     
   3870.000       36.0581460529488     
   3892.500       36.0169999765303     
   3915.000       36.4038532128588     
   3937.500       37.1484220793322     
   3960.000       37.8775172844570     
   3960.000       27.5707489058890     
   3982.500       27.9330445150150     
   4005.000       28.1009727027604     
   4027.500       27.9139964381979     
   4050.000       27.5445906458912     
   4072.500       27.0780336025339     
   4095.000       26.8941679421638     
   4117.500       26.8722864645318     
   4140.000       26.8940198877388     
   4162.500       26.8744481808826     
   4185.000       26.7144922084897     
   4207.500       26.5019022282508     
   4230.000       26.2520550526184     
   4252.500       26.2437433136427     
   4275.000       26.5337771668310     
   4297.500       27.0704750481297     
   4320.000       27.5707489058890     
   4320.000       19.3576132439815     
   4342.500       19.5908825283684     
   4365.000       19.6863545224121     
   4387.500       19.5516715949561     
   4410.000       19.2985405010087     
   4432.500       18.9848923866190     
   4455.000       18.8662934660528     
   4477.500       18.8520045252881     
   4500.000       18.8684333460674     
   4522.500       18.8543719002038     
   4545.000       18.7512294128148     
   4567.500       18.6159986608357     
   4590.000       18.4605427836800     
   4612.500       18.4679207881565     
   4635.000       18.6707142001246     
   4657.500       19.0331286364602     
   4680.000       19.3576132439815     
   4680.000       12.8851884240042     
   4702.500       13.0236123884031     
   4725.000       13.0744969741545     
   4747.500       12.9885305923242     
   4770.000       12.8317598884420     
   4792.500       12.6389436291170     
   4815.000       12.5675282126050     
   4837.500       12.5571318647719     
   4860.000       12.5661602381242     
   4882.500       12.5556769062250     
   4905.000       12.4936639278530     
   4927.500       12.4146337433359     
   4950.000       12.3262218944345     
   4972.500       12.3383297630267     
   4995.000       12.4677135544536     
   5017.500       12.6915456945438     
   5040.000       12.8851884240042     
   5040.000       7.85912794397102     
   5062.500       7.92987606173529     
   5085.000       7.95366842277324     
   5107.500       7.90771517917343     
   5130.000       7.82561444645149     
   5152.500       7.72430714988417     
   5175.000       7.68699881981652     
   5197.500       7.68007381089750     
   5220.000       7.68345296434691     
   5242.500       7.67640006992152     
   5265.000       7.64382527126949     
   5287.500       7.60394952940285     
   5310.000       7.56084614180030     
   5332.500       7.57101006474164     
   5355.000       7.64146292320959     
   5377.500       7.75965032841192     
   5400.000       7.85912794397102     
   5400.000       4.06925827292399     
   5422.500       4.09418525976165     
   5445.000       4.10196095919210     
   5467.500       4.08519423601711     
   5490.000       4.05555127496173     
   5512.500       4.01902265340742     
   5535.000       4.00560853027789     
   5557.500       4.00257091872306     
   5580.000       4.00320238353056     
   5602.500       4.00003508676228     
   5625.000       3.98812791577324     
   5647.500       3.97414641847966     
   5670.000       3.95958880741837     
   5692.500       3.96451904309332     
   5715.000       3.99093160729894     
   5737.500       4.03399536035756     
   5760.000       4.06925827292399     
