  0.0000000E+00   84.8873440264027     
   15.00000       84.1855181556263     
   30.00000       83.4278047649004     
   45.00000       82.7331312125339     
   60.00000       82.2282889812609     
   75.00000       81.9599825407221     
   90.00000       81.9146470930567     
   105.0000       81.9815656841443     
   120.0000       82.0621725353255     
   135.0000       82.0579664031934     
   150.0000       81.9391927712584     
   165.0000       81.7456484325434     
   180.0000       81.5186179310952     
   195.0000       81.3467328853242     
   210.0000       81.3161680423465     
   225.0000       81.4530813854950     
   240.0000       81.7755894350401     
   255.0000       82.3295138572479     
   270.0000       83.0579130997797     
   285.0000       83.8301892083563     
   300.0000       84.7461083612960     
   315.0000       85.5084900831121     
   330.0000       85.7102377186989     
   345.0000       85.4339835718203     
   360.0000       84.8873440264027     
   360.0000       94.8733965737046     
   375.0000       93.8258559356781     
   390.0000       92.5980664762422     
   405.0000       91.4393401446372     
   420.0000       90.5714489020658     
   435.0000       90.1118399735439     
   450.0000       90.0288650785475     
   465.0000       90.1832536848008     
   480.0000       90.3777593433163     
   495.0000       90.4430618237350     
   510.0000       90.3085134432140     
   525.0000       90.0159423051832     
   540.0000       89.6410916359867     
   555.0000       89.3230844351213     
   570.0000       89.2039005808988     
   585.0000       89.3493532990422     
   600.0000       89.8230575918318     
   615.0000       90.7039469504707     
   630.0000       91.8943550786155     
   645.0000       93.2128880797859     
   660.0000       94.6792810735631     
   675.0000       95.7997807926652     
   690.0000       95.9993428067159     
   705.0000       95.5891216211932     
   720.0000       94.8733965737046     
   720.0000       101.894835329782     
   735.0000       100.709226649318     
   750.0000       99.1859500679736     
   765.0000       97.7204869806720     
   780.0000       96.6079889177158     
   795.0000       96.0459262469927     
   810.0000       95.9733395465787     
   825.0000       96.2203067075613     
   840.0000       96.5334907800818     
   855.0000       96.6785185208529     
   870.0000       96.5544378643845     
   885.0000       96.1956638026619     
   900.0000       95.6984217370640     
   915.0000       95.2441538396209     
   930.0000       95.0204390852134     
   945.0000       95.1432944035249     
   960.0000       95.7148064845122     
   975.0000       96.8273652119763     
   990.0000       98.3509521037110     
   1005.000       100.061973554279     
   1020.000       101.849586229116     
   1035.000       103.046475285644     
   1050.000       103.166592520743     
   1065.000       102.676238781824     
   1080.000       101.894835329782     
   1080.000       106.960048783809     
   1095.000       105.730423200567     
   1110.000       104.035803798224     
   1125.000       102.378913832375     
   1140.000       101.138120119621     
   1155.000       100.553248114726     
   1170.000       100.547057269962     
   1185.000       100.909371238340     
   1200.000       101.333804819238     
   1215.000       101.541200099815     
   1230.000       101.412155579944     
   1245.000       100.975300547865     
   1260.000       100.355028084308     
   1275.000       99.7746134826815     
   1290.000       99.4564354050410     
   1305.000       99.5560299336003     
   1320.000       100.215238045439     
   1335.000       101.517286663859     
   1350.000       103.300891872124     
   1365.000       105.293962404720     
   1380.000       107.212597879703     
   1395.000       108.309231345965     
   1410.000       108.373249644927     
   1425.000       107.816825215692     
   1440.000       106.960048783809     
   1440.000       110.673159283715     
   1455.000       109.398232133382     
   1470.000       107.630027132803     
   1485.000       105.874814955631     
   1500.000       104.608529621292     
   1515.000       104.074688173649     
   1530.000       104.187878099403     
   1545.000       104.683479587565     
   1560.000       105.204220114554     
   1575.000       105.443602569689     
   1590.000       105.277121616415     
   1605.000       104.736076615052     
   1620.000       103.990771143007     
   1635.000       103.289719585619     
   1650.000       102.887681922518     
   1665.000       102.978394863727     
   1680.000       103.732345175436     
   1695.000       105.209075618968     
   1710.000       107.201158241941     
   1725.000       109.368246634426     
   1740.000       111.266385845887     
   1755.000       112.249822644153     
   1770.000       112.255821417812     
   1785.000       111.626196047424     
   1800.000       110.673159283715     
   1800.000       113.400770494608     
   1815.000       112.050895527807     
   1830.000       110.279215806772     
   1845.000       108.508045054584     
   1860.000       107.300066587190     
   1875.000       106.886860506214     
   1890.000       107.153333638164     
   1905.000       107.790435980977     
   1920.000       108.386174030315     
   1935.000       108.621598751289     
   1950.000       108.380938842021     
   1965.000       107.714733247886     
   1980.000       106.832566491575     
   1995.000       106.014258863988     
   2010.000       105.541203056028     
   2025.000       105.646873953044     
   2040.000       106.504756531370     
   2055.000       108.137153358834     
   2070.000       110.287836293509     
   2085.000       112.533808555102     
   2100.000       114.366863051959     
   2115.000       115.256937407414     
   2130.000       115.191180401376     
   2145.000       114.470493633454     
   2160.000       113.400770494608     
   2160.000       115.379408370176     
   2175.000       113.935809622568     
   2190.000       112.197503620117     
   2205.000       110.483486706814     
   2220.000       109.400569565308     
   2235.000       109.160893972477     
   2250.000       109.607119750760     
   2265.000       110.377253262098     
   2280.000       111.025003120556     
   2295.000       111.223446790904     
   2310.000       110.874229390377     
   2325.000       110.058710280386     
   2340.000       109.029947897521     
   2355.000       108.097025943535     
   2370.000       107.570192416115     
   2385.000       107.705347565486     
   2400.000       108.668123007282     
   2415.000       110.431793091292     
   2430.000       112.694944502119     
   2445.000       114.995942783517     
   2460.000       116.770130233292     
   2475.000       117.570550631167     
   2490.000       117.414670887918     
   2505.000       116.581996543491     
   2520.000       115.379408370176     
   2520.000       116.772241750166     
   2535.000       115.229399365305     
   2550.000       113.536367621928     
   2565.000       111.946675351038     
   2580.000       111.039062736669     
   2595.000       111.008745744732     
   2610.000       111.646520723099     
   2625.000       112.538364048961     
   2640.000       113.210802212694     
   2655.000       113.339833243799     
   2670.000       112.853471507321     
   2685.000       111.870710444115     
   2700.000       110.690643159019     
   2715.000       109.648565947799     
   2730.000       109.076513428856     
   2745.000       109.247104670693     
   2760.000       110.304898685624     
   2775.000       112.197543463025     
   2790.000       114.575816175137     
   2805.000       116.920962530863     
   2820.000       118.638364569445     
   2835.000       119.345350494590     
   2850.000       119.080926857052     
   2865.000       118.117545398280     
   2880.000       116.772241750166     
   2880.000       117.699090503070     
   2895.000       116.062027170891     
   2910.000       114.414978333590     
   2925.000       113.001903125889     
   2940.000       112.306208110621     
   2955.000       112.503839978169     
   2970.000       113.332751953838     
   2985.000       114.329402667958     
   3000.000       115.000481815147     
   3015.000       115.033626182575     
   3030.000       114.389068583240     
   3045.000       113.231396086573     
   3060.000       111.897317632520     
   3075.000       110.747809909075     
   3090.000       110.133245897971     
   3105.000       110.342597027835     
   3120.000       111.516007780400     
   3135.000       113.547129327156     
   3150.000       116.038628917079     
   3165.000       118.418403808260     
   3180.000       120.078518014478     
   3195.000       120.685811813486     
   3210.000       120.297453607155     
   3225.000       119.189940589811     
   3240.000       117.699090503070     
   3240.000       118.252339725888     
   3255.000       116.532753582935     
   3270.000       114.934093255896     
   3285.000       113.722817512600     
   3300.000       113.264741204812     
   3315.000       113.694283064238     
   3330.000       114.705357906095     
   3345.000       115.787538087162     
   3360.000       116.434848224177     
   3375.000       116.352582624020     
   3390.000       115.539793581272     
   3405.000       114.202128303742     
   3420.000       112.712911143518     
   3435.000       111.455773297263     
   3450.000       110.814202632033     
   3465.000       111.085901125443     
   3480.000       112.385533325650     
   3495.000       114.559233237445     
   3510.000       117.157767570355     
   3525.000       119.563494690068     
   3540.000       121.164565855981     
   3555.000       121.666322164239     
   3570.000       121.143454716083     
   3585.000       119.884997250646     
   3600.000       118.252339725888     
   3600.000       118.504713426001     
   3615.000       116.716561276122     
   3630.000       115.172514406142     
   3645.000       114.159891392551     
   3660.000       113.956001168313     
   3675.000       114.615107024976     
   3690.000       115.791396530922     
   3705.000       116.940150851493     
   3720.000       117.546920627102     
   3735.000       117.338949840001     
   3750.000       116.351671428337     
   3765.000       114.833048664115     
   3780.000       113.188453020565     
   3795.000       111.842612442511     
   3810.000       111.199276189101     
   3825.000       111.548008275514     
   3840.000       112.977114775748     
   3855.000       115.289007270150     
   3870.000       117.986809044921     
   3885.000       120.410473938849     
   3900.000       121.950558872841     
   3915.000       122.342936705010     
   3930.000       121.680467015729     
   3945.000       120.270808805772     
   3960.000       118.504713426001     
   3960.000       118.514716611948     
   3975.000       116.673929389285     
   3990.000       115.190131074889     
   4005.000       114.360539229271     
   4020.000       114.408082627599     
   4035.000       115.288720650688     
   4050.000       116.614034994371     
   4065.000       117.812451587032     
   4080.000       118.366228142074     
   4095.000       118.026430347399     
   4110.000       116.863532555916     
   4125.000       115.165907635485     
   4140.000       113.386248651086     
   4155.000       111.977848739784     
   4170.000       111.350549744531     
   4185.000       111.783438193401     
   4200.000       113.339052987376     
   4215.000       115.779950386999     
   4230.000       118.565147665197     
   4245.000       120.999341797721     
   4260.000       122.477904087859     
   4275.000       122.759720928702     
   4290.000       121.956666470342     
   4305.000       120.401304439150     
   4320.000       118.514716611948     
   4320.000       118.330200068557     
   4335.000       116.451970004801     
   4350.000       115.032209872525     
   4365.000       114.369428581717     
   4380.000       114.639993697669     
   4395.000       115.731463043606     
   4410.000       117.189683624187     
   4425.000       118.423755478789     
   4440.000       118.916589829806     
   4455.000       118.443830771253     
   4470.000       117.108100890105     
   4485.000       115.254055476784     
   4500.000       113.365780920803     
   4515.000       111.915756611795     
   4530.000       111.316135821209     
   4545.000       111.834338948507     
   4560.000       113.508691350414     
   4575.000       116.065945954226     
   4590.000       118.925462562416     
   4605.000       121.362995642826     
   4620.000       122.779248653947     
   4635.000       122.952089155479     
   4650.000       122.013214094866     
   4665.000       120.322042644427     
   4680.000       118.330200068557     
   4680.000       117.989106861130     
   4695.000       116.087194803075     
   4710.000       114.733145122116     
   4725.000       114.220745462460     
   4740.000       114.684823214201     
   4755.000       115.955936296258     
   4770.000       117.532185662779     
   4785.000       118.790929193780     
   4800.000       119.218590140924     
   4815.000       118.617130935940     
   4830.000       117.131646591027     
   4845.000       115.147078527167     
   4860.000       113.173417673256     
   4875.000       111.698331956379     
   4890.000       111.133254241006     
   4905.000       111.733556530403     
   4920.000       113.515460675821     
   4935.000       116.174142635915     
   4950.000       119.094302599104     
   4965.000       121.528443228412     
   4980.000       122.882403517577     
   4995.000       122.950261356776     
   5010.000       121.883862616621     
   5025.000       120.069898891569     
   5040.000       117.989106861130     
   5040.000       117.520903081454     
   5055.000       115.607446685597     
   5070.000       114.318976350343     
   5085.000       113.940636903060     
   5100.000       114.570687984635     
   5115.000       115.991561404013     
   5130.000       117.662285187658     
   5145.000       118.935128541832     
   5160.000       119.301237855158     
   5175.000       118.586938465225     
   5190.000       116.974376985388     
   5205.000       114.883152877682     
   5220.000       112.844536034545     
   5235.000       111.357496103529     
   5250.000       110.830347817473     
   5265.000       111.506538250132     
   5280.000       113.382563234714     
   5295.000       116.126357807908     
   5310.000       119.093246250761     
   5325.000       121.517554303900     
   5340.000       122.809966599608     
   5355.000       122.778789584770     
   5370.000       121.595794776139     
   5385.000       119.674096066786     
   5400.000       117.520903081454     
   5400.000       116.949713705213     
   5415.000       115.035318343760     
   5430.000       113.811017395607     
   5445.000       113.550953431601     
   5460.000       114.321582821322     
   5475.000       115.865411147816     
   5490.000       117.610145894818     
   5505.000       118.888852459259     
   5520.000       119.198256672369     
   5535.000       118.386939406004     
   5550.000       116.668880776400     
   5565.000       114.492927570582     
   5580.000       112.407408823010     
   5595.000       110.918909638749     
   5610.000       110.430715602930     
   5625.000       111.174733550051     
   5640.000       113.130178922028     
   5655.000       115.942100280968     
   5670.000       118.941799345805     
   5685.000       121.350002244725     
   5700.000       122.582129740513     
   5715.000       122.459256631842     
   5730.000       121.172335501466     
   5745.000       119.159069766334     
   5760.000       116.949713705213     
   5760.000       116.295919077563     
   5775.000       114.389887443518     
   5790.000       113.227587641098     
   5805.000       113.070885703761     
   5820.000       113.958887573352     
   5835.000       115.601633278453     
   5850.000       117.402459763524     
   5865.000       118.680455011701     
   5880.000       118.938586858008     
   5895.000       118.045533442062     
   5910.000       116.242246040841     
   5925.000       114.001700017438     
   5940.000       111.885366256126     
   5955.000       110.403996147197     
   5970.000       109.954285438836     
   5985.000       110.757077356787     
   6000.000       112.776693533064     
   6015.000       115.639576430683     
   6030.000       118.658300815551     
   6045.000       121.044195318116     
   6060.000       122.217595775405     
   6075.000       122.011238260375     
   6090.000       120.634065750442     
   6105.000       118.545820331286     
   6120.000       116.295919077563     
   6120.000       115.577016404477     
   6135.000       113.687616478647     
   6150.000       112.584813422974     
   6165.000       112.517632755260     
   6180.000       113.501914691718     
   6195.000       115.221951078229     
   6210.000       117.062976494673     
   6225.000       118.334793893911     
   6240.000       118.547207562787     
   6255.000       117.586877226731     
   6270.000       115.717261112622     
   6285.000       113.430664804100     
   6300.000       111.298011334106     
   6315.000       109.831006829611     
   6330.000       109.418435519939     
   6345.000       110.270534672467     
   6360.000       112.338997069591     
   6375.000       115.235806249507     
   6390.000       118.259966603843     
   6405.000       120.617352678674     
   6420.000       121.733702789035     
   6435.000       121.452546035219     
   6450.000       119.999260206777     
   6465.000       117.852590646739     
   6480.000       115.577016404477     
   6480.000       114.808338455358     
   6495.000       112.943057651647     
   6510.000       111.897215712307     
   6525.000       111.906870340759     
   6540.000       112.968286137064     
   6555.000       114.746034181359     
   6570.000       116.612940703828     
   6585.000       117.873805060286     
   6600.000       118.045877573003     
   6615.000       117.031792101609     
   6630.000       115.113435348870     
   6645.000       112.797958721922     
   6660.000       110.662212278430     
   6675.000       109.215872299289     
   6690.000       108.838637183956     
   6705.000       109.730528009051     
   6720.000       111.832721618791     
   6735.000       114.746720807106     
   6750.000       117.762942262697     
   6765.000       120.085583420655     
   6780.000       121.146556136148     
   6795.000       120.799473104401     
   6810.000       119.284310974651     
   6825.000       117.095470845490     
   6840.000       114.808338455358     
   6840.000       114.003786942996     
   6855.000       112.169544563933     
   6870.000       111.178290728167     
   6885.000       111.253234002496     
   6900.000       112.374370047696     
   6915.000       114.191954114919     
   6930.000       116.071630302170     
   6945.000       117.317164595500     
   6960.000       117.453930127097     
   6975.000       116.398672819407     
   6990.000       114.447976474230     
   7005.000       112.119634332247     
   7020.000       109.993021234469     
   7035.000       108.573000051175     
   7050.000       108.229099878094     
   7065.000       109.151424724837     
   7080.000       111.272592837407     
   7095.000       114.187418490882     
   7110.000       117.182537068127     
   7125.000       119.464140456848     
   7140.000       120.471330262692     
   7155.000       120.067194969568     
   7170.000       118.504266451785     
   7185.000       116.289069369317     
   7200.000       114.003786942996     
   7200.000       113.176182823900     
   7215.000       111.379502449176     
   7230.000       110.440737315736     
   7245.000       110.570486961846     
   7260.000       111.735429772962     
   7275.000       113.576366176578     
   7290.000       115.456610832690     
   7305.000       116.682635914978     
   7320.000       116.788715157712     
   7335.000       115.704005510755     
   7350.000       113.736345620582     
   7365.000       111.410204474924     
   7380.000       109.304172288838     
   7395.000       107.915686798444     
   7410.000       107.603074514822     
   7425.000       108.546729910373     
   7440.000       110.672521914019     
   7455.000       113.572187990381     
   7470.000       116.533221191414     
   7485.000       118.767419825722     
   7500.000       119.722298002569     
   7515.000       119.269877083856     
   7530.000       117.673044711668     
   7545.000       115.446824965440     
   7560.000       113.176182823900     
   7560.000       112.337778889859     
   7575.000       110.584926107273     
   7590.000       109.696879414723     
   7605.000       109.871912698737     
   7620.000       111.066017398575     
   7635.000       112.914941799043     
   7650.000       114.784222938454     
   7665.000       115.986625201765     
   7680.000       116.066216108905     
   7695.000       114.963023027443     
   7710.000       112.992928879676     
   7725.000       110.683302472070     
   7740.000       108.608701880926     
   7755.000       107.256676482697     
   7770.000       106.973339354490     
   7785.000       107.929501963293     
   7800.000       110.045960366876     
   7815.000       112.914817617476     
   7830.000       115.828914685944     
   7845.000       118.009247740603     
   7860.000       118.913137250397     
   7875.000       118.421034929538     
   7890.000       116.803870770197     
   7905.000       114.581502634029     
   7920.000       112.337778889859     
   7920.000       111.500663668115     
   7935.000       109.797759754388     
   7950.000       108.959012410577     
   7965.000       109.170647991625     
   7980.000       110.380320257709     
   7995.000       112.222745500482     
   8010.000       114.070006876408     
   8025.000       115.244649496872     
   8040.000       115.301553912639     
   8055.000       114.190226605891     
   8070.000       112.231561428795     
   8085.000       109.952189562413     
   8100.000       107.919431305395     
   8115.000       106.608599048773     
   8130.000       106.352599197739     
   8145.000       107.312708182326     
   8160.000       109.406214103989     
   8175.000       112.228874234266     
   8190.000       115.083247939054     
   8205.000       117.203128857313     
   8220.000       118.057186044851     
   8235.000       117.533826265702     
   8250.000       115.909622018785     
   8265.000       113.705585833025     
   8280.000       111.500663668115     
   8280.000       110.677088404529     
   8295.000       109.030212198997     
   8310.000       108.239702618797     
   8325.000       108.479983979883     
   8340.000       109.692480536871     
   8355.000       111.514583226040     
   8370.000       113.329078220473     
   8385.000       114.471737653885     
   8400.000       114.509405544443     
   8415.000       113.399812904555     
   8430.000       111.465954203308     
   8445.000       109.230173128537     
   8460.000       107.249362913597     
   8475.000       105.984340000667     
   8490.000       105.753819911848     
   8505.000       106.709549249419     
   8520.000       108.766736502076     
   8535.000       111.527968155202     
   8550.000       114.309804385098     
   8565.000       116.362471824556     
   8580.000       117.167668576303     
   8595.000       116.621300767369     
   8610.000       115.003116980352     
   8625.000       112.831595609304     
   8640.000       110.677088404529     
   8640.000       109.879877840581     
   8655.000       108.295161556641     
   8670.000       107.552186530200     
   8685.000       107.813771771259     
   8700.000       109.017015870219     
   8715.000       110.805439343606     
   8730.000       112.576580967869     
   8745.000       113.682893761920     
   8760.000       113.704475912255     
   8775.000       112.606147450525     
   8790.000       110.710166945710     
   8805.000       108.531075507571     
   8820.000       106.612146452216     
   8835.000       105.397499851877     
   8850.000       105.190675647948     
   8865.000       106.133877031431     
   8880.000       108.141522225380     
   8895.000       110.826120588072     
   8910.000       113.522463271449     
   8925.000       115.500911412785     
   8940.000       116.258013881908     
   8955.000       115.696740176692     
   8970.000       114.097486050097     
   8985.000       111.972488929838     
   9000.000       109.879877840581     
   9000.000       109.122774371854     
   9015.000       107.606505064221     
   9030.000       106.910723500072     
   9045.000       107.186782767681     
   9060.000       108.369188184486     
   9075.000       110.110855627006     
   9090.000       111.828070764726     
   9105.000       112.893481405613     
   9120.000       112.901883341350     
   9135.000       111.824154496091     
   9150.000       109.979004572592     
   9165.000       107.869643004340     
   9180.000       106.022492640047     
   9195.000       104.862811590052     
   9210.000       104.677968347760     
   9225.000       105.600569008742     
   9240.000       107.545455042500     
   9255.000       110.138079606837     
   9270.000       112.735682195810     
   9285.000       114.632567371143     
   9300.000       115.342108789015     
   9315.000       114.773927951641     
   9330.000       113.206470970032     
   9345.000       111.141987494381     
   9360.000       109.122774371854     
   9360.000       108.420965602218     
   9375.000       106.979697438794     
   9390.000       106.331139876102     
   9405.000       106.615258796203     
   9420.000       107.765558414325     
   9435.000       109.447483944353     
   9450.000       111.100061138547     
   9465.000       112.119765392413     
   9480.000       112.117702266046     
   9495.000       111.069865025795     
   9510.000       109.288578445753     
   9525.000       107.262123822019     
   9540.000       105.496767400530     
   9555.000       104.396740212270     
   9570.000       104.232225345908     
   9585.000       105.126083827813     
   9600.000       106.994837632373     
   9615.000       109.479814486407     
   9630.000       111.964956930726     
   9645.000       113.772476476196     
   9660.000       114.434722757945     
   9675.000       113.867590693152     
   9690.000       112.344900129419     
   9705.000       110.355082025635     
   9720.000       108.420965602218     
   9720.000       107.791340133664     
   9735.000       106.432031984454     
   9750.000       105.831118209066     
   9765.000       106.117193368873     
   9780.000       107.224245585641     
   9795.000       108.833311232615     
   9810.000       110.410221143663     
   9825.000       111.379088299146     
   9840.000       111.369146728528     
   9855.000       110.360636364870     
   9870.000       108.656573623056     
   9885.000       106.726574868038     
   9900.000       105.053327795889     
   9915.000       104.017824657844     
   9930.000       103.871978721957     
   9945.000       104.728779219061     
   9960.000       106.507649872308     
   9975.000       108.868705292622     
   9990.000       111.226942625672     
   10005.00       112.936666016685     
   10020.00       113.551572774913     
   10035.00       112.993495022732     
   10050.00       111.528840172734     
   10065.00       109.628245243806     
   10080.00       107.791340133664     
   10080.00       107.253653791750     
   10095.00       105.983827784178     
   10110.00       105.431397375405     
   10125.00       105.713541194065     
   10140.00       106.766136941224     
   10155.00       108.288863079489     
   10170.00       109.778554146692     
   10185.00       110.691039382940     
   10200.00       110.675740264961     
   10215.00       109.716333217734     
   10230.00       108.103449975558     
   10245.00       106.284087543961     
   10260.00       104.713742186391     
   10275.00       103.747876185226     
   10290.00       103.619005474895     
   10305.00       104.430104332953     
   10320.00       106.104708158725     
   10335.00       108.324660300420     
   10350.00       110.540526779919     
   10365.00       112.143194684397     
   10380.00       112.710357808265     
   10395.00       112.169502680494     
   10410.00       110.776689786536     
   10425.00       108.980565191539     
   10440.00       107.253653791750     
   10440.00       106.831409742881     
   10455.00       105.659350515768     
   10470.00       105.156708574818     
   10485.00       105.429144109369     
   10500.00       106.415781600142     
   10515.00       107.838042993782     
   10530.00       109.228197214320     
   10545.00       110.078226970681     
   10560.00       110.060097945061     
   10575.00       109.160157740981     
   10590.00       107.653341175754     
   10605.00       105.959748992672     
   10620.00       104.503801903225     
   10635.00       103.613014073076     
   10650.00       103.499324627808     
   10665.00       104.255540445487     
   10680.00       105.810531935034     
   10695.00       107.870891088836     
   10710.00       109.927518369391     
   10725.00       111.412780852032     
   10740.00       111.931375563904     
   10755.00       111.416228287487     
   10770.00       110.109913063986     
   10785.00       108.434560026642     
   10800.00       106.831409742881     
   10800.00       106.553595397095     
   10815.00       105.488596773274     
   10830.00       105.037572405154     
   10845.00       105.294508371766     
   10860.00       106.203126282870     
   10875.00       107.509813923282     
   10890.00       108.787040541566     
   10905.00       109.567866829165     
   10920.00       109.549535758040     
   10935.00       108.720328198493     
   10950.00       107.335823853237     
   10965.00       105.784491985699     
   10980.00       104.455417398054     
   10995.00       103.645566182200     
   11010.00       103.545063417157     
   11025.00       104.236399589659     
   11040.00       105.655047258116     
   11055.00       107.535503851804     
   11070.00       109.414128414828     
   11085.00       110.770207272120     
   11100.00       111.238915926847     
   11115.00       110.758490173223     
   11130.00       109.554588165559     
   11145.00       108.017831563490     
   11160.00       106.553595397095     
   11160.00       106.456709827026     
   11175.00       105.509394623055     
   11190.00       105.112419300558     
   11205.00       105.347899416521     
   11220.00       106.165537759518     
   11235.00       107.340123544002     
   11250.00       108.489561343380     
   11265.00       109.193573274908     
   11280.00       109.177898363676     
   11295.00       108.432018752300     
   11310.00       107.188000250475     
   11325.00       105.797302999977     
   11340.00       104.608893234868     
   11355.00       103.886348521132     
   11370.00       103.796682378319     
   11385.00       104.411944980096     
   11400.00       105.675561788413     
   11415.00       107.353303163379     
   11430.00       109.032606475241     
   11445.00       110.245856326295     
   11460.00       110.662825422854     
   11475.00       110.226968972406     
   11490.00       109.143190514504     
   11505.00       107.764967777959     
   11520.00       106.456709827026     
   11520.00       106.588215559745     
   11535.00       105.770939630328     
   11550.00       105.431139292782     
   11565.00       105.638846331642     
   11580.00       106.351217618979     
   11595.00       107.375201279358     
   11610.00       108.380010980123     
   11625.00       108.998500849556     
   11640.00       108.988759690530     
   11655.00       108.340709244793     
   11670.00       107.258026604432     
   11685.00       106.048887905957     
   11700.00       105.016656902320     
   11715.00       104.388386183149     
   11730.00       104.306615222326     
   11745.00       104.832895589049     
   11760.00       105.920110107655     
   11775.00       107.368947583982     
   11790.00       108.824185647695     
   11805.00       109.878475182689     
   11820.00       110.241120285070     
   11835.00       109.860909833206     
   11850.00       108.917567569620     
   11865.00       107.720837536808     
   11880.00       106.588215559745     
   11880.00       107.011521710208     
   11895.00       106.338935617406     
   11910.00       106.060258357932     
   11925.00       106.233253270415     
   11940.00       106.824167417782     
   11955.00       107.676328465627     
   11970.00       108.517008622903     
   11985.00       109.039873781936     
   12000.00       109.040075759741     
   12015.00       108.507138135733     
   12030.00       107.610428761697     
   12045.00       106.607291586987     
   12060.00       105.749017939264     
   12075.00       105.222608071964     
   12090.00       105.144776581474     
   12105.00       105.566640551955     
   12120.00       106.452252960578     
   12135.00       107.641287353696     
   12150.00       108.843054638359     
   12165.00       109.718946550005     
   12180.00       110.023875068962     
   12195.00       109.712260642822     
   12210.00       108.933373536522     
   12225.00       107.945289725302     
   12240.00       107.011521710208     
   12240.00       107.814349290471     
   12255.00       107.304119075574     
   12270.00       107.091463228855     
   12285.00       107.221810318063     
   12300.00       107.672404724908     
   12315.00       108.327821228729     
   12330.00       108.981319938584     
   12345.00       109.396717979268     
   12360.00       109.412111568702     
   12375.00       109.015622431872     
   12390.00       108.334838288823     
   12405.00       107.566905422698     
   12420.00       106.903232875521     
   12435.00       106.486807872309     
   12450.00       106.407263293315     
   12465.00       106.705590110908     
   12480.00       107.359057806903     
   12495.00       108.250929378742     
   12510.00       109.163446581057     
   12525.00       109.837037906854     
   12540.00       110.079908470013     
   12555.00       109.852654550520     
   12570.00       109.267569732408     
   12585.00       108.521175487744     
   12600.00       107.814349290471     
   12600.00       109.122583739868     
   12615.00       108.796349861883     
   12630.00       108.655682842281     
   12645.00       108.733904013353     
   12660.00       109.021599867720     
   12675.00       109.450347288012     
   12690.00       109.888909014979     
   12705.00       110.182898714618     
   12720.00       110.220860680128     
   12735.00       109.988186252495     
   12750.00       109.560854188029     
   12765.00       109.063795630918     
   12780.00       108.618889118292     
   12795.00       108.320713651530     
   12810.00       108.230881379390     
   12825.00       108.381026333344     
   12840.00       108.764187845778     
   12855.00       109.312513886488     
   12870.00       109.891177599101     
   12885.00       110.332466047160     
   12900.00       110.507876068000     
   12915.00       110.385061342269     
   12930.00       110.030927458097     
   12945.00       109.567656135739     
   12960.00       109.122583739868     
