  0.0000000E+00   66.7674903678960        6.000000    
   15.00000       73.5651643886646        6.000000    
   30.00000       81.0272767259317        6.000000    
   45.00000       88.2200758458209        6.000000    
   60.00000       94.3764561669466        6.000000    
   75.00000       98.7255110604063        6.000000    
   90.00000       101.411260642925        6.000000    
   105.0000       101.449929316544        6.000000    
   120.0000       100.181916787226        6.000000    
   135.0000       97.9702196011714        6.000000    
   150.0000       94.5495970092315        6.000000    
   165.0000       91.0874685390865        6.000000    
   180.0000       87.3286607724219        6.000000    
   195.0000       83.6893665148468        6.000000    
   210.0000       80.5840608374881        6.000000    
   225.0000       76.9893850885617        6.000000    
   240.0000       74.4395376044611        6.000000    
   255.0000       72.0817641700445        6.000000    
   270.0000       68.3879287362232        6.000000    
   285.0000       65.9255951241882        6.000000    
   300.0000       65.0545107985711        6.000000    
   315.0000       63.9771443895271        6.000000    
   330.0000       62.0917435714970        6.000000    
   345.0000       62.4555920394115        6.000000    
  0.0000000E+00   66.7674903678960        6.000000    
 
  0.0000000E+00   63.1302925643735        6.121428    
   15.00000       69.2043258488470        6.121428    
   30.00000       75.9697481651639        6.121428    
   45.00000       82.5782447365564        6.121428    
   60.00000       88.3348219525525        6.121428    
   75.00000       92.5026368274294        6.121428    
   90.00000       95.1832754810516        6.121428    
   105.0000       95.4550825700019        6.121428    
   120.0000       94.4878667430353        6.121428    
   135.0000       92.6456036701190        6.121428    
   150.0000       89.6471511146028        6.121428    
   165.0000       86.5581655408948        6.121428    
   180.0000       83.1526467067722        6.121428    
   195.0000       79.8246363651961        6.121428    
   210.0000       76.9625622924775        6.121428    
   225.0000       73.6256270048876        6.121428    
   240.0000       71.1937802241832        6.121428    
   255.0000       68.9715921578035        6.121428    
   270.0000       65.5013773370732        6.121428    
   285.0000       63.1035084358485        6.121428    
   300.0000       62.1538585818200        6.121428    
   315.0000       61.0424106144309        6.121428    
   330.0000       59.1969234617955        6.121428    
   345.0000       59.3718984656725        6.121428    
  0.0000000E+00   63.1302925643735        6.121428    
 
  0.0000000E+00   60.0490195553807        6.242857    
   15.00000       65.2887683055673        6.242857    
   30.00000       71.2375083661589        6.242857    
   45.00000       77.1423586994791        6.242857    
   60.00000       82.4091548040328        6.242857    
   75.00000       86.3359425030524        6.242857    
   90.00000       89.0090387163738        6.242857    
   105.0000       89.5669937599652        6.242857    
   120.0000       88.9709836708357        6.242857    
   135.0000       87.5477276126987        6.242857    
   150.0000       85.0272510774852        6.242857    
   165.0000       82.3544606368669        6.242857    
   180.0000       79.3629359201443        6.242857    
   195.0000       76.3595644479053        6.242857    
   210.0000       73.7542950175607        6.242857    
   225.0000       70.7040157890970        6.242857    
   240.0000       68.4318793786979        6.242857    
   255.0000       66.3632484037395        6.242857    
   270.0000       63.1781048516220        6.242857    
   285.0000       60.9025457255766        6.242857    
   300.0000       59.8975545591117        6.242857    
   315.0000       58.7610150349459        6.242857    
   330.0000       56.9598807488347        6.242857    
   345.0000       56.9144905824766        6.242857    
  0.0000000E+00   60.0490195553807        6.242857    
 
  0.0000000E+00   57.2169174907603        6.364286    
   15.00000       61.5428644954746        6.364286    
   30.00000       66.6002006554741        6.364286    
   45.00000       71.7351930586944        6.364286    
   60.00000       76.4569623729150        6.364286    
   75.00000       80.1238040126458        6.364286    
   90.00000       82.7921388266651        6.364286    
   105.0000       83.6624017299388        6.364286    
   120.0000       83.4777274168170        6.364286    
   135.0000       82.5186227672902        6.364286    
   150.0000       80.5375357679839        6.364286    
   165.0000       78.3277961013314        6.364286    
   180.0000       75.7663058496021        6.364286    
   195.0000       73.1058705425077        6.364286    
   210.0000       70.7647349003700        6.364286    
   225.0000       68.0073335755034        6.364286    
   240.0000       65.8864403933269        6.364286    
   255.0000       63.9946156771042        6.364286    
   270.0000       61.1210000124671        6.364286    
   285.0000       58.9747204237628        6.364286    
   300.0000       57.9241342453299        6.364286    
   315.0000       56.7784896110090        6.364286    
   330.0000       55.0465715912028        6.364286    
   345.0000       54.7645034312515        6.364286    
  0.0000000E+00   57.2169174907603        6.364286    
 
  0.0000000E+00   54.3929391879907        6.485714    
   15.00000       57.7825075890716        6.485714    
   30.00000       61.9335401318939        6.485714    
   45.00000       66.2759917682168        6.485714    
   60.00000       70.4259627091204        6.485714    
   75.00000       73.7923249983687        6.485714    
   90.00000       76.4270893249492        6.485714    
   105.0000       77.6087887878252        6.485714    
   120.0000       77.8540638153424        6.485714    
   135.0000       77.4100300042099        6.485714    
   150.0000       76.0024263877826        6.485714    
   165.0000       74.2809418790388        6.485714    
   180.0000       72.1818533555324        6.485714    
   195.0000       69.8813129691780        6.485714    
   210.0000       67.8092963652981        6.485714    
   225.0000       65.3472930915535        6.485714    
   240.0000       63.3592038508727        6.485714    
   255.0000       61.6344281839565        6.485714    
   270.0000       59.0847417290254        6.485714    
   285.0000       57.0582229780137        6.485714    
   300.0000       55.9406877552098        6.485714    
   315.0000       54.8219098168509        6.485714    
   330.0000       53.1924429872550        6.485714    
   345.0000       52.6641710709292        6.485714    
  0.0000000E+00   54.3929391879907        6.485714    
 
  0.0000000E+00   51.4937463446745        6.607143    
   15.00000       53.9789873403905        6.607143    
   30.00000       57.2491574522815        6.607143    
   45.00000       60.8119049726144        6.607143    
   60.00000       64.3830145315529        6.607143    
   75.00000       67.4257633748747        6.607143    
   90.00000       69.9842647304065        6.607143    
   105.0000       71.4360526383744        6.607143    
   120.0000       72.0766535680431        6.607143    
   135.0000       72.1210759060575        6.607143    
   150.0000       71.2993264950190        6.607143    
   165.0000       70.0849385578190        6.607143    
   180.0000       68.4575292908176        6.607143    
   195.0000       66.5236876835394        6.607143    
   210.0000       64.7215711040997        6.607143    
   225.0000       62.5584810124720        6.607143    
   240.0000       60.6909611706326        6.607143    
   255.0000       59.0995730868604        6.607143    
   270.0000       56.8533457872987        6.607143    
   285.0000       54.9373535349129        6.607143    
   300.0000       53.7585917763627        6.607143    
   315.0000       52.6797242883702        6.607143    
   330.0000       51.1913745265442        6.607143    
   345.0000       50.4515475312432        6.607143    
  0.0000000E+00   51.4937463446745        6.607143    
 
  0.0000000E+00   48.5195137256240        6.728571    
   15.00000       50.2002494332431        6.728571    
   30.00000       52.6663707280392        6.728571    
   45.00000       55.5010717308284        6.728571    
   60.00000       58.5066274395008        6.728571    
   75.00000       61.2061994302202        6.728571    
   90.00000       63.6329176125152        6.728571    
   105.0000       65.2748290083549        6.728571    
   120.0000       66.2366530725231        6.728571    
   135.0000       66.7022638180590        6.728571    
   150.0000       66.4066847410915        6.728571    
   165.0000       65.6572613582048        6.728571    
   180.0000       64.4819502990736        6.728571    
   195.0000       62.9097140070174        6.728571    
   210.0000       61.3670122618278        6.728571    
   225.0000       59.4899798179555        6.728571    
   240.0000       57.7320438615965        6.728571    
   255.0000       56.2500777305289        6.728571    
   270.0000       54.2925738835798        6.728571    
   285.0000       52.4959489903500        6.728571    
   300.0000       51.2716828584029        6.728571    
   315.0000       50.2475759733029        6.728571    
   330.0000       48.9354732374018        6.728571    
   345.0000       48.0595652427016        6.728571    
  0.0000000E+00   48.5195137256240        6.728571    
 
  0.0000000E+00   45.5096184341957        6.850000    
   15.00000       46.5457107265226        6.850000    
   30.00000       48.3339441266625        6.850000    
   45.00000       50.5345034906744        6.850000    
   60.00000       53.0175040676667        6.850000    
   75.00000       55.3687161683667        6.850000    
   90.00000       57.6091186610979        6.850000    
   105.0000       59.3375427916456        6.850000    
   120.0000       60.5156656139491        6.850000    
   135.0000       61.2919487561508        6.850000    
   150.0000       61.4137659750840        6.850000    
   165.0000       61.0467667193877        6.850000    
   180.0000       60.2515564306427        6.850000    
   195.0000       58.9999465998931        6.850000    
   210.0000       57.6897767306693        6.850000    
   225.0000       56.0782444126394        6.850000    
   240.0000       54.4629468393506        6.850000    
   255.0000       53.1135948076888        6.850000    
   270.0000       51.4217911291650        6.850000    
   285.0000       49.7885328262964        6.850000    
   300.0000       48.5596641948010        6.850000    
   315.0000       47.5583556369196        6.850000    
   330.0000       46.3801263884647        6.850000    
   345.0000       45.4677895941917        6.850000    
  0.0000000E+00   45.5096184341957        6.850000    
 
  0.0000000E+00   42.5347689684411        6.971429    
   15.00000       43.1014613328508        6.971429    
   30.00000       44.3699379489403        6.971429    
   45.00000       46.0639358734797        6.971429    
   60.00000       48.1006129381566        6.971429    
   75.00000       50.1242679769980        6.971429    
   90.00000       52.1433324714013        6.971429    
   105.0000       53.8551600397350        6.971429    
   120.0000       55.1330546241494        6.971429    
   135.0000       56.0864304125390        6.971429    
   150.0000       56.4801997380630        6.971429    
   165.0000       56.3794676453564        6.971429    
   180.0000       55.8793608470142        6.971429    
   195.0000       54.9299398975553        6.971429    
   210.0000       53.8602310934341        6.971429    
   225.0000       52.5100133617130        6.971429    
   240.0000       51.0541836989368        6.971429    
   255.0000       49.7935165642444        6.971429    
   270.0000       48.3171502868267        6.971429    
   285.0000       46.8196422975658        6.971429    
   300.0000       45.6069140020275        6.971429    
   315.0000       44.6614453507255        6.971429    
   330.0000       43.6537297912344        6.971429    
   345.0000       42.7603301386212        6.971429    
  0.0000000E+00   42.5347689684411        6.971429    
 
  0.0000000E+00   39.6426078363732        7.092857    
   15.00000       39.9388206739413        7.092857    
   30.00000       40.8502923028976        7.092857    
   45.00000       42.1660475790458        7.092857    
   60.00000       43.8520058606172        7.092857    
   75.00000       45.5912350281592        7.092857    
   90.00000       47.3816637038318        7.092857    
   105.0000       48.9952782610886        7.092857    
   120.0000       50.2649809699286        7.092857    
   135.0000       51.2630190141694        7.092857    
   150.0000       51.7833474477593        7.092857    
   165.0000       51.8843742546642        7.092857    
   180.0000       51.6114278329617        7.092857    
   195.0000       50.8734080655672        7.092857    
   210.0000       49.9632624624033        7.092857    
   225.0000       48.8100503631248        7.092857    
   240.0000       47.4908035890306        7.092857    
   255.0000       46.3197006016758        7.092857    
   270.0000       45.0163463066453        7.092857    
   285.0000       43.6648630623566        7.092857    
   300.0000       42.5119767574501        7.092857    
   315.0000       41.6284249182367        7.092857    
   330.0000       40.7661210409697        7.092857    
   345.0000       39.9685819097307        7.092857    
  0.0000000E+00   39.6426078363732        7.092857    
 
  0.0000000E+00   36.8499699714307        7.214286    
   15.00000       37.0343204308161        7.214286    
   30.00000       37.7562312211035        7.214286    
   45.00000       38.8321161786477        7.214286    
   60.00000       40.2550836872105        7.214286    
   75.00000       41.7634909885388        7.214286    
   90.00000       43.3376539284412        7.214286    
   105.0000       44.7990616175183        7.214286    
   120.0000       45.9743773370044        7.214286    
   135.0000       46.9161099028031        7.214286    
   150.0000       47.4954442309575        7.214286    
   165.0000       47.6618419574655        7.214286    
   180.0000       47.4818536927204        7.214286    
   195.0000       46.8792206034245        7.214286    
   210.0000       46.0913355476914        7.214286    
   225.0000       45.0826804825066        7.214286    
   240.0000       43.8921782000167        7.214286    
   255.0000       42.8116910272362        7.214286    
   270.0000       41.6481250109405        7.214286    
   285.0000       40.4375276731255        7.214286    
   300.0000       39.3764432326325        7.214286    
   315.0000       38.5711694712078        7.214286    
   330.0000       37.8406978757422        7.214286    
   345.0000       37.1700828974070        7.214286    
  0.0000000E+00   36.8499699714307        7.214286    
 
  0.0000000E+00   34.2044922117875        7.335714    
   15.00000       34.3796830391567        7.335714    
   30.00000       35.0207358667749        7.335714    
   45.00000       35.9723363597956        7.335714    
   60.00000       37.2067760507104        7.335714    
   75.00000       38.5274724404878        7.335714    
   90.00000       39.9026995401435        7.335714    
   105.0000       41.1816021666172        7.335714    
   120.0000       42.2119988078913        7.335714    
   135.0000       43.0669047804968        7.335714    
   150.0000       43.5802468666237        7.335714    
   165.0000       43.7285137075813        7.335714    
   180.0000       43.5743895088481        7.335714    
   195.0000       43.0429571949671        7.335714    
   210.0000       42.3328851176485        7.335714    
   225.0000       41.4273443172747        7.335714    
   240.0000       40.3518560701557        7.335714    
   255.0000       39.3608696977624        7.335714    
   270.0000       38.3127705678215        7.335714    
   285.0000       37.2341825750263        7.335714    
   300.0000       36.2857861177050        7.335714    
   315.0000       35.5768539749137        7.335714    
   330.0000       34.9724957254166        7.335714    
   345.0000       34.4442533277538        7.335714    
  0.0000000E+00   34.2044922117875        7.335714    
 
  0.0000000E+00   31.7151120906348        7.457143    
   15.00000       31.9468027778913        7.457143    
   30.00000       32.5675416878181        7.457143    
   45.00000       33.4478205185137        7.457143    
   60.00000       34.5692100752599        7.457143    
   75.00000       35.7237289039804        7.457143    
   90.00000       36.9093520641437        7.457143    
   105.0000       37.9979204324934        7.457143    
   120.0000       38.8774085700521        7.457143    
   135.0000       39.5787798066183        7.457143    
   150.0000       39.9795589986839        7.457143    
   165.0000       40.0701482757812        7.457143    
   180.0000       39.8908831495462        7.457143    
   195.0000       39.3887462327804        7.457143    
   210.0000       38.7291572811300        7.457143    
   225.0000       37.8986742991141        7.457143    
   240.0000       36.9259917861295        7.457143    
   255.0000       36.0220218270819        7.457143    
   270.0000       35.0745073341915        7.457143    
   285.0000       34.1209060380245        7.457143    
   300.0000       33.2966908405686        7.457143    
   315.0000       32.6973426209219        7.457143    
   330.0000       32.2176043241663        7.457143    
   345.0000       31.8371050268155        7.457143    
  0.0000000E+00   31.7151120906348        7.457143    
 
  0.0000000E+00   29.3697922606801        7.578571    
   15.00000       29.6810220613270        7.578571    
   30.00000       30.3113408366737        7.578571    
   45.00000       31.1471581523025        7.578571    
   60.00000       32.1686008752002        7.578571    
   75.00000       33.1925544382532        7.578571    
   90.00000       34.2081238955095        7.578571    
   105.0000       35.1067799998521        7.578571    
   120.0000       35.8077077036758        7.578571    
   135.0000       36.3444128750741        7.578571    
   150.0000       36.6171021647997        7.578571    
   165.0000       36.6292232252708        7.578571    
   180.0000       36.4065685500289        7.578571    
   195.0000       35.9155563664939        7.578571    
   210.0000       35.2933191347872        7.578571    
   225.0000       34.5242439866033        7.578571    
   240.0000       33.6465420348907        7.578571    
   255.0000       32.8267203075552        7.578571    
   270.0000       31.9724533927845        7.578571    
   285.0000       31.1393745763540        7.578571    
   300.0000       30.4426190999205        7.578571    
   315.0000       29.9578969574756        7.578571    
   330.0000       29.6002407986742        7.578571    
   345.0000       29.3642946566578        7.578571    
  0.0000000E+00   29.3697922606801        7.578571    
 
  0.0000000E+00   27.1472058040807        7.700000    
   15.00000       27.5331608760894        7.700000    
   30.00000       28.1741572470542        7.700000    
   45.00000       28.9697162050652        7.700000    
   60.00000       29.8973173024975        7.700000    
   75.00000       30.7960726968861        7.700000    
   90.00000       31.6522805874243        7.700000    
   105.0000       32.3671761738542        7.700000    
   120.0000       32.8989647860795        7.700000    
   135.0000       33.2791826868772        7.700000    
   150.0000       33.4316160106406        7.700000    
   165.0000       33.3687481056749        7.700000    
   180.0000       33.1045806210785        7.700000    
   195.0000       32.6229610814235        7.700000    
   210.0000       32.0355608071198        7.700000    
   225.0000       31.3246261142876        7.700000    
   240.0000       30.5373110116903        7.700000    
   255.0000       29.7987258404149        7.700000    
   270.0000       29.0345707951306        7.700000    
   285.0000       28.3175675774118        7.700000    
   300.0000       27.7439435161541        7.700000    
   315.0000       27.3703136674372        7.700000    
   330.0000       27.1276413543795        7.700000    
   345.0000       27.0242549921248        7.700000    
  0.0000000E+00   27.1472058040807        7.700000    
 
  0.0000000E+00   25.0301344472373        7.821429    
   15.00000       25.4713922205492        7.821429    
   30.00000       26.1108973823249        7.821429    
   45.00000       26.8601021864228        7.821429    
   60.00000       27.6928378980525        7.821429    
   75.00000       28.4696357074159        7.821429    
   90.00000       29.1755186076196        7.821429    
   105.0000       29.7246901025764        7.821429    
   120.0000       30.1074843546692        7.821429    
   135.0000       30.3527541558190        7.821429    
   150.0000       30.4046787337959        7.821429    
   165.0000       30.2813369985757        7.821429    
   180.0000       29.9880374893370        7.821429    
   195.0000       29.5222595260483        7.821429    
   210.0000       28.9726291588210        7.821429    
   225.0000       28.3214027618431        7.821429    
   240.0000       27.6206825001276        7.821429    
   255.0000       26.9600491600598        7.821429    
   270.0000       26.2837123195524        7.821429    
   285.0000       25.6759262978162        7.821429    
   300.0000       25.2148323542369        7.821429    
   315.0000       24.9419389593913        7.821429    
   330.0000       24.8018241810669        7.821429    
   345.0000       24.8116448207917        7.821429    
  0.0000000E+00   25.0301344472373        7.821429    
 
  0.0000000E+00   23.0116971904267        7.942857    
   15.00000       23.4845689410256        7.942857    
   30.00000       24.1072194194000        7.942857    
   45.00000       24.8021921265947        7.942857    
   60.00000       25.5400532858039        7.942857    
   75.00000       26.2012197465728        7.942857    
   90.00000       26.7703809034447        7.942857    
   105.0000       27.1766746172379        7.942857    
   120.0000       27.4348054118970        7.942857    
   135.0000       27.5706414983147        7.942857    
   150.0000       27.5456155066014        7.942857    
   165.0000       27.3797662544676        7.942857    
   180.0000       27.0725797120257        7.942857    
   195.0000       26.6309300899325        7.942857    
   210.0000       26.1232012385262        7.942857    
   225.0000       25.5336914656040        7.942857    
   240.0000       24.9149063371978        7.942857    
   255.0000       24.3282488312917        7.942857    
   270.0000       23.7361742138012        7.942857    
   285.0000       23.2276959448805        7.942857    
   300.0000       22.8646350325689        7.942857    
   315.0000       22.6781395248086        7.942857    
   330.0000       22.6243660413683        7.942857    
   345.0000       22.7240346576801        7.942857    
  0.0000000E+00   23.0116971904267        7.942857    
 
  0.0000000E+00   21.0932373717933        8.064285    
   15.00000       21.5760439808057        8.064285    
   30.00000       22.1687188934932        8.064285    
   45.00000       22.8039294316655        8.064285    
   60.00000       23.4499795023184        8.064285    
   75.00000       24.0051653878542        8.064285    
   90.00000       24.4544733086040        8.064285    
   105.0000       24.7422582961914        8.064285    
   120.0000       24.9003605990007        8.064285    
   135.0000       24.9517861447331        8.064285    
   150.0000       24.8721139958512        8.064285    
   165.0000       24.6805773046303        8.064285    
   180.0000       24.3731628221555        8.064285    
   195.0000       23.9623275506448        8.064285    
   210.0000       23.4994020926780        8.064285    
   225.0000       22.9719206187772        8.064285    
   240.0000       22.4292269092281        8.064285    
   255.0000       21.9117754866295        8.064285    
   270.0000       21.3984890502153        8.064285    
   285.0000       20.9773836154722        8.064285    
   300.0000       20.6966139814281        8.064285    
   315.0000       20.5809419091354        8.064285    
   330.0000       20.5959092006143        8.064285    
   345.0000       20.7617375573139        8.064285    
  0.0000000E+00   21.0932373717933        8.064285    
 
  0.0000000E+00   19.2788428269385        8.185715    
   15.00000       19.7544977197196        8.185715    
   30.00000       20.3081128400672        8.185715    
   45.00000       20.8813894698975        8.185715    
   60.00000       21.4414857208495        8.185715    
   75.00000       21.9024058090453        8.185715    
   90.00000       22.2498781626107        8.185715    
   105.0000       22.4424600635836        8.185715    
   120.0000       22.5230558888269        8.185715    
   135.0000       22.5121711227760        8.185715    
   150.0000       22.3965798233931        8.185715    
   165.0000       22.1930260909693        8.185715    
   180.0000       21.8956976698866        8.185715    
   195.0000       21.5197060843622        8.185715    
   210.0000       21.1025662137828        8.185715    
   225.0000       20.6353358963047        8.185715    
   240.0000       20.1620274466532        8.185715    
   255.0000       19.7083845622660        8.185715    
   270.0000       19.2669820233479        8.185715    
   285.0000       18.9208180042767        8.185715    
   300.0000       18.7073193103093        8.185715    
   315.0000       18.6475872056763        8.185715    
   330.0000       18.7143846632472        8.185715    
   345.0000       18.9249600585836        8.185715    
  0.0000000E+00   19.2788428269385        8.185715    
 
  0.0000000E+00   17.5713303514345        8.307143    
   15.00000       18.0275981130872        8.307143    
   30.00000       18.5369244542153        8.307143    
   45.00000       19.0489359628440        8.307143    
   60.00000       19.5306539734856        8.307143    
   75.00000       19.9096413846491        8.307143    
   90.00000       20.1726959818164        8.307143    
   105.0000       20.2908378534333        8.307143    
   120.0000       20.3132729310705        8.307143    
   135.0000       20.2584140922192        8.307143    
   150.0000       20.1215719833671        8.307143    
   165.0000       19.9162309480508        8.307143    
   180.0000       19.6359162190868        8.307143    
   195.0000       19.2963502987530        8.307143    
   210.0000       18.9242015729568        8.307143    
   225.0000       18.5137951934152        8.307143    
   240.0000       18.1028851222567        8.307143    
   255.0000       17.7073472667030        8.307143    
   270.0000       17.3302341258025        8.307143    
   285.0000       17.0472281947603        8.307143    
   300.0000       16.8877294322254        8.307143    
   315.0000       16.8707509980832        8.307143    
   330.0000       16.9744000932482        8.307143    
   345.0000       17.2118112469849        8.307143    
  0.0000000E+00   17.5713303514345        8.307143    
 
  0.0000000E+00   15.9708411051140        8.428572    
   15.00000       16.3996239645060        8.428572    
   30.00000       16.8624108036895        8.428572    
   45.00000       17.3157464099575        8.428572    
   60.00000       17.7273526266641        8.428572    
   75.00000       18.0363570316509        8.428572    
   90.00000       18.2308280572990        8.428572    
   105.0000       18.2922318801940        8.428572    
   120.0000       18.2725060454103        8.428572    
   135.0000       18.1883200727972        8.428572    
   150.0000       18.0412330369002        8.428572    
   165.0000       17.8413100359787        8.428572    
   180.0000       17.5821318145952        8.428572    
   195.0000       17.2787489582313        8.428572    
   210.0000       16.9495403117987        8.428572    
   225.0000       16.5915483350154        8.428572    
   240.0000       16.2362028021829        8.428572    
   255.0000       15.8930617500175        8.428572    
   270.0000       15.5726365346921        8.428572    
   285.0000       15.3422825624007        8.428572    
   300.0000       15.2255610618697        8.428572    
   315.0000       15.2401638870464        8.428572    
   330.0000       15.3680516418442        8.428572    
   345.0000       15.6180460018245        8.428572    
  0.0000000E+00   15.9708411051140        8.428572    
 
  0.0000000E+00   14.4752597156335        8.550000    
   15.00000       14.8716388763550        8.550000    
   30.00000       15.2877379032330        8.550000    
   45.00000       15.6861071909778        8.550000    
   60.00000       16.0358280367581        8.550000    
   75.00000       16.2858441309855        8.550000    
   90.00000       16.4255855732423        8.550000    
   105.0000       16.4449302331879        8.550000    
   120.0000       16.3959575067611        8.550000    
   135.0000       16.2938562135780        8.550000    
   150.0000       16.1445325864797        8.550000    
   165.0000       15.9548589141730        8.550000    
   180.0000       15.7188777988137        8.550000    
   195.0000       15.4502455010355        8.550000    
   210.0000       15.1611539976060        8.550000    
   225.0000       14.8507509786772        8.550000    
   240.0000       14.5445903275307        8.550000    
   255.0000       14.2483567708797        8.550000    
   270.0000       13.9774115534364        8.550000    
   285.0000       13.7906479264537        8.550000    
   300.0000       13.7074325663938        8.550000    
   315.0000       13.7444055911131        8.550000    
   330.0000       13.8862902117440        8.550000    
   345.0000       14.1379331068693        8.550000    
  0.0000000E+00   14.4752597156335        8.550000    
 
  0.0000000E+00   13.0811210769292        8.671429    
   15.00000       13.4424899035560        8.671429    
   30.00000       13.8131191543060        8.671429    
   45.00000       14.1607880084809        8.671429    
   60.00000       14.4564096750552        8.671429    
   75.00000       14.6572283736312        8.671429    
   90.00000       14.7540552092560        8.671429    
   105.0000       14.7432829521249        8.671429    
   120.0000       14.6753084006960        8.671429    
   135.0000       14.5640170171097        8.671429    
   150.0000       14.4181281120232        8.671429    
   165.0000       14.2417506644528        8.671429    
   180.0000       14.0295998636808        8.671429    
   195.0000       13.7936051791113        8.671429    
   210.0000       13.5414454539134        8.671429    
   225.0000       13.2737812512641        8.671429    
   240.0000       13.0109912518250        8.671429    
   255.0000       12.7565138877848        8.671429    
   270.0000       12.5284564778156        8.671429    
   285.0000       12.3776244381554        8.671429    
   300.0000       12.3203460390167        8.671429    
   315.0000       12.3722238364375        8.671429    
   330.0000       12.5199958734960        8.671429    
   345.0000       12.7651572855661        8.671429    
  0.0000000E+00   13.0811210769292        8.671429    
 
  0.0000000E+00   11.7842388431909        8.792857    
   15.00000       12.1096443028540        8.792857    
   30.00000       12.4368705909656        8.792857    
   45.00000       12.7382632006336        8.792857    
   60.00000       12.9869065842151        8.792857    
   75.00000       13.1470624662710        8.792857    
   90.00000       13.2108665443891        8.792857    
   105.0000       13.1795489587745        8.792857    
   120.0000       13.1005827046182        8.792857    
   135.0000       12.9866615487997        8.792857    
   150.0000       12.8481133586476        8.792857    
   165.0000       12.6867953588880        8.792857    
   180.0000       12.4981714252550        8.792857    
   195.0000       12.2923637612701        8.792857    
   210.0000       12.0738420877733        8.792857    
   225.0000       11.8442747062461        8.792857    
   240.0000       11.6196482865724        8.792857    
   255.0000       11.4021805181424        8.792857    
   270.0000       11.2111106144643        8.792857    
   285.0000       11.0898074112364        8.792857    
   300.0000       11.0523339098296        8.792857    
   315.0000       11.1131582191120        8.792857    
   330.0000       11.2605509075567        8.792857    
   345.0000       11.4933677676788        8.792857    
  0.0000000E+00   11.7842388431909        8.792857    
 
  0.0000000E+00   10.5801266131363        8.914286    
   15.00000       10.8697568759265        8.914286    
   30.00000       11.1561353004223        8.914286    
   45.00000       11.4156114289937        8.914286    
   60.00000       11.6236529835534        8.914286    
   75.00000       11.7504603826292        8.914286    
   90.00000       11.7894050626832        8.914286    
   105.0000       11.7451076148816        8.914286    
   120.0000       11.6613186826445        8.914286    
   135.0000       11.5496011181600        8.914286    
   150.0000       11.4209710470999        8.914286    
   165.0000       11.2755566604495        8.914286    
   180.0000       11.1095662215839        8.914286    
   195.0000       10.9313872751128        8.914286    
   210.0000       10.7432738744279        8.914286    
   225.0000       10.5474958031164        8.914286    
   240.0000       10.3564194419315        8.914286    
   255.0000       10.1716546107998        8.914286    
   270.0000       10.0123815614861        8.914286    
   285.0000       9.91529090276218        8.914286    
   300.0000       9.89267380077727        8.914286    
   315.0000       9.95775032018885        8.914286    
   330.0000       10.1000327507133        8.914286    
   345.0000       10.3164536243249        8.914286    
  0.0000000E+00   10.5801266131363        8.914286    
 
  0.0000000E+00   9.46416183449877        9.035714    
   15.00000       9.71898362406782        9.035714    
   30.00000       9.96731254720388        9.035714    
   45.00000       10.1890203657397        9.035714    
   60.00000       10.3620779322897        9.035714    
   75.00000       10.4617268988711        9.035714    
   90.00000       10.4824560279957        9.035714    
   105.0000       10.4310708938217        9.035714    
   120.0000       10.3471278117024        9.035714    
   135.0000       10.2410878317513        9.035714    
   150.0000       10.1239705981199        9.035714    
   165.0000       9.99466324021108        9.035714    
   180.0000       9.85006870057997        9.035714    
   195.0000       9.69699977747896        9.035714    
   210.0000       9.53623927058879        9.035714    
   225.0000       9.37034355528863        9.035714    
   240.0000       9.20875766712937        9.035714    
   255.0000       9.05282071745479        9.035714    
   270.0000       8.92082228997814        9.035714    
   285.0000       8.84354859170984        9.035714    
   300.0000       8.83181818583947        9.035714    
   315.0000       8.89751319466635        9.035714    
   330.0000       9.03122270196498        9.035714    
   345.0000       9.22860331589190        9.035714    
  0.0000000E+00   9.46416183449877        9.035714    
 
  0.0000000E+00   8.42785445168406        9.157143    
   15.00000       8.64923108100389        9.157143    
   30.00000       8.86228416417054        9.157143    
   45.00000       9.05000811608641        9.157143    
   60.00000       9.19292951993106        9.157143    
   75.00000       9.27058733396560        9.157143    
   90.00000       9.27845694468405        9.157143    
   105.0000       9.22453867708724        9.157143    
   120.0000       9.14394183687420        9.157143    
   135.0000       9.04603189131904        9.157143    
   150.0000       8.94133630987550        9.157143    
   165.0000       8.82793545735445        9.157143    
   180.0000       8.70335798755737        9.157143    
   195.0000       8.57304286414550        9.157143    
   210.0000       8.43685016418276        9.157143    
   225.0000       8.29739386072329        9.157143    
   240.0000       8.16180060301324        9.157143    
   255.0000       8.03129913144635        9.157143    
   270.0000       7.92272686801643        9.157143    
   285.0000       7.86168517620001        9.157143    
   300.0000       7.85768599255147        9.157143    
   315.0000       7.92121393764192        9.157143    
   330.0000       8.04385873057258        9.157143    
   345.0000       8.22056163792946        9.157143    
  0.0000000E+00   8.42785445168406        9.157143    
 
  0.0000000E+00   7.47138149978829        9.278572    
   15.00000       7.66113226096580        9.278572    
   30.00000       7.84178205300315        9.278572    
   45.00000       7.99909240195563        9.278572    
   60.00000       8.11612460663555        9.278572    
   75.00000       8.17608995273476        9.278572    
   90.00000       8.17532277904183        9.278572    
   105.0000       8.12224667056847        9.278572    
   120.0000       8.04747117181704        9.278572    
   135.0000       7.95927236044907        9.278572    
   150.0000       7.86734675204497        9.278572    
   165.0000       7.76932546802487        9.278572    
   180.0000       7.66327770274524        9.278572    
   195.0000       7.55347545582835        9.278572    
   210.0000       7.43924941546266        9.278572    
   225.0000       7.32310871748466        9.278572    
   240.0000       7.21036997538647        9.278572    
   255.0000       7.10220948074870        9.278572    
   270.0000       7.01367990233457        9.278572    
   285.0000       6.96587133555605        9.278572    
   300.0000       6.96709204160163        9.278572    
   315.0000       7.02642279481326        9.278572    
   330.0000       7.13641608512438        9.278572    
   345.0000       7.29175431221706        9.278572    
  0.0000000E+00   7.47138149978829        9.278572    
 
  0.0000000E+00   6.59019313424307        9.400000    
   15.00000       6.75031515697078        9.400000    
   30.00000       6.90133628567184        9.400000    
   45.00000       7.03147356579565        9.400000    
   60.00000       7.12625929902826        9.400000    
   75.00000       7.17205568032452        9.400000    
   90.00000       7.16593727462977        9.400000    
   105.0000       7.11615966721264        9.400000    
   120.0000       7.04890448896978        9.400000    
   135.0000       6.97136488646405        9.400000    
   150.0000       6.89218622433045        9.400000    
   165.0000       6.80883761374020        9.400000    
   180.0000       6.71984258364445        9.400000    
   195.0000       6.62850371359609        9.400000    
   210.0000       6.53389692778476        9.400000    
   225.0000       6.43831842686831        9.400000    
   240.0000       6.34568789701264        9.400000    
   255.0000       6.25713124334445        9.400000    
   270.0000       6.18574425403587        9.400000    
   285.0000       6.14870407696736        9.400000    
   300.0000       6.15317799203522        9.400000    
   315.0000       6.20687294106524        9.400000    
   330.0000       6.30328725501649        9.400000    
   345.0000       6.43720280022002        9.400000    
  0.0000000E+00   6.59019313424307        9.400000    
 
  0.0000000E+00   5.77976610082473        9.521429    
   15.00000       5.91233781702615        9.521429    
   30.00000       6.03636577431680        9.521429    
   45.00000       6.14225220481955        9.521429    
   60.00000       6.21790359918155        9.521429    
   75.00000       6.25240412208688        9.521429    
   90.00000       6.24346415543818        9.521429    
   105.0000       6.19872180071584        9.521429    
   120.0000       6.14008679902989        9.521429    
   135.0000       6.07367753063703        9.521429    
   150.0000       6.00695942476102        9.521429    
   165.0000       5.93745530255135        9.521429    
   180.0000       5.86405638525219        9.521429    
   195.0000       5.78930237255972        9.521429    
   210.0000       5.71220728288791        9.521429    
   225.0000       5.63477022418472        9.521429    
   240.0000       5.55993182567807        9.521429    
   255.0000       5.48868437024051        9.521429    
   270.0000       5.43209428510260        9.521429    
   285.0000       5.40389528610705        9.521429    
   300.0000       5.41004953498607        9.521429    
   315.0000       5.45706471051761        9.521429    
   330.0000       5.53936555869628        9.521429    
   345.0000       5.65209408528444        9.521429    
  0.0000000E+00   5.77976610082473        9.521429    
 
  0.0000000E+00   5.03597458719244        9.642858    
   15.00000       5.14298936494179        9.642858    
   30.00000       5.24245002337117        9.642858    
   45.00000       5.32673104664026        9.642858    
   60.00000       5.38592352312808        9.642858    
   75.00000       5.41145547230243        9.642858    
   90.00000       5.40156771211377        9.642858    
   105.0000       5.36299597308031        9.642858    
   120.0000       5.31359180908331        9.642858    
   135.0000       5.25842244825459        9.642858    
   150.0000       5.20372023974313        9.642858    
   165.0000       5.14723331668562        9.642858    
   180.0000       5.08816210224620        9.642858    
   195.0000       5.02838811636449        9.642858    
   210.0000       4.96697766820032        9.642858    
   225.0000       4.90564137645194        9.642858    
   240.0000       4.84636758113139        9.642858    
   255.0000       4.79005218162504        9.642858    
   270.0000       4.74585760356271        9.642858    
   285.0000       4.72463570893183        9.642858    
   300.0000       4.73138625512993        9.642858    
   315.0000       4.77126955694219        9.642858    
   330.0000       4.83964073106026        9.642858    
   345.0000       4.93220432348549        9.642858    
  0.0000000E+00   5.03597458719244        9.642858    
 
  0.0000000E+00   4.35452221864674        9.764286    
   15.00000       4.43824472800256        9.764286    
   30.00000       4.51555476980276        9.764286    
   45.00000       4.58054712444000        9.764286    
   60.00000       4.62548933131175        9.764286    
   75.00000       4.64384651106262        9.764286    
   90.00000       4.63438113670103        9.764286    
   105.0000       4.60266109506585        9.764286    
   120.0000       4.56271947860897        9.764286    
   135.0000       4.51860630564279        9.764286    
   150.0000       4.47530859581672        9.764286    
   165.0000       4.43090553172383        9.764286    
   180.0000       4.38478281796021        9.764286    
   195.0000       4.33835358376392        9.764286    
   210.0000       4.29080403006298        9.764286    
   225.0000       4.24350835023194        9.764286    
   240.0000       4.19789776376348        9.764286    
   255.0000       4.15477087289540        9.764286    
   270.0000       4.12131979873745        9.764286    
   285.0000       4.10584978559914        9.764286    
   300.0000       4.11233902396713        9.764286    
   315.0000       4.14481100677335        9.764286    
   330.0000       4.19952706522701        9.764286    
   345.0000       4.27287887959164        9.764286    
  0.0000000E+00   4.35452221864674        9.764286    
 
  0.0000000E+00   3.73142782038838        9.885715    
   15.00000       3.79389929372810        9.885715    
   30.00000       3.85128966519392        9.885715    
   45.00000       3.89924327479056        9.885715    
   60.00000       3.93197547913739        9.885715    
   75.00000       3.94471708265711        9.885715    
   90.00000       3.93653687890618        9.885715    
   105.0000       3.91185197325956        9.885715    
   120.0000       3.88118981747708        9.885715    
   135.0000       3.84762594786838        9.885715    
   150.0000       3.81494826283135        9.885715    
   165.0000       3.78162224903980        9.885715    
   180.0000       3.74726581791084        9.885715    
   195.0000       3.71283425465172        9.885715    
   210.0000       3.67767862890011        9.885715    
   225.0000       3.64284787106684        9.885715    
   240.0000       3.60931254676457        9.885715    
   255.0000       3.57770664546963        9.885715    
   270.0000       3.55343814200093        9.885715    
   285.0000       3.54260139655407        9.885715    
   300.0000       3.54821158450533        9.885715    
   315.0000       3.57325851467959        9.885715    
   330.0000       3.61487657127186        9.885715    
   345.0000       3.67021064074971        9.885715    
  0.0000000E+00   3.73142782038838        9.885715    
 
  0.0000000E+00   3.16297884883139        10.00714    
   15.00000       3.20618471653641        10.00714    
   30.00000       3.24570178466512        10.00714    
   45.00000       3.27854791495300        10.00714    
   60.00000       3.30072092861581        10.00714    
   75.00000       3.30898587470457        10.00714    
   90.00000       3.30272641948576        10.00714    
   105.0000       3.28511577575627        10.00714    
   120.0000       3.26345671701142        10.00714    
   135.0000       3.23990515184258        10.00714    
   150.0000       3.21711094546821        10.00714    
   165.0000       3.19396145226417        10.00714    
   180.0000       3.17021270474354        10.00714    
   195.0000       3.14649416382947        10.00714    
   210.0000       3.12233775975448        10.00714    
   225.0000       3.09848137557961        10.00714    
   240.0000       3.07554629535855        10.00714    
   255.0000       3.05399231353450        10.00714    
   270.0000       3.03758157772140        10.00714    
   285.0000       3.03048022442473        10.00714    
   300.0000       3.03480013648628        10.00714    
   315.0000       3.05259846216848        10.00714    
   330.0000       3.08184300538575        10.00714    
   345.0000       3.12046473002170        10.00714    
  0.0000000E+00   3.16297884883139        10.00714    
 
  0.0000000E+00   2.64613676674012        10.12857    
   15.00000       2.67206866204476        10.12857    
   30.00000       2.69570205870734        10.12857    
   45.00000       2.71526235405353        10.12857    
   60.00000       2.72835145345142        10.12857    
   75.00000       2.73305999425752        10.12857    
   90.00000       2.72903405924376        10.12857    
   105.0000       2.71823007138615        10.12857    
   120.0000       2.70503885214026        10.12857    
   135.0000       2.69076568489259        10.12857    
   150.0000       2.67700933093343        10.12857    
   165.0000       2.66307857846596        10.12857    
   180.0000       2.64883412781405        10.12857    
   195.0000       2.63464021500897        10.12857    
   210.0000       2.62020846546360        10.12857    
   225.0000       2.60598644185549        10.12857    
   240.0000       2.59232635068262        10.12857    
   255.0000       2.57951384729405        10.12857    
   270.0000       2.56981768194384        10.12857    
   285.0000       2.56572359512457        10.12857    
   300.0000       2.56851350693361        10.12857    
   315.0000       2.57941675208713        10.12857    
   330.0000       2.59718654259506        10.12857    
   345.0000       2.62053505079946        10.12857    
  0.0000000E+00   2.64613676674012        10.12857    
 
  0.0000000E+00   2.17735743301173        10.25000    
   15.00000       2.18798897834714        10.25000    
   30.00000       2.19765703707429        10.25000    
   45.00000       2.20563572121726        10.25000    
   60.00000       2.21094297956319        10.25000    
   75.00000       2.21280570405813        10.25000    
   90.00000       2.21108882305529        10.25000    
   105.0000       2.20661121525604        10.25000    
   120.0000       2.20117764892766        10.25000    
   135.0000       2.19532412880779        10.25000    
   150.0000       2.18970192413401        10.25000    
   165.0000       2.18401729794153        10.25000    
   180.0000       2.17820933566409        10.25000    
   195.0000       2.17242120095910        10.25000    
   210.0000       2.16653127539369        10.25000    
   225.0000       2.16072207326138        10.25000    
   240.0000       2.15513364575236        10.25000    
   255.0000       2.14988627643899        10.25000    
   270.0000       2.14591573343963        10.25000    
   285.0000       2.14424510149811        10.25000    
   300.0000       2.14540832543341        10.25000    
   315.0000       2.14991099843407        10.25000    
   330.0000       2.15723561492490        10.25000    
   345.0000       2.16684226458383        10.25000    
  0.0000000E+00   2.17735743301173        10.25000    
 
