  0.0000000E+00   74.5565346321370     
   15.00000       73.5498075391798     
   30.00000       72.3067872442849     
   45.00000       70.2479961220986     
   60.00000       67.5143120532697     
   75.00000       64.6579003434747     
   90.00000       62.5214821666200     
   105.0000       61.0883103371965     
   120.0000       61.2305451072584     
   135.0000       62.5021204435704     
   150.0000       65.1068821030647     
   165.0000       69.6744286972494     
   180.0000       74.3515751798857     
   195.0000       79.7715083069726     
   210.0000       85.4221548464368     
   225.0000       89.2538183806397     
   240.0000       91.3698243479664     
   255.0000       92.8977103268782     
   270.0000       91.9222476815244     
   285.0000       88.9334494996124     
   300.0000       85.9756510527764     
   315.0000       83.1937119584075     
   330.0000       80.0249794833739     
   345.0000       76.7537132164567     
   360.0000       74.5565346321370     
   360.0000       70.5760268618692     
   375.0000       69.6073149451148     
   390.0000       68.4542177316516     
   405.0000       66.6021984104381     
   420.0000       64.1348003420629     
   435.0000       61.5376163333362     
   450.0000       59.5613251997144     
   465.0000       58.2006967878819     
   480.0000       58.2609166406295     
   495.0000       59.3782894138451     
   510.0000       61.7096693462846     
   525.0000       65.8784423074812     
   540.0000       70.1798959602894     
   555.0000       75.1796299566857     
   570.0000       80.4123909518511     
   585.0000       84.0397485671213     
   600.0000       86.0622244736172     
   615.0000       87.4640017171835     
   630.0000       86.6161265758431     
   645.0000       83.9301913220758     
   660.0000       81.2100802267210     
   675.0000       78.6230403261404     
   690.0000       75.6680226735936     
   705.0000       72.6359952208709     
   720.0000       70.5760268618692     
   720.0000       67.1989285812504     
   735.0000       66.1738007308050     
   750.0000       65.0549792921409     
   765.0000       63.3339297636599     
   780.0000       61.1086242273371     
   795.0000       58.7515500253874     
   810.0000       56.9429624715581     
   825.0000       55.6720630433270     
   840.0000       55.6612898003615     
   855.0000       56.6231311009804     
   870.0000       58.6780870558840     
   885.0000       62.3868098307835     
   900.0000       66.3004520222555     
   915.0000       70.9019610892032     
   930.0000       75.7244707908125     
   945.0000       79.1370123635544     
   960.0000       81.1013379924134     
   975.0000       82.4254748260549     
   990.0000       81.7867167821077     
   1005.000       79.5095914914566     
   1020.000       77.1203225078349     
   1035.000       74.7746820892021     
   1050.000       72.0612422876475     
   1065.000       69.2127880465788     
   1080.000       67.1989285812504     
   1080.000       64.1810610213389     
   1095.000       63.0693562866870     
   1110.000       61.9377981434617     
   1125.000       60.3488375799049     
   1140.000       58.3326859704840     
   1155.000       56.2010671424933     
   1170.000       54.5410155900114     
   1185.000       53.3420470349015     
   1200.000       53.2450575526572     
   1215.000       54.0255073425367     
   1230.000       55.7550385262281     
   1245.000       58.9848240220704     
   1260.000       62.5098577831765     
   1275.000       66.6609860087371     
   1290.000       71.0307269684177     
   1305.000       74.2175900418216     
   1320.000       76.0977010988067     
   1335.000       77.4124951784529     
   1350.000       77.0476463479195     
   1365.000       75.2204075588450     
   1380.000       73.1896076210480     
   1395.000       71.1747024060409     
   1410.000       68.7677024703290     
   1425.000       66.1629054118683     
   1440.000       64.1810610213389     
   1440.000       61.2820072000500     
   1455.000       60.0841012503417     
   1470.000       58.9426416774682     
   1485.000       57.4670632077176     
   1500.000       55.6761718627723     
   1515.000       53.7453406827485     
   1530.000       52.2133840373288     
   1545.000       51.0696123034785     
   1560.000       50.8366191026351     
   1575.000       51.4076431353965     
   1590.000       52.7937646514386     
   1605.000       55.5282658779002     
   1620.000       58.6206016804799     
   1635.000       62.2909578455550     
   1650.000       66.1598071780411     
   1665.000       69.1023523200906     
   1680.000       70.9648718901048     
   1695.000       72.2477499618401     
   1710.000       72.1754832438844     
   1725.000       70.8468438615043     
   1740.000       69.2157085424603     
   1755.000       67.5006042685297     
   1770.000       65.4801033249451     
   1785.000       63.1747993180598     
   1800.000       61.2820072000500     
   1800.000       58.2994070204225     
   1815.000       57.0732738164677     
   1830.000       55.9336681452615     
   1845.000       54.5771454643136     
   1860.000       52.9933779769069     
   1875.000       51.2722293640140     
   1890.000       49.8521008352347     
   1905.000       48.7362291135535     
   1920.000       48.3607920392030     
   1935.000       48.7123139009338     
   1950.000       49.7516390654018     
   1965.000       51.9658272962298     
   1980.000       54.6133316302412     
   1995.000       57.7752556977082     
   2010.000       61.1248023617380     
   2025.000       63.8517071957164     
   2040.000       65.6269081257536     
   2055.000       66.9073661108873     
   2070.000       67.1326876294482     
   2085.000       66.2806093410006     
   2100.000       65.0424670809163     
   2115.000       63.6858266722725     
   2130.000       61.9907643839951     
   2145.000       60.0537337129932     
   2160.000       58.2994070204225     
   2160.000       55.1272478118855     
   2175.000       53.9219706684963     
   2190.000       52.8343600411318     
   2205.000       51.5967020879710     
   2220.000       50.2150524330611     
   2235.000       48.6907901489811     
   2250.000       47.3829750441313     
   2265.000       46.3058062496172     
   2280.000       45.8007964712143     
   2295.000       45.9452638487905     
   2310.000       46.6589448678458     
   2325.000       48.3761874439159     
   2340.000       50.5757756790998     
   2355.000       53.2140502802164     
   2370.000       56.0869149917983     
   2385.000       58.5403479029726     
   2400.000       60.2412649106533     
   2415.000       61.5181251393928     
   2430.000       61.9958799255456     
   2445.000       61.5636649617171     
   2460.000       60.6847132388910     
   2475.000       59.6414720799385     
   2490.000       58.3154673675299     
   2505.000       56.6749777386776     
   2520.000       55.1272478118855     
   2520.000       51.7190830441792     
   2535.000       50.6011396606138     
   2550.000       49.5961013067572     
   2565.000       48.5039975652114     
   2580.000       47.3088771804132     
   2595.000       45.9799595090113     
   2610.000       44.7923282310389     
   2625.000       43.7721069675434     
   2640.000       43.1763231846177     
   2655.000       43.1553449533494     
   2670.000       43.5939057551141     
   2685.000       44.8779517022966     
   2700.000       46.6600422098762     
   2715.000       48.8450862178775     
   2730.000       51.2252926438820     
   2745.000       53.4053051864153     
   2760.000       55.0145490614239     
   2775.000       56.2585984755329     
   2790.000       56.9059884386691     
   2805.000       56.8021797179998     
   2820.000       56.2254058911384     
   2835.000       55.4391204044673     
   2850.000       54.4188177689250     
   2865.000       53.1171445786416     
   2880.000       51.7190830441792     
   2880.000       48.2317938441270     
   2895.000       47.1590959988289     
   2910.000       46.2501585666399     
   2925.000       45.3082148414823     
   2940.000       44.3059378250926     
   2955.000       43.1595230468569     
   2970.000       42.1019070039504     
   2985.000       41.1625793463683     
   3000.000       40.5313111746674     
   3015.000       40.3981856537142     
   3030.000       40.6430581733952     
   3045.000       41.5855291805403     
   3060.000       43.0055311108901     
   3075.000       44.7953576233088     
   3090.000       46.7587526014744     
   3105.000       48.6646559030554     
   3120.000       50.1498598517132     
   3135.000       51.3185622056195     
   3150.000       52.0371462076353     
   3165.000       52.1468256107706     
   3180.000       51.7925985402176     
   3195.000       51.2008639687689     
   3210.000       50.4062063365858     
   3225.000       49.3880471205911     
   3240.000       48.2317938441270     
   3240.000       44.6495359148657     
   3255.000       43.7378784963592     
   3270.000       42.8983040338380     
   3285.000       42.0823073798526     
   3300.000       41.2557825423314     
   3315.000       40.2962997185662     
   3330.000       39.3745022542001     
   3345.000       38.5351592712794     
   3360.000       37.9197568173802     
   3375.000       37.7304407930355     
   3390.000       37.8658589871926     
   3405.000       38.5703138342135     
   3420.000       39.7285726275130     
   3435.000       41.1913090948951     
   3450.000       42.8166156791959     
   3465.000       44.4588285301632     
   3480.000       45.7882060844495     
   3495.000       46.8395419546592     
   3510.000       47.5378028930526     
   3525.000       47.7439274788260     
   3540.000       47.5216344665266     
   3555.000       47.0582898420173     
   3570.000       46.4168563588960     
   3585.000       45.6022610479585     
   3600.000       44.6495359148657     
   3600.000       41.1117539671558     
   3615.000       40.3455782949193     
   3630.000       39.6540016510068     
   3645.000       38.9380638464304     
   3660.000       38.2414275999718     
   3675.000       37.4480559276600     
   3690.000       36.6618270067877     
   3705.000       35.9338048424248     
   3720.000       35.3781975599911     
   3735.000       35.1927694404826     
   3750.000       35.2878887180528     
   3765.000       35.8518213988771     
   3780.000       36.8358996969991     
   3795.000       38.0563965864802     
   3810.000       39.4163718581370     
   3825.000       40.8154269350052     
   3840.000       41.9664091773968     
   3855.000       42.8675681855745     
   3870.000       43.4745676775649     
   3885.000       43.6752371663819     
   3900.000       43.5023852495051     
   3915.000       43.1092445294688     
   3930.000       42.5679078102382     
   3945.000       41.9014022576308     
   3960.000       41.1117539671558     
   3960.000       37.7048613415206     
   3975.000       37.0709112975642     
   3990.000       36.5102170143270     
   4005.000       35.9413375649334     
   4020.000       35.3456273443569     
   4035.000       34.6754760598030     
   4050.000       34.0193934672552     
   4065.000       33.4059645784671     
   4080.000       32.9385126852094     
   4095.000       32.7960798279120     
   4110.000       32.8997188984785     
   4125.000       33.4150505533940     
   4140.000       34.2783370018625     
   4155.000       35.3265366660732     
   4170.000       36.4785915108888     
   4185.000       37.6569509900642     
   4200.000       38.6148124106935     
   4215.000       39.3453512157628     
   4230.000       39.8190522241791     
   4245.000       39.9554227038348     
   4260.000       39.7724144321917     
   4275.000       39.4064645724845     
   4290.000       38.9264243356214     
   4305.000       38.3628142665120     
   4320.000       37.7048613415206     
   4320.000       34.4735470993654     
   4335.000       33.9604926614038     
   4350.000       33.5157072887045     
   4365.000       33.0693781265067     
   4380.000       32.5997349551758     
   4395.000       32.0229220621892     
   4410.000       31.4694664521882     
   4425.000       30.9689875984872     
   4440.000       30.6035449644350     
   4455.000       30.5250143576434     
   4470.000       30.6706002332763     
   4485.000       31.1920310192659     
   4500.000       31.9673508495936     
   4515.000       32.8850085887003     
   4530.000       33.8668037786204     
   4545.000       34.8446420460862     
   4560.000       35.6148141941085     
   4575.000       36.1698974496684     
   4590.000       36.4904558273584     
   4605.000       36.5256250882795     
   4620.000       36.3018172891432     
   4635.000       35.9418751165165     
   4650.000       35.5046678183506     
   4665.000       35.0204907504955     
   4680.000       34.4735470993654     
   4680.000       31.4309413681145     
   4695.000       31.0275061979679     
   4710.000       30.6840001988588     
   4725.000       30.3391750582353     
   4740.000       29.9696704573876     
   4755.000       29.5058235861641     
   4770.000       29.0379703641734     
   4785.000       28.6233842183626     
   4800.000       28.3605123655148     
   4815.000       28.3652320906124     
   4830.000       28.5885517484421     
   4845.000       29.1035074481010     
   4860.000       29.8137610637790     
   4875.000       30.6223648362238     
   4890.000       31.4555103545896     
   4905.000       32.2486794336060     
   4920.000       32.8360158078985     
   4935.000       33.2216415675688     
   4950.000       33.3913516266342     
   4965.000       33.3211997694200     
   4980.000       33.0515193974575     
   4995.000       32.6941797682358     
   5010.000       32.2949910848766     
   5025.000       31.8796664729095     
   5040.000       31.4309413681145     
   5040.000       28.5786504219531     
   5055.000       28.2721465624332     
   5070.000       28.0148154920920     
   5085.000       27.7533726280001     
   5100.000       27.4641238750503     
   5115.000       27.0940724387701     
   5130.000       26.7245895915025     
   5145.000       26.4050562728366     
   5160.000       26.2364572581027     
   5175.000       26.3111448590932     
   5190.000       26.5768995472252     
   5205.000       27.0875259178888     
   5220.000       27.7383876343791     
   5235.000       28.4472005353423     
   5250.000       29.1448443308291     
   5265.000       29.7700219640931     
   5280.000       30.1915418715418     
   5295.000       30.4255798910667     
   5310.000       30.4621577018449     
   5325.000       30.3016529399777     
   5340.000       29.9970288942867     
   5355.000       29.6488927794681     
   5370.000       29.2895294798626     
   5385.000       28.9386105784068     
   5400.000       28.5786504219531     
   5400.000       25.9183436305776     
   5415.000       25.6946071522290     
   5430.000       25.5084694258262     
   5445.000       25.3148543075837     
   5460.000       25.0908829941722     
   5475.000       24.7992817291359     
   5490.000       24.5134723405731     
   5505.000       24.2789609652954     
   5520.000       24.1926603663383     
   5535.000       24.3200515935234     
   5550.000       24.6169577813158     
   5565.000       25.1144635717221     
   5580.000       25.7044344917041     
   5595.000       26.3184432417729     
   5610.000       26.8919965925877     
   5625.000       27.3687283635711     
   5640.000       27.6480912826776     
   5655.000       27.7554749098233     
   5670.000       27.6851865335223     
   5685.000       27.4581302107176     
   5700.000       27.1354518335185     
   5715.000       26.8056546487318     
   5730.000       26.4888511500784     
   5745.000       26.1989445204145     
   5760.000       25.9183436305776     
   5760.000       23.4530602622530     
   5775.000       23.2974518532316     
   5790.000       23.1685897050770     
   5805.000       23.0296560930596     
   5820.000       22.8593112303455     
   5835.000       22.6334190540040     
   5850.000       22.4172987709478     
   5865.000       22.2531990570365     
   5880.000       22.2316008918836     
   5895.000       22.3959978936104     
   5910.000       22.7090495036523     
   5925.000       23.1822120174182     
   5940.000       23.7091480423854     
   5955.000       24.2337055420538     
   5970.000       24.6960185249686     
   5985.000       25.0464439206243     
   6000.000       25.2102358181129     
   6015.000       25.2183138810040     
   6030.000       25.0694836968788     
   6045.000       24.8005045035218     
   6060.000       24.4757976673950     
   6075.000       24.1716280406504     
   6090.000       23.8982387099756     
   6105.000       23.6647211811867     
   6120.000       23.4530602622530     
   6120.000       21.1835998724277     
   6135.000       21.0822464213932     
   6150.000       20.9984657212548     
   6165.000       20.9032169786539     
   6180.000       20.7769852663028     
   6195.000       20.6056897530231     
   6210.000       20.4463258481653     
   6225.000       20.3382313189856     
   6240.000       20.3638802880848     
   6255.000       20.5500635358998     
   6270.000       20.8651696174430     
   6285.000       21.3048859209717     
   6300.000       21.7688235618368     
   6315.000       22.2111191515811     
   6330.000       22.5766353863471     
   6345.000       22.8234885268614     
   6360.000       22.8976411313027     
   6375.000       22.8323879373295     
   6390.000       22.6309509898869     
   6405.000       22.3411179651963     
   6420.000       22.0265872221682     
   6435.000       21.7521369020036     
   6450.000       21.5206197168046     
   6465.000       21.3373425493671     
   6480.000       21.1835998724277     
   6480.000       19.1056474116933     
   6495.000       19.0462854379321     
   6510.000       18.9973236014712     
   6525.000       18.9365889096831     
   6540.000       18.8463846475711     
   6555.000       18.7198251529755     
   6570.000       18.6057017036522     
   6585.000       18.5406183762503     
   6600.000       18.5983462061869     
   6615.000       18.7936964680680     
   6630.000       19.0997804591363     
   6645.000       19.5004901334398     
   6660.000       19.9039833276453     
   6675.000       20.2726775477465     
   6690.000       20.5563146260618     
   6705.000       20.7209221434455     
   6720.000       20.7284443398925     
   6735.000       20.6122917721329     
   6750.000       20.3796879461150     
   6765.000       20.0850588925114     
   6780.000       19.7887059142765     
   6795.000       19.5452156901336     
   6810.000       19.3522498369807     
   6825.000       19.2122113503249     
   6840.000       19.1056474116933     
   6840.000       17.2096606963656     
   6855.000       17.1819411887563     
   6870.000       17.1593504665505     
   6885.000       17.1254787671191     
   6900.000       17.0643091742890     
   6915.000       16.9738141980214     
   6930.000       16.8950621911681     
   6945.000       16.8620020646755     
   6960.000       16.9396871565238     
   6975.000       17.1347390254378     
   6990.000       17.4241170592033     
   7005.000       17.7835327151905     
   7020.000       18.1309256073324     
   7035.000       18.4352557406691     
   7050.000       18.6512306024812     
   7065.000       18.7522893298059     
   7080.000       18.7123441310558     
   7095.000       18.5635009537225     
   7110.000       18.3163173340371     
   7125.000       18.0282466001839     
   7140.000       17.7546671753071     
   7155.000       17.5414271059907     
   7170.000       17.3827526507149     
   7185.000       17.2788448416410     
   7200.000       17.2096606963656     
   7200.000       15.4826225684947     
   7215.000       15.4780830332612     
   7230.000       15.4750071345200     
   7245.000       15.4616328154670     
   7260.000       15.4234570212897     
   7275.000       15.3615359962214     
   7290.000       15.3099418157997     
   7305.000       15.3000052564196     
   7320.000       15.3884669552260     
   7335.000       15.5766076399251     
   7350.000       15.8445234504903     
   7365.000       16.1627923852868     
   7380.000       16.4593849124081     
   7395.000       16.7084025656491     
   7410.000       16.8695077366423     
   7425.000       16.9226934308846     
   7440.000       16.8506176551588     
   7455.000       16.6832832956024     
   7470.000       16.4337871791274     
   7485.000       16.1598285911643     
   7500.000       15.9111799221988     
   7515.000       15.7263385239432     
   7530.000       15.5974101700620     
   7545.000       15.5229464699580     
   7560.000       15.4826225684947     
   7560.000       13.9102017729967     
   7575.000       13.9220553235082     
   7590.000       13.9329738196605     
   7605.000       13.9348227723944     
   7620.000       13.9144658848568     
   7635.000       13.8747654909500     
   7650.000       13.8436378816987     
   7665.000       13.8498197626933     
   7680.000       13.9423711669041     
   7695.000       14.1192742063448     
   7710.000       14.3631991880297     
   7725.000       14.6420361825344     
   7740.000       14.8934346082051     
   7755.000       15.0955553903954     
   7770.000       15.2128908594447     
   7785.000       15.2309732664415     
   7800.000       15.1387242188367     
   7815.000       14.9636610648613     
   7830.000       14.7206073213723     
   7845.000       14.4654877665017     
   7860.000       14.2423213706007     
   7875.000       14.0834611913651     
   7890.000       13.9798510138270     
   7905.000       13.9288407270373     
   7920.000       13.9102017729967     
   7920.000       12.4782863424090     
   7935.000       12.5011686695169     
   7950.000       12.5216689969859     
   7965.000       12.5344048265269     
   7980.000       12.5274902111922     
   7995.000       12.5047086421443     
   8010.000       12.4886799248900     
   8025.000       12.5055721442762     
   8040.000       12.5974937339123     
   8055.000       12.7605506887623     
   8070.000       12.9795562885981     
   8085.000       13.2215911032355     
   8100.000       13.4332850709303     
   8115.000       13.5960626769336     
   8130.000       13.6790215940034     
   8145.000       13.6722125245641     
   8160.000       13.5689528504474     
   8175.000       13.3941394156732     
   8190.000       13.1635551544303     
   8205.000       12.9299556004123     
   8220.000       12.7317918410592     
   8235.000       12.5962842019983     
   8250.000       12.5138964545303     
   8265.000       12.4811455899005     
   8280.000       12.4782863424090     
   8280.000       11.1737395970595     
   8295.000       11.2034666874483     
   8310.000       11.2300514889450     
   8325.000       11.2501447430906     
   8340.000       11.2530220367903     
   8355.000       11.2427970055397     
   8370.000       11.2376132765487     
   8385.000       11.2611050241681     
   8400.000       11.3491726630997     
   8415.000       11.4970063674737     
   8430.000       11.6912460053115     
   8445.000       11.8995616310415     
   8460.000       12.0767022491012     
   8475.000       12.2067695157326     
   8490.000       12.2631689885738     
   8505.000       12.2395171240911     
   8520.000       12.1321499123408     
   8535.000       11.9633532620465     
   8550.000       11.7491927255377     
   8565.000       11.5383575821316     
   8580.000       11.3640912717500     
   8595.000       11.2493093623284     
   8610.000       11.1844771854432     
   8625.000       11.1655886409041     
   8640.000       11.1737395970595     
   8640.000       9.98468926641847     
   8655.000       10.0180373769070     
   8670.000       10.0479608023160     
   8685.000       10.0725677704752     
   8700.000       10.0822330722501     
   8715.000       10.0810216957633     
   8730.000       10.0833454877031     
   8745.000       10.1103543669608     
   8760.000       10.1924571181747     
   8775.000       10.3245593660827     
   8790.000       10.4948945184030     
   8805.000       10.6727217349964     
   8820.000       10.8199996085034     
   8835.000       10.9230843581549     
   8850.000       10.9593420967552     
   8865.000       10.9251109048787     
   8880.000       10.8187451364285     
   8895.000       10.6600060312071     
   8910.000       10.4646724389030     
   8925.000       10.2768531073616     
   8940.000       10.1250271953183     
   8955.000       10.0284740145167     
   8970.000       9.97799518640133     
   8985.000       9.96932039306555     
   9000.000       9.98468926641847     
   9000.000       8.90050085798810     
   9015.000       8.93502571280720     
   9030.000       8.96616140760012     
   9045.000       8.99302477944754     
   9060.000       9.00704258522783     
   9075.000       9.01200242716015     
   9090.000       9.01924153856139     
   9105.000       9.04749110056149     
   9120.000       9.12233068761539     
   9135.000       9.23877870694572     
   9150.000       9.38649542368546     
   9165.000       9.53701334064836     
   9180.000       9.65861826781869     
   9195.000       9.73960542541477     
   9210.000       9.76092943287588     
   9225.000       9.72093049355706     
   9240.000       9.61926696948604     
   9255.000       9.47329723652825     
   9270.000       9.29805585190718     
   9285.000       9.13283481307858     
   9300.000       9.00181729180285     
   9315.000       8.92118788831574     
   9330.000       8.88231529211487     
   9345.000       8.88087861517571     
   9360.000       8.90050085798810     
   9360.000       7.90815273111279     
   9375.000       7.94200705314360     
   9390.000       7.97270877883744     
   9405.000       8.00004749094858     
   9420.000       8.01646619858061     
   9435.000       8.02534984156018     
   9450.000       8.03552115947300     
   9465.000       8.06336265434495     
   9480.000       8.13021021510686     
   9495.000       8.23143281300511     
   9510.000       8.35800027041212     
   9525.000       8.48416700402203     
   9540.000       8.58373499420032     
   9555.000       8.64671384702451     
   9570.000       8.65727605981493     
   9585.000       8.61516977859437     
   9600.000       8.52085330205553     
   9615.000       8.38941016456760     
   9630.000       8.23477401225913     
   9645.000       8.09136639771668     
   9660.000       7.97952087243521     
   9675.000       7.91275901457894     
   9690.000       7.88317571582729     
   9705.000       7.88657768956765     
   9720.000       7.90815273111279     
   9720.000       7.00351064286659     
   9735.000       7.03538226725171     
   9750.000       7.06444864948400     
   9765.000       7.09091824347486     
   9780.000       7.10821195189418     
   9795.000       7.11925715645316     
   9810.000       7.13084376178840     
   9825.000       7.15710790291782     
   9840.000       7.21567871713928     
   9855.000       7.30240808658256     
   9870.000       7.40947999168703     
   9885.000       7.51411291789173     
   9900.000       7.59487519192715     
   9915.000       7.64330952475157     
   9930.000       7.64643215869392     
   9945.000       7.60491711222530     
   9960.000       7.51966936917950     
   9975.000       7.40364119093678     
   9990.000       7.26941982855449     
   10005.00       7.14666907578882     
   10020.00       7.05230667424923     
   10035.00       6.99755259013500     
   10050.00       6.97532398621988     
   10065.00       6.98168991485089     
   10080.00       7.00351064286659     
   10080.00       6.17893827057739     
   10095.00       6.20791413922125     
   10110.00       6.23448182576172     
   10125.00       6.25908402507823     
   10140.00       6.27608056560372     
   10155.00       6.28793157985174     
   10170.00       6.29979702830793     
   10185.00       6.32368272860037     
   10200.00       6.37398323314295     
   10215.00       6.44709523021198     
   10230.00       6.53634047364930     
   10245.00       6.62200139579697     
   10260.00       6.68674952804697     
   10275.00       6.72351315833441     
   10290.00       6.72179820107349     
   10305.00       6.68282469228385     
   10320.00       6.60770236712635     
   10335.00       6.50739215613322     
   10350.00       6.39297664257129     
   10365.00       6.28956832163349     
   10380.00       6.21106667245878     
   10395.00       6.16668902815764     
   10410.00       6.15022842625119     
   10425.00       6.15811668980829     
   10440.00       6.17893827057739     
   10440.00       5.42748576416865     
   10455.00       5.45296558433891     
   10470.00       5.47644362251888     
   10485.00       5.49846563887805     
   10500.00       5.51428903539405     
   10515.00       5.52592634694951     
   10530.00       5.53725658265585     
   10545.00       5.55822441271933     
   10560.00       5.60046235060119     
   10575.00       5.66090909029452     
   10590.00       5.73395792388031     
   10605.00       5.80294941389685     
   10620.00       5.85408047987071     
   10635.00       5.88153998808564     
   10650.00       5.87699539435505     
   10665.00       5.84192158056555     
   10680.00       5.77746916300063     
   10695.00       5.69274472525320     
   10710.00       5.59724136376234     
   10725.00       5.51178512596060     
   10740.00       5.44761438573743     
   10755.00       5.41219343343367     
   10770.00       5.40021390574400     
   10785.00       5.40854015061172     
   10800.00       5.42748576416865     
   10800.00       4.74342086143238     
   10815.00       4.76502583063007     
   10830.00       4.78501750159129     
   10845.00       4.80395396032802     
   10860.00       4.81794600534120     
   10875.00       4.82858997741338     
   10890.00       4.83872130464129     
   10905.00       4.85645068353738     
   10920.00       4.89089719976093     
   10935.00       4.93956163740884     
   10950.00       4.99793065698289     
   10965.00       5.05231277226309     
   10980.00       5.09188415003113     
   10995.00       5.11198417561055     
   11010.00       5.10614613640137     
   11025.00       5.07588580969123     
   11040.00       5.02228801360735     
   11055.00       4.95274040301257     
   11070.00       4.87512059286927     
   11085.00       4.80625999376727     
   11100.00       4.75505045993825     
   11115.00       4.72740687135589     
   11130.00       4.71892121562338     
   11145.00       4.72693800070913     
   11160.00       4.74342086143238     
   11160.00       4.12022623547825     
   11175.00       4.13782631376992     
   11190.00       4.15417671141938     
   11205.00       4.16978708860925     
   11220.00       4.18157627053137     
   11235.00       4.19076959777068     
   11250.00       4.19940205736915     
   11265.00       4.21383914452045     
   11280.00       4.24106208343695     
   11295.00       4.27908687691793     
   11310.00       4.32426991952186     
   11325.00       4.36578773055664     
   11340.00       4.39546228790701     
   11355.00       4.40975883373163     
   11370.00       4.40376652765687     
   11385.00       4.37885540514875     
   11400.00       4.33597742170650     
   11415.00       4.28092786594710     
   11430.00       4.21992623164027     
   11445.00       4.16614003510335     
   11460.00       4.12644979983611     
   11475.00       4.10542065388187     
   11490.00       4.09950825916456     
   11505.00       4.10656140698800     
   11520.00       4.12022623547825     
   11520.00       3.55322264729434     
   11535.00       3.56679781099037     
   11550.00       3.57944661269613     
   11565.00       3.59159374122308     
   11580.00       3.60090965585683     
   11595.00       3.60829178659420     
   11610.00       3.61514226948160     
   11625.00       3.62623208983967     
   11640.00       3.64669278905717     
   11655.00       3.67503786253020     
   11670.00       3.70850215596798     
   11685.00       3.73892858892516     
   11700.00       3.76036383286371     
   11715.00       3.77013073147927     
   11730.00       3.76472080630499     
   11745.00       3.74530347126987     
   11760.00       3.71264279053507     
   11775.00       3.67107227999691     
   11790.00       3.62535612012355     
   11805.00       3.58530749158410     
   11820.00       3.55595483503015     
   11835.00       3.54066461312939     
   11850.00       3.53674593166189     
   11865.00       3.54253350943132     
   11880.00       3.55322264729434     
   11880.00       3.03784241302324     
   11895.00       3.04748397152377     
   11910.00       3.05648699508476     
   11925.00       3.06516946898438     
   11940.00       3.07190220108563     
   11955.00       3.07729678715591     
   11970.00       3.08226121352792     
   11985.00       3.09010846262458     
   12000.00       3.10434271053294     
   12015.00       3.12392591622844     
   12030.00       3.14691588113883     
   12045.00       3.16762768536885     
   12060.00       3.18202416615908     
   12075.00       3.18826924845750     
   12090.00       3.18401215252159     
   12105.00       3.17013307449274     
   12120.00       3.14719383151278     
   12135.00       3.11819835619707     
   12150.00       3.08647915383295     
   12165.00       3.05881827398588     
   12180.00       3.03865817277712     
   12195.00       3.02830791458683     
   12210.00       3.02587280969223     
   12225.00       3.03017139015777     
   12240.00       3.03784241302324     
   12240.00       2.57014505189127     
   12255.00       2.57604782342796     
   12270.00       2.58156496742494     
   12285.00       2.58689790839201     
   12300.00       2.59106014899587     
   12315.00       2.59441602163316     
   12330.00       2.59748606464651     
   12345.00       2.60226855566014     
   12360.00       2.61084968274623     
   12375.00       2.62260046659084     
   12390.00       2.63633715467985     
   12405.00       2.64862658076619     
   12420.00       2.65707854144289     
   12435.00       2.66060005631807     
   12450.00       2.65781602006349     
   12465.00       2.64928610591537     
   12480.00       2.63536225914424     
   12495.00       2.61784995353868     
   12510.00       2.59876462135640     
   12525.00       2.58217587699780     
   12540.00       2.57013771576292     
   12555.00       2.56402884172918     
   12570.00       2.56269519003695     
   12585.00       2.56541265962843     
   12600.00       2.57014505189127     
   12600.00       2.14579445698120     
   12615.00       2.14823136777339     
   12630.00       2.15050392791812     
   12645.00       2.15269598014538     
   12660.00       2.15440260593815     
   12675.00       2.15577565646909     
   12690.00       2.15703022050326     
   12705.00       2.15899309277040     
   12720.00       2.16251994129463     
   12735.00       2.16735108932905     
   12750.00       2.17299304045251     
   12765.00       2.17802931708761     
   12780.00       2.18148153051510     
   12795.00       2.18290109967959     
   12810.00       2.18172989412203     
   12825.00       2.17820253026183     
   12840.00       2.17246591124392     
   12855.00       2.16526148348373     
   12870.00       2.15742083635089     
   12885.00       2.15061560847273     
   12900.00       2.14568904278580     
   12915.00       2.14320546705143     
   12930.00       2.14268685762854     
   12945.00       2.14383005410685     
   12960.00       2.14579445698120     
