  0.0000000E+00  4.164655487500164E+035   6.000000    
   22.50000      4.528784897263553E+035   6.000000    
   45.00000      4.659021747579376E+035   6.000000    
   67.50000      4.961585180939127E+035   6.000000    
   90.00000      5.210532524089880E+035   6.000000    
   112.5000      4.918812366582309E+035   6.000000    
   135.0000      4.381852550447310E+035   6.000000    
   157.5000      3.698810721962555E+035   6.000000    
   180.0000      3.001955654460972E+035   6.000000    
   202.5000      2.618017427322643E+035   6.000000    
   225.0000      2.418262575247865E+035   6.000000    
   247.5000      2.260757169071516E+035   6.000000    
   270.0000      2.539029410081027E+035   6.000000    
   292.5000      2.973843294882925E+035   6.000000    
   315.0000      3.336500222337562E+035   6.000000    
   337.5000      3.817908055840501E+035   6.000000    
  0.0000000E+00  4.164655487500164E+035   6.000000    
 
  0.0000000E+00  4.021335468800103E+035   6.283333    
   22.50000      4.328623420965540E+035   6.283333    
   45.00000      4.543355483417660E+035   6.283333    
   67.50000      4.865967690018624E+035   6.283333    
   90.00000      5.135037587794321E+035   6.283333    
   112.5000      4.943524969346868E+035   6.283333    
   135.0000      4.499284191637833E+035   6.283333    
   157.5000      3.889769554885317E+035   6.283333    
   180.0000      3.232915310540737E+035   6.283333    
   202.5000      2.856997657210982E+035   6.283333    
   225.0000      2.655561220577978E+035   6.283333    
   247.5000      2.524493174594604E+035   6.283333    
   270.0000      2.791745095681196E+035   6.283333    
   292.5000      3.061687444020416E+035   6.283333    
   315.0000      3.321535142224143E+035   6.283333    
   337.5000      3.719652613378216E+035   6.283333    
  0.0000000E+00  4.021335468800103E+035   6.283333    
 
  0.0000000E+00  3.724342895751649E+035   6.566667    
   22.50000      3.965726570991458E+035   6.566667    
   45.00000      4.168276713002058E+035   6.566667    
   67.50000      4.433514488747597E+035   6.566667    
   90.00000      4.726913854601641E+035   6.566667    
   112.5000      4.733386447194611E+035   6.566667    
   135.0000      4.511703035204124E+035   6.566667    
   157.5000      4.089496536568271E+035   6.566667    
   180.0000      3.555366943996413E+035   6.566667    
   202.5000      3.196167153341686E+035   6.566667    
   225.0000      2.977597098138633E+035   6.566667    
   247.5000      2.822706552759705E+035   6.566667    
   270.0000      2.935975247534095E+035   6.566667    
   292.5000      3.068452135025435E+035   6.566667    
   315.0000      3.212446258166863E+035   6.566667    
   337.5000      3.488242528706900E+035   6.566667    
  0.0000000E+00  3.724342895751649E+035   6.566667    
 
  0.0000000E+00  3.369352747367598E+035   6.850000    
   22.50000      3.547793932747782E+035   6.850000    
   45.00000      3.712714863420253E+035   6.850000    
   67.50000      3.891623145610860E+035   6.850000    
   90.00000      4.155722613224900E+035   6.850000    
   112.5000      4.297619940187065E+035   6.850000    
   135.0000      4.277075041464483E+035   6.850000    
   157.5000      4.103523029577252E+035   6.850000    
   180.0000      3.765166718897429E+035   6.850000    
   202.5000      3.451808342326935E+035   6.850000    
   225.0000      3.219050722930753E+035   6.850000    
   247.5000      3.012690524993982E+035   6.850000    
   270.0000      2.972791530890945E+035   6.850000    
   292.5000      3.009278132232039E+035   6.850000    
   315.0000      3.055350297062681E+035   6.850000    
   337.5000      3.207013639877851E+035   6.850000    
  0.0000000E+00  3.369352747367598E+035   6.850000    
 
  0.0000000E+00  3.072203965754958E+035   7.133333    
   22.50000      3.202227790987572E+035   7.133333    
   45.00000      3.334404019506166E+035   7.133333    
   67.50000      3.451294354352442E+035   7.133333    
   90.00000      3.655163793772773E+035   7.133333    
   112.5000      3.825183261481916E+035   7.133333    
   135.0000      3.897430891270198E+035   7.133333    
   157.5000      3.858834467591145E+035   7.133333    
   180.0000      3.663714009250810E+035   7.133333    
   202.5000      3.419431638848469E+035   7.133333    
   225.0000      3.213390936276825E+035   7.133333    
   247.5000      3.012001189465982E+035   7.133333    
   270.0000      2.909896464361148E+035   7.133333    
   292.5000      2.894693865083669E+035   7.133333    
   315.0000      2.893162465516859E+035   7.133333    
   337.5000      2.967426931118819E+035   7.133333    
  0.0000000E+00  3.072203965754958E+035   7.133333    
 
  0.0000000E+00  2.852759145394255E+035   7.416667    
   22.50000      2.958691366434293E+035   7.416667    
   45.00000      3.065561251592798E+035   7.416667    
   67.50000      3.155859006922930E+035   7.416667    
   90.00000      3.312673153504680E+035   7.416667    
   112.5000      3.445480005592971E+035   7.416667    
   135.0000      3.510554638245544E+035   7.416667    
   157.5000      3.486691566811379E+035   7.416667    
   180.0000      3.342191774162678E+035   7.416667    
   202.5000      3.151977857982052E+035   7.416667    
   225.0000      2.987769308729097E+035   7.416667    
   247.5000      2.826898025624878E+035   7.416667    
   270.0000      2.739166990371728E+035   7.416667    
   292.5000      2.718564510659153E+035   7.416667    
   315.0000      2.715222677476879E+035   7.416667    
   337.5000      2.769917618546649E+035   7.416667    
  0.0000000E+00  2.852759145394255E+035   7.416667    
 
  0.0000000E+00  2.673584420968425E+035   7.700000    
   22.50000      2.765157204308513E+035   7.700000    
   45.00000      2.849196313210769E+035   7.700000    
   67.50000      2.925137027448552E+035   7.700000    
   90.00000      3.039629518269021E+035   7.700000    
   112.5000      3.114885578429109E+035   7.700000    
   135.0000      3.135713835145675E+035   7.700000    
   157.5000      3.082213794393069E+035   7.700000    
   180.0000      2.951656097381118E+035   7.700000    
   202.5000      2.804727953147869E+035   7.700000    
   225.0000      2.683569040455318E+035   7.700000    
   247.5000      2.572843323805598E+035   7.700000    
   270.0000      2.524672280454210E+035   7.700000    
   292.5000      2.519035399037984E+035   7.700000    
   315.0000      2.534981211841791E+035   7.700000    
   337.5000      2.595465446813880E+035   7.700000    
  0.0000000E+00  2.673584420968425E+035   7.700000    
 
  0.0000000E+00  2.495396215168455E+035   7.983334    
   22.50000      2.570979741774670E+035   7.983334    
   45.00000      2.634234858891651E+035   7.983334    
   67.50000      2.694032680509987E+035   7.983334    
   90.00000      2.766503167706268E+035   7.983334    
   112.5000      2.793218431591111E+035   7.983334    
   135.0000      2.777782988686308E+035   7.983334    
   157.5000      2.705422478384772E+035   7.983334    
   180.0000      2.593705752023637E+035   7.983334    
   202.5000      2.485868081459045E+035   7.983334    
   225.0000      2.402396737775801E+035   7.983334    
   247.5000      2.334374891800932E+035   7.983334    
   270.0000      2.317603270015052E+035   7.983334    
   292.5000      2.326541005280423E+035   7.983334    
   315.0000      2.360029200429914E+035   7.983334    
   337.5000      2.423653424065614E+035   7.983334    
  0.0000000E+00  2.495396215168455E+035   7.983334    
 
  0.0000000E+00  2.307371376495174E+035   8.266666    
   22.50000      2.366772444910966E+035   8.266666    
   45.00000      2.412877565830593E+035   8.266666    
   67.50000      2.455796871668568E+035   8.266666    
   90.00000      2.494298592463330E+035   8.266666    
   112.5000      2.490550484425782E+035   8.266666    
   135.0000      2.456284429926282E+035   8.266666    
   157.5000      2.382478018583799E+035   8.266666    
   180.0000      2.294419040659040E+035   8.266666    
   202.5000      2.218380279934287E+035   8.266666    
   225.0000      2.163676710622293E+035   8.266666    
   247.5000      2.125363969173261E+035   8.266666    
   270.0000      2.126581271839025E+035   8.266666    
   292.5000      2.144169750080966E+035   8.266666    
   315.0000      2.185906765843182E+035   8.266666    
   337.5000      2.245384694238404E+035   8.266666    
  0.0000000E+00  2.307371376495174E+035   8.266666    
 
  0.0000000E+00  2.115887847687794E+035   8.550000    
   22.50000      2.161096773735648E+035   8.550000    
   45.00000      2.193914429483538E+035   8.550000    
   67.50000      2.222250527642999E+035   8.550000    
   90.00000      2.237331031344926E+035   8.550000    
   112.5000      2.217784536971921E+035   8.550000    
   135.0000      2.177311406381788E+035   8.550000    
   157.5000      2.111582435203933E+035   8.550000    
   180.0000      2.045769687476334E+035   8.550000    
   202.5000      1.993475979134768E+035   8.550000    
   225.0000      1.959035879767475E+035   8.550000    
   247.5000      1.939470627990066E+035   8.550000    
   270.0000      1.949352813523369E+035   8.550000    
   292.5000      1.970516869451736E+035   8.550000    
   315.0000      2.013097055237029E+035   8.550000    
   337.5000      2.064584629465851E+035   8.550000    
  0.0000000E+00  2.115887847687794E+035   8.550000    
 
  0.0000000E+00  1.927993808929524E+035   8.833333    
   22.50000      1.961616274120088E+035   8.833333    
   45.00000      1.984493306638766E+035   8.833333    
   67.50000      2.001717254253401E+035   8.833333    
   90.00000      2.002552933856139E+035   8.833333    
   112.5000      1.976895592020499E+035   8.833333    
   135.0000      1.937536732811164E+035   8.833333    
   157.5000      1.883303070273618E+035   8.833333    
   180.0000      1.835751724035705E+035   8.833333    
   202.5000      1.800405575837603E+035   8.833333    
   225.0000      1.779528051122807E+035   8.833333    
   247.5000      1.771039043007011E+035   8.833333    
   270.0000      1.784080032406776E+035   8.833333    
   292.5000      1.805405031725096E+035   8.833333    
   315.0000      1.844450222751845E+035   8.833333    
   337.5000      1.886848104180443E+035   8.833333    
  0.0000000E+00  1.927993808929524E+035   8.833333    
 
  0.0000000E+00  1.747902362436597E+035   9.116667    
   22.50000      1.772386367800989E+035   9.116667    
   45.00000      1.788010104543140E+035   9.116667    
   67.50000      1.797550058454031E+035   9.116667    
   90.00000      1.791038341750529E+035   9.116667    
   112.5000      1.765190718649153E+035   9.116667    
   135.0000      1.730747236012899E+035   9.116667    
   157.5000      1.688303208792415E+035   9.116667    
   180.0000      1.654801602330227E+035   9.116667    
   202.5000      1.631257696782141E+035   9.116667    
   225.0000      1.619075288258195E+035   9.116667    
   247.5000      1.616631841620756E+035   9.116667    
   270.0000      1.629708199775881E+035   9.116667    
   292.5000      1.649053194991125E+035   9.116667    
   315.0000      1.682319771917624E+035   9.116667    
   337.5000      1.715860778955731E+035   9.116667    
  0.0000000E+00  1.747902362436597E+035   9.116667    
 
  0.0000000E+00  1.577656020484246E+035   9.400000    
   22.50000      1.595014441426693E+035   9.400000    
   45.00000      1.605430765858766E+035   9.400000    
   67.50000      1.610136226375479E+035   9.400000    
   90.00000      1.601041922196992E+035   9.400000    
   112.5000      1.578404349321353E+035   9.400000    
   135.0000      1.550595482482801E+035   9.400000    
   157.5000      1.518947108044699E+035   9.400000    
   180.0000      1.495956448672389E+035   9.400000    
   202.5000      1.480548328009841E+035   9.400000    
   225.0000      1.473711632254591E+035   9.400000    
   247.5000      1.474146940213037E+035   9.400000    
   270.0000      1.485544714315854E+035   9.400000    
   292.5000      1.501654855289308E+035   9.400000    
   315.0000      1.528187195123276E+035   9.400000    
   337.5000      1.553600874688006E+035   9.400000    
  0.0000000E+00  1.577656020484246E+035   9.400000    
 
  0.0000000E+00  1.417964466670910E+035   9.683333    
   22.50000      1.429720917748222E+035   9.683333    
   45.00000      1.436404787793397E+035   9.683333    
   67.50000      1.438389396875456E+035   9.683333    
   90.00000      1.429765697027286E+035   9.683333    
   112.5000      1.412133105740337E+035   9.683333    
   135.0000      1.391532239642542E+035   9.683333    
   157.5000      1.369351574789283E+035   9.683333    
   180.0000      1.354217045772190E+035   9.683333    
   202.5000      1.344452240478281E+035   9.683333    
   225.0000      1.340773818309754E+035   9.683333    
   247.5000      1.342190690857418E+035   9.683333    
   270.0000      1.351031632889126E+035   9.683333    
   292.5000      1.363254957510450E+035   9.683333    
   315.0000      1.382816654447916E+035   9.683333    
   337.5000      1.400928800686704E+035   9.683333    
  0.0000000E+00  1.417964466670910E+035   9.683333    
 
  0.0000000E+00  1.268786219313131E+035   9.966667    
   22.50000      1.276019057087990E+035   9.966667    
   45.00000      1.279957888269522E+035   9.966667    
   67.50000      1.280629301712461E+035   9.966667    
   90.00000      1.274247740666732E+035   9.966667    
   112.5000      1.262420002088250E+035   9.966667    
   135.0000      1.249012732398457E+035   9.966667    
   157.5000      1.235088665946175E+035   9.966667    
   180.0000      1.225980470944902E+035   9.966667    
   202.5000      1.220259287223882E+035   9.966667    
   225.0000      1.218396123276457E+035   9.966667    
   247.5000      1.219727462172122E+035   9.966667    
   270.0000      1.225632382678985E+035   9.966667    
   292.5000      1.233715772599440E+035   9.966667    
   315.0000      1.246435588592652E+035   9.966667    
   337.5000      1.257974442589145E+035   9.966667    
  0.0000000E+00  1.268786219313131E+035   9.966667    
 
  0.0000000E+00  1.129675814071205E+035   10.25000    
   22.50000      1.133087734108545E+035   10.25000    
   45.00000      1.134897098492594E+035   10.25000    
   67.50000      1.135064530449220E+035   10.25000    
   90.00000      1.131774695343509E+035   10.25000    
   112.5000      1.125948004492681E+035   10.25000    
   135.0000      1.119446432365474E+035   10.25000    
   157.5000      1.112820779310941E+035   10.25000    
   180.0000      1.108583638510806E+035   10.25000    
   202.5000      1.105959217926182E+035   10.25000    
   225.0000      1.105178915466523E+035   10.25000    
   247.5000      1.105914950110846E+035   10.25000    
   270.0000      1.108810166534907E+035   10.25000    
   292.5000      1.112763037854625E+035   10.25000    
   315.0000      1.118937861518925E+035   10.25000    
   337.5000      1.124486967285401E+035   10.25000    
  0.0000000E+00  1.129675814071205E+035   10.25000    
 
