  0.0000000E+00  1.935287078135739E+035   6.000000    
   22.50000      2.125217689806982E+035   6.000000    
   45.00000      2.313893699958931E+035   6.000000    
   67.50000      2.143044692012522E+035   6.000000    
   90.00000      1.779689840758629E+035   6.000000    
   112.5000      1.423502795820761E+035   6.000000    
   135.0000      1.137022017612844E+035   6.000000    
   157.5000      9.648129289418954E+034   6.000000    
   180.0000      8.570810961464989E+034   6.000000    
   202.5000      7.392185194254563E+034   6.000000    
   225.0000      6.978797035504699E+034   6.000000    
   247.5000      8.668201260944830E+034   6.000000    
   270.0000      1.145216220505617E+035   6.000000    
   292.5000      1.380059718268577E+035   6.000000    
   315.0000      1.622547629336228E+035   6.000000    
   337.5000      1.808708825678224E+035   6.000000    
  0.0000000E+00  1.935287078135739E+035   6.000000    
 
  0.0000000E+00  1.870930898548161E+035   6.283333    
   22.50000      2.040784801133325E+035   6.283333    
   45.00000      2.208162888993155E+035   6.283333    
   67.50000      2.130896692331284E+035   6.283333    
   90.00000      1.834459174012259E+035   6.283333    
   112.5000      1.513846007583607E+035   6.283333    
   135.0000      1.241726861114733E+035   6.283333    
   157.5000      1.069586765727350E+035   6.283333    
   180.0000      9.582000255868309E+034   6.283333    
   202.5000      8.359831797251704E+034   6.283333    
   225.0000      7.938409642085366E+034   6.283333    
   247.5000      9.533966604031613E+034   6.283333    
   270.0000      1.172564372425120E+035   6.283333    
   292.5000      1.366789861813307E+035   6.283333    
   315.0000      1.579457113916409E+035   6.283333    
   337.5000      1.750062685288999E+035   6.283333    
  0.0000000E+00  1.870930898548161E+035   6.283333    
 
  0.0000000E+00  1.730878832681973E+035   6.566667    
   22.50000      1.867476121480150E+035   6.566667    
   45.00000      2.017616334040036E+035   6.566667    
   67.50000      2.024544308449334E+035   6.566667    
   90.00000      1.870832658420482E+035   6.566667    
   112.5000      1.636104120140710E+035   6.566667    
   135.0000      1.402050554775296E+035   6.566667    
   157.5000      1.234116725375557E+035   6.566667    
   180.0000      1.121276251590307E+035   6.566667    
   202.5000      9.951214986804045E+034   6.566667    
   225.0000      9.332778044536373E+034   6.566667    
   247.5000      1.035451082380506E+035   6.566667    
   270.0000      1.172189943776478E+035   6.566667    
   292.5000      1.307899812061474E+035   6.566667    
   315.0000      1.472241660133867E+035   6.566667    
   337.5000      1.620450938289720E+035   6.566667    
  0.0000000E+00  1.730878832681973E+035   6.566667    
 
  0.0000000E+00  1.564842515368051E+035   6.850000    
   22.50000      1.665239437218129E+035   6.850000    
   45.00000      1.792295669336956E+035   6.850000    
   67.50000      1.859688221250158E+035   6.850000    
   90.00000      1.823550067713189E+035   6.850000    
   112.5000      1.713235111660786E+035   6.850000    
   135.0000      1.548731126420659E+035   6.850000    
   157.5000      1.399148257038347E+035   6.850000    
   180.0000      1.291995577484729E+035   6.850000    
   202.5000      1.171793658533503E+035   6.850000    
   225.0000      1.083664041092316E+035   6.850000    
   247.5000      1.102681575126026E+035   6.850000    
   270.0000      1.163242357358251E+035   6.850000    
   292.5000      1.239497618576392E+035   6.850000    
   315.0000      1.348493865922163E+035   6.850000    
   337.5000      1.467901129816873E+035   6.850000    
  0.0000000E+00  1.564842515368051E+035   6.850000    
 
  0.0000000E+00  1.443506205787567E+035   7.133333    
   22.50000      1.516552990273497E+035   7.133333    
   45.00000      1.612670015751719E+035   7.133333    
   67.50000      1.690435010056945E+035   7.133333    
   90.00000      1.709945831666045E+035   7.133333    
   112.5000      1.671709044398070E+035   7.133333    
   135.0000      1.572382989997861E+035   7.133333    
   157.5000      1.457558168050994E+035   7.133333    
   180.0000      1.366045568085981E+035   7.133333    
   202.5000      1.265694072001237E+035   7.133333    
   225.0000      1.178179838887675E+035   7.133333    
   247.5000      1.151813046123073E+035   7.133333    
   270.0000      1.169975555211907E+035   7.133333    
   292.5000      1.208197097726774E+035   7.133333    
   315.0000      1.275300755682715E+035   7.133333    
   337.5000      1.363488478475035E+035   7.133333    
  0.0000000E+00  1.443506205787567E+035   7.133333    
 
  0.0000000E+00  1.384202339635859E+035   7.416667    
   22.50000      1.439292085441505E+035   7.416667    
   45.00000      1.508916545446875E+035   7.416667    
   67.50000      1.566447670788204E+035   7.416667    
   90.00000      1.586417930630178E+035   7.416667    
   112.5000      1.562579679088536E+035   7.416667    
   135.0000      1.490889917684914E+035   7.416667    
   157.5000      1.405313687630423E+035   7.416667    
   180.0000      1.333447218652645E+035   7.416667    
   202.5000      1.257382560241325E+035   7.416667    
   225.0000      1.193434106035316E+035   7.416667    
   247.5000      1.169461257807325E+035   7.416667    
   270.0000      1.179735934330320E+035   7.416667    
   292.5000      1.206906113505884E+035   7.416667    
   315.0000      1.256587936331555E+035   7.416667    
   337.5000      1.322688781296086E+035   7.416667    
  0.0000000E+00  1.384202339635859E+035   7.416667    
 
  0.0000000E+00  1.349564680602109E+035   7.700000    
   22.50000      1.390180605985508E+035   7.700000    
   45.00000      1.435928925384305E+035   7.700000    
   67.50000      1.465446849117699E+035   7.700000    
   90.00000      1.466475893886057E+035   7.700000    
   112.5000      1.435335926455960E+035   7.700000    
   135.0000      1.375818080307288E+035   7.700000    
   157.5000      1.314406925520093E+035   7.700000    
   180.0000      1.263111591595434E+035   7.700000    
   202.5000      1.212654713754616E+035   7.700000    
   225.0000      1.177417563992776E+035   7.700000    
   247.5000      1.170513844111092E+035   7.700000    
   270.0000      1.185578632341625E+035   7.700000    
   292.5000      1.212551263721185E+035   7.700000    
   315.0000      1.255070592765821E+035   7.700000    
   337.5000      1.304958991901093E+035   7.700000    
  0.0000000E+00  1.349564680602109E+035   7.700000    
 
  0.0000000E+00  1.310088954629691E+035   7.983334    
   22.50000      1.337371178531645E+035   7.983334    
   45.00000      1.362447004694689E+035   7.983334    
   67.50000      1.370114239057573E+035   7.983334    
   90.00000      1.356898668641124E+035   7.983334    
   112.5000      1.322858276357747E+035   7.983334    
   135.0000      1.276566676560658E+035   7.983334    
   157.5000      1.235684729858574E+035   7.983334    
   180.0000      1.202812119347873E+035   7.983334    
   202.5000      1.174386816788750E+035   7.983334    
   225.0000      1.160563899451613E+035   7.983334    
   247.5000      1.165497336845535E+035   7.983334    
   270.0000      1.183129696492565E+035   7.983334    
   292.5000      1.208639526179083E+035   7.983334    
   315.0000      1.243417681845478E+035   7.983334    
   337.5000      1.279328435354273E+035   7.983334    
  0.0000000E+00  1.310088954629691E+035   7.983334    
 
  0.0000000E+00  1.263445040951720E+035   8.266666    
   22.50000      1.279871838880659E+035   8.266666    
   45.00000      1.290390154027114E+035   8.266666    
   67.50000      1.285652447456443E+035   8.266666    
   90.00000      1.266711788830103E+035   8.266666    
   112.5000      1.236013830090744E+035   8.266666    
   135.0000      1.202911537241817E+035   8.266666    
   157.5000      1.177551877040388E+035   8.266666    
   180.0000      1.158901943622264E+035   8.266666    
   202.5000      1.146006493500800E+035   8.266666    
   225.0000      1.144440979615826E+035   8.266666    
   247.5000      1.154150051285650E+035   8.266666    
   270.0000      1.170648062584448E+035   8.266666    
   292.5000      1.192084995905519E+035   8.266666    
   315.0000      1.218382640489464E+035   8.266666    
   337.5000      1.243089144422123E+035   8.266666    
  0.0000000E+00  1.263445040951720E+035   8.266666    
 
  0.0000000E+00  1.215641769183643E+035   8.550000    
   22.50000      1.224342145808821E+035   8.550000    
   45.00000      1.226030821845443E+035   8.550000    
   67.50000      1.215693524239281E+035   8.550000    
   90.00000      1.196292586884326E+035   8.550000    
   112.5000      1.171380700718577E+035   8.550000    
   135.0000      1.149104360378401E+035   8.550000    
   157.5000      1.134584900203507E+035   8.550000    
   180.0000      1.125865777033738E+035   8.550000    
   202.5000      1.122588631096687E+035   8.550000    
   225.0000      1.126936470319665E+035   8.550000    
   247.5000      1.137313075819089E+035   8.550000    
   270.0000      1.150899345352327E+035   8.550000    
   292.5000      1.167402867846439E+035   8.550000    
   315.0000      1.186163074152579E+035   8.550000    
   337.5000      1.202645461002927E+035   8.550000    
  0.0000000E+00  1.215641769183643E+035   8.550000    
 
  0.0000000E+00  1.170887911151915E+035   8.833333    
   22.50000      1.174602504550061E+035   8.833333    
   45.00000      1.171625374928929E+035   8.833333    
   67.50000      1.159678978253270E+035   8.833333    
   90.00000      1.142290184130387E+035   8.833333    
   112.5000      1.123261462536798E+035   8.833333    
   135.0000      1.108991591228908E+035   8.833333    
   157.5000      1.101637877883072E+035   8.833333    
   180.0000      1.099258747768952E+035   8.833333    
   202.5000      1.101267161424918E+035   8.833333    
   225.0000      1.107803455134507E+035   8.833333    
   247.5000      1.116977550174569E+035   8.833333    
   270.0000      1.127283479985776E+035   8.833333    
   292.5000      1.139218579753084E+035   8.833333    
   315.0000      1.152072755476134E+035   8.833333    
   337.5000      1.162856270370782E+035   8.833333    
  0.0000000E+00  1.170887911151915E+035   8.833333    
 
  0.0000000E+00  1.130950655745105E+035   9.116667    
   22.50000      1.131778997645446E+035   9.116667    
   45.00000      1.126854667120616E+035   9.116667    
   67.50000      1.115457341432863E+035   9.116667    
   90.00000      1.101001486699069E+035   9.116667    
   112.5000      1.087054661172971E+035   9.116667    
   135.0000      1.078331317127987E+035   9.116667    
   157.5000      1.075423035913346E+035   9.116667    
   180.0000      1.076634889568476E+035   9.116667    
   202.5000      1.081023126890974E+035   9.116667    
   225.0000      1.087711126216574E+035   9.116667    
   247.5000      1.095026502309604E+035   9.116667    
   270.0000      1.102359976851495E+035   9.116667    
   292.5000      1.110573943123715E+035   9.116667    
   315.0000      1.119133617086886E+035   9.116667    
   337.5000      1.126121259120940E+035   9.116667    
  0.0000000E+00  1.130950655745105E+035   9.116667    
 
  0.0000000E+00  1.096190082667003E+035   9.400000    
   22.50000      1.095610404847273E+035   9.400000    
   45.00000      1.090416061027287E+035   9.400000    
   67.50000      1.080670035419537E+035   9.400000    
   90.00000      1.069342724331893E+035   9.400000    
   112.5000      1.059478455602056E+035   9.400000    
   135.0000      1.054412883362805E+035   9.400000    
   157.5000      1.054000276969255E+035   9.400000    
   180.0000      1.056827238369115E+035   9.400000    
   202.5000      1.061748347961492E+035   9.400000    
   225.0000      1.067550217078943E+035   9.400000    
   247.5000      1.072935318953002E+035   9.400000    
   270.0000      1.077843674187389E+035   9.400000    
   292.5000      1.083242398867036E+035   9.400000    
   315.0000      1.088817076958255E+035   9.400000    
   337.5000      1.093336736050575E+035   9.400000    
  0.0000000E+00  1.096190082667003E+035   9.400000    
 
  0.0000000E+00  1.066310354509090E+035   9.683333    
   22.50000      1.065283745750767E+035   9.683333    
   45.00000      1.060814466171152E+035   9.683333    
   67.50000      1.053257187458209E+035   9.683333    
   90.00000      1.044957472981547E+035   9.683333    
   112.5000      1.038302448248687E+035   9.683333    
   135.0000      1.035547337253060E+035   9.683333    
   157.5000      1.036276523925522E+035   9.683333    
   180.0000      1.039364729914992E+035   9.683333    
   202.5000      1.043702229846021E+035   9.683333    
   225.0000      1.048145035688134E+035   9.683333    
   247.5000      1.051785739648567E+035   9.683333    
   270.0000      1.054832667127281E+035   9.683333    
   292.5000      1.058190831300153E+035   9.683333    
   315.0000      1.061724244919537E+035   9.683333    
   337.5000      1.064632332979398E+035   9.683333    
  0.0000000E+00  1.066310354509090E+035   9.683333    
 
  0.0000000E+00  1.040760368652692E+035   9.966667    
   22.50000      1.039859823668146E+035   9.966667    
   45.00000      1.036668155617250E+035   9.966667    
   67.50000      1.031547801786650E+035   9.966667    
   90.00000      1.026117939048739E+035   9.966667    
   112.5000      1.022026453282000E+035   9.966667    
   135.0000      1.020669922548270E+035   9.966667    
   157.5000      1.021635132324678E+035   9.966667    
   180.0000      1.024112244795728E+035   9.966667    
   202.5000      1.027236490409184E+035   9.966667    
   225.0000      1.030160468712020E+035   9.966667    
   247.5000      1.032327333081793E+035   9.966667    
   270.0000      1.034005796136579E+035   9.966667    
   292.5000      1.035907459017384E+035   9.966667    
   315.0000      1.038005935542626E+035   9.966667    
   337.5000      1.039792132509881E+035   9.966667    
  0.0000000E+00  1.040760368652692E+035   9.966667    
 
  0.0000000E+00  1.018905774025672E+035   10.25000    
   22.50000      1.018417186394529E+035   10.25000    
   45.00000      1.016778665133105E+035   10.25000    
   67.50000      1.014205241785576E+035   10.25000    
   90.00000      1.011524861774456E+035   10.25000    
   112.5000      1.009584852136077E+035   10.25000    
   135.0000      1.009055941766944E+035   10.25000    
   157.5000      1.009687125478536E+035   10.25000    
   180.0000      1.011040221082718E+035   10.25000    
   202.5000      1.012644095452984E+035   10.25000    
   225.0000      1.014057831262541E+035   10.25000    
   247.5000      1.015025314351630E+035   10.25000    
   270.0000      1.015727795695927E+035   10.25000    
   292.5000      1.016567316689089E+035   10.25000    
   315.0000      1.017557653588158E+035   10.25000    
   337.5000      1.018437222050317E+035   10.25000    
  0.0000000E+00  1.018905774025672E+035   10.25000    
 
