  0.0000000E+00  1.795650982669135E+035   6.000000    
   22.50000      1.372521835326071E+035   6.000000    
   45.00000      1.122192064529947E+035   6.000000    
   67.50000      1.010792400201527E+035   6.000000    
   90.00000      1.046824590994337E+035   6.000000    
   112.5000      1.163006716883285E+035   6.000000    
   135.0000      1.277439530373285E+035   6.000000    
   157.5000      1.463177182858232E+035   6.000000    
   180.0000      1.807389440147669E+035   6.000000    
   202.5000      2.170409498266328E+035   6.000000    
   225.0000      2.513784778296138E+035   6.000000    
   247.5000      2.753742878830182E+035   6.000000    
   270.0000      2.835653061153210E+035   6.000000    
   292.5000      2.840570375477077E+035   6.000000    
   315.0000      2.739852662726060E+035   6.000000    
   337.5000      2.344302027816185E+035   6.000000    
  0.0000000E+00  1.795650982669135E+035   6.000000    
 
  0.0000000E+00  1.901108434067799E+035   6.283333    
   22.50000      1.496890415300473E+035   6.283333    
   45.00000      1.245236009732708E+035   6.283333    
   67.50000      1.120979355464422E+035   6.283333    
   90.00000      1.137964306493327E+035   6.283333    
   112.5000      1.234226723220151E+035   6.283333    
   135.0000      1.344537458260052E+035   6.283333    
   157.5000      1.535653759433970E+035   6.283333    
   180.0000      1.823981575356537E+035   6.283333    
   202.5000      2.111374797252009E+035   6.283333    
   225.0000      2.411289721784097E+035   6.283333    
   247.5000      2.637114550809035E+035   6.283333    
   270.0000      2.731359824812817E+035   6.283333    
   292.5000      2.753197986998746E+035   6.283333    
   315.0000      2.675544334899425E+035   6.283333    
   337.5000      2.383771222695159E+035   6.283333    
  0.0000000E+00  1.901108434067799E+035   6.283333    
 
  0.0000000E+00  2.050139720046670E+035   6.566667    
   22.50000      1.701528999758874E+035   6.566667    
   45.00000      1.447487513585572E+035   6.566667    
   67.50000      1.292691697826367E+035   6.566667    
   90.00000      1.260846135569991E+035   6.566667    
   112.5000      1.309519934297949E+035   6.566667    
   135.0000      1.392548225747061E+035   6.566667    
   157.5000      1.554146850834262E+035   6.566667    
   180.0000      1.751393349511149E+035   6.566667    
   202.5000      1.960062104715652E+035   6.566667    
   225.0000      2.195359411126171E+035   6.566667    
   247.5000      2.401421014010555E+035   6.566667    
   270.0000      2.518347102451818E+035   6.566667    
   292.5000      2.573756308025950E+035   6.566667    
   315.0000      2.552464463375117E+035   6.566667    
   337.5000      2.380363258614238E+035   6.566667    
  0.0000000E+00  2.050139720046670E+035   6.566667    
 
  0.0000000E+00  2.128732295212577E+035   6.850000    
   22.50000      1.891932573385120E+035   6.850000    
   45.00000      1.657339700876224E+035   6.850000    
   67.50000      1.478226429762123E+035   6.850000    
   90.00000      1.390298275290766E+035   6.850000    
   112.5000      1.377321219580247E+035   6.850000    
   135.0000      1.415246827336297E+035   6.850000    
   157.5000      1.517232941442902E+035   6.850000    
   180.0000      1.642662711202056E+035   6.850000    
   202.5000      1.780483755508659E+035   6.850000    
   225.0000      1.945407838639935E+035   6.850000    
   247.5000      2.120116564665618E+035   6.850000    
   270.0000      2.251718739130573E+035   6.850000    
   292.5000      2.338160288099518E+035   6.850000    
   315.0000      2.374790906190956E+035   6.850000    
   337.5000      2.312162088779560E+035   6.850000    
  0.0000000E+00  2.128732295212577E+035   6.850000    
 
  0.0000000E+00  2.063000032542151E+035   7.133333    
   22.50000      1.907361442423878E+035   7.133333    
   45.00000      1.731873286503957E+035   7.133333    
   67.50000      1.574853414178094E+035   7.133333    
   90.00000      1.471467382655011E+035   7.133333    
   112.5000      1.425130701645716E+035   7.133333    
   135.0000      1.432136948015285E+035   7.133333    
   157.5000      1.487757620226670E+035   7.133333    
   180.0000      1.568969321633235E+035   7.133333    
   202.5000      1.660767577731784E+035   7.133333    
   225.0000      1.772295624428948E+035   7.133333    
   247.5000      1.906581593654256E+035   7.133333    
   270.0000      2.025665851643820E+035   7.133333    
   292.5000      2.113842911668772E+035   7.133333    
   315.0000      2.169526461109868E+035   7.133333    
   337.5000      2.158646141743518E+035   7.133333    
  0.0000000E+00  2.063000032542151E+035   7.133333    
 
  0.0000000E+00  1.894976100335512E+035   7.416667    
   22.50000      1.780525884897902E+035   7.416667    
   45.00000      1.652216855427757E+035   7.416667    
   67.50000      1.536674251626730E+035   7.416667    
   90.00000      1.460386971055143E+035   7.416667    
   112.5000      1.426156061370774E+035   7.416667    
   135.0000      1.434424977470803E+035   7.416667    
   157.5000      1.476663416821799E+035   7.416667    
   180.0000      1.539072786948679E+035   7.416667    
   202.5000      1.609021128196792E+035   7.416667    
   225.0000      1.693014838189396E+035   7.416667    
   247.5000      1.793727863673201E+035   7.416667    
   270.0000      1.882099593225809E+035   7.416667    
   292.5000      1.944653158837663E+035   7.416667    
   315.0000      1.980069157555442E+035   7.416667    
   337.5000      1.965643273555440E+035   7.416667    
  0.0000000E+00  1.894976100335512E+035   7.416667    
 
  0.0000000E+00  1.701795227193543E+035   7.700000    
   22.50000      1.612490839572007E+035   7.700000    
   45.00000      1.523235201003614E+035   7.700000    
   67.50000      1.451244525856081E+035   7.700000    
   90.00000      1.412284849303437E+035   7.700000    
   112.5000      1.404342292556570E+035   7.700000    
   135.0000      1.426398977832358E+035   7.700000    
   157.5000      1.468859645250927E+035   7.700000    
   180.0000      1.523130893234997E+035   7.700000    
   202.5000      1.581159404228642E+035   7.700000    
   225.0000      1.647392993609408E+035   7.700000    
   247.5000      1.717278828461944E+035   7.700000    
   270.0000      1.769016733162725E+035   7.700000    
   292.5000      1.797403875896553E+035   7.700000    
   315.0000      1.801194650983986E+035   7.700000    
   337.5000      1.768251264796693E+035   7.700000    
  0.0000000E+00  1.701795227193543E+035   7.700000    
 
  0.0000000E+00  1.535898008282114E+035   7.983334    
   22.50000      1.470427326034629E+035   7.983334    
   45.00000      1.414200447669029E+035   7.983334    
   67.50000      1.376879547859860E+035   7.983334    
   90.00000      1.366028772565268E+035   7.983334    
   112.5000      1.376771337922362E+035   7.983334    
   135.0000      1.406929952506173E+035   7.983334    
   157.5000      1.448018888457901E+035   7.983334    
   180.0000      1.494577609040742E+035   7.983334    
   202.5000      1.541253449122604E+035   7.983334    
   225.0000      1.589479458246556E+035   7.983334    
   247.5000      1.630691611054354E+035   7.983334    
   270.0000      1.651873714640908E+035   7.983334    
   292.5000      1.653815920005880E+035   7.983334    
   315.0000      1.635926246982117E+035   7.983334    
   337.5000      1.594209377930024E+035   7.983334    
  0.0000000E+00  1.535898008282114E+035   7.983334    
 
  0.0000000E+00  1.408981539545032E+035   8.266666    
   22.50000      1.364622834090788E+035   8.266666    
   45.00000      1.332868777880296E+035   8.266666    
   67.50000      1.318150197787972E+035   8.266666    
   90.00000      1.323205583059655E+035   8.266666    
   112.5000      1.342542834895656E+035   8.266666    
   135.0000      1.373941837438650E+035   8.266666    
   157.5000      1.410593012921915E+035   8.266666    
   180.0000      1.448755446402964E+035   8.266666    
   202.5000      1.484071123638681E+035   8.266666    
   225.0000      1.515629181285402E+035   8.266666    
   247.5000      1.534908722726194E+035   8.266666    
   270.0000      1.536200293331626E+035   8.266666    
   292.5000      1.522982692642470E+035   8.266666    
   315.0000      1.495676698089846E+035   8.266666    
   337.5000      1.455176668101496E+035   8.266666    
  0.0000000E+00  1.408981539545032E+035   8.266666    
 
  0.0000000E+00  1.313375130816519E+035   8.550000    
   22.50000      1.285332461347084E+035   8.550000    
   45.00000      1.269839819815230E+035   8.550000    
   67.50000      1.268151683817811E+035   8.550000    
   90.00000      1.280561915219816E+035   8.550000    
   112.5000      1.302100497124365E+035   8.550000    
   135.0000      1.330998645834828E+035   8.550000    
   157.5000      1.361934144484062E+035   8.550000    
   180.0000      1.392062222234936E+035   8.550000    
   202.5000      1.417366618560580E+035   8.550000    
   225.0000      1.435768419940992E+035   8.550000    
   247.5000      1.440597108464356E+035   8.550000    
   270.0000      1.430940522613149E+035   8.550000    
   292.5000      1.410989737063666E+035   8.550000    
   315.0000      1.382100766343259E+035   8.550000    
   337.5000      1.347470730656143E+035   8.550000    
  0.0000000E+00  1.313375130816519E+035   8.550000    
 
  0.0000000E+00  1.239919211339465E+035   8.833333    
   22.50000      1.223359163422439E+035   8.833333    
   45.00000      1.217764390172386E+035   8.833333    
   67.50000      1.222685419218503E+035   8.833333    
   90.00000      1.237358668181897E+035   8.833333    
   112.5000      1.257725169625986E+035   8.833333    
   135.0000      1.282551289198311E+035   8.833333    
   157.5000      1.307664841719084E+035   8.833333    
   180.0000      1.330754536176070E+035   8.833333    
   202.5000      1.348057198412391E+035   8.833333    
   225.0000      1.357219080957510E+035   8.833333    
   247.5000      1.353715955505153E+035   8.833333    
   270.0000      1.339268713050307E+035   8.833333    
   292.5000      1.317853579351296E+035   8.833333    
   315.0000      1.291428320956941E+035   8.833333    
   337.5000      1.263868011173076E+035   8.833333    
  0.0000000E+00  1.239919211339465E+035   8.833333    
 
  0.0000000E+00  1.181755306376617E+035   9.116667    
   22.50000      1.172692133315304E+035   9.116667    
   45.00000      1.172498848705027E+035   9.116667    
   67.50000      1.180001153124885E+035   9.116667    
   90.00000      1.194087838757890E+035   9.116667    
   112.5000      1.211665811547805E+035   9.116667    
   135.0000      1.231935293789366E+035   9.116667    
   157.5000      1.251640300649902E+035   9.116667    
   180.0000      1.268841683803900E+035   9.116667    
   202.5000      1.280191414405489E+035   9.116667    
   225.0000      1.283540504926582E+035   9.116667    
   247.5000      1.276149886658360E+035   9.116667    
   270.0000      1.260842015471148E+035   9.116667    
   292.5000      1.241007587925061E+035   9.116667    
   315.0000      1.218817739599413E+035   9.116667    
   337.5000      1.197941467794355E+035   9.116667    
  0.0000000E+00  1.181755306376617E+035   9.116667    
 
  0.0000000E+00  1.134173338123742E+035   9.400000    
   22.50000      1.129660076386235E+035   9.400000    
   45.00000      1.131887074789535E+035   9.400000    
   67.50000      1.139535432568940E+035   9.400000    
   90.00000      1.151527414123676E+035   9.400000    
   112.5000      1.165631489231830E+035   9.400000    
   135.0000      1.181356358255874E+035   9.400000    
   157.5000      1.196213369456422E+035   9.400000    
   180.0000      1.208610845626451E+035   9.400000    
   202.5000      1.215771522369575E+035   9.400000    
   225.0000      1.215955772255882E+035   9.400000    
   247.5000      1.207676696404895E+035   9.400000    
   270.0000      1.193881146515899E+035   9.400000    
   292.5000      1.177260404287490E+035   9.400000    
   315.0000      1.159863576111866E+035   9.400000    
   337.5000      1.144738468369846E+035   9.400000    
  0.0000000E+00  1.134173338123742E+035   9.400000    
 
  0.0000000E+00  1.094024202160518E+035   9.683333    
   22.50000      1.092029863548132E+035   9.683333    
   45.00000      1.094807110735707E+035   9.683333    
   67.50000      1.101214132268543E+035   9.683333    
   90.00000      1.110385601966894E+035   9.683333    
   112.5000      1.120811543345151E+035   9.683333    
   135.0000      1.132204267718149E+035   9.683333    
   157.5000      1.142758955641247E+035   9.683333    
   180.0000      1.151256503313755E+035   9.683333    
   202.5000      1.155574960477868E+035   9.683333    
   225.0000      1.154455322110348E+035   9.683333    
   247.5000      1.147174171154524E+035   9.683333    
   270.0000      1.136229000873965E+035   9.683333    
   292.5000      1.123600070792792E+035   9.683333    
   315.0000      1.110973618260978E+035   9.683333    
   337.5000      1.100626173708149E+035   9.683333    
  0.0000000E+00  1.094024202160518E+035   9.683333    
 
  0.0000000E+00  1.059181031429427E+035   9.966667    
   22.50000      1.058420585696159E+035   9.966667    
   45.00000      1.060670613486423E+035   9.966667    
   67.50000      1.065124057163478E+035   9.966667    
   90.00000      1.071200753686310E+035   9.966667    
   112.5000      1.077981647482478E+035   9.966667    
   135.0000      1.085314817838676E+035   9.966667    
   157.5000      1.092028669132038E+035   9.966667    
   180.0000      1.097301005335666E+035   9.966667    
   202.5000      1.099715907446866E+035   9.966667    
   225.0000      1.098472926480190E+035   9.966667    
   247.5000      1.093257929162375E+035   9.966667    
   270.0000      1.085828037457878E+035   9.966667    
   292.5000      1.077473567685271E+035   9.966667    
   315.0000      1.069364386495864E+035   9.966667    
   337.5000      1.062981647268352E+035   9.966667    
  0.0000000E+00  1.059181031429427E+035   9.966667    
 
  0.0000000E+00  1.028187759769002E+035   10.25000    
   22.50000      1.027949813960768E+035   10.25000    
   45.00000      1.029145345532848E+035   10.25000    
   67.50000      1.031368504771930E+035   10.25000    
   90.00000      1.034337249714031E+035   10.25000    
   112.5000      1.037625463440954E+035   10.25000    
   135.0000      1.041169803741226E+035   10.25000    
   157.5000      1.044398626839777E+035   10.25000    
   180.0000      1.046900513698198E+035   10.25000    
   202.5000      1.047977644160478E+035   10.25000    
   225.0000      1.047246430041566E+035   10.25000    
   247.5000      1.044594100067939E+035   10.25000    
   270.0000      1.040907725947697E+035   10.25000    
   292.5000      1.036817899444126E+035   10.25000    
   315.0000      1.032912481378603E+035   10.25000    
   337.5000      1.029906886338464E+035   10.25000    
  0.0000000E+00  1.028187759769002E+035   10.25000    
 
