  0.0000000E+00  4.205788208786517E+035   6.000000    
   22.50000      4.152026672787177E+035   6.000000    
   45.00000      4.005711334054942E+035   6.000000    
   67.50000      3.799109090885414E+035   6.000000    
   90.00000      3.611585798870340E+035   6.000000    
   112.5000      3.402940115973799E+035   6.000000    
   135.0000      3.273027539072395E+035   6.000000    
   157.5000      3.160773850111955E+035   6.000000    
   180.0000      3.126807683121126E+035   6.000000    
   202.5000      3.142102834835064E+035   6.000000    
   225.0000      3.290585086939910E+035   6.000000    
   247.5000      3.562888102806333E+035   6.000000    
   270.0000      3.736529392719936E+035   6.000000    
   292.5000      3.901607766311667E+035   6.000000    
   315.0000      4.018529912873111E+035   6.000000    
   337.5000      4.135082134283226E+035   6.000000    
  0.0000000E+00  4.205788208786517E+035   6.000000    
 
  0.0000000E+00  4.138095734545411E+035   6.283333    
   22.50000      4.145730408201423E+035   6.283333    
   45.00000      4.024876119297594E+035   6.283333    
   67.50000      3.844017838467351E+035   6.283333    
   90.00000      3.686102487925069E+035   6.283333    
   112.5000      3.507957639931727E+035   6.283333    
   135.0000      3.398267825217997E+035   6.283333    
   157.5000      3.303845558089804E+035   6.283333    
   180.0000      3.282434601281638E+035   6.283333    
   202.5000      3.305270765068843E+035   6.283333    
   225.0000      3.419767596412260E+035   6.283333    
   247.5000      3.585860917113296E+035   6.283333    
   270.0000      3.721131682548170E+035   6.283333    
   292.5000      3.862075235816867E+035   6.283333    
   315.0000      3.965047629273815E+035   6.283333    
   337.5000      4.066191823768519E+035   6.283333    
  0.0000000E+00  4.138095734545411E+035   6.283333    
 
  0.0000000E+00  3.958298604253285E+035   6.566667    
   22.50000      3.995113771271860E+035   6.566667    
   45.00000      3.962410425053850E+035   6.566667    
   67.50000      3.829476372262596E+035   6.566667    
   90.00000      3.716736714176384E+035   6.566667    
   112.5000      3.584091083804365E+035   6.566667    
   135.0000      3.501881643712103E+035   6.566667    
   157.5000      3.431769015505052E+035   6.566667    
   180.0000      3.410699549609959E+035   6.566667    
   202.5000      3.409432082504165E+035   6.566667    
   225.0000      3.441720200921170E+035   6.566667    
   247.5000      3.528449638463383E+035   6.566667    
   270.0000      3.615862740135111E+035   6.566667    
   292.5000      3.723958155714656E+035   6.566667    
   315.0000      3.810451059532132E+035   6.566667    
   337.5000      3.895839515862913E+035   6.566667    
  0.0000000E+00  3.958298604253285E+035   6.566667    
 
  0.0000000E+00  3.708414209833668E+035   6.850000    
   22.50000      3.746738016674281E+035   6.850000    
   45.00000      3.762438512208885E+035   6.850000    
   67.50000      3.709348187171153E+035   6.850000    
   90.00000      3.650205089888691E+035   6.850000    
   112.5000      3.565169775206020E+035   6.850000    
   135.0000      3.512464749241950E+035   6.850000    
   157.5000      3.455825547657677E+035   6.850000    
   180.0000      3.413602740637627E+035   6.850000    
   202.5000      3.385075682068299E+035   6.850000    
   225.0000      3.370326742820375E+035   6.850000    
   247.5000      3.398900009725676E+035   6.850000    
   270.0000      3.442101754877700E+035   6.850000    
   292.5000      3.516071721816156E+035   6.850000    
   315.0000      3.584761665320307E+035   6.850000    
   337.5000      3.655426699531635E+035   6.850000    
  0.0000000E+00  3.708414209833668E+035   6.850000    
 
  0.0000000E+00  3.439417540174026E+035   7.133333    
   22.50000      3.470012474199836E+035   7.133333    
   45.00000      3.498086452902078E+035   7.133333    
   67.50000      3.486038667125566E+035   7.133333    
   90.00000      3.468559439976336E+035   7.133333    
   112.5000      3.423248426049416E+035   7.133333    
   135.0000      3.385943340502038E+035   7.133333    
   157.5000      3.341626756188243E+035   7.133333    
   180.0000      3.296933342163052E+035   7.133333    
   202.5000      3.260553124027004E+035   7.133333    
   225.0000      3.228480576848550E+035   7.133333    
   247.5000      3.227001168320836E+035   7.133333    
   270.0000      3.242452353730023E+035   7.133333    
   292.5000      3.289553843414029E+035   7.133333    
   315.0000      3.340225677266834E+035   7.133333    
   337.5000      3.396098911354768E+035   7.133333    
  0.0000000E+00  3.439417540174026E+035   7.133333    
 
  0.0000000E+00  3.177846731740883E+035   7.416667    
   22.50000      3.202123086689594E+035   7.416667    
   45.00000      3.227335182514181E+035   7.416667    
   67.50000      3.227918515878943E+035   7.416667    
   90.00000      3.225793894545283E+035   7.416667    
   112.5000      3.198301061119599E+035   7.416667    
   135.0000      3.169571523626720E+035   7.416667    
   157.5000      3.133094520867633E+035   7.416667    
   180.0000      3.094259135275923E+035   7.416667    
   202.5000      3.062071938605376E+035   7.416667    
   225.0000      3.032791334756846E+035   7.416667    
   247.5000      3.025439955281566E+035   7.416667    
   270.0000      3.032464665109760E+035   7.416667    
   292.5000      3.065082292696092E+035   7.416667    
   315.0000      3.101690862225790E+035   7.416667    
   337.5000      3.144722662277965E+035   7.416667    
  0.0000000E+00  3.177846731740883E+035   7.416667    
 
  0.0000000E+00  2.925377282771549E+035   7.700000    
   22.50000      2.945217545980065E+035   7.700000    
   45.00000      2.963041090222437E+035   7.700000    
   67.50000      2.963753274003243E+035   7.700000    
   90.00000      2.961783113968860E+035   7.700000    
   112.5000      2.938693824831460E+035   7.700000    
   135.0000      2.915127268912185E+035   7.700000    
   157.5000      2.885691203325470E+035   7.700000    
   180.0000      2.856541634654577E+035   7.700000    
   202.5000      2.832798912795899E+035   7.700000    
   225.0000      2.812094910552452E+035   7.700000    
   247.5000      2.806983420859654E+035   7.700000    
   270.0000      2.813161290811029E+035   7.700000    
   292.5000      2.838219826019597E+035   7.700000    
   315.0000      2.866411733788766E+035   7.700000    
   337.5000      2.900596861340580E+035   7.700000    
  0.0000000E+00  2.925377282771549E+035   7.700000    
 
  0.0000000E+00  2.678335381538169E+035   7.983334    
   22.50000      2.693894710184558E+035   7.983334    
   45.00000      2.704324285679577E+035   7.983334    
   67.50000      2.702626783307736E+035   7.983334    
   90.00000      2.697919565219693E+035   7.983334    
   112.5000      2.677639250661876E+035   7.983334    
   135.0000      2.659595949008048E+035   7.983334    
   157.5000      2.637467555589699E+035   7.983334    
   180.0000      2.617431188636877E+035   7.983334    
   202.5000      2.600899782531703E+035   7.983334    
   225.0000      2.586951287127265E+035   7.983334    
   247.5000      2.583703671991246E+035   7.983334    
   270.0000      2.589563064761018E+035   7.983334    
   292.5000      2.609472340708394E+035   7.983334    
   315.0000      2.632484449746974E+035   7.983334    
   337.5000      2.659903117705172E+035   7.983334    
  0.0000000E+00  2.678335381538169E+035   7.983334    
 
  0.0000000E+00  2.438743854230809E+035   8.266666    
   22.50000      2.450596306550609E+035   8.266666    
   45.00000      2.455968377532569E+035   8.266666    
   67.50000      2.452923242965330E+035   8.266666    
   90.00000      2.446809248192751E+035   8.266666    
   112.5000      2.429968651490519E+035   8.266666    
   135.0000      2.416867402807865E+035   8.266666    
   157.5000      2.400905151227036E+035   8.266666    
   180.0000      2.387670510523111E+035   8.266666    
   202.5000      2.376221305737592E+035   8.266666    
   225.0000      2.366644411886327E+035   8.266666    
   247.5000      2.364159553882904E+035   8.266666    
   270.0000      2.369094866430180E+035   8.266666    
   292.5000      2.384591433689009E+035   8.266666    
   315.0000      2.403373341052608E+035   8.266666    
   337.5000      2.424977117422554E+035   8.266666    
  0.0000000E+00  2.438743854230809E+035   8.266666    
 
  0.0000000E+00  2.210849481383933E+035   8.550000    
   22.50000      2.219808933489116E+035   8.550000    
   45.00000      2.222246693349282E+035   8.550000    
   67.50000      2.218919038125872E+035   8.550000    
   90.00000      2.212677481275116E+035   8.550000    
   112.5000      2.199300924373412E+035   8.550000    
   135.0000      2.190037948152767E+035   8.550000    
   157.5000      2.178781195145293E+035   8.550000    
   180.0000      2.170205415917949E+035   8.550000    
   202.5000      2.162257048772268E+035   8.550000    
   225.0000      2.155483151450768E+035   8.550000    
   247.5000      2.153253152053110E+035   8.550000    
   270.0000      2.157005308257723E+035   8.550000    
   292.5000      2.168704837131134E+035   8.550000    
   315.0000      2.183764564231043E+035   8.550000    
   337.5000      2.200533515108719E+035   8.550000    
  0.0000000E+00  2.210849481383933E+035   8.550000    
 
  0.0000000E+00  1.997196920318229E+035   8.833333    
   22.50000      2.003914241241874E+035   8.833333    
   45.00000      2.004788150465885E+035   8.833333    
   67.50000      2.001731353896387E+035   8.833333    
   90.00000      1.996062692806999E+035   8.833333    
   112.5000      1.985766105014966E+035   8.833333    
   135.0000      1.979330483749121E+035   8.833333    
   157.5000      1.971523766873102E+035   8.833333    
   180.0000      1.966060004843728E+035   8.833333    
   202.5000      1.960487930666447E+035   8.833333    
   225.0000      1.955578537229884E+035   8.833333    
   247.5000      1.953471468384605E+035   8.833333    
   270.0000      1.956107350218168E+035   8.833333    
   292.5000      1.964725092276981E+035   8.833333    
   315.0000      1.976577201186537E+035   8.833333    
   337.5000      1.989409778867994E+035   8.833333    
  0.0000000E+00  1.997196920318229E+035   8.833333    
 
  0.0000000E+00  1.798387975353545E+035   9.116667    
   22.50000      1.803378592469343E+035   9.116667    
   45.00000      1.803491563363386E+035   9.116667    
   67.50000      1.800926806153736E+035   9.116667    
   90.00000      1.796146111958630E+035   9.116667    
   112.5000      1.788433121312722E+035   9.116667    
   135.0000      1.784031860575630E+035   9.116667    
   157.5000      1.778704520775881E+035   9.116667    
   180.0000      1.775276975098624E+035   9.116667    
   202.5000      1.771354058228957E+035   9.116667    
   225.0000      1.767745994113087E+035   9.116667    
   247.5000      1.765798138221372E+035   9.116667    
   270.0000      1.767534847324207E+035   9.116667    
   292.5000      1.773744953548231E+035   9.116667    
   315.0000      1.782871394017210E+035   9.116667    
   337.5000      1.792529842093991E+035   9.116667    
  0.0000000E+00  1.798387975353545E+035   9.116667    
 
  0.0000000E+00  1.613991820690619E+035   9.400000    
   22.50000      1.617622121899127E+035   9.400000    
   45.00000      1.617423166357859E+035   9.400000    
   67.50000      1.615411042398407E+035   9.400000    
   90.00000      1.611627970854941E+035   9.400000    
   112.5000      1.606032109020665E+035   9.400000    
   135.0000      1.603082797304733E+035   9.400000    
   157.5000      1.599523762148221E+035   9.400000    
   180.0000      1.597411648884710E+035   9.400000    
   202.5000      1.594673247862172E+035   9.400000    
   225.0000      1.592039422701354E+035   9.400000    
   247.5000      1.590347050344342E+035   9.400000    
   270.0000      1.591425392773205E+035   9.400000    
   292.5000      1.595782934881642E+035   9.400000    
   315.0000      1.602589389455112E+035   9.400000    
   337.5000      1.609669343357991E+035   9.400000    
  0.0000000E+00  1.613991820690619E+035   9.400000    
 
  0.0000000E+00  1.443077843978071E+035   9.683333    
   22.50000      1.445600035154892E+035   9.683333    
   45.00000      1.445329333147798E+035   9.683333    
   67.50000      1.443862762906566E+035   9.683333    
   90.00000      1.441085629697539E+035   9.683333    
   112.5000      1.437226453576578E+035   9.683333    
   135.0000      1.435322152945108E+035   9.683333    
   157.5000      1.433033381177490E+035   9.683333    
   180.0000      1.431770100308418E+035   9.683333    
   202.5000      1.429923940933526E+035   9.683333    
   225.0000      1.428075700644975E+035   9.683333    
   247.5000      1.426734615574121E+035   9.683333    
   270.0000      1.427362325065818E+035   9.683333    
   292.5000      1.430286397363701E+035   9.683333    
   315.0000      1.435092894866350E+035   9.683333    
   337.5000      1.440033985570978E+035   9.683333    
  0.0000000E+00  1.443077843978071E+035   9.683333    
 
  0.0000000E+00  1.284529207127714E+035   9.966667    
   22.50000      1.286112969423166E+035   9.966667    
   45.00000      1.285891363243843E+035   9.966667    
   67.50000      1.284941914993255E+035   9.966667    
   90.00000      1.283136041214326E+035   9.966667    
   112.5000      1.280731202913544E+035   9.966667    
   135.0000      1.279602185822185E+035   9.966667    
   157.5000      1.278251607589509E+035   9.966667    
   180.0000      1.277547867811333E+035   9.966667    
   202.5000      1.276412420249612E+035   9.966667    
   225.0000      1.275239319958317E+035   9.966667    
   247.5000      1.274319289467927E+035   9.966667    
   270.0000      1.274651717708365E+035   9.966667    
   292.5000      1.276436636153704E+035   9.966667    
   315.0000      1.279484778737694E+035   9.966667    
   337.5000      1.282596510906047E+035   9.966667    
  0.0000000E+00  1.284529207127714E+035   9.966667    
 
  0.0000000E+00  1.137202164857722E+035   10.25000    
   22.50000      1.137958723414017E+035   10.25000    
   45.00000      1.137839541606871E+035   10.25000    
   67.50000      1.137376508295800E+035   10.25000    
   90.00000      1.136497556270969E+035   10.25000    
   112.5000      1.135354506153000E+035   10.25000    
   135.0000      1.134834761579778E+035   10.25000    
   157.5000      1.134216111884544E+035   10.25000    
   180.0000      1.133905457761396E+035   10.25000    
   202.5000      1.133370327398081E+035   10.25000    
   225.0000      1.132805523605630E+035   10.25000    
   247.5000      1.132343194297373E+035   10.25000    
   270.0000      1.132482059893939E+035   10.25000    
   292.5000      1.133318962978153E+035   10.25000    
   315.0000      1.134781365673593E+035   10.25000    
   337.5000      1.136271479644915E+035   10.25000    
  0.0000000E+00  1.137202164857722E+035   10.25000    
 
