  0.0000000E+00   9234.32947915792        6.000000    
   22.50000       9460.05887475610        6.000000    
   45.00000       10100.2426292300        6.000000    
   67.50000       10885.5686190724        6.000000    
   90.00000       11624.0991216898        6.000000    
   112.5000       12510.9926945567        6.000000    
   135.0000       14043.9950587153        6.000000    
   157.5000       16426.9925459027        6.000000    
   180.0000       17952.6051324904        6.000000    
   202.5000       18562.0084699392        6.000000    
   225.0000       18254.7116957903        6.000000    
   247.5000       17479.2494806051        6.000000    
   270.0000       16448.9087311327        6.000000    
   292.5000       13586.0166658461        6.000000    
   315.0000       11208.6924529672        6.000000    
   337.5000       9794.57552683353        6.000000    
  0.0000000E+00   9234.32947915792        6.000000    
 
  0.0000000E+00   7977.19196882844        6.283333    
   22.50000       8132.97070303559        6.283333    
   45.00000       8687.20837399364        6.283333    
   67.50000       9289.75852581859        6.283333    
   90.00000       9918.55863445997        6.283333    
   112.5000       10720.7476214021        6.283333    
   135.0000       12080.2621358037        6.283333    
   157.5000       13268.0155903548        6.283333    
   180.0000       14137.8588406295        6.283333    
   202.5000       14660.0295569003        6.283333    
   225.0000       14530.9463033974        6.283333    
   247.5000       14015.1188295931        6.283333    
   270.0000       13298.5999906361        6.283333    
   292.5000       12107.9593802392        6.283333    
   315.0000       9789.19958084822        6.283333    
   337.5000       8507.04322955012        6.283333    
  0.0000000E+00   7977.19196882844        6.283333    
 
  0.0000000E+00   7033.23990979791        6.566667    
   22.50000       7040.58211810887        6.566667    
   45.00000       7327.11923770607        6.566667    
   67.50000       7725.95378924906        6.566667    
   90.00000       8174.78928211331        6.566667    
   112.5000       8762.45264673233        6.566667    
   135.0000       9486.78238211572        6.566667    
   157.5000       10088.4106461108        6.566667    
   180.0000       10683.2672094107        6.566667    
   202.5000       11122.7836386710        6.566667    
   225.0000       11172.5773370415        6.566667    
   247.5000       10929.2102703899        6.566667    
   270.0000       10537.3939347118        6.566667    
   292.5000       9886.75920219719        6.566667    
   315.0000       8867.73283724487        6.566667    
   337.5000       7622.22531558573        6.566667    
  0.0000000E+00   7033.23990979791        6.566667    
 
  0.0000000E+00   6558.02816458046        6.850000    
   22.50000       6277.67845927924        6.850000    
   45.00000       6208.02157189697        6.850000    
   67.50000       6293.44937551767        6.850000    
   90.00000       6491.31173931062        6.850000    
   112.5000       6823.53166797757        6.850000    
   135.0000       7152.02835526317        6.850000    
   157.5000       7506.16612775624        6.850000    
   180.0000       7883.55431342125        6.850000    
   202.5000       8232.08409793675        6.850000    
   225.0000       8393.91056986153        6.850000    
   247.5000       8352.03103707731        6.850000    
   270.0000       8195.43688128889        6.850000    
   292.5000       7893.69199730456        6.850000    
   315.0000       7413.16728258133        6.850000    
   337.5000       6930.09045471251        6.850000    
  0.0000000E+00   6558.02816458046        6.850000    
 
  0.0000000E+00   5265.65507217124        7.133333    
   22.50000       5095.03789009154        7.133333    
   45.00000       5039.71356840432        7.133333    
   67.50000       5069.98735368252        7.133333    
   90.00000       5155.21097156405        7.133333    
   112.5000       5283.82489092648        7.133333    
   135.0000       5464.44041019678        7.133333    
   157.5000       5676.16940196604        7.133333    
   180.0000       5909.40291222185        7.133333    
   202.5000       6153.31548234820        7.133333    
   225.0000       6312.65716567636        7.133333    
   247.5000       6352.67797242105        7.133333    
   270.0000       6293.86319378763        7.133333    
   292.5000       6133.93438323587        7.133333    
   315.0000       5854.13014961779        7.133333    
   337.5000       5537.71465796977        7.133333    
  0.0000000E+00   5265.65507217124        7.133333    
 
  0.0000000E+00   4127.73773131892        7.416667    
   22.50000       4027.22057953849        7.416667    
   45.00000       4002.91134374961        7.416667    
   67.50000       4036.12624377385        7.416667    
   90.00000       4113.04824152216        7.416667    
   112.5000       4207.87338407710        7.416667    
   135.0000       4334.27022979781        7.416667    
   157.5000       4474.90750236437        7.416667    
   180.0000       4630.27119075507        7.416667    
   202.5000       4786.79344282299        7.416667    
   225.0000       4880.23065611720        7.416667    
   247.5000       4881.46650219709        7.416667    
   270.0000       4825.21261737496        7.416667    
   292.5000       4701.86129843816        7.416667    
   315.0000       4507.23621196300        7.416667    
   337.5000       4298.42867580801        7.416667    
  0.0000000E+00   4127.73773131892        7.416667    
 
  0.0000000E+00   3216.46509566903        7.700000    
   22.50000       3185.13921954483        7.700000    
   45.00000       3201.30884365365        7.700000    
   67.50000       3249.88671229780        7.700000    
   90.00000       3319.99321856350        7.700000    
   112.5000       3398.06913035735        7.700000    
   135.0000       3494.29369778931        7.700000    
   157.5000       3593.41574792936        7.700000    
   180.0000       3692.96729979664        7.700000    
   202.5000       3773.86900288239        7.700000    
   225.0000       3795.58878775686        7.700000    
   247.5000       3755.21288985014        7.700000    
   270.0000       3679.56115673482        7.700000    
   292.5000       3564.67826143652        7.700000    
   315.0000       3424.28746709600        7.700000    
   337.5000       3299.73224196956        7.700000    
  0.0000000E+00   3216.46509566903        7.700000    
 
  0.0000000E+00   2511.23748928495        7.983334    
   22.50000       2520.82670812681        7.983334    
   45.00000       2556.44688411430        7.983334    
   67.50000       2606.95827765577        7.983334    
   90.00000       2665.51770843752        7.983334    
   112.5000       2727.18542411551        7.983334    
   135.0000       2796.85401820578        7.983334    
   157.5000       2860.63473602571        7.983334    
   180.0000       2914.59823569283        7.983334    
   202.5000       2938.48412274010        7.983334    
   225.0000       2914.67128634639        7.983334    
   247.5000       2854.65226272121        7.983334    
   270.0000       2777.02769745514        7.983334    
   292.5000       2684.18500213511        7.983334    
   315.0000       2596.15231628157        7.983334    
   337.5000       2536.13742753491        7.983334    
  0.0000000E+00   2511.23748928495        7.983334    
 
  0.0000000E+00   1965.06328555383        8.266666    
   22.50000       1990.94696474727        8.266666    
   45.00000       2029.21309803333        8.266666    
   67.50000       2072.47764141671        8.266666    
   90.00000       2117.13868156075        8.266666    
   112.5000       2161.95875040628        8.266666    
   135.0000       2207.81706585921        8.266666    
   157.5000       2243.40755632520        8.266666    
   180.0000       2264.18105620146        8.266666    
   202.5000       2255.11978891958        8.266666    
   225.0000       2214.12902102340        8.266666    
   247.5000       2155.11687786598        8.266666    
   270.0000       2090.43203923665        8.266666    
   292.5000       2026.39935752563        8.266666    
   315.0000       1979.85965121817        8.266666    
   337.5000       1959.82445534691        8.266666    
  0.0000000E+00   1965.06328555383        8.266666    
 
  0.0000000E+00   1544.41453517973        8.550000    
   22.50000       1573.10142822051        8.550000    
   45.00000       1606.42059472669        8.550000    
   67.50000       1639.78162823990        8.550000    
   90.00000       1671.54398649931        8.550000    
   112.5000       1701.54566809256        8.550000    
   135.0000       1728.57943209819        8.550000    
   157.5000       1744.24020226765        8.550000    
   180.0000       1744.73974069580        8.550000    
   202.5000       1721.50652076118        8.550000    
   225.0000       1679.99083183613        8.550000    
   247.5000       1631.39815475047        8.550000    
   270.0000       1584.24860844482        8.550000    
   292.5000       1545.57237364724        8.550000    
   315.0000       1526.12088815775        8.550000    
   337.5000       1526.97105347086        8.550000    
  0.0000000E+00   1544.41453517973        8.550000    
 
  0.0000000E+00   1221.25207495177        8.833333    
   22.50000       1246.67936546728        8.833333    
   45.00000       1272.66967568081        8.833333    
   67.50000       1296.49717312073        8.833333    
   90.00000       1317.48369672662        8.833333    
   112.5000       1335.60045571579        8.833333    
   135.0000       1349.02881492209        8.833333    
   157.5000       1352.07154879766        8.833333    
   180.0000       1342.34921088256        8.833333    
   202.5000       1316.37930117594        8.833333    
   225.0000       1281.71532089496        8.833333    
   247.5000       1245.95226278761        8.833333    
   270.0000       1215.21453178441        8.833333    
   292.5000       1195.09224172961        8.833333    
   315.0000       1191.16357870633        8.833333    
   337.5000       1201.13533077436        8.833333    
  0.0000000E+00   1221.25207495177        8.833333    
 
  0.0000000E+00   955.629546966869        9.116667    
   22.50000       975.372708980460        9.116667    
   45.00000       993.956480342895        9.116667    
   67.50000       1009.80911907856        9.116667    
   90.00000       1022.76031060866        9.116667    
   112.5000       1032.45368171460        9.116667    
   135.0000       1036.80725027737        9.116667    
   157.5000       1033.04373288737        9.116667    
   180.0000       1020.22238009213        9.116667    
   202.5000       997.935270834714        9.116667    
   225.0000       972.843168989057        9.116667    
   247.5000       949.447129481239        9.116667    
   270.0000       931.873945263447        9.116667    
   292.5000       923.461959191831        9.116667    
   315.0000       926.365443542600        9.116667    
   337.5000       937.822658919496        9.116667    
  0.0000000E+00   955.629546966869        9.116667    
 
  0.0000000E+00   738.913501004456        9.400000    
   22.50000       752.204161825473        9.400000    
   45.00000       763.682795697707        9.400000    
   67.50000       772.488957374939        9.400000    
   90.00000       778.638895135606        9.400000    
   112.5000       782.196443453315        9.400000    
   135.0000       782.232520018239        9.400000    
   157.5000       776.226156657794        9.400000    
   180.0000       764.877645457163        9.400000    
   202.5000       749.017623456195        9.400000    
   225.0000       733.254819874419        9.400000    
   247.5000       719.860356927617        9.400000    
   270.0000       711.244597062701        9.400000    
   292.5000       709.320227843709        9.400000    
   315.0000       715.051070104819        9.400000    
   337.5000       725.626157333958        9.400000    
  0.0000000E+00   738.913501004456        9.400000    
 
  0.0000000E+00   559.330389182083        9.683333    
   22.50000       566.867410870385        9.683333    
   45.00000       572.768721833359        9.683333    
   67.50000       576.606266682502        9.683333    
   90.00000       578.520540667349        9.683333    
   112.5000       578.609590869979        9.683333    
   135.0000       576.563018890098        9.683333    
   157.5000       571.788953491836        9.683333    
   180.0000       564.316452285973        9.683333    
   202.5000       554.953050765442        9.683333    
   225.0000       546.463519160403        9.683333    
   247.5000       540.336481065722        9.683333    
   270.0000       537.499815753195        9.683333    
   292.5000       538.612749276217        9.683333    
   315.0000       543.738356734102        9.683333    
   337.5000       551.055809247016        9.683333    
  0.0000000E+00   559.330389182083        9.683333    
 
  0.0000000E+00   410.078602371563        9.966667    
   22.50000       413.445316340716        9.966667    
   45.00000       415.780112898676        9.966667    
   67.50000       416.928965158702        9.966667    
   90.00000       417.096136242326        9.966667    
   112.5000       416.284552983765        9.966667    
   135.0000       414.502574435610        9.966667    
   157.5000       411.616075436817        9.966667    
   180.0000       407.904108655464        9.966667    
   202.5000       403.850480030931        9.966667    
   225.0000       400.551632525574        9.966667    
   247.5000       398.304799096659        9.966667    
   270.0000       397.734258954646        9.966667    
   292.5000       399.043643203331        9.966667    
   315.0000       402.111637142312        9.966667    
   337.5000       406.009103632474        9.966667    
  0.0000000E+00   410.078602371563        9.966667    
 
  0.0000000E+00   289.216985893785        10.25000    
   22.50000       290.139699684893        10.25000    
   45.00000       290.669446321524        10.25000    
   67.50000       290.771502853982        10.25000    
   90.00000       290.548173894116        10.25000    
   112.5000       290.082755074225        10.25000    
   135.0000       289.422959247953        10.25000    
   157.5000       288.520758372266        10.25000    
   180.0000       287.464866063732        10.25000    
   202.5000       286.371956919436        10.25000    
   225.0000       285.534881502012        10.25000    
   247.5000       285.012016236491        10.25000    
   270.0000       285.011176245200        10.25000    
   292.5000       285.575546229549        10.25000    
   315.0000       286.672780106048        10.25000    
   337.5000       287.960493011196        10.25000    
  0.0000000E+00   289.216985893785        10.25000    
 
