  0.0000000E+00  0.235544964671135     
   15.00000      0.235638454556465     
   30.00000      0.235479071736336     
   45.00000      0.235105484724045     
   60.00000      0.234528064727783     
   75.00000      0.233880147337914     
   90.00000      0.233260214328766     
   105.0000      0.232739761471748     
   120.0000      0.232367232441902     
   135.0000      0.232156842947006     
   150.0000      0.232077628374100     
   165.0000      0.232126593589783     
   180.0000      0.232233732938766     
   195.0000      0.232338592410088     
   210.0000      0.232445746660233     
   225.0000      0.232464417815208     
   240.0000      0.232473000884056     
   255.0000      0.232489913702011     
   270.0000      0.232591301202774     
   285.0000      0.232849597930908     
   300.0000      0.233373165130615     
   315.0000      0.234034374356270     
   330.0000      0.234697699546814     
   345.0000      0.235227927565575     
   360.0000      0.235544964671135     
   360.0000      0.234966233372688     
   375.0000      0.235046073794365     
   390.0000      0.234883844852448     
   405.0000      0.234514191746712     
   420.0000      0.233952492475510     
   435.0000      0.233324229717255     
   450.0000      0.232723951339722     
   465.0000      0.232224240899086     
   480.0000      0.231867343187332     
   495.0000      0.231665760278702     
   510.0000      0.231588110327721     
   525.0000      0.231632187962532     
   540.0000      0.231733575463295     
   555.0000      0.231835424900055     
   570.0000      0.231944382190704     
   585.0000      0.231971248984337     
   600.0000      0.231992229819298     
   615.0000      0.232028946280479     
   630.0000      0.232146173715591     
   645.0000      0.232421398162842     
   660.0000      0.232935637235641     
   675.0000      0.233559757471085     
   690.0000      0.234180405735970     
   705.0000      0.234674721956253     
   720.0000      0.234966233372688     
   720.0000      0.234332337975502     
   735.0000      0.234395697712898     
   750.0000      0.234233185648918     
   765.0000      0.233875155448914     
   780.0000      0.233340635895729     
   795.0000      0.232742890715599     
   810.0000      0.232177004218102     
   825.0000      0.231710940599442     
   840.0000      0.231378972530365     
   855.0000      0.231190443038940     
   870.0000      0.231113851070404     
   885.0000      0.231146171689034     
   900.0000      0.231233164668083     
   915.0000      0.231324568390846     
   930.0000      0.231431007385254     
   945.0000      0.231467649340630     
   960.0000      0.231505125761032     
   975.0000      0.231570318341255     
   990.0000      0.231715604662895     
   1005.000      0.232007279992104     
   1020.000      0.232496485114098     
   1035.000      0.233071804046631     
   1050.000      0.233633652329445     
   1065.000      0.234077870845795     
   1080.000      0.234332337975502     
   1080.000      0.233500957489014     
   1095.000      0.233556643128395     
   1110.000      0.233408525586128     
   1125.000      0.233074456453323     
   1140.000      0.232576742768288     
   1155.000      0.232014864683151     
   1170.000      0.231482625007629     
   1185.000      0.231044515967369     
   1200.000      0.230733260512352     
   1215.000      0.230555370450020     
   1230.000      0.230479642748833     
   1245.000      0.230498567223549     
   1260.000      0.230569601058960     
   1275.000      0.230646684765816     
   1290.000      0.230744019150734     
   1305.000      0.230785086750984     
   1320.000      0.230835735797882     
   1335.000      0.230917498469353     
   1350.000      0.231074437499046     
   1365.000      0.231364786624908     
   1380.000      0.231818482279778     
   1395.000      0.232342094182968     
   1410.000      0.232855677604675     
   1425.000      0.233267500996590     
   1440.000      0.233500957489014     
   1440.000      0.232427403330803     
   1455.000      0.232495307922363     
   1470.000      0.232373744249344     
   1485.000      0.232077330350876     
   1500.000      0.231625646352768     
   1515.000      0.231102287769318     
   1530.000      0.230598688125610     
   1545.000      0.230178937315941     
   1560.000      0.229877889156342     
   1575.000      0.229702606797218     
   1590.000      0.229619920253754     
   1605.000      0.229624077677727     
   1620.000      0.229678943753242     
   1635.000      0.229739800095558     
   1650.000      0.229827582836151     
   1665.000      0.229866102337837     
   1680.000      0.229916408658028     
   1695.000      0.229997396469116     
   1710.000      0.230149015784264     
   1725.000      0.230416938662529     
   1740.000      0.230822280049324     
   1755.000      0.231299221515656     
   1770.000      0.231784567236900     
   1785.000      0.232190489768982     
   1800.000      0.232427403330803     
   1800.000      0.231116279959679     
   1815.000      0.231215432286263     
   1830.000      0.231135040521622     
   1845.000      0.230886861681938     
   1860.000      0.230485498905182     
   1875.000      0.230002850294113     
   1890.000      0.229522570967674     
   1905.000      0.229110985994339     
   1920.000      0.228807672858238     
   1935.000      0.228624925017357     
   1950.000      0.228530481457710     
   1965.000      0.228517562150955     
   1980.000      0.228556081652641     
   1995.000      0.228599518537521     
   2010.000      0.228672608733177     
   2025.000      0.228701919317245     
   2040.000      0.228739351034164     
   2055.000      0.228806704282761     
   2070.000      0.228933528065681     
   2085.000      0.229163408279419     
   2100.000      0.229524880647659     
   2115.000      0.229968816041946     
   2130.000      0.230435967445374     
   2145.000      0.230849966406822     
   2160.000      0.231116279959679     
   2160.000      0.229592487215996     
   2175.000      0.229739859700203     
   2190.000      0.229710355401039     
   2205.000      0.229516834020615     
   2220.000      0.229169189929962     
   2235.000      0.228726014494896     
   2250.000      0.228265687823296     
   2265.000      0.227854862809181     
   2280.000      0.227539196610451     
   2295.000      0.227340236306190     
   2310.000      0.227229446172714     
   2325.000      0.227197065949440     
   2340.000      0.227218583226204     
   2355.000      0.227244094014168     
   2370.000      0.227298378944397     
   2385.000      0.227312952280045     
   2400.000      0.227330654859543     
   2415.000      0.227370947599411     
   2430.000      0.227463304996490     
   2445.000      0.227657645940781     
   2460.000      0.227982223033905     
   2475.000      0.228400498628616     
   2490.000      0.228856697678566     
   2505.000      0.229284718632698     
   2520.000      0.229592487215996     
   2520.000      0.227892458438873     
   2535.000      0.228097006678581     
   2550.000      0.228124335408211     
   2565.000      0.227985724806786     
   2580.000      0.227690607309341     
   2595.000      0.227285578846931     
   2610.000      0.226841613650322     
   2625.000      0.226428478956223     
   2640.000      0.226096004247665     
   2655.000      0.225876331329346     
   2670.000      0.225746840238571     
   2685.000      0.225693628191948     
   2700.000      0.225698083639145     
   2715.000      0.225705787539482     
   2730.000      0.225738942623138     
   2745.000      0.225737363100052     
   2760.000      0.225728631019592     
   2775.000      0.225738823413849     
   2790.000      0.225800544023514     
   2805.000      0.225960701704025     
   2820.000      0.226251363754272     
   2835.000      0.226648464798927     
   2850.000      0.227098256349564     
   2865.000      0.227542221546173     
   2880.000      0.227892458438873     
   2880.000      0.226059094071388     
   2895.000      0.226316764950752     
   2910.000      0.226402550935745     
   2925.000      0.226314797997475     
   2940.000      0.226065069437027     
   2955.000      0.225693941116333     
   2970.000      0.225264847278595     
   2985.000      0.224849671125412     
   3000.000      0.224501505494118     
   3015.000      0.224262371659279     
   3030.000      0.224115505814552     
   3045.000      0.224043816328049     
   3060.000      0.224033489823341     
   3075.000      0.224024802446365     
   3090.000      0.224036812782288     
   3105.000      0.224018007516861     
   3120.000      0.223986774682999     
   3135.000      0.223969861865044     
   3150.000      0.224001139402390     
   3165.000      0.224128738045692     
   3180.000      0.224388837814331     
   3195.000      0.224768131971359     
   3210.000      0.225213795900345     
   3225.000      0.225672021508217     
   3240.000      0.226059094071388     
   3240.000      0.224133968353271     
   3255.000      0.224431723356247     
   3270.000      0.224566832184792     
   3285.000      0.224524080753326     
   3300.000      0.224309206008911     
   3315.000      0.223963797092438     
   3330.000      0.223547875881195     
   3345.000      0.223133966326714     
   3360.000      0.222776979207993     
   3375.000      0.222525164484978     
   3390.000      0.222366034984589     
   3405.000      0.222280278801918     
   3420.000      0.222259446978569     
   3435.000      0.222239598631859     
   3450.000      0.222234904766083     
   3465.000      0.222200274467468     
   3480.000      0.222146764397621     
   3495.000      0.222104683518410     
   3510.000      0.222108989953995     
   3525.000      0.222209349274635     
   3540.000      0.222444951534271     
   3555.000      0.222810074687004     
   3570.000      0.223252475261688     
   3585.000      0.223720401525497     
   3600.000      0.224133968353271     
   3600.000      0.222147151827812     
   3615.000      0.222468137741089     
   3630.000      0.222634807229042     
   3645.000      0.222626969218254     
   3660.000      0.222436770796776     
   3675.000      0.222107723355293     
   3690.000      0.221702441573143     
   3705.000      0.221294373273849     
   3720.000      0.220937862992287     
   3735.000      0.220682948827744     
   3750.000      0.220519602298737     
   3765.000      0.220430597662926     
   3780.000      0.220404669642448     
   3795.000      0.220375135540962     
   3810.000      0.220354199409485     
   3825.000      0.220303729176521     
   3840.000      0.220230102539062     
   3855.000      0.220167160034180     
   3870.000      0.220151439309120     
   3885.000      0.220233768224716     
   3900.000      0.220453798770905     
   3915.000      0.220809370279312     
   3930.000      0.221248403191566     
   3945.000      0.221719831228256     
   3960.000      0.222147151827812     
   3960.000      0.220108643174171     
   3975.000      0.220436394214630     
   3990.000      0.220616295933723     
   4005.000      0.220627054572105     
   4020.000      0.220455557107925     
   4035.000      0.220135822892189     
   4050.000      0.219738930463791     
   4065.000      0.219341114163399     
   4080.000      0.218994259834290     
   4095.000      0.218747332692146     
   4110.000      0.218592271208763     
   4125.000      0.218503609299660     
   4140.000      0.218472331762314     
   4155.000      0.218433216214180     
   4170.000      0.218396663665771     
   4185.000      0.218330577015877     
   4200.000      0.218240186572075     
   4215.000      0.218162730336189     
   4230.000      0.218136295676231     
   4245.000      0.218211695551872     
   4260.000      0.218426078557968     
   4275.000      0.218776866793633     
   4290.000      0.219211712479591     
   4305.000      0.219680100679398     
   4320.000      0.220108643174171     
   4320.000      0.218008428812027     
   4335.000      0.218330085277557     
   4350.000      0.218508854508400     
   4365.000      0.218524321913719     
   4380.000      0.218362361192703     
   4395.000      0.218052968382835     
   4410.000      0.217666596174240     
   4425.000      0.217282935976982     
   4440.000      0.216954737901688     
   4455.000      0.216722682118416     
   4470.000      0.216576397418976     
   4485.000      0.216488897800446     
   4500.000      0.216451361775398     
   4515.000      0.216401711106300     
   4530.000      0.216350108385086     
   4545.000      0.216269344091415     
   4560.000      0.216166451573372     
   4575.000      0.216081798076630     
   4590.000      0.216054126620293     
   4605.000      0.216132819652557     
   4620.000      0.216349944472313     
   4635.000      0.216699436306953     
   4650.000      0.217128962278366     
   4665.000      0.217588692903519     
   4680.000      0.218008428812027     
   4680.000      0.215825006365776     
   4695.000      0.216132715344429     
   4710.000      0.216301739215851     
   4725.000      0.216313436627388     
   4740.000      0.216154888272285     
   4755.000      0.215855330228806     
   4770.000      0.215484157204628     
   4785.000      0.215119704604149     
   4800.000      0.214812651276588     
   4815.000      0.214595898985863     
   4830.000      0.214457079768181     
   4845.000      0.214369311928749     
   4860.000      0.214323565363884     
   4875.000      0.214262172579765     
   4890.000      0.214196056127548     
   4905.000      0.214102223515511     
   4920.000      0.213991373777390     
   4935.000      0.213906362652779     
   4950.000      0.213885247707367     
   4965.000      0.213974729180336     
   4980.000      0.214199930429459     
   4995.000      0.214550092816353     
   5010.000      0.214973047375679     
   5025.000      0.215420335531235     
   5040.000      0.215825006365776     
   5040.000      0.213534861803055     
   5055.000      0.213825568556786     
   5070.000      0.213981539011002     
   5085.000      0.213986158370972     
   5100.000      0.213828861713409     
   5115.000      0.213539451360703     
   5130.000      0.213185906410217     
   5145.000      0.212842419743538     
   5160.000      0.212556153535843     
   5175.000      0.212352409958839     
   5190.000      0.212217688560486     
   5205.000      0.212126791477203     
   5220.000      0.212070241570473     
   5235.000      0.211995750665665     
   5250.000      0.211915731430054     
   5265.000      0.211810842156410     
   5280.000      0.211696222424507     
   5295.000      0.211616113781929     
   5310.000      0.211606934666634     
   5325.000      0.211711525917053     
   5340.000      0.211947545409203     
   5355.000      0.212299063801765     
   5370.000      0.212714731693268     
   5385.000      0.213147848844528     
   5400.000      0.213534861803055     
   5400.000      0.211118057370186     
   5415.000      0.211392074823380     
   5430.000      0.211535379290581     
   5445.000      0.211533308029175     
   5460.000      0.211377784609795     
   5475.000      0.211099565029144     
   5490.000      0.210764497518539     
   5505.000      0.210441365838051     
   5520.000      0.210173100233078     
   5535.000      0.209978297352791     
   5550.000      0.209843367338181     
   5565.000      0.209745571017265     
   5580.000      0.209675595164299     
   5595.000      0.209586754441261     
   5610.000      0.209493309259415     
   5625.000      0.209379211068153     
   5640.000      0.209264144301414     
   5655.000      0.209192603826523     
   5670.000      0.209198579192162     
   5685.000      0.209320500493050     
   5700.000      0.209568232297897     
   5715.000      0.209921404719353     
   5730.000      0.210329696536064     
   5745.000      0.210748627781868     
   5760.000      0.211118057370186     
   5760.000      0.208558544516563     
   5775.000      0.208818033337593     
   5790.000      0.208950981497765     
   5805.000      0.208944454789162     
   5820.000      0.208792597055435     
   5835.000      0.208526775240898     
   5850.000      0.208210006356239     
   5865.000      0.207905143499374     
   5880.000      0.207650914788246     
   5895.000      0.207460343837738     
   5910.000      0.207320645451546     
   5925.000      0.207212150096893     
   5940.000      0.207126200199127     
   5955.000      0.207021877169609     
   5970.000      0.206915393471718     
   5985.000      0.206793665885925     
   6000.000      0.206680566072464     
   6015.000      0.206619933247566     
   6030.000      0.206642881035805     
   6045.000      0.206783011555672     
   6060.000      0.207042708992958     
   6075.000      0.207397744059563     
   6090.000      0.207799196243286     
   6105.000      0.208205029368401     
   6120.000      0.208558544516563     
   6120.000      0.205841422080994     
   6135.000      0.206089213490486     
   6150.000      0.206214830279350     
   6165.000      0.206206679344177     
   6180.000      0.206060737371445     
   6195.000      0.205808266997337     
   6210.000      0.205508843064308     
   6225.000      0.205219626426697     
   6240.000      0.204975157976151     
   6255.000      0.204784199595451     
   6270.000      0.204635500907898     
   6285.000      0.204512834548950     
   6300.000      0.204408779740334     
   6315.000      0.204288035631180     
   6330.000      0.204168707132339     
   6345.000      0.204040676355362     
   6360.000      0.203931212425232     
   6375.000      0.203882977366447     
   6390.000      0.203923955559731     
   6405.000      0.204082652926445     
   6420.000      0.204354405403137     
   6435.000      0.204711660742760     
   6450.000      0.205107182264328     
   6465.000      0.205501452088356     
   6480.000      0.205841422080994     
   6480.000      0.202950134873390     
   6495.000      0.203189089894295     
   6510.000      0.203310295939445     
   6525.000      0.203303292393684     
   6540.000      0.203165262937546     
   6555.000      0.202926680445671     
   6570.000      0.202643334865570     
   6585.000      0.202366903424263     
   6600.000      0.202128157019615     
   6615.000      0.201932743191719     
   6630.000      0.201771378517151     
   6645.000      0.201631650328636     
   6660.000      0.201507657766342     
   6675.000      0.201369822025299     
   6690.000      0.201237872242928     
   6705.000      0.201104506850243     
   6720.000      0.200999975204468     
   6735.000      0.200965210795403     
   6750.000      0.201024845242500     
   6765.000      0.201202273368835     
   6780.000      0.201486140489578     
   6795.000      0.201846122741699     
   6810.000      0.202236771583557     
   6825.000      0.202621296048164     
   6840.000      0.202950134873390     
   6840.000      0.199864462018013     
   6855.000      0.200097158551216     
   6870.000      0.200216546654701     
   6885.000      0.200213029980659     
   6900.000      0.200084522366524     
   6915.000      0.199859976768494     
   6930.000      0.199591219425201     
   6945.000      0.199324831366539     
   6960.000      0.199088260531425     
   6975.000      0.198884874582291     
   6990.000      0.198707967996597     
   7005.000      0.198548868298531     
   7020.000      0.198403611779213     
   7035.000      0.198248147964478     
   7050.000      0.198103845119476     
   7065.000      0.197966054081917     
   7080.000      0.197867378592491     
   7095.000      0.197846651077271     
   7110.000      0.197925418615341     
   7125.000      0.198121666908264     
   7140.000      0.198417797684669     
   7155.000      0.198781177401543     
   7170.000      0.199168041348457     
   7185.000      0.199544504284859     
   7200.000      0.199864462018013     
   7200.000      0.196559637784958     
   7215.000      0.196788251399994     
   7230.000      0.196908041834831     
   7245.000      0.196909949183464     
   7260.000      0.196792095899582     
   7275.000      0.196581378579140     
   7290.000      0.196325600147247     
   7305.000      0.196066781878471     
   7320.000      0.195829331874847     
   7335.000      0.195615291595459     
   7350.000      0.195420384407043     
   7365.000      0.195240125060081     
   7380.000      0.195072576403618     
   7395.000      0.194899216294289     
   7410.000      0.194742828607559     
   7425.000      0.194601356983185     
   7440.000      0.194509372115135     
   7455.000      0.194503366947174     
   7470.000      0.194601401686668     
   7485.000      0.194816559553146     
   7500.000      0.195125102996826     
   7515.000      0.195492461323738     
   7530.000      0.195876628160477     
   7545.000      0.196246579289436     
   7560.000      0.196559637784958     
   7560.000      0.193005874752998     
   7575.000      0.193232178688049     
   7590.000      0.193354099988937     
   7605.000      0.193362891674042     
   7620.000      0.193256437778473     
   7635.000      0.193059161305428     
   7650.000      0.192814886569977     
   7665.000      0.192561373114586     
   7680.000      0.192320525646210     
   7695.000      0.192093536257744     
   7710.000      0.191878840327263     
   7725.000      0.191676139831543     
   7740.000      0.191485762596130     
   7755.000      0.191294446587563     
   7770.000      0.191126316785812     
   7785.000      0.190981805324554     
   7800.000      0.190897032618523     
   7815.000      0.190906107425690     
   7830.000      0.191023766994476     
   7845.000      0.191257700324059     
   7860.000      0.191578850150108     
   7875.000      0.191950708627701     
   7890.000      0.192333146929741     
   7905.000      0.192698031663895     
   7920.000      0.193005874752998     
   7920.000      0.189167454838753     
   7935.000      0.189392864704132     
   7950.000      0.189518317580223     
   7965.000      0.189535081386566     
   7980.000      0.189440503716469     
   7995.000      0.189256191253662     
   8010.000      0.189022079110146     
   8025.000      0.188772007822990     
   8040.000      0.188525676727295     
   8055.000      0.188284039497375     
   8070.000      0.188048332929611     
   8085.000      0.187822327017784     
   8100.000      0.187608867883682     
   8115.000      0.187399670481682     
   8130.000      0.187220185995102     
   8145.000      0.187073230743408     
   8160.000      0.186996072530746     
   8175.000      0.187020421028137     
   8190.000      0.187157765030861     
   8205.000      0.187410503625870     
   8220.000      0.187744319438934     
   8235.000      0.188121184706688     
   8250.000      0.188502699136734     
   8265.000      0.188863530755043     
   8280.000      0.189167454838753     
   8280.000      0.185002237558365     
   8295.000      0.185227841138840     
   8310.000      0.185357868671417     
   8325.000      0.185383424162865     
   8340.000      0.185301020741463     
   8355.000      0.185129195451736     
   8370.000      0.184904038906097     
   8385.000      0.184655860066414     
   8400.000      0.184402540326118     
   8415.000      0.184145092964172     
   8430.000      0.183887585997581     
   8445.000      0.183637857437134     
   8460.000      0.183401331305504     
   8475.000      0.183174461126328     
   8490.000      0.182984113693237     
   8505.000      0.182835191488266     
   8520.000      0.182765945792198     
   8535.000      0.182805612683296     
   8550.000      0.182962447404861     
   8565.000      0.183233827352524     
   8580.000      0.183580294251442     
   8595.000      0.183962434530258     
   8610.000      0.184343606233597     
   8625.000      0.184701204299927     
   8640.000      0.185002237558365     
   8640.000      0.180460259318352     
   8655.000      0.180686831474304     
   8670.000      0.180822193622589     
   8685.000      0.180857107043266     
   8700.000      0.180787056684494     
   8715.000      0.180627256631851     
   8730.000      0.180410131812096     
   8745.000      0.180162727832794     
   8760.000      0.179901331663132     
   8775.000      0.179627418518066     
   8790.000      0.179347768425941     
   8805.000      0.179074287414551     
   8820.000      0.178814962506294     
   8835.000      0.178570911288261     
   8850.000      0.178370147943497     
   8865.000      0.178219720721245     
   8880.000      0.178158581256866     
   8895.000      0.178213462233543     
   8910.000      0.178389459848404     
   8925.000      0.178678959608078     
   8940.000      0.179037824273109     
   8955.000      0.179425343871117     
   8970.000      0.179806455969810     
   8985.000      0.180161386728287     
   9000.000      0.180460259318352     
   9000.000      0.175481796264648     
   9015.000      0.175709798932076     
   9030.000      0.175850898027420     
   9045.000      0.175895586609840     
   9060.000      0.175837963819504     
   9075.000      0.175689905881882     
   9090.000      0.175480172038078     
   9105.000      0.175232842564583     
   9120.000      0.174962833523750     
   9135.000      0.174672231078148     
   9150.000      0.174370616674423     
   9165.000      0.174073755741119     
   9180.000      0.173792287707329     
   9195.000      0.173531681299210     
   9210.000      0.173321127891541     
   9225.000      0.173169702291489     
   9240.000      0.173116683959961     
   9255.000      0.173186495900154     
   9270.000      0.173381030559540     
   9285.000      0.173687934875488     
   9300.000      0.174058616161346     
   9315.000      0.174451202154160     
   9330.000      0.174832239747047     
   9345.000      0.175184756517410     
   9360.000      0.175481796264648     
   9360.000      0.169994339346886     
   9375.000      0.170223847031593     
   9390.000      0.170370876789093     
   9405.000      0.170425519347191     
   9420.000      0.170380413532257     
   9435.000      0.170243918895721     
   9450.000      0.170041292905807     
   9465.000      0.169793814420700     
   9480.000      0.169515118002892     
   9495.000      0.169208288192749     
   9510.000      0.168885454535484     
   9525.000      0.168566092848778     
   9540.000      0.168263539671898     
   9555.000      0.167987331748009     
   9570.000      0.167767778038979     
   9585.000      0.167615860700607     
   9600.000      0.167570903897285     
   9615.000      0.167655095458031     
   9630.000      0.167867243289948     
   9645.000      0.168190389871597     
   9660.000      0.168571874499321     
   9675.000      0.168968796730042     
   9690.000      0.169349327683449     
   9705.000      0.169699147343636     
   9720.000      0.169994339346886     
   9720.000      0.163910910487175     
   9735.000      0.164141550660133     
   9750.000      0.164294332265854     
   9765.000      0.164358884096146     
   9780.000      0.164326339960098     
   9795.000      0.164201438426971     
   9810.000      0.164006054401398     
   9825.000      0.163758650422096     
   9840.000      0.163472026586533     
   9855.000      0.163150027394295     
   9870.000      0.162807390093803     
   9885.000      0.162467107176781     
   9900.000      0.162145093083382     
   9915.000      0.161854729056358     
   9930.000      0.161627337336540     
   9945.000      0.161475479602814     
   9960.000      0.161438509821892     
   9975.000      0.161536261439323     
   9990.000      0.161764472723007     
   10005.00      0.162102058529854     
   10020.00      0.162492692470551     
   10035.00      0.162892639636993     
   10050.00      0.163271680474281     
   10065.00      0.163618132472038     
   10080.00      0.163910910487175     
   10080.00      0.157123759388924     
   10095.00      0.157354742288589     
   10110.00      0.157512724399567     
   10125.00      0.157586902379990     
   10140.00      0.157566949725151     
   10155.00      0.157453879714012     
   10170.00      0.157266229391098     
   10185.00      0.157019913196564     
   10200.00      0.156726703047752     
   10215.00      0.156391516327858     
   10230.00      0.156031519174576     
   10245.00      0.155672788619995     
   10260.00      0.155333802103996     
   10275.00      0.155031293630600     
   10290.00      0.154797464609146     
   10305.00      0.154646411538124     
   10320.00      0.154617041349411     
   10335.00      0.154726982116699     
   10350.00      0.154969170689583     
   10365.00      0.155318573117256     
   10380.00      0.155715867877007     
   10395.00      0.156116768717766     
   10410.00      0.156492665410042     
   10425.00      0.156834378838539     
   10440.00      0.157123759388924     
   10440.00      0.149498432874680     
   10455.00      0.149728238582611     
   10470.00      0.149890303611755     
   10485.00      0.149973496794701     
   10500.00      0.149965927004814     
   10515.00      0.149865165352821     
   10530.00      0.149686306715012     
   10545.00      0.149442732334137     
   10560.00      0.149145439267159     
   10575.00      0.148800328373909     
   10590.00      0.148426622152328     
   10605.00      0.148053213953972     
   10620.00      0.147700861096382     
   10635.00      0.147389292716980     
   10650.00      0.147151261568069     
   10665.00      0.147002100944519     
   10680.00      0.146979913115501     
   10695.00      0.147100225090981     
   10710.00      0.147353336215019     
   10725.00      0.147710785269737     
   10740.00      0.148111000657082     
   10755.00      0.148509591817856     
   10770.00      0.148879617452621     
   10785.00      0.149214312434196     
   10800.00      0.149498432874680     
   10800.00      0.140865415334702     
   10815.00      0.141091600060463     
   10830.00      0.141255870461464     
   10845.00      0.141346842050552     
   10860.00      0.141351327300072     
   10875.00      0.141263484954834     
   10890.00      0.141095116734505     
   10905.00      0.140857040882111     
   10920.00      0.140559524297714     
   10935.00      0.140209376811981     
   10950.00      0.139827549457550     
   10965.00      0.139445126056671     
   10980.00      0.139084771275520     
   10995.00      0.138768613338470     
   11010.00      0.138529583811760     
   11025.00      0.138383805751801     
   11040.00      0.138368248939514     
   11055.00      0.138496235013008     
   11070.00      0.138755843043327     
   11085.00      0.139115899801254     
   11100.00      0.139513656497002     
   11115.00      0.139905124902725     
   11130.00      0.140265196561813     
   11145.00      0.140589416027069     
   11160.00      0.140865415334702     
   11160.00      0.131007030606270     
   11175.00      0.131225824356079     
   11190.00      0.131389230489731     
   11205.00      0.131485909223557     
   11220.00      0.131501659750938     
   11235.00      0.131427541375160     
   11250.00      0.131272122263908     
   11265.00      0.131043702363968     
   11280.00      0.130751788616180     
   11295.00      0.130403965711594     
   11310.00      0.130022317171097     
   11325.00      0.129639312624931     
   11340.00      0.129278868436813     
   11355.00      0.128964766860008     
   11370.00      0.128729403018951     
   11385.00      0.128589332103729     
   11400.00      0.128579601645470     
   11415.00      0.128711476922035     
   11430.00      0.128971248865128     
   11445.00      0.129326105117798     
   11460.00      0.129713550209999     
   11475.00      0.130090832710266     
   11490.00      0.130434975028038     
   11505.00      0.130743548274040     
   11520.00      0.131007030606270     
   11520.00      0.119638882577419     
   11535.00      0.119844570755959     
   11550.00      0.120002374053001     
   11565.00      0.120101332664490     
   11580.00      0.120126739144325     
   11595.00      0.120067186653614     
   11610.00      0.119928143918514     
   11625.00      0.119715481996536     
   11640.00      0.119437836110592     
   11655.00      0.119103290140629     
   11670.00      0.118734203279018     
   11685.00      0.118363112211227     
   11700.00      0.118014343082905     
   11715.00      0.117712080478668     
   11730.00      0.117487385869026     
   11745.00      0.117356471717358     
   11760.00      0.117351599037647     
   11775.00      0.117481946945190     
   11790.00      0.117732793092728     
   11805.00      0.118071123957634     
   11820.00      0.118436835706234     
   11835.00      0.118789650499821     
   11850.00      0.119109019637108     
   11865.00      0.119394406676292     
   11880.00      0.119638882577419     
   11880.00      0.106381982564926     
   11895.00      0.106565825641155     
   11910.00      0.106710553169250     
   11925.00      0.106806129217148     
   11940.00      0.106838226318359     
   11955.00      0.106794066727161     
   11970.00      0.106676176190376     
   11985.00      0.106488272547722     
   12000.00      0.106237873435020     
   12015.00      0.105932995676994     
   12030.00      0.105595014989376     
   12045.00      0.105254679918289     
   12060.00      0.104935146868229     
   12075.00      0.104659587144852     
   12090.00      0.104456074535847     
   12105.00      0.104339614510536     
   12120.00      0.104338377714157     
   12135.00      0.104459442198277     
   12150.00      0.104688212275505     
   12165.00      0.104993514716625     
   12180.00      0.105320751667023     
   12195.00      0.105633899569511     
   12210.00      0.105915457010269     
   12225.00      0.106166303157806     
   12240.00      0.106381982564926     
   12240.00      9.071940928697586E-002
   12255.00      9.086798131465912E-002
   12270.00      9.098785370588303E-002
   12285.00      9.107080101966858E-002
   12300.00      9.110426157712936E-002
   12315.00      9.107587486505508E-002
   12330.00      9.098589420318604E-002
   12345.00      9.083606302738190E-002
   12360.00      9.063241630792618E-002
   12375.00      9.038212895393372E-002
   12390.00      9.010346233844757E-002
   12405.00      8.982246369123459E-002
   12420.00      8.955893665552139E-002
   12435.00      8.933256566524506E-002
   12450.00      8.916632831096649E-002
   12465.00      8.907257020473480E-002
   12480.00      8.907351642847061E-002
   12495.00      8.917403966188431E-002
   12510.00      8.936134725809097E-002
   12525.00      8.960925787687302E-002
   12540.00      8.987312763929367E-002
   12555.00      9.012392163276672E-002
   12570.00      9.034809470176697E-002
   12585.00      9.054737538099289E-002
   12600.00      9.071940928697586E-002
   12600.00      7.192631065845490E-002
   12615.00      7.201850414276123E-002
   12630.00      7.209466397762299E-002
   12645.00      7.214961946010590E-002
   12660.00      7.217498868703842E-002
   12675.00      7.216185331344604E-002
   12690.00      7.210932672023773E-002
   12705.00      7.201775908470154E-002
   12720.00      7.189093530178070E-002
   12735.00      7.173374295234680E-002
   12750.00      7.155808061361313E-002
   12765.00      7.138075679540634E-002
   12780.00      7.121464610099792E-002
   12795.00      7.107242941856384E-002
   12810.00      7.096846401691437E-002
   12825.00      7.091047614812851E-002
   12840.00      7.091186195611954E-002
   12855.00      7.097522914409637E-002
   12870.00      7.109212130308151E-002
   12885.00      7.124586403369904E-002
   12900.00      7.140863686800003E-002
   12915.00      7.156250625848770E-002
   12930.00      7.169939577579498E-002
   12945.00      7.182092219591141E-002
   12960.00      7.192631065845490E-002
