  0.0000000E+00  1.140171394006460E+035   6.000000    
   15.00000      1.057438865536923E+035   6.000000    
   30.00000      9.285632881210041E+034   6.000000    
   45.00000      7.998723303242453E+034   6.000000    
   60.00000      6.872955751346284E+034   6.000000    
   75.00000      6.000841548343490E+034   6.000000    
   90.00000      5.373151561148052E+034   6.000000    
   105.0000      4.943315763548300E+034   6.000000    
   120.0000      4.686096605738081E+034   6.000000    
   135.0000      4.570512584559207E+034   6.000000    
   150.0000      4.608513216457634E+034   6.000000    
   165.0000      4.851956914553411E+034   6.000000    
   180.0000      5.208808203662221E+034   6.000000    
   195.0000      5.715872483453163E+034   6.000000    
   210.0000      6.533437662397344E+034   6.000000    
   225.0000      7.540030783823652E+034   6.000000    
   240.0000      8.404976195934063E+034   6.000000    
   255.0000      9.155820937355219E+034   6.000000    
   270.0000      9.789549961235143E+034   6.000000    
   285.0000      1.035601563468858E+035   6.000000    
   300.0000      1.085220497810076E+035   6.000000    
   315.0000      1.117089657541952E+035   6.000000    
   330.0000      1.130984919586781E+035   6.000000    
   345.0000      1.144377776323820E+035   6.000000    
  0.0000000E+00  1.140171394006460E+035   6.000000    
 
  0.0000000E+00  1.141757516509178E+035   6.184783    
   15.00000      1.071788640604055E+035   6.184783    
   30.00000      9.485021305679425E+034   6.184783    
   45.00000      8.230060205920224E+034   6.184783    
   60.00000      7.115836757365189E+034   6.184783    
   75.00000      6.242931317125711E+034   6.184783    
   90.00000      5.605588120146790E+034   6.184783    
   105.0000      5.163175373477597E+034   6.184783    
   120.0000      4.892004679123638E+034   6.184783    
   135.0000      4.764212259294978E+034   6.184783    
   150.0000      4.789419860370024E+034   6.184783    
   165.0000      5.021437698836801E+034   6.184783    
   180.0000      5.371355401656844E+034   6.184783    
   195.0000      5.878290246453527E+034   6.184783    
   210.0000      6.664632324115304E+034   6.184783    
   225.0000      7.571696216234543E+034   6.184783    
   240.0000      8.402337582068732E+034   6.184783    
   255.0000      9.143334927746382E+034   6.184783    
   270.0000      9.779734695745516E+034   6.184783    
   285.0000      1.035153328111342E+035   6.184783    
   300.0000      1.085382887077863E+035   6.184783    
   315.0000      1.118272991544812E+035   6.184783    
   330.0000      1.133245425071067E+035   6.184783    
   345.0000      1.146401139713516E+035   6.184783    
  0.0000000E+00  1.141757516509178E+035   6.184783    
 
  0.0000000E+00  1.133354818123293E+035   6.369565    
   15.00000      1.078936358426760E+035   6.369565    
   30.00000      9.725898995876823E+034   6.369565    
   45.00000      8.551063588667849E+034   6.369565    
   60.00000      7.473854453615179E+034   6.369565    
   75.00000      6.602800013854797E+034   6.369565    
   90.00000      5.949055582357556E+034   6.369565    
   105.0000      5.482736849465894E+034   6.369565    
   120.0000      5.185877081192585E+034   6.369565    
   135.0000      5.033487424176641E+034   6.369565    
   150.0000      5.031169547063406E+034   6.369565    
   165.0000      5.232636688829407E+034   6.369565    
   180.0000      5.558945988815837E+034   6.369565    
   195.0000      6.038716690263752E+034   6.369565    
   210.0000      6.732615183950456E+034   6.369565    
   225.0000      7.512417440187502E+034   6.369565    
   240.0000      8.279405614532543E+034   6.369565    
   255.0000      8.990264793460746E+034   6.369565    
   270.0000      9.618128425036533E+034   6.369565    
   285.0000      1.018859753515422E+035   6.369565    
   300.0000      1.069683306499611E+035   6.369565    
   315.0000      1.104776109777156E+035   6.369565    
   330.0000      1.122459084892393E+035   6.369565    
   345.0000      1.136365853633878E+035   6.369565    
  0.0000000E+00  1.133354818123293E+035   6.369565    
 
  0.0000000E+00  1.111516488836572E+035   6.554348    
   15.00000      1.073672705537487E+035   6.554348    
   30.00000      9.913649086162240E+034   6.554348    
   45.00000      8.877948402426878E+034   6.554348    
   60.00000      7.868983513716323E+034   6.554348    
   75.00000      7.008698954244277E+034   6.554348    
   90.00000      6.335215045195489E+034   6.554348    
   105.0000      5.836384914825216E+034   6.554348    
   120.0000      5.502490913579808E+034   6.554348    
   135.0000      5.313492244145707E+034   6.554348    
   150.0000      5.267885000939405E+034   6.554348    
   165.0000      5.417362770153535E+034   6.554348    
   180.0000      5.695792151659095E+034   6.554348    
   195.0000      6.111043844118840E+034   6.554348    
   210.0000      6.675301325286151E+034   6.554348    
   225.0000      7.331438133935069E+034   6.554348    
   240.0000      8.014081222244454E+034   6.554348    
   255.0000      8.676250248859612E+034   6.554348    
   270.0000      9.281751103852943E+034   6.554348    
   285.0000      9.840237076972487E+034   6.554348    
   300.0000      1.035033609822184E+035   6.554348    
   315.0000      1.073106172344678E+035   6.554348    
   330.0000      1.094710196003212E+035   6.554348    
   345.0000      1.110467431985202E+035   6.554348    
  0.0000000E+00  1.111516488836572E+035   6.554348    
 
  0.0000000E+00  1.075911369260396E+035   6.739130    
   15.00000      1.053494265479299E+035   6.739130    
   30.00000      9.941791606335428E+034   6.739130    
   45.00000      9.109893738272522E+034   6.739130    
   60.00000      8.205841714277135E+034   6.739130    
   75.00000      7.377761452803346E+034   6.739130    
   90.00000      6.693702068849270E+034   6.739130    
   105.0000      6.164874368448075E+034   6.739130    
   120.0000      5.791533769597556E+034   6.739130    
   135.0000      5.562138187493877E+034   6.739130    
   150.0000      5.465613700007463E+034   6.739130    
   165.0000      5.549234384279481E+034   6.739130    
   180.0000      5.761135404030607E+034   6.739130    
   195.0000      6.084336893777474E+034   6.739130    
   210.0000      6.530382778300568E+034   6.739130    
   225.0000      7.068780150084003E+034   6.739130    
   240.0000      7.657118100334113E+034   6.739130    
   255.0000      8.256156847278431E+034   6.739130    
   270.0000      8.825334523550795E+034   6.739130    
   285.0000      9.358853757081692E+034   6.739130    
   300.0000      9.859625010259365E+034   6.739130    
   315.0000      1.026497913246800E+035   6.739130    
   330.0000      1.052067214567489E+035   6.739130    
   345.0000      1.070054042870667E+035   6.739130    
  0.0000000E+00  1.075911369260396E+035   6.739130    
 
  0.0000000E+00  1.028446345153544E+035   6.923913    
   15.00000      1.017151316599364E+035   6.923913    
   30.00000      9.763450108499068E+034   6.923913    
   45.00000      9.119475423776866E+034   6.923913    
   60.00000      8.358419125791990E+034   6.923913    
   75.00000      7.595671614690728E+034   6.923913    
   90.00000      6.928037212167117E+034   6.923913    
   105.0000      6.390600393870567E+034   6.923913    
   120.0000      5.993598421940309E+034   6.923913    
   135.0000      5.735976055587531E+034   6.923913    
   150.0000      5.599056529412433E+034   6.923913    
   165.0000      5.622478022310649E+034   6.923913    
   180.0000      5.766678452089892E+034   6.923913    
   195.0000      6.011916883682153E+034   6.923913    
   210.0000      6.362695670677093E+034   6.923913    
   225.0000      6.800449546661117E+034   6.923913    
   240.0000      7.297633432177943E+034   6.923913    
   255.0000      7.826151963033389E+034   6.923913    
   270.0000      8.346589417956292E+034   6.923913    
   285.0000      8.841301756029392E+034   6.923913    
   300.0000      9.314860467420239E+034   6.923913    
   315.0000      9.723445071443307E+034   6.923913    
   330.0000      1.000232919744271E+035   6.923913    
   345.0000      1.019458832015054E+035   6.923913    
  0.0000000E+00  1.028446345153544E+035   6.923913    
 
  0.0000000E+00  9.730459101923838E+034   7.108696    
   15.00000      9.668795792475749E+034   7.108696    
   30.00000      9.373642581998016E+034   7.108696    
   45.00000      8.866791395330054E+034   7.108696    
   60.00000      8.230764901063729E+034   7.108696    
   75.00000      7.559310598110256E+034   7.108696    
   90.00000      6.946045420500420E+034   7.108696    
   105.0000      6.436595614540533E+034   7.108696    
   120.0000      6.049291359447411E+034   7.108696    
   135.0000      5.791621999137899E+034   7.108696    
   150.0000      5.642166860131906E+034   7.108696    
   165.0000      5.632190694521775E+034   7.108696    
   180.0000      5.735357875196900E+034   7.108696    
   195.0000      5.933674869599938E+034   7.108696    
   210.0000      6.221765316690020E+034   7.108696    
   225.0000      6.586456764208480E+034   7.108696    
   240.0000      7.008719210549415E+034   7.108696    
   255.0000      7.469500170754701E+034   7.108696    
   270.0000      7.933571623590381E+034   7.108696    
   285.0000      8.377837449225998E+034   7.108696    
   300.0000      8.805662087257907E+034   7.108696    
   315.0000      9.187414073120220E+034   7.108696    
   330.0000      9.458689054688644E+034   7.108696    
   345.0000      9.640893378820384E+034   7.108696    
  0.0000000E+00  9.730459101923838E+034   7.108696    
 
  0.0000000E+00  9.133259083607933E+034   7.293478    
   15.00000      9.069789518915966E+034   7.293478    
   30.00000      8.819134593065664E+034   7.293478    
   45.00000      8.392813695462624E+034   7.293478    
   60.00000      7.850014120310648E+034   7.293478    
   75.00000      7.269032852892022E+034   7.293478    
   90.00000      6.731317526418540E+034   7.293478    
   105.0000      6.281665552932212E+034   7.293478    
   120.0000      5.940047974637557E+034   7.293478    
   135.0000      5.715450521706752E+034   7.293478    
   150.0000      5.588837129049180E+034   7.293478    
   165.0000      5.584758042608375E+034   7.293478    
   180.0000      5.680880689417698E+034   7.293478    
   195.0000      5.862917936625941E+034   7.293478    
   210.0000      6.119322511954021E+034   7.293478    
   225.0000      6.439126613835503E+034   7.293478    
   240.0000      6.807186439047538E+034   7.293478    
   255.0000      7.209432587396856E+034   7.293478    
   270.0000      7.614662920701368E+034   7.293478    
   285.0000      8.000651374812567E+034   7.293478    
   300.0000      8.368998786092222E+034   7.293478    
   315.0000      8.696927582124256E+034   7.293478    
   330.0000      8.928666289578834E+034   7.293478    
   345.0000      9.074757096309107E+034   7.293478    
  0.0000000E+00  9.133259083607933E+034   7.293478    
 
  0.0000000E+00  8.510943712324427E+034   7.478261    
   15.00000      8.415504163825587E+034   7.478261    
   30.00000      8.168226096453531E+034   7.478261    
   45.00000      7.784625273022333E+034   7.478261    
   60.00000      7.311116532209640E+034   7.478261    
   75.00000      6.815179902398404E+034   7.478261    
   90.00000      6.362857286857801E+034   7.478261    
   105.0000      5.991437951486559E+034   7.478261    
   120.0000      5.717960051270447E+034   7.478261    
   135.0000      5.548753828308560E+034   7.478261    
   150.0000      5.468581527368038E+034   7.478261    
   165.0000      5.495469899031188E+034   7.478261    
   180.0000      5.607092471393960E+034   7.478261    
   195.0000      5.792368648291134E+034   7.478261    
   210.0000      6.036329264680677E+034   7.478261    
   225.0000      6.329404259754364E+034   7.478261    
   240.0000      6.657867108151642E+034   7.478261    
   255.0000      7.009012753136394E+034   7.478261    
   270.0000      7.355110013182114E+034   7.478261    
   285.0000      7.678585506783349E+034   7.478261    
   300.0000      7.979612446424480E+034   7.478261    
   315.0000      8.237737881337514E+034   7.478261    
   330.0000      8.409313668789642E+034   7.478261    
   345.0000      8.501710189666785E+034   7.478261    
  0.0000000E+00  8.510943712324427E+034   7.478261    
 
  0.0000000E+00  7.876835916444785E+034   7.663043    
   15.00000      7.743669135000968E+034   7.663043    
   30.00000      7.488718050381429E+034   7.663043    
   45.00000      7.134771332254040E+034   7.663043    
   60.00000      6.720713375929003E+034   7.663043    
   75.00000      6.305149890542836E+034   7.663043    
   90.00000      5.938469372379151E+034   7.663043    
   105.0000      5.648761334411686E+034   7.663043    
   120.0000      5.448348653021557E+034   7.663043    
   135.0000      5.340076751299370E+034   7.663043    
   150.0000      5.312376280724673E+034   7.663043    
   165.0000      5.376750212800724E+034   7.663043    
   180.0000      5.510148646803580E+034   7.663043    
   195.0000      5.703797769480299E+034   7.663043    
   210.0000      5.941029125971675E+034   7.663043    
   225.0000      6.213678272034972E+034   7.663043    
   240.0000      6.507971708398919E+034   7.663043    
   255.0000      6.811167202873469E+034   7.663043    
   270.0000      7.098915310398934E+034   7.663043    
   285.0000      7.359504022067172E+034   7.663043    
   300.0000      7.591755773370467E+034   7.663043    
   315.0000      7.776873825389478E+034   7.663043    
   330.0000      7.883619075502477E+034   7.663043    
   345.0000      7.918926139183266E+034   7.663043    
  0.0000000E+00  7.876835916444785E+034   7.663043    
 
  0.0000000E+00  7.250741017290342E+034   7.847826    
   15.00000      7.089448082448288E+034   7.847826    
   30.00000      6.833309797609132E+034   7.847826    
   45.00000      6.510141180764341E+034   7.847826    
   60.00000      6.153009645633857E+034   7.847826    
   75.00000      5.811954623362026E+034   7.847826    
   90.00000      5.523410256749254E+034   7.847826    
   105.0000      5.307527509487744E+034   7.847826    
   120.0000      5.172225807992417E+034   7.847826    
   135.0000      5.117908752546397E+034   7.847826    
   150.0000      5.135763957554406E+034   7.847826    
   165.0000      5.231333782737703E+034   7.847826    
   180.0000      5.381724434592701E+034   7.847826    
   195.0000      5.579636554417555E+034   7.847826    
   210.0000      5.807900829927044E+034   7.847826    
   225.0000      6.059613925941291E+034   7.847826    
   240.0000      6.320307118415980E+034   7.847826    
   255.0000      6.577284665460771E+034   7.847826    
   270.0000      6.809836434074785E+034   7.847826    
   285.0000      7.011410782432404E+034   7.847826    
   300.0000      7.179807800969479E+034   7.847826    
   315.0000      7.298981935906000E+034   7.847826    
   330.0000      7.348330596083866E+034   7.847826    
   345.0000      7.334441873904954E+034   7.847826    
  0.0000000E+00  7.250741017290342E+034   7.847826    
 
  0.0000000E+00  6.652407725961975E+034   8.032609    
   15.00000      6.477145306833523E+034   8.032609    
   30.00000      6.230425103466651E+034   8.032609    
   45.00000      5.941947946492240E+034   8.032609    
   60.00000      5.639362013016148E+034   8.032609    
   75.00000      5.364431437969471E+034   8.032609    
   90.00000      5.142170251848286E+034   8.032609    
   105.0000      4.986979115899823E+034   8.032609    
   120.0000      4.903490804457021E+034   8.032609    
   135.0000      4.890953851737089E+034   8.032609    
   150.0000      4.942285476621597E+034   8.032609    
   165.0000      5.058257788347218E+034   8.032609    
   180.0000      5.217159750238057E+034   8.032609    
   195.0000      5.412543658178380E+034   8.032609    
   210.0000      5.627588586602390E+034   8.032609    
   225.0000      5.856319940736440E+034   8.032609    
   240.0000      6.083585859218207E+034   8.032609    
   255.0000      6.297318109587765E+034   8.032609    
   270.0000      6.480415425704987E+034   8.032609    
   285.0000      6.630159670056386E+034   8.032609    
   300.0000      6.743948145894801E+034   8.032609    
   315.0000      6.809431703722709E+034   8.032609    
   330.0000      6.814057834412525E+034   8.032609    
   345.0000      6.763691516125355E+034   8.032609    
  0.0000000E+00  6.652407725961975E+034   8.032609    
 
  0.0000000E+00  6.093760711404359E+034   8.217392    
   15.00000      5.916813898596574E+034   8.217392    
   30.00000      5.687836149304185E+034   8.217392    
   45.00000      5.435798992456721E+034   8.217392    
   60.00000      5.183389335220288E+034   8.217392    
   75.00000      4.964709563928946E+034   8.217392    
   90.00000      4.796086679295891E+034   8.217392    
   105.0000      4.688048284468461E+034   8.217392    
   120.0000      4.643055680214339E+034   8.217392    
   135.0000      4.660069723600687E+034   8.217392    
   150.0000      4.732973482666420E+034   8.217392    
   165.0000      4.859150191225569E+034   8.217392    
   180.0000      5.018697456671577E+034   8.217392    
   195.0000      5.205652313108454E+034   8.217392    
   210.0000      5.404098565826597E+034   8.217392    
   225.0000      5.608666813264693E+034   8.217392    
   240.0000      5.803896610095665E+034   8.217392    
   255.0000      5.978833764073237E+034   8.217392    
   270.0000      6.119631209684870E+034   8.217392    
   285.0000      6.226197326067091E+034   8.217392    
   300.0000      6.296134502578892E+034   8.217392    
   315.0000      6.320986825138808E+034   8.217392    
   330.0000      6.293811926172141E+034   8.217392    
   345.0000      6.219641056184315E+034   8.217392    
  0.0000000E+00  6.093760711404359E+034   8.217392    
 
  0.0000000E+00  5.578930629328707E+034   8.402174    
   15.00000      5.408964870409523E+034   8.402174    
   30.00000      5.202428223140918E+034   8.402174    
   45.00000      4.986009117805755E+034   8.402174    
   60.00000      4.778015438570151E+034   8.402174    
   75.00000      4.605801004255864E+034   8.402174    
   90.00000      4.479395547058195E+034   8.402174    
   105.0000      4.406774476287962E+034   8.402174    
   120.0000      4.389074975857071E+034   8.402174    
   135.0000      4.425400972780653E+034   8.402174    
   150.0000      4.510158083140014E+034   8.402174    
   165.0000      4.638572952206738E+034   8.402174    
   180.0000      4.792801449016297E+034   8.402174    
   195.0000      4.967208490252681E+034   8.402174    
   210.0000      5.147111871658059E+034   8.402174    
   225.0000      5.327531464748146E+034   8.402174    
   240.0000      5.493176738827393E+034   8.402174    
   255.0000      5.634459264887658E+034   8.402174    
   270.0000      5.740301531736736E+034   8.402174    
   285.0000      5.812336202396999E+034   8.402174    
   300.0000      5.848767550698199E+034   8.402174    
   315.0000      5.844646769048525E+034   8.402174    
   330.0000      5.796733715467691E+034   8.402174    
   345.0000      5.709227827275755E+034   8.402174    
  0.0000000E+00  5.578930629328707E+034   8.402174    
 
  0.0000000E+00  5.107298701649951E+034   8.586957    
   15.00000      4.949756665228925E+034   8.586957    
   30.00000      4.767513207245507E+034   8.586957    
   45.00000      4.584240264292626E+034   8.586957    
   60.00000      4.414504929555359E+034   8.586957    
   75.00000      4.279945050871220E+034   8.586957    
   90.00000      4.186186936620565E+034   8.586957    
   105.0000      4.139511286001633E+034   8.586957    
   120.0000      4.140306174521888E+034   8.586957    
   135.0000      4.187968908636317E+034   8.586957    
   150.0000      4.277226068876340E+034   8.586957    
   165.0000      4.402116265925941E+034   8.586957    
   180.0000      4.546881309704933E+034   8.586957    
   195.0000      4.706188461488751E+034   8.586957    
   210.0000      4.866760025831857E+034   8.586957    
   225.0000      5.023902799979133E+034   8.586957    
   240.0000      5.162943210381615E+034   8.586957    
   255.0000      5.275720542425083E+034   8.586957    
   270.0000      5.353445244427667E+034   8.586957    
   285.0000      5.398832314617153E+034   8.586957    
   300.0000      5.410851910040502E+034   8.586957    
   315.0000      5.387343778908612E+034   8.586957    
   330.0000      5.327483287190880E+034   8.586957    
   345.0000      5.234745179818488E+034   8.586957    
  0.0000000E+00  5.107298701649951E+034   8.586957    
 
  0.0000000E+00  4.675982344404487E+034   8.771739    
   15.00000      4.533953104365591E+034   8.771739    
   30.00000      4.376035991008956E+034   8.771739    
   45.00000      4.222666846833301E+034   8.771739    
   60.00000      4.085321090562556E+034   8.771739    
   75.00000      3.980857234516801E+034   8.771739    
   90.00000      3.912002655013905E+034   8.771739    
   105.0000      3.883854990596304E+034   8.771739    
   120.0000      3.896419797022765E+034   8.771739    
   135.0000      3.949392780529085E+034   8.771739    
   150.0000      4.037770944510496E+034   8.771739    
   165.0000      4.155118244258638E+034   8.771739    
   180.0000      4.287685745355874E+034   8.771739    
   195.0000      4.430482259086189E+034   8.771739    
   210.0000      4.571703956976447E+034   8.771739    
   225.0000      4.706927682769884E+034   8.771739    
   240.0000      4.822461015384436E+034   8.771739    
   255.0000      4.911513665828523E+034   8.771739    
   270.0000      4.967160238409033E+034   8.771739    
   285.0000      4.992735788000056E+034   8.771739    
   300.0000      4.987929836987127E+034   8.771739    
   315.0000      4.952703138775914E+034   8.771739    
   330.0000      4.887651904319204E+034   8.771739    
   345.0000      4.795659002221622E+034   8.771739    
  0.0000000E+00  4.675982344404487E+034   8.771739    
 
  0.0000000E+00  4.281174648067543E+034   8.956522    
   15.00000      4.156158546484088E+034   8.956522    
   30.00000      4.021569416993743E+034   8.956522    
   45.00000      3.894676681973744E+034   8.956522    
   60.00000      3.784444960700687E+034   8.956522    
   75.00000      3.703822360523600E+034   8.956522    
   90.00000      3.653731385235570E+034   8.956522    
   105.0000      3.638398643887459E+034   8.956522    
   120.0000      3.657668544216175E+034   8.956522    
   135.0000      3.711478615691575E+034   8.956522    
   150.0000      3.795128094248120E+034   8.956522    
   165.0000      3.902210888689616E+034   8.956522    
   180.0000      4.020873332796162E+034   8.956522    
   195.0000      4.146527266688433E+034   8.956522    
   210.0000      4.268852380525495E+034   8.956522    
   225.0000      4.383730761089074E+034   8.956522    
   240.0000      4.478722776267608E+034   8.956522    
   255.0000      4.548287887922747E+034   8.956522    
   270.0000      4.587011667555036E+034   8.956522    
   285.0000      4.598505598127281E+034   8.956522    
   300.0000      4.583041498168680E+034   8.956522    
   315.0000      4.542055866764311E+034   8.956522    
   330.0000      4.476882827688800E+034   8.956522    
   345.0000      4.389909282397640E+034   8.956522    
  0.0000000E+00  4.281174648067543E+034   8.956522    
 
  0.0000000E+00  3.918819655844513E+034   9.141304    
   15.00000      3.811294120115233E+034   9.141304    
   30.00000      3.698532049778155E+034   9.141304    
   45.00000      3.594857338615711E+034   9.141304    
   60.00000      3.507183123276419E+034   9.141304    
   75.00000      3.445351996781833E+034   9.141304    
   90.00000      3.409236264009690E+034   9.141304    
   105.0000      3.402380324000971E+034   9.141304    
   120.0000      3.424592953076511E+034   9.141304    
   135.0000      3.475978305224771E+034   9.141304    
   150.0000      3.552207636161520E+034   9.141304    
   165.0000      3.647250851532101E+034   9.141304    
   180.0000      3.751030008699386E+034   9.141304    
   195.0000      3.859423355613591E+034   9.141304    
   210.0000      3.963569377213352E+034   9.141304    
   225.0000      4.059715922562909E+034   9.141304    
   240.0000      4.136862638488819E+034   9.141304    
   255.0000      4.190572633521100E+034   9.141304    
   270.0000      4.216656085352466E+034   9.141304    
   285.0000      4.218722329647288E+034   9.141304    
   300.0000      4.197502249841579E+034   9.141304    
   315.0000      4.155280811442493E+034   9.141304    
   330.0000      4.093693419037762E+034   9.141304    
   345.0000      4.014695245924735E+034   9.141304    
  0.0000000E+00  3.918819655844513E+034   9.141304    
 
  0.0000000E+00  3.584957502413569E+034   9.326087    
   15.00000      3.494774188710395E+034   9.326087    
   30.00000      3.402172136886296E+034   9.326087    
   45.00000      3.318787015732475E+034   9.326087    
   60.00000      3.249877751798749E+034   9.326087    
   75.00000      3.202849280483288E+034   9.326087    
   90.00000      3.177039176155942E+034   9.326087    
   105.0000      3.175419847156909E+034   9.326087    
   120.0000      3.197833905486069E+034   9.326087    
   135.0000      3.244470987591315E+034   9.326087    
   150.0000      3.311458662429984E+034   9.326087    
   165.0000      3.393373990576897E+034   9.326087    
   180.0000      3.481798335912310E+034   9.326087    
   195.0000      3.573140642925141E+034   9.326087    
   210.0000      3.659952293704880E+034   9.326087    
   225.0000      3.738912474293424E+034   9.326087    
   240.0000      3.800575653972002E+034   9.326087    
   255.0000      3.841460249267931E+034   9.326087    
   270.0000      3.858372305367486E+034   9.326087    
   285.0000      3.854708783857969E+034   9.326087    
   300.0000      3.831505249609671E+034   9.326087    
   315.0000      3.791388567940777E+034   9.326087    
   330.0000      3.736010802187759E+034   9.326087    
   345.0000      3.666939153595139E+034   9.326087    
  0.0000000E+00  3.584957502413569E+034   9.326087    
 
  0.0000000E+00  3.275896658286070E+034   9.510870    
   15.00000      3.202556133505506E+034   9.510870    
   30.00000      3.128471866362737E+034   9.510870    
   45.00000      3.062859808858422E+034   9.510870    
   60.00000      3.009654898967695E+034   9.510870    
   75.00000      2.974350396395176E+034   9.510870    
   90.00000      2.956096184783447E+034   9.510870    
   105.0000      2.957347120792615E+034   9.510870    
   120.0000      2.978007692101371E+034   9.510870    
   135.0000      3.018295600733535E+034   9.510870    
   150.0000      3.074869143268896E+034   9.510870    
   165.0000      3.143062957938228E+034   9.510870    
   180.0000      3.216021099579509E+034   9.510870    
   195.0000      3.290718755398953E+034   9.510870    
   210.0000      3.361079510557305E+034   9.510870    
   225.0000      3.424270179749047E+034   9.510870    
   240.0000      3.472458986798257E+034   9.510870    
   255.0000      3.502982334751389E+034   9.510870    
   270.0000      3.513460571460865E+034   9.510870    
   285.0000      3.506928689473015E+034   9.510870    
   300.0000      3.484542373940284E+034   9.510870    
   315.0000      3.448908552417208E+034   9.510870    
   330.0000      3.401509435132750E+034   9.510870    
   345.0000      3.343557337589193E+034   9.510870    
  0.0000000E+00  3.275896658286070E+034   9.510870    
 
  0.0000000E+00  2.988329334503615E+034   9.695652    
   15.00000      2.931143519362034E+034   9.695652    
   30.00000      2.874073428163727E+034   9.695652    
   45.00000      2.824157504440230E+034   9.695652    
   60.00000      2.784266251698375E+034   9.695652    
   75.00000      2.758377994637527E+034   9.695652    
   90.00000      2.745674695672636E+034   9.695652    
   105.0000      2.748124203234427E+034   9.695652    
   120.0000      2.765693086594548E+034   9.695652    
   135.0000      2.798586237244466E+034   9.695652    
   150.0000      2.844054995050843E+034   9.695652    
   165.0000      2.898287317536382E+034   9.695652    
   180.0000      2.955908716272298E+034   9.695652    
   195.0000      3.014486590122514E+034   9.695652    
   210.0000      3.069262261952157E+034   9.695652    
   225.0000      3.117942725654309E+034   9.695652    
   240.0000      3.154324560750396E+034   9.695652    
   255.0000      3.176441697990774E+034   9.695652    
   270.0000      3.182584067764605E+034   9.695652    
   285.0000      3.175310855608766E+034   9.695652    
   300.0000      3.155740219010226E+034   9.695652    
   315.0000      3.126187548013636E+034   9.695652    
   330.0000      3.087862409061678E+034   9.695652    
   345.0000      3.041653355536811E+034   9.695652    
  0.0000000E+00  2.988329334503615E+034   9.695652    
 
  0.0000000E+00  2.719339056042478E+034   9.880435    
   15.00000      2.677548469813050E+034   9.880435    
   30.00000      2.636184359584822E+034   9.880435    
   45.00000      2.600314333615101E+034   9.880435    
   60.00000      2.571933745910581E+034   9.880435    
   75.00000      2.553799166445228E+034   9.880435    
   90.00000      2.545251022669018E+034   9.880435    
   105.0000      2.547780547192457E+034   9.880435    
   120.0000      2.561401554757500E+034   9.880435    
   135.0000      2.586279433595591E+034   9.880435    
   150.0000      2.620308076989621E+034   9.880435    
   165.0000      2.660588699609587E+034   9.880435    
   180.0000      2.703161256420549E+034   9.880435    
   195.0000      2.746201175790128E+034   9.880435    
   210.0000      2.786214345154002E+034   9.880435    
   225.0000      2.821476744750082E+034   9.880435    
   240.0000      2.847403774396737E+034   9.880435    
   255.0000      2.862623986697181E+034   9.880435    
   270.0000      2.865979923026410E+034   9.880435    
   285.0000      2.859467946757768E+034   9.880435    
   300.0000      2.844041213844412E+034   9.880435    
   315.0000      2.821539752906599E+034   9.880435    
   330.0000      2.792854365766759E+034   9.880435    
   345.0000      2.758584938786426E+034   9.880435    
  0.0000000E+00  2.719339056042478E+034   9.880435    
 
  0.0000000E+00  2.466387978704740E+034   10.06522    
   15.00000      2.439231380678882E+034   10.06522    
   30.00000      2.412478929089903E+034   10.06522    
   45.00000      2.389392744539410E+034   10.06522    
   60.00000      2.371228569251119E+034   10.06522    
   75.00000      2.359720696963901E+034   10.06522    
   90.00000      2.354427659011089E+034   10.06522    
   105.0000      2.356359012954817E+034   10.06522    
   120.0000      2.365551960831575E+034   10.06522    
   135.0000      2.382118189573338E+034   10.06522    
   150.0000      2.404631868708246E+034   10.06522    
   165.0000      2.431144623374905E+034   10.06522    
   180.0000      2.459057215939827E+034   10.06522    
   195.0000      2.487159150606544E+034   10.06522    
   210.0000      2.513169658400242E+034   10.06522    
   225.0000      2.535946439994903E+034   10.06522    
   240.0000      2.552488256207685E+034   10.06522    
   255.0000      2.561936944799585E+034   10.06522    
   270.0000      2.563591008276826E+034   10.06522    
   285.0000      2.558820550448789E+034   10.06522    
   300.0000      2.548315866214441E+034   10.06522    
   315.0000      2.533333873459418E+034   10.06522    
   330.0000      2.514441151609145E+034   10.06522    
   345.0000      2.491990867999468E+034   10.06522    
  0.0000000E+00  2.466387978704740E+034   10.06522    
 
  0.0000000E+00  2.227274785052321E+034   10.25000    
   15.00000      2.214027472797014E+034   10.25000    
   30.00000      2.201001594459040E+034   10.25000    
   45.00000      2.189781280819780E+034   10.25000    
   60.00000      2.180969570996691E+034   10.25000    
   75.00000      2.175401041153370E+034   10.25000    
   90.00000      2.172863170147561E+034   10.25000    
   105.0000      2.173867543731246E+034   10.25000    
   120.0000      2.178445378209066E+034   10.25000    
   135.0000      2.186650998183222E+034   10.25000    
   150.0000      2.197766413075602E+034   10.25000    
   165.0000      2.210816107955077E+034   10.25000    
   180.0000      2.224519757306187E+034   10.25000    
   195.0000      2.238278103268303E+034   10.25000    
   210.0000      2.250974872946127E+034   10.25000    
   225.0000      2.262046686282936E+034   10.25000    
   240.0000      2.270023631924702E+034   10.25000    
   255.0000      2.274498216289657E+034   10.25000    
   270.0000      2.275147165381672E+034   10.25000    
   285.0000      2.272666523868334E+034   10.25000    
   300.0000      2.267417417596840E+034   10.25000    
   315.0000      2.260027976781756E+034   10.25000    
   330.0000      2.250764298349577E+034   10.25000    
   345.0000      2.239781421579929E+034   10.25000    
  0.0000000E+00  2.227274785052321E+034   10.25000    
 
