  0.0000000E+00   181.735049352437     
   22.50000       202.370015589120     
   45.00000       217.159760224893     
   67.50000       232.534144634187     
   90.00000       251.213776054925     
   112.5000       263.201996521811     
   135.0000       263.842427240691     
   157.5000       253.775241233459     
   180.0000       229.146373779558     
   202.5000       201.447943330830     
   225.0000       181.875062798863     
   247.5000       160.011125869374     
   270.0000       138.597706867821     
   292.5000       134.352567314822     
   315.0000       144.147172715604     
   337.5000       158.762287461035     
   360.0000       181.735049352437     
   360.0000       155.739567019015     
   382.5000       171.661770438579     
   405.0000       184.507828742838     
   427.5000       197.868330467253     
   450.0000       213.729946340989     
   472.5000       224.947235737155     
   495.0000       227.582506870399     
   517.5000       222.361075996249     
   540.0000       205.576313337550     
   562.5000       184.432095309503     
   585.0000       168.650445298560     
   607.5000       150.488305479737     
   630.0000       132.025226909425     
   652.5000       126.449032597402     
   675.0000       131.265106014869     
   697.5000       139.713867985733     
   720.0000       155.739567019015     
   720.0000       129.116078778417     
   742.5000       139.615236794818     
   765.0000       149.354784811746     
   787.5000       159.524930028111     
   810.0000       171.811308400334     
   832.5000       182.165231012839     
   855.0000       187.034473771845     
   877.5000       186.825263007292     
   900.0000       178.261564516963     
   922.5000       164.236630329781     
   945.0000       152.546333308168     
   967.5000       138.968849886695     
   990.0000       124.159643647842     
   1012.500       117.473175472855     
   1035.000       117.477913402803     
   1057.500       120.298215693757     
   1080.000       129.116078778417     
   1080.000       104.703942613973     
   1102.500       110.448765788360     
   1125.000       116.937040760584     
   1147.500       123.715454098150     
   1170.000       132.140203004995     
   1192.500       140.909261814403     
   1215.000       147.054244913836     
   1237.500       150.587248061821     
   1260.000       148.818697029417     
   1282.500       141.035948645002     
   1305.000       133.093302433578     
   1327.500       123.729904909111     
   1350.000       112.778651004481     
   1372.500       105.468842622796     
   1395.000       102.452246212247     
   1417.500       101.524157068119     
   1440.000       104.703942613973     
   1440.000       85.2478908251757     
   1462.500       88.2922506755066     
   1485.000       92.5944661715435     
   1507.500       97.1202310398478     
   1530.000       102.622737339524     
   1552.500       109.105312201559     
   1575.000       114.547823153698     
   1597.500       118.728006614296     
   1620.000       119.765118343961     
   1642.500       115.969107154629     
   1665.000       110.832250920153     
   1687.500       104.485189924775     
   1710.000       96.6769290049272     
   1732.500       90.1954239085726     
   1755.000       86.5832992716124     
   1777.500       84.5724421634621     
   1800.000       85.2478908251757     
   1800.000       70.3649750389041     
   1822.500       72.8089175264904     
   1845.000       76.1718703645592     
   1867.500       79.5630063098727     
   1890.000       83.4445103355043     
   1912.500       87.9191361028045     
   1935.000       91.7225075067072     
   1957.500       94.6768126515711     
   1980.000       95.3537772487420     
   2002.500       92.6553720399811     
   2025.000       88.7992411638996     
   2047.500       84.0195933350268     
   2070.000       78.3636353486610     
   2092.500       73.5990413880587     
   2115.000       70.9568573950061     
   2137.500       69.6700781001140     
   2160.000       70.3649750389041     
   2160.000       58.5272333043065     
   2182.500       60.9716098045251     
   2205.000       63.7690099826179     
   2227.500       66.3717497455449     
   2250.000       69.1132912898167     
   2272.500       71.9054057965544     
   2295.000       74.0496830718708     
   2317.500       75.4007698648572     
   2340.000       74.9183070582549     
   2362.500       72.3678381006006     
   2385.000       69.2200392123108     
   2407.500       65.4635352625587     
   2430.000       61.4755091184375     
   2452.500       58.5036627609515     
   2475.000       57.2075530905862     
   2497.500       57.1219592372038     
   2520.000       58.5272333043065     
   2520.000       48.1257362967421     
   2542.500       50.3434799911321     
   2565.000       52.5393552688433     
   2587.500       54.4181858913408     
   2610.000       56.1810677585014     
   2632.500       57.6674219422583     
   2655.000       58.5790152541153     
   2677.500       58.8035905103170     
   2700.000       57.6662299933905     
   2722.500       55.4229848692153     
   2745.000       52.9384855499001     
   2767.500       50.1541152595915     
   2790.000       47.5581763815743     
   2812.500       45.9695354649925     
   2835.000       45.6840959313775     
   2857.500       46.3853362135297     
   2880.000       48.1257362967421     
   2880.000       38.7890626644031     
   2902.500       40.6081208560652     
   2925.000       42.2427298749600     
   2947.500       43.5261440557993     
   2970.000       44.5506838072797     
   2992.500       45.1809430227491     
   3015.000       45.3563790350499     
   3037.500       44.9919468619273     
   3060.000       43.7303142769289     
   3082.500       41.9519771624475     
   3105.000       40.1099250445001     
   3127.500       38.1797917944754     
   3150.000       36.5970047289882     
   3172.500       35.8609434866795     
   3195.000       36.1046666714740     
   3217.500       37.1135857272783     
   3240.000       38.7890626644031     
   3240.000       30.6250805195744     
   3262.500       32.0265166518463     
   3285.000       33.2031235454754     
   3307.500       34.0476021730539     
   3330.000       34.5841492674158     
   3352.500       34.7271796873397     
   3375.000       34.5340603679423     
   3397.500       33.9519491233587     
   3420.000       32.8294399346248     
   3442.500       31.5078943660826     
   3465.000       30.2035571747682     
   3487.500       28.9277757152259     
   3510.000       28.0080339580547     
   3532.500       27.7376232163965     
   3555.000       28.1863597239545     
   3577.500       29.2029662054454     
   3600.000       30.6250805195744     
   3600.000       23.6495538420613     
   3622.500       24.6817320813709     
   3645.000       25.5059464758444     
   3667.500       26.0453535623908     
   3690.000       26.2894741635194     
   3712.500       26.1944434725935     
   3735.000       25.8610890331830     
   3757.500       25.2644948229784     
   3780.000       24.3671485563484     
   3802.500       23.4263148790978     
   3825.000       22.5349191962771     
   3847.500       21.7220368515029     
   3870.000       21.2117103246252     
   3892.500       21.1727372720984     
   3915.000       21.6494943626441     
   3937.500       22.5317273040229     
   3960.000       23.6495538420613     
   3960.000       17.7878185246337     
   3982.500       18.5162402211420     
   4005.000       19.0761843038363     
   4027.500       19.4103621050622     
   4050.000       19.4954343421880     
   4072.500       19.3140999401455     
   4095.000       18.9694996210665     
   4117.500       18.4560311835001     
   4140.000       17.7888905616721     
   4162.500       17.1440549548478     
   4185.000       16.5556587041565     
   4207.500       16.0560388879315     
   4230.000       15.7890918098646     
   4252.500       15.8502023277631     
   4275.000       16.2675486624912     
   4297.500       16.9615266480577     
   4320.000       17.7878185246337     
   4320.000       12.9215886797027     
   4342.500       13.4075398629151     
   4365.000       13.7705545327162     
   4387.500       13.9689688981547     
   4410.000       13.9785543495407     
   4432.500       13.7957215915083     
   4455.000       13.5058834872188     
   4477.500       13.1138164226104     
   4500.000       12.6515014973309     
   4522.500       12.2308201091984     
   4545.000       11.8607153113866     
   4567.500       11.5668247782448     
   4590.000       11.4365264863694     
   4612.500       11.5225665756837     
   4635.000       11.8464484015536     
   4657.500       12.3504583746045     
   4680.000       12.9215886797027     
   4680.000       8.96037842641229     
   4702.500       9.26100494234880     
   4725.000       9.47974440892803     
   4747.500       9.58931429318894     
   4770.000       9.57164662023700     
   4792.500       9.42809494019318     
   4815.000       9.21940792304751     
   4837.500       8.95345842268189     
   4860.000       8.65994462279334     
   4882.500       8.40419772507828     
   4905.000       8.18619558679623     
   4927.500       8.02468305384787     
   4950.000       7.96818264777896     
   4972.500       8.04452931151511     
   4995.000       8.26720835695225     
   5017.500       8.59792377907515     
   5040.000       8.96037842641229     
   5040.000       5.79085363616212     
   5062.500       5.95110136387681     
   5085.000       6.06509405601975     
   5107.500       6.11761949151791     
   5130.000       6.09794680524020     
   5152.500       6.00877026124228     
   5175.000       5.88534892085630     
   5197.500       5.73403014845681     
   5220.000       5.57436120719205     
   5242.500       5.43952779872403     
   5265.000       5.32778200032492     
   5287.500       5.24979935391609     
   5310.000       5.22953948391280     
   5332.500       5.28019445601425     
   5355.000       5.40886605900496     
   5377.500       5.59357354529640     
   5400.000       5.79085363616212     
   5400.000       3.31649156093748     
   5422.500       3.37523590815381     
   5445.000       3.41617575692083     
   5467.500       3.43367900372120     
   5490.000       3.42370666729981     
   5512.500       3.38769834586744     
   5535.000       3.33932076655573     
   5557.500       3.28140573064175     
   5580.000       3.22192107764322     
   5602.500       3.17269445297806     
   5625.000       3.13274759425205     
   5647.500       3.10610016194306     
   5670.000       3.10116163865408     
   5692.500       3.12247767252284     
   5715.000       3.17257691249201     
   5737.500       3.24282465109729     
   5760.000       3.31649156093748     
