  0.0000000E+00   41.7871801196626        6.000000    
   15.00000       43.3422582347879        6.000000    
   30.00000       45.2145652611210        6.000000    
   45.00000       46.9627222047896        6.000000    
   60.00000       48.4103835659865        6.000000    
   75.00000       49.9433442229017        6.000000    
   90.00000       51.6833358637511        6.000000    
   105.0000       53.2009684760949        6.000000    
   120.0000       53.7422645990672        6.000000    
   135.0000       53.1013682128968        6.000000    
   150.0000       51.4586326360963        6.000000    
   165.0000       49.0021124168513        6.000000    
   180.0000       46.3304792398692        6.000000    
   195.0000       43.9442327460993        6.000000    
   210.0000       41.5883815856152        6.000000    
   225.0000       39.4811019941704        6.000000    
   240.0000       38.1008975139542        6.000000    
   255.0000       36.9772029985778        6.000000    
   270.0000       35.9507187424144        6.000000    
   285.0000       35.8250479686221        6.000000    
   300.0000       36.6858261475805        6.000000    
   315.0000       37.8405927473767        6.000000    
   330.0000       39.1691392548514        6.000000    
   345.0000       40.5590565755093        6.000000    
  0.0000000E+00   41.7871801196626        6.000000    
 
  0.0000000E+00   37.2916120108228        6.184783    
   15.00000       38.6384087601662        6.184783    
   30.00000       40.2774756930650        6.184783    
   45.00000       41.8424518981996        6.184783    
   60.00000       43.1819724035971        6.184783    
   75.00000       44.5959073288442        6.184783    
   90.00000       46.1762236720665        6.184783    
   105.0000       47.5799934617588        6.184783    
   120.0000       48.1870297143976        6.184783    
   135.0000       47.7798987969289        6.184783    
   150.0000       46.4951306805299        6.184783    
   165.0000       44.4725412679709        6.184783    
   180.0000       42.1936507615595        6.184783    
   195.0000       40.1124382606538        6.184783    
   210.0000       38.0314496308133        6.184783    
   225.0000       36.1294336338832        6.184783    
   240.0000       34.8342766768865        6.184783    
   255.0000       33.7705650703701        6.184783    
   270.0000       32.7910662644625        6.184783    
   285.0000       32.5688497628771        6.184783    
   300.0000       33.1661371631491        6.184783    
   315.0000       34.0341702408229        6.184783    
   330.0000       35.0809068542626        6.184783    
   345.0000       36.2363109078355        6.184783    
  0.0000000E+00   37.2916120108228        6.184783    
 
  0.0000000E+00   33.6128898696224        6.369565    
   15.00000       34.7299570940286        6.369565    
   30.00000       36.1132542424177        6.369565    
   45.00000       37.4962994823793        6.369565    
   60.00000       38.7184803662134        6.369565    
   75.00000       39.9953640371619        6.369565    
   90.00000       41.3989376803989        6.369565    
   105.0000       42.6855264870073        6.369565    
   120.0000       43.3728918851580        6.369565    
   135.0000       43.2524145788490        6.369565    
   150.0000       42.3788254176745        6.369565    
   165.0000       40.8223802463366        6.369565    
   180.0000       38.9556904263212        6.369565    
   195.0000       37.1841012510359        6.369565    
   210.0000       35.3744139575798        6.369565    
   225.0000       33.6717349922991        6.369565    
   240.0000       32.4528529319469        6.369565    
   255.0000       31.4362392008178        6.369565    
   270.0000       30.5089619973247        6.369565    
   285.0000       30.1885860003703        6.369565    
   300.0000       30.5258766007799        6.369565    
   315.0000       31.0805020046029        6.369565    
   330.0000       31.8305305432092        6.369565    
   345.0000       32.7389525301925        6.369565    
  0.0000000E+00   33.6128898696224        6.369565    
 
  0.0000000E+00   30.3756980875000        6.554348    
   15.00000       31.2541694606454        6.554348    
   30.00000       32.3654158950648        6.554348    
   45.00000       33.5426935757406        6.554348    
   60.00000       34.6375697553650        6.554348    
   75.00000       35.7665013319845        6.554348    
   90.00000       36.9860766933166        6.554348    
   105.0000       38.1593837507345        6.554348    
   120.0000       38.9355202852655        6.554348    
   135.0000       39.0849930485862        6.554348    
   150.0000       38.6140161922866        6.554348    
   165.0000       37.5508389076208        6.554348    
   180.0000       36.1131341862392        6.554348    
   195.0000       34.6551574462295        6.554348    
   210.0000       33.1262931436284        6.554348    
   225.0000       31.6218194472636        6.554348    
   240.0000       30.4660645376544        6.554348    
   255.0000       29.4969222103848        6.554348    
   270.0000       28.6101192220702        6.554348    
   285.0000       28.1909371124474        6.554348    
   300.0000       28.2574601871478        6.554348    
   315.0000       28.5358532931598        6.554348    
   330.0000       29.0157435467569        6.554348    
   345.0000       29.6880499105249        6.554348    
  0.0000000E+00   30.3756980875000        6.554348    
 
  0.0000000E+00   27.4690169334154        6.739130    
   15.00000       28.1331695845799        6.739130    
   30.00000       28.9898913695625        6.739130    
   45.00000       29.9558205683957        6.739130    
   60.00000       30.9030568164251        6.739130    
   75.00000       31.8729103121559        6.739130    
   90.00000       32.9043670296123        6.739130    
   105.0000       33.9440074883620        6.739130    
   120.0000       34.7587607173697        6.739130    
   135.0000       35.1369333920437        6.739130    
   150.0000       35.0241006526596        6.739130    
   165.0000       34.3871402414703        6.739130    
   180.0000       33.3461972522370        6.739130    
   195.0000       32.1892383244655        6.739130    
   210.0000       30.9311771997268        6.739130    
   225.0000       29.6310081575036        6.739130    
   240.0000       28.5592900763136        6.739130    
   255.0000       27.6515441810432        6.739130    
   270.0000       26.8291722153912        6.739130    
   285.0000       26.3176978408785        6.739130    
   300.0000       26.1658801722335        6.739130    
   315.0000       26.2317190392226        6.739130    
   330.0000       26.4860686645179        6.739130    
   345.0000       26.9477376578193        6.739130    
  0.0000000E+00   27.4690169334154        6.739130    
 
  0.0000000E+00   24.9150737796670        6.923913    
   15.00000       25.4158154767344        6.923913    
   30.00000       26.0670520649173        6.923913    
   45.00000       26.8424882904518        6.923913    
   60.00000       27.6414607856940        6.923913    
   75.00000       28.4588106954814        6.923913    
   90.00000       29.3125790655641        6.923913    
   105.0000       30.1981375302507        6.923913    
   120.0000       30.9767919732757        6.923913    
   135.0000       31.4706599818305        6.923913    
   150.0000       31.5900439021322        6.923913    
   165.0000       31.2819280357401        6.923913    
   180.0000       30.5792323907701        6.923913    
   195.0000       29.6931413256448        6.923913    
   210.0000       28.6842243841169        6.923913    
   225.0000       27.5897190304910        6.923913    
   240.0000       26.6186376321763        6.923913    
   255.0000       25.7816832170913        6.923913    
   270.0000       25.0252845704067        6.923913    
   285.0000       24.4729753982047        6.923913    
   300.0000       24.1961107164760        6.923913    
   315.0000       24.1265296671412        6.923913    
   330.0000       24.2240742823207        6.923913    
   345.0000       24.5241968273337        6.923913    
  0.0000000E+00   24.9150737796670        6.923913    
 
  0.0000000E+00   22.7778175464830        7.108696    
   15.00000       23.1762872271479        7.108696    
   30.00000       23.6887093376928        7.108696    
   45.00000       24.3165270318454        7.108696    
   60.00000       24.9844540781163        7.108696    
   75.00000       25.6675600804071        7.108696    
   90.00000       26.3668209997835        7.108696    
   105.0000       27.0957525897383        7.108696    
   120.0000       27.7771531001410        7.108696    
   135.0000       28.2691965758777        7.108696    
   150.0000       28.4756778411001        7.108696    
   165.0000       28.3416749932463        7.108696    
   180.0000       27.8543031295351        7.108696    
   195.0000       27.1660867558904        7.108696    
   210.0000       26.3523924752553        7.108696    
   225.0000       25.4424406413309        7.108696    
   240.0000       24.5950294828476        7.108696    
   255.0000       23.8549686142903        7.108696    
   270.0000       23.1922898379691        7.108696    
   285.0000       22.6723995844438        7.108696    
   300.0000       22.3643598122144        7.108696    
   315.0000       22.2416803398977        7.108696    
   330.0000       22.2641344596785        7.108696    
   345.0000       22.4703836325472        7.108696    
  0.0000000E+00   22.7778175464830        7.108696    
 
  0.0000000E+00   21.0627392365188        7.293478    
   15.00000       21.4079793981223        7.293478    
   30.00000       21.8406238568006        7.293478    
   45.00000       22.3669307555317        7.293478    
   60.00000       22.9275593616168        7.293478    
   75.00000       23.4956479160556        7.293478    
   90.00000       24.0651924712883        7.293478    
   105.0000       24.6517163989477        7.293478    
   120.0000       25.2048965857322        7.293478    
   135.0000       25.6133144313583        7.293478    
   150.0000       25.7940988644109        7.293478    
   165.0000       25.7011487393400        7.293478    
   180.0000       25.3123484724091        7.293478    
   195.0000       24.7446114262605        7.293478    
   210.0000       24.0672676474360        7.293478    
   225.0000       23.3098484211432        7.293478    
   240.0000       22.5937417636935        7.293478    
   255.0000       21.9669715493309        7.293478    
   270.0000       21.4150270133994        7.293478    
   285.0000       20.9769132812781        7.293478    
   300.0000       20.7087997125921        7.293478    
   315.0000       20.5999499085986        7.293478    
   330.0000       20.6171350327093        7.293478    
   345.0000       20.7930104615479        7.293478    
  0.0000000E+00   21.0627392365188        7.293478    
 
  0.0000000E+00   19.6694513252607        7.478261    
   15.00000       19.9902287330529        7.478261    
   30.00000       20.3762468341976        7.478261    
   45.00000       20.8295079176013        7.478261    
   60.00000       21.3012323841669        7.478261    
   75.00000       21.7700094326299        7.478261    
   90.00000       22.2277962500911        7.478261    
   105.0000       22.6862843943811        7.478261    
   120.0000       23.1028446754991        7.478261    
   135.0000       23.3908428914434        7.478261    
   150.0000       23.4879444254454        7.478261    
   165.0000       23.3619142646496        7.478261    
   180.0000       23.0017322720547        7.478261    
   195.0000       22.5043990906213        7.478261    
   210.0000       21.9242516230023        7.478261    
   225.0000       21.2934859146714        7.478261    
   240.0000       20.7053610954484        7.478261    
   255.0000       20.1964934335255        7.478261    
   270.0000       19.7602113970884        7.478261    
   285.0000       19.4255174657996        7.478261    
   300.0000       19.2335688968849        7.478261    
   315.0000       19.1754684078233        7.478261    
   330.0000       19.2270317233410        7.478261    
   345.0000       19.4102034413479        7.478261    
  0.0000000E+00   19.6694513252607        7.478261    
 
  0.0000000E+00   18.4451077390458        7.663043    
   15.00000       18.7489278962753        7.663043    
   30.00000       19.0987441733737        7.663043    
   45.00000       19.4899801787873        7.663043    
   60.00000       19.8816619168699        7.663043    
   75.00000       20.2603573980637        7.663043    
   90.00000       20.6188994731243        7.663043    
   105.0000       20.9625968444211        7.663043    
   120.0000       21.2503488055860        7.663043    
   135.0000       21.4171114633075        7.663043    
   150.0000       21.4214236098358        7.663043    
   165.0000       21.2455644492659        7.663043    
   180.0000       20.8946720548147        7.663043    
   195.0000       20.4506841907211        7.663043    
   210.0000       19.9522940767481        7.663043    
   225.0000       19.4335851223009        7.663043    
   240.0000       18.9643067134446        7.663043    
   255.0000       18.5671433296631        7.663043    
   270.0000       18.2399353550857        7.663043    
   285.0000       18.0072811939799        7.663043    
   300.0000       17.8962998744366        7.663043    
   315.0000       17.8962734304187        7.663043    
   330.0000       17.9907103585460        7.663043    
   345.0000       18.1897698322603        7.663043    
  0.0000000E+00   18.4451077390458        7.663043    
 
  0.0000000E+00   17.2787599029529        7.847826    
   15.00000       17.5617275554045        7.847826    
   30.00000       17.8737244160077        7.847826    
   45.00000       18.2056786673120        7.847826    
   60.00000       18.5242850757858        7.847826    
   75.00000       18.8228113203226        7.847826    
   90.00000       19.0944515073881        7.847826    
   105.0000       19.3388531309585        7.847826    
   120.0000       19.5174433512800        7.847826    
   135.0000       19.5845519497610        7.847826    
   150.0000       19.5158567901705        7.847826    
   165.0000       19.3058910077776        7.847826    
   180.0000       18.9721609617850        7.847826    
   195.0000       18.5815944095065        7.847826    
   210.0000       18.1606071020909        7.847826    
   225.0000       17.7427508114992        7.847826    
   240.0000       17.3777214873334        7.847826    
   255.0000       17.0776729089304        7.847826    
   270.0000       16.8436472884807        7.847826    
   285.0000       16.6965857230597        7.847826    
   300.0000       16.6522747682464        7.847826    
   315.0000       16.6991833490177        7.847826    
   330.0000       16.8258279187976        7.847826    
   345.0000       17.0325373388445        7.847826    
  0.0000000E+00   17.2787599029529        7.847826    
 
  0.0000000E+00   16.1392325104770        8.032609    
   15.00000       16.3956101517797        8.032609    
   30.00000       16.6671606260256        8.032609    
   45.00000       16.9431423772819        8.032609    
   60.00000       17.1974336367940        8.032609    
   75.00000       17.4276612007380        8.032609    
   90.00000       17.6267173010830        8.032609    
   105.0000       17.7905657460570        8.032609    
   120.0000       17.8855292656111        8.032609    
   135.0000       17.8820793337249        8.032609    
   150.0000       17.7680681523693        8.032609    
   165.0000       17.5465289600487        8.032609    
   180.0000       17.2423210824871        8.032609    
   195.0000       16.9073571436249        8.032609    
   210.0000       16.5597480811363        8.032609    
   225.0000       16.2296734749831        8.032609    
   240.0000       15.9507448137770        8.032609    
   255.0000       15.7292350700813        8.032609    
   270.0000       15.5683020491308        8.032609    
   285.0000       15.4850043588601        8.032609    
   300.0000       15.4872080019870        8.032609    
   315.0000       15.5641335689133        8.032609    
   330.0000       15.7069652692083        8.032609    
   345.0000       15.9095264004271        8.032609    
  0.0000000E+00   16.1392325104770        8.032609    
 
  0.0000000E+00   15.0413409043995        8.217392    
   15.00000       15.2677965375151        8.217392    
   30.00000       15.4991339711151        8.217392    
   45.00000       15.7249179195115        8.217392    
   60.00000       15.9250936817746        8.217392    
   75.00000       16.0996391273734        8.217392    
   90.00000       16.2410417682218        8.217392    
   105.0000       16.3435386216241        8.217392    
   120.0000       16.3795652221146        8.217392    
   135.0000       16.3318892415865        8.217392    
   150.0000       16.1967834235230        8.217392    
   165.0000       15.9832321176828        8.217392    
   180.0000       15.7158279203664        8.217392    
   195.0000       15.4343894508779        8.217392    
   210.0000       15.1518054102187        8.217392    
   225.0000       14.8942700973682        8.217392    
   240.0000       14.6833057481227        8.217392    
   255.0000       14.5222003003411        8.217392    
   270.0000       14.4151828584106        8.217392    
   285.0000       14.3755826341686        8.217392    
   300.0000       14.4063536777216        8.217392    
   315.0000       14.4982732984510        8.217392    
   330.0000       14.6437933660410        8.217392    
   345.0000       14.8333012442764        8.217392    
  0.0000000E+00   15.0413409043995        8.217392    
 
  0.0000000E+00   14.0044642055811        8.402174    
   15.00000       14.2004296578177        8.402174    
   30.00000       14.3942809182552        8.402174    
   45.00000       14.5768705499893        8.402174    
   60.00000       14.7329510978706        8.402174    
   75.00000       14.8635409698902        8.402174    
   90.00000       14.9609735937723        8.402174    
   105.0000       15.0191459350662        8.402174    
   120.0000       15.0166197938193        8.402174    
   135.0000       14.9455170708983        8.402174    
   150.0000       14.8064836429188        8.402174    
   165.0000       14.6107706058512        8.402174    
   180.0000       14.3817907414677        8.402174    
   195.0000       14.1491341738596        8.402174    
   210.0000       13.9222712375990        8.402174    
   225.0000       13.7227937101449        8.402174    
   240.0000       13.5640857003567        8.402174    
   255.0000       13.4480641518786        8.402174    
   270.0000       13.3792547762828        8.402174    
   285.0000       13.3677813107444        8.402174    
   300.0000       13.4138384595091        8.402174    
   315.0000       13.5099036017414        8.402174    
   330.0000       13.6490607038869        8.402174    
   345.0000       13.8204507113203        8.402174    
  0.0000000E+00   14.0044642055811        8.402174    
 
  0.0000000E+00   13.0381834503024        8.586957    
   15.00000       13.2049216058260        8.586957    
   30.00000       13.3652427475109        8.586957    
   45.00000       13.5116047452299        8.586957    
   60.00000       13.6324474258406        8.586957    
   75.00000       13.7290876268160        8.586957    
   90.00000       13.7940578142730        8.586957    
   105.0000       13.8217228183422        8.586957    
   120.0000       13.7965280631166        8.586957    
   135.0000       13.7158002843078        8.586957    
   150.0000       13.5828336969158        8.586957    
   165.0000       13.4100010007886        8.586957    
   180.0000       13.2177592692825        8.586957    
   195.0000       13.0277840443864        8.586957    
   210.0000       12.8473108270391        8.586957    
   225.0000       12.6934784048513        8.586957    
   240.0000       12.5744220924241        8.586957    
   255.0000       12.4914784604739        8.586957    
   270.0000       12.4489857576412        8.586957    
   285.0000       12.4544937387892        8.586957    
   300.0000       12.5068166075392        8.586957    
   315.0000       12.5999622050823        8.586957    
   330.0000       12.7274553826846        8.586957    
   345.0000       12.8785416552419        8.586957    
  0.0000000E+00   13.0381834503024        8.586957    
 
  0.0000000E+00   12.1443720466014        8.771739    
   15.00000       12.2841205172363        8.771739    
   30.00000       12.4151901636406        8.771739    
   45.00000       12.5316078392669        8.771739    
   60.00000       12.6246007142260        8.771739    
   75.00000       12.6954240813579        8.771739    
   90.00000       12.7371260695906        8.771739    
   105.0000       12.7451129324715        8.771739    
   120.0000       12.7080246286929        8.771739    
   135.0000       12.6266309107773        8.771739    
   150.0000       12.5056807137963        8.771739    
   165.0000       12.3572276130222        8.771739    
   180.0000       12.1983738883338        8.771739    
   195.0000       12.0448604092939        8.771739    
   210.0000       11.9021924143789        8.771739    
   225.0000       11.7840888832943        8.771739    
   240.0000       11.6949495228970        8.771739    
   255.0000       11.6360102562211        8.771739    
   270.0000       11.6111740983875        8.771739    
   285.0000       11.6260054556732        8.771739    
   300.0000       11.6787594044950        8.771739    
   315.0000       11.7647094662934        8.771739    
   330.0000       11.8778389755752        8.771739    
   345.0000       12.0082382549167        8.771739    
  0.0000000E+00   12.1443720466014        8.771739    
 
  0.0000000E+00   11.3211493069670        8.956522    
   15.00000       11.4365439431374        8.956522    
   30.00000       11.5424617087462        8.956522    
   45.00000       11.6343041087896        8.956522    
   60.00000       11.7054077313165        8.956522    
   75.00000       11.7568247097353        8.956522    
   90.00000       11.7823419267499        8.956522    
   105.0000       11.7784361933987        8.956522    
   120.0000       11.7368396994335        8.956522    
   135.0000       11.6605079455621        8.956522    
   150.0000       11.5545440850937        8.956522    
   165.0000       11.4299529739222        8.956522    
   180.0000       11.3005854421749        8.956522    
   195.0000       11.1777675663857        8.956522    
   210.0000       11.0658045796792        8.956522    
   225.0000       10.9754792959313        8.956522    
   240.0000       10.9088889052655        8.956522    
   255.0000       10.8672410479854        8.956522    
   270.0000       10.8539029008180        8.956522    
   285.0000       10.8729407636474        8.956522    
   300.0000       10.9225133108747        8.956522    
   315.0000       10.9989022071939        8.956522    
   330.0000       11.0966367243505        8.956522    
   345.0000       11.2070071745652        8.956522    
  0.0000000E+00   11.3211493069670        8.956522    
 
  0.0000000E+00   10.5645240180397        9.141304    
   15.00000       10.6582456106742        9.141304    
   30.00000       10.7426924504793        9.141304    
   45.00000       10.8144012489396        9.141304    
   60.00000       10.8683250964144        9.141304    
   75.00000       10.9052764057327        9.141304    
   90.00000       10.9199189988403        9.141304    
   105.0000       10.9095162704579        9.141304    
   120.0000       10.8684494064741        9.141304    
   135.0000       10.8005290847704        9.141304    
   150.0000       10.7106454515491        9.141304    
   165.0000       10.6083783314485        9.141304    
   180.0000       10.5046267910971        9.141304    
   195.0000       10.4073580527785        9.141304    
   210.0000       10.3204099931556        9.141304    
   225.0000       10.2517552571479        9.141304    
   240.0000       10.2022587072149        9.141304    
   255.0000       10.1730752168296        9.141304    
   270.0000       10.1670138543294        9.141304    
   285.0000       10.1869796415073        9.141304    
   300.0000       10.2311654723149        9.141304    
   315.0000       10.2967373568086        9.141304    
   330.0000       10.3790198392477        9.141304    
   345.0000       10.4705672812954        9.141304    
  0.0000000E+00   10.5645240180397        9.141304    
 
  0.0000000E+00   9.86764235545434        9.326087    
   15.00000       9.94223960274834        9.326087    
   30.00000       10.0084172896306        9.326087    
   45.00000       10.0636224490110        9.326087    
   60.00000       10.1040659291091        9.326087    
   75.00000       10.1303472055667        9.326087    
   90.00000       10.1380203754553        9.326087    
   105.0000       10.1248614424947        9.326087    
   120.0000       10.0874871455462        9.326087    
   135.0000       10.0297599649342        9.326087    
   150.0000       9.95589727879338        9.326087    
   165.0000       9.87381107981954        9.326087    
   180.0000       9.79202048133709        9.326087    
   195.0000       9.71636835618171        9.326087    
   210.0000       9.64977375996998        9.326087    
   225.0000       9.59812499269330        9.326087    
   240.0000       9.56164529647707        9.326087    
   255.0000       9.54130673473160        9.326087    
   270.0000       9.53939372046825        9.326087    
   285.0000       9.55807541693696        9.326087    
   300.0000       9.59588901806313        9.326087    
   315.0000       9.65055513239131        9.326087    
   330.0000       9.71793487912197        9.326087    
   345.0000       9.79198958154761        9.326087    
  0.0000000E+00   9.86764235545434        9.326087    
 
  0.0000000E+00   9.22893084759405        9.510870    
   15.00000       9.28667430191085        9.510870    
   30.00000       9.33725602122720        9.510870    
   45.00000       9.37880544193119        9.510870    
   60.00000       9.40852302048071        9.510870    
   75.00000       9.42683646498558        9.510870    
   90.00000       9.43019716232237        9.510870    
   105.0000       9.41704951654724        9.510870    
   120.0000       9.38516440123667        9.510870    
   135.0000       9.33809294036789        9.510870    
   150.0000       9.27945691373995        9.510870    
   165.0000       9.21562068322415        9.510870    
   180.0000       9.15290589819224        9.510870    
   195.0000       9.09543764064053        9.510870    
   210.0000       9.04549516064156        9.510870    
   225.0000       9.00728368224765        9.510870    
   240.0000       8.98069890909284        9.510870    
   255.0000       8.96668606972916        9.510870    
   270.0000       8.96704821425286        9.510870    
   285.0000       8.98329890325147        9.510870    
   300.0000       9.01425738600770        9.510870    
   315.0000       9.05816944314314        9.510870    
   330.0000       9.11163455006373        9.510870    
   345.0000       9.16986311969571        9.510870    
  0.0000000E+00   9.22893084759405        9.510870    
 
  0.0000000E+00   8.64303665814858        9.695652    
   15.00000       8.68586735858103        9.695652    
   30.00000       8.72297293908147        9.695652    
   45.00000       8.75310182486084        9.695652    
   60.00000       8.77419159099289        9.695652    
   75.00000       8.78653972572459        9.695652    
   90.00000       8.78747110297865        9.695652    
   105.0000       8.77593899043881        9.695652    
   120.0000       8.75058893496834        9.695652    
   135.0000       8.71435313900377        9.695652    
   150.0000       8.67006519859226        9.695652    
   165.0000       8.62253199955082        9.695652    
   180.0000       8.57632596136376        9.695652    
   195.0000       8.53422979199326        9.695652    
   210.0000       8.49796357777630        9.695652    
   225.0000       8.47053693482165        9.695652    
   240.0000       8.45175564183081        9.695652    
   255.0000       8.44234890414426        9.695652    
   270.0000       8.44367913743687        9.695652    
   285.0000       8.45680100794941        9.695652    
   300.0000       8.48082001625093        9.695652    
   315.0000       8.51442176551984        9.695652    
   330.0000       8.55495327601024        9.695652    
   345.0000       8.59878003669467        9.695652    
  0.0000000E+00   8.64303665814858        9.695652    
 
  0.0000000E+00   8.10464766098480        9.880435    
   15.00000       8.13437843844203        9.880435    
   30.00000       8.15989968790183        9.880435    
   45.00000       8.18035008636063        9.880435    
   60.00000       8.19439100702795        9.880435    
   75.00000       8.20221950108839        9.880435    
   90.00000       8.20200111853999        9.880435    
   105.0000       8.19309859473553        9.880435    
   120.0000       8.17469557252903        9.880435    
   135.0000       8.14892958593172        9.880435    
   150.0000       8.11782875887375        9.880435    
   165.0000       8.08477339193844        9.880435    
   180.0000       8.05286335542542        9.880435    
   195.0000       8.02394963308977        9.880435    
   210.0000       7.99923055955854        9.880435    
   225.0000       7.98068923094801        9.880435    
   240.0000       7.96813426640269        9.880435    
   255.0000       7.96210322200328        9.880435    
   270.0000       7.96356629925295        9.880435    
   285.0000       7.97322444467663        9.880435    
   300.0000       7.99045803921489        9.880435    
   315.0000       8.01433663816256        9.880435    
   330.0000       8.04294444578112        9.880435    
   345.0000       8.07370629796487        9.880435    
  0.0000000E+00   8.10464766098480        9.880435    
 
  0.0000000E+00   7.60823034820994        10.06522    
   15.00000       7.62630810452338        10.06522    
   30.00000       7.64171700024148        10.06522    
   45.00000       7.65394944831477        10.06522    
   60.00000       7.66221723362100        10.06522    
   75.00000       7.66664783728680        10.06522    
   90.00000       7.66613110509784        10.06522    
   105.0000       7.66031018209725        10.06522    
   120.0000       7.64878684494221        10.06522    
   135.0000       7.63292436623906        10.06522    
   150.0000       7.61396618574757        10.06522    
   165.0000       7.59393716863167        10.06522    
   180.0000       7.57468516037417        10.06522    
   195.0000       7.55728182908780        10.06522    
   210.0000       7.54244514504012        10.06522    
   225.0000       7.53134276483692        10.06522    
   240.0000       7.52385528287465        10.06522    
   255.0000       7.52032576802513        10.06522    
   270.0000       7.52137004141370        10.06522    
   285.0000       7.52741539553283        10.06522    
   300.0000       7.53809962216076        10.06522    
   315.0000       7.55284316803376        10.06522    
   330.0000       7.57044327509669        10.06522    
   345.0000       7.58930334519822        10.06522    
  0.0000000E+00   7.60823034820994        10.06522    
 
  0.0000000E+00   7.14815352113312        10.25000    
   15.00000       7.15575015599057        10.25000    
   30.00000       7.16219290502954        10.25000    
   45.00000       7.16726643909452        10.25000    
   60.00000       7.17065201965454        10.25000    
   75.00000       7.17241325746401        10.25000    
   90.00000       7.17211290794878        10.25000    
   105.0000       7.16962878163715        10.25000    
   120.0000       7.16482087513949        10.25000    
   135.0000       7.15825524136676        10.25000    
   150.0000       7.15043351314962        10.25000    
   165.0000       7.14216765423422        10.25000    
   180.0000       7.13420693456489        10.25000    
   195.0000       7.12697455053365        10.25000    
   210.0000       7.12077642309521        10.25000    
   225.0000       7.11609319659485        10.25000    
   240.0000       7.11288096085328        10.25000    
   255.0000       7.11129567739420        10.25000    
   270.0000       7.11162875038530        10.25000    
   285.0000       7.11408499842590        10.25000    
   300.0000       7.11854040854867        10.25000    
   315.0000       7.12474938239413        10.25000    
   330.0000       7.13219302155017        10.25000    
   345.0000       7.14016830148002        10.25000    
  0.0000000E+00   7.14815352113312        10.25000    
 
