  0.0000000E+00   34852.4182825374     
   15.00000       36047.4698950406     
   30.00000       36969.3426687101     
   45.00000       37736.0670765117     
   60.00000       38540.4029240524     
   75.00000       39216.4599721057     
   90.00000       39283.1920904566     
   105.0000       38452.8999694193     
   120.0000       36842.8993928775     
   135.0000       34858.0219824758     
   150.0000       32677.2398174655     
   165.0000       30627.5436403670     
   180.0000       28991.2130858865     
   195.0000       27531.5730566555     
   210.0000       26371.4122383230     
   225.0000       25920.2761323218     
   240.0000       25677.7136829976     
   255.0000       25618.2042341995     
   270.0000       26677.3456180511     
   285.0000       28438.6680357366     
   300.0000       29940.5862795489     
   315.0000       31303.5972307491     
   330.0000       32571.4624741059     
   345.0000       33658.0914783391     
   360.0000       34852.4182825374     
   360.0000       33801.9872177627     
   375.0000       34905.9803977758     
   390.0000       35752.9169464918     
   405.0000       36494.4070840533     
   420.0000       37275.8349088772     
   435.0000       37938.6355760751     
   450.0000       38069.4835835614     
   465.0000       37342.4469484314     
   480.0000       35846.1302331322     
   495.0000       33975.3311412164     
   510.0000       31897.6811938314     
   525.0000       29926.1667659768     
   540.0000       28339.3152256083     
   555.0000       26918.3230491221     
   570.0000       25788.6583445880     
   585.0000       25348.3092577097     
   600.0000       25112.3317794139     
   615.0000       25097.8425078784     
   630.0000       26139.9032982050     
   645.0000       27716.2340713527     
   660.0000       29108.8316308743     
   675.0000       30414.7412135771     
   690.0000       31635.4119376412     
   705.0000       32682.3733056149     
   720.0000       33801.9872177627     
   720.0000       30768.7093743353     
   735.0000       31746.5357091669     
   750.0000       32508.9716297506     
   765.0000       33187.4287461588     
   780.0000       33895.1765907617     
   795.0000       34524.4330094012     
   810.0000       34780.2728749563     
   825.0000       34323.9025347816     
   840.0000       33161.9324623897     
   855.0000       31619.2812428303     
   870.0000       29841.1576696810     
   885.0000       28096.2311298353     
   900.0000       26653.6664816702     
   915.0000       25346.6102557628     
   930.0000       24276.9873048059     
   945.0000       23811.4291293149     
   960.0000       23538.0063916143     
   975.0000       23491.7011613660     
   990.0000       24290.9169466345     
   1005.000       25463.3129381051     
   1020.000       26609.9382178451     
   1035.000       27740.6540678053     
   1050.000       28828.0344816256     
   1065.000       29777.1581499701     
   1080.000       30768.7093743353     
   1080.000       26945.9034085220     
   1095.000       27784.7321018824     
   1110.000       28464.0533638439     
   1125.000       29060.0836860261     
   1140.000       29664.2849466158     
   1155.000       30230.3625853277     
   1170.000       30576.3482210522     
   1185.000       30412.2192891687     
   1200.000       29662.8434954082     
   1215.000       28534.9990057002     
   1230.000       27139.3412191965     
   1245.000       25685.8880558583     
   1260.000       24428.1996886255     
   1275.000       23270.4853909659     
   1290.000       22274.5286261296     
   1305.000       21763.4994208990     
   1320.000       21436.4039926570     
   1335.000       21307.2069786003     
   1350.000       21787.6302329058     
   1365.000       22573.8976153698     
   1380.000       23448.3909016864     
   1395.000       24362.5372470469     
   1410.000       25280.9368766506     
   1425.000       26104.7371159788     
   1440.000       26945.9034085220     
   1440.000       23023.8936070964     
   1455.000       23721.9517298417     
   1470.000       24316.4720076606     
   1485.000       24830.0716665628     
   1500.000       25329.1383740179     
   1515.000       25812.5619051213     
   1530.000       26186.9365519648     
   1545.000       26246.2262494534     
   1560.000       25854.8185649802     
   1575.000       25115.5850988342     
   1590.000       24102.4131257828     
   1605.000       22952.8321860033     
   1620.000       21893.6728507512     
   1635.000       20900.7383691158     
   1650.000       19996.8149204383     
   1665.000       19450.3776599414     
   1680.000       19082.6218449020     
   1695.000       18879.3691024610     
   1710.000       19087.1243306072     
   1725.000       19570.1189185849     
   1740.000       20196.8694238213     
   1755.000       20898.2563451827     
   1770.000       21642.2087861650     
   1785.000       22333.4888107954     
   1800.000       23023.8936070964     
   1800.000       19428.9821192623     
   1815.000       19993.8106138772     
   1830.000       20498.5603511279     
   1845.000       20932.7398485052     
   1860.000       21336.3204924996     
   1875.000       21730.7119844475     
   1890.000       22080.8527107308     
   1905.000       22253.3974076675     
   1920.000       22105.4199896567     
   1935.000       21660.8900694013     
   1950.000       20956.7812564390     
   1965.000       20077.4883367894     
   1980.000       19211.7568404231     
   1995.000       18385.0038776223     
   2010.000       17599.1292026923     
   2025.000       17063.5061804543     
   2040.000       16690.2849184419     
   2055.000       16449.4838696486     
   2070.000       16489.4601762987     
   2085.000       16765.5921485200     
   2100.000       17199.8026749885     
   2115.000       17722.6214612161     
   2130.000       18308.1514788293     
   2145.000       18874.2602960454     
   2160.000       19428.9821192623     
   2160.000       16386.7908591169     
   2175.000       16836.0125535789     
   2190.000       17250.1400986204     
   2205.000       17607.0563435821     
   2220.000       17927.0719716372     
   2235.000       18237.1118165215     
   2250.000       18531.3001017313     
   2265.000       18724.6781293857     
   2280.000       18691.3482359863     
   2295.000       18417.2168868361     
   2310.000       17922.2164210903     
   2325.000       17253.3845191313     
   2340.000       16558.0734735866     
   2355.000       15884.4217682487     
   2370.000       15229.5761340508     
   2385.000       14747.2993261094     
   2400.000       14408.0748683512     
   2415.000       14183.0374474164     
   2430.000       14156.9305826215     
   2445.000       14321.4998433232     
   2460.000       14631.7454874261     
   2475.000       15026.9368233831     
   2490.000       15486.3178690830     
   2505.000       15943.7522153287     
   2520.000       16386.7908591169     
   2520.000       13921.7592171439     
   2535.000       14276.9383990985     
   2550.000       14606.7627593404     
   2565.000       14890.0249645471     
   2580.000       15138.1561241509     
   2595.000       15374.9581005520     
   2610.000       15602.2188908019     
   2625.000       15761.0562240792     
   2640.000       15749.9053268095     
   2655.000       15546.8035307444     
   2670.000       15165.1604881347     
   2685.000       14637.7729207877     
   2700.000       14079.3218963278     
   2715.000       13537.0133120151     
   2730.000       13012.7192171761     
   2745.000       12617.2240627766     
   2760.000       12342.4525590719     
   2775.000       12168.0909946980     
   2790.000       12143.4865559348     
   2805.000       12268.5853565751     
   2820.000       12513.8959811963     
   2835.000       12829.4801509071     
   2850.000       13197.9722685010     
   2865.000       13567.4763190419     
   2880.000       13921.7592171439     
   2880.000       11911.7313108482     
   2895.000       12191.0380282956     
   2910.000       12446.4738632170     
   2925.000       12662.6603574753     
   2940.000       12848.8278397752     
   2955.000       13023.4977900906     
   2970.000       13185.7728923055     
   2985.000       13288.1521687091     
   3000.000       13253.5733241500     
   3015.000       13067.4544251135     
   3030.000       12742.8741561388     
   3045.000       12310.7775457135     
   3060.000       11860.9414730040     
   3075.000       11429.1755692507     
   3090.000       11023.8001542001     
   3105.000       10723.7975585015     
   3120.000       10524.2179373037     
   3135.000       10413.2037329755     
   3150.000       10420.5967697657     
   3165.000       10543.8982058215     
   3180.000       10758.9784063309     
   3195.000       11025.6711954208     
   3210.000       11328.7652954145     
   3225.000       11627.7920564908     
   3240.000       11911.7313108482     
   3240.000       10201.1840150437     
   3255.000       10417.7397971521     
   3270.000       10609.7131968017     
   3285.000       10768.4044659721     
   3300.000       10902.9070895687     
   3315.000       11025.8715261737     
   3330.000       11131.0344390190     
   3345.000       11177.4978128285     
   3360.000       11110.3117219052     
   3375.000       10925.5383658333     
   3390.000       10637.7559438727     
   3405.000       10279.1267756938     
   3420.000       9918.82516066803     
   3435.000       9580.56172512459     
   3450.000       9277.39531523439     
   3465.000       9064.15630801651     
   3480.000       8933.96147248786     
   3495.000       8881.28525639015     
   3510.000       8923.99258583947     
   3525.000       9054.97408822826     
   3540.000       9251.97639645247     
   3555.000       9482.93801349449     
   3570.000       9734.25060384730     
   3585.000       9975.13714626746     
   3600.000       10201.1840150437     
   3600.000       8693.22740039937     
   3615.000       8857.82760724656     
   3630.000       8998.02534907228     
   3645.000       9110.55660587805     
   3660.000       9203.98007460248     
   3675.000       9285.62727244347     
   3690.000       9345.23790374066     
   3705.000       9348.26194399861     
   3720.000       9257.96332306070     
   3735.000       9078.42065904542     
   3750.000       8825.14352908516     
   3765.000       8530.05570963792     
   3780.000       8244.83241348592     
   3795.000       7984.49794727288     
   3810.000       7764.12048743316     
   3825.000       7620.28159036985     
   3840.000       7544.82854248219     
   3855.000       7536.23441653881     
   3870.000       7604.18616874738     
   3885.000       7738.12919118967     
   3900.000       7917.43099696067     
   3915.000       8116.50884677038     
   3930.000       8323.36226396750     
   3945.000       8515.52284162229     
   3960.000       8693.22740039937     
   3960.000       7355.89984605810     
   3975.000       7478.74880069575     
   3990.000       7578.85288366998     
   4005.000       7656.45803030785     
   4020.000       7718.88533113793     
   4035.000       7769.43657614099     
   4050.000       7796.17203121778     
   4065.000       7771.14051364168     
   4080.000       7671.20566481298     
   4095.000       7504.74634317078     
   4110.000       7286.87653462489     
   4125.000       7047.73466449462     
   4140.000       6824.44275481220     
   4155.000       6626.85893263877     
   4170.000       6469.82159100606     
   4185.000       6376.79916979975     
   4200.000       6339.94503355835     
   4215.000       6359.79320240086     
   4230.000       6440.40192754762     
   4245.000       6569.64487277537     
   4260.000       6728.96223175588     
   4275.000       6897.86857126257     
   4290.000       7066.13557582699     
   4305.000       7217.96477915640     
   4320.000       7355.89984605810     
   4320.000       6183.09148622469     
   4335.000       6273.59596148218     
   4350.000       6343.94854432077     
   4365.000       6396.24579609021     
   4380.000       6436.30063779210     
   4395.000       6464.75440939082     
   4410.000       6469.72938477520     
   4425.000       6429.43967129849     
   4440.000       6330.14935822457     
   4455.000       6182.04256890234     
   4470.000       5999.19797947002     
   4485.000       5807.57139335047     
   4500.000       5634.02383186209     
   4515.000       5485.37604363656     
   4530.000       5374.82804014221     
   4545.000       5316.97339879043     
   4560.000       5305.16889415897     
   4575.000       5340.73048998062     
   4590.000       5424.06911849242     
   4605.000       5542.96560908703     
   4620.000       5681.20021266991     
   4635.000       5822.30619442345     
   4650.000       5957.85332814781     
   4665.000       6077.02249571031     
   4680.000       6183.09148622469     
   4680.000       5166.98184462942     
   4695.000       5233.10868801406     
   4710.000       5281.99721632827     
   4725.000       5316.47853815360     
   4740.000       5340.93872842766     
   4755.000       5354.45829885680     
   4770.000       5346.20456587820     
   4785.000       5299.86219782793     
   4800.000       5207.80324184092     
   4815.000       5079.86434499200     
   4830.000       4928.80092524530     
   4845.000       4776.54581475906     
   4860.000       4642.12476771339     
   4875.000       4530.79766238992     
   4890.000       4453.55826108335     
   4905.000       4419.20034597618     
   4920.000       4422.50464015445     
   4935.000       4464.88663326564     
   4950.000       4544.59600539418     
   4965.000       4650.21313241053     
   4980.000       4767.86415165915     
   4995.000       4884.29042695402     
   5010.000       4992.72923581017     
   5025.000       5085.89535716807     
   5040.000       5166.98184462942     
   5040.000       4293.36088383762     
   5055.000       4341.43840688640     
   5070.000       4375.12272878617     
   5085.000       4397.32735221787     
   5100.000       4411.24577798901     
   5115.000       4415.16525844172     
   5130.000       4399.90370076762     
   5145.000       4353.16125496785     
   5160.000       4271.21498694510     
   5175.000       4163.12534913306     
   5190.000       4039.95048091690     
   5205.000       3919.73824164158     
   5220.000       3815.90833911176     
   5235.000       3732.73793189027     
   5250.000       3679.05881804274     
   5265.000       3659.97982371176     
   5280.000       3671.58016463229     
   5295.000       3715.07768696476     
   5310.000       3787.60491291993     
   5325.000       3878.98825844303     
   5340.000       3977.55586063029     
   5355.000       4072.64625995602     
   5370.000       4158.94443679256     
   5385.000       4231.59263822021     
   5400.000       4293.36088383762     
   5400.000       3545.38273617007     
   5415.000       3580.24800333640     
   5430.000       3603.30529607338     
   5445.000       3617.21942834520     
   5460.000       3624.25352882238     
   5475.000       3622.50280351603     
   5490.000       3604.14668719873     
   5505.000       3560.28386437215     
   5520.000       3489.55949450779     
   5535.000       3399.85119551459     
   5550.000       3300.53317628597     
   5565.000       3206.15667883806     
   5580.000       3126.14972759252     
   5595.000       3064.16509154324     
   5610.000       3027.02599620730     
   5625.000       3017.59078594520     
   5640.000       3032.99444191265     
   5655.000       3074.17166566937     
   5670.000       3137.83186233385     
   5685.000       3215.21462876412     
   5700.000       3296.64436873348     
   5715.000       3373.58446797499     
   5730.000       3441.92281454891     
   5745.000       3498.43740860707     
   5760.000       3545.38273617007     
   5760.000       2906.49794499142     
   5775.000       2931.76092457341     
   5790.000       2947.47553340450     
   5805.000       2955.91662597103     
   5820.000       2958.68645102095     
   5835.000       2953.80950423923     
   5850.000       2934.95703437570     
   5865.000       2895.77247990410     
   5880.000       2836.23736554355     
   5895.000       2762.97286632676     
   5910.000       2683.76311525516     
   5925.000       2610.13997210144     
   5940.000       2548.73291568365     
   5955.000       2502.65621685980     
   5970.000       2477.06711218453     
   5985.000       2473.47170847981     
   6000.000       2489.81263119179     
   6015.000       2526.75506995079     
   6030.000       2581.02420003070     
   6045.000       2645.28013842723     
   6060.000       2711.62091515553     
   6075.000       2773.26259653788     
   6090.000       2827.06374216240     
   6105.000       2870.88906724679     
   6120.000       2906.49794499142     
   6120.000       2361.51725324101     
   6135.000       2379.82553714978     
   6150.000       2390.51894427980     
   6165.000       2395.44565425265     
   6180.000       2395.69986563293     
   6195.000       2389.45314589702     
   6210.000       2371.72488692992     
   6225.000       2338.03435378786     
   6240.000       2289.05352522815     
   6255.000       2230.20044671868     
   6270.000       2167.80554405873     
   6285.000       2110.82725810062     
   6300.000       2064.01788349677     
   6315.000       2029.90985136911     
   6330.000       2012.35338608448     
   6345.000       2012.06793257499     
   6360.000       2027.59245530654     
   6375.000       2059.37466366373     
   6390.000       2104.41619359794     
   6405.000       2156.72028274292     
   6420.000       2209.94221318588     
   6435.000       2258.74943262397     
   6450.000       2300.76994356026     
   6465.000       2334.58307609856     
   6480.000       2361.51725324101     
   6480.000       1896.64979328742     
   6495.000       1909.92028805171     
   6510.000       1917.21303402794     
   6525.000       1919.97084902452     
   6540.000       1918.88854087867     
   6555.000       1912.42111648679     
   6570.000       1896.76518067812     
   6585.000       1868.79277608066     
   6600.000       1829.45738130483     
   6615.000       1783.05352947282     
   6630.000       1734.64164356605     
   6645.000       1691.12162950906     
   6660.000       1655.80857995841     
   6675.000       1630.74921858787     
   6690.000       1618.76897993534     
   6705.000       1620.15124323993     
   6720.000       1633.86384272801     
   6735.000       1660.17840045756     
   6750.000       1696.52800566857     
   6765.000       1738.14003760254     
   6780.000       1780.02201018722     
   6795.000       1818.07783070618     
   6810.000       1850.51553088168     
   6825.000       1876.38182242228     
   6840.000       1896.64979328742     
   6840.000       1500.94947383628     
   6855.000       1510.55253517794     
   6870.000       1515.55389944403     
   6885.000       1517.03435198356     
   6900.000       1515.43481017634     
   6915.000       1509.49190511152     
   6930.000       1496.34589116262     
   6945.000       1473.89721401174     
   6960.000       1443.15005851775     
   6975.000       1407.45735112598     
   6990.000       1370.71131922789     
   7005.000       1338.08108547267     
   7020.000       1311.87552527690     
   7035.000       1293.69751030332     
   7050.000       1285.56859651550     
   7065.000       1287.54817693440     
   7080.000       1298.92169764302     
   7095.000       1319.86916952338     
   7110.000       1348.28781468790     
   7125.000       1380.49824362884     
   7140.000       1412.68196114733     
   7155.000       1441.72020207915     
   7170.000       1466.32173274910     
   7185.000       1485.83893740293     
   7200.000       1500.94947383628     
   7200.000       1164.22181679880     
   7215.000       1171.11973689373     
   7230.000       1174.57208947396     
   7245.000       1175.35151596917     
   7260.000       1173.72450803282     
   7275.000       1168.71938136878     
   7290.000       1158.27649851791     
   7305.000       1141.02225675651     
   7320.000       1117.86790886534     
   7335.000       1091.32455844750     
   7350.000       1064.28958597455     
   7365.000       1040.51295116546     
   7380.000       1021.56228032457     
   7395.000       1008.64520976029     
   7410.000       1003.18480307181     
   7425.000       1005.13602880756     
   7440.000       1014.00461238075     
   7455.000       1029.90336675290     
   7470.000       1051.21812511646     
   7485.000       1075.22700327989     
   7500.000       1099.11866067454     
   7515.000       1120.61368502974     
   7530.000       1138.77471132881     
   7545.000       1153.15381546229     
   7560.000       1164.22181679880     
   7560.000       877.719538496570     
   7575.000       882.582120746894     
   7590.000       884.975811542186     
   7605.000       885.423099675939     
   7620.000       884.068071441228     
   7635.000       880.209039718368     
   7650.000       872.444813968082     
   7665.000       859.926068499394     
   7680.000       843.392647079209     
   7695.000       824.633347320443     
   7710.000       805.688105449074     
   7725.000       789.146393402374     
   7740.000       776.039281723987     
   7755.000       767.210876523192     
   7770.000       763.617727091704     
   7785.000       765.183954556624     
   7800.000       771.578762106666     
   7815.000       782.876870915394     
   7830.000       797.930198713717     
   7845.000       814.845307109598     
   7860.000       831.671419122515     
   7875.000       846.828297628616     
   7890.000       859.665353355173     
   7905.000       869.869028984932     
   7920.000       877.719538496570     
   7920.000       633.728870821022     
   7935.000       637.017696216581     
   7950.000       638.669593112730     
   7965.000       638.992098813935     
   7980.000       638.053027470840     
   7995.000       635.396816279435     
   8010.000       630.160603724630     
   8025.000       621.874320640438     
   8040.000       611.081688543564     
   8055.000       598.949684970352     
   8070.000       586.780054989704     
   8085.000       576.207693418057     
   8100.000       567.853150334234     
   8115.000       562.248643548449     
   8130.000       559.988619057008     
   8145.000       561.005413582644     
   8160.000       565.090719329320     
   8175.000       572.298860609873     
   8190.000       581.905873006924     
   8205.000       592.726928761536     
   8220.000       603.542305194585     
   8235.000       613.355790122478     
   8250.000       621.743800702342     
   8265.000       628.487292475755     
   8280.000       633.728870821022     
   8280.000       425.186769277534     
   8295.000       427.152517604430     
   8310.000       428.203587555241     
   8325.000       428.481239598347     
   8340.000       428.001927591909     
   8355.000       426.525223843663     
   8370.000       423.626048048838     
   8385.000       419.107011947012     
   8400.000       413.298409472744     
   8415.000       406.832123002448     
   8430.000       400.382380535531     
   8445.000       394.793713168730     
   8460.000       390.370325676403     
   8475.000       387.379538744099     
   8490.000       386.129801417261     
   8505.000       386.578198533764     
   8520.000       388.612652290641     
   8535.000       392.274182739081     
   8550.000       397.208524263451     
   8565.000       402.827844206686     
   8580.000       408.524871296222     
   8595.000       413.788501103926     
   8610.000       418.384708166377     
   8625.000       422.170368603381     
   8640.000       425.186769277534     
