  0.0000000E+00   88.8036679278101        6.000000    
   22.50000       97.7517264923025        6.000000    
   45.00000       103.185576735202        6.000000    
   67.50000       110.432415326080        6.000000    
   90.00000       121.787960948617        6.000000    
   112.5000       131.941757127185        6.000000    
   135.0000       135.097248578465        6.000000    
   157.5000       129.058891084548        6.000000    
   180.0000       114.511830916727        6.000000    
   202.5000       98.5814018176127        6.000000    
   225.0000       87.5619534515922        6.000000    
   247.5000       76.8815192970291        6.000000    
   270.0000       66.9654383797267        6.000000    
   292.5000       65.6090833273390        6.000000    
   315.0000       71.1715376137800        6.000000    
   337.5000       78.3979415739318        6.000000    
  0.0000000E+00   88.8036679278101        6.000000    
 
  0.0000000E+00   77.7968874412967        6.283333    
   22.50000       84.6272340237232        6.283333    
   45.00000       89.4937773508941        6.283333    
   67.50000       95.7358988222487        6.283333    
   90.00000       104.970320084097        6.283333    
   112.5000       113.470376870396        6.283333    
   135.0000       117.131353800080        6.283333    
   157.5000       114.223063368422        6.283333    
   180.0000       104.278232021887        6.283333    
   202.5000       92.1034437834420        6.283333    
   225.0000       83.1524740795183        6.283333    
   247.5000       74.1554372570294        6.283333    
   270.0000       65.4236868192412        6.283333    
   292.5000       63.3590226112176        6.283333    
   315.0000       66.5596263910318        6.283333    
   337.5000       70.7929816351225        6.283333    
  0.0000000E+00   77.7968874412967        6.283333    
 
  0.0000000E+00   66.7103014851310        6.566667    
   22.50000       71.1586976727425        6.566667    
   45.00000       74.8622490808876        6.566667    
   67.50000       79.3289124744685        6.566667    
   90.00000       85.8654109286671        6.566667    
   112.5000       92.6962152502853        6.566667    
   135.0000       96.9531200137622        6.566667    
   157.5000       97.1988273412627        6.566667    
   180.0000       92.4587683904148        6.566667    
   202.5000       84.6229874300818        6.566667    
   225.0000       78.0049830659998        6.566667    
   247.5000       71.1431023637094        6.566667    
   270.0000       63.9065923564214        6.566667    
   292.5000       61.0183606641774        6.566667    
   315.0000       61.6686497107610        6.566667    
   337.5000       63.0534383862385        6.566667    
  0.0000000E+00   66.7103014851310        6.566667    
 
  0.0000000E+00   56.4379284862684        6.850000    
   22.50000       58.8044806970472        6.850000    
   45.00000       61.2998829867586        6.850000    
   67.50000       64.0607758036266        6.850000    
   90.00000       68.0768388838893        6.850000    
   112.5000       73.0639313712414        6.850000    
   135.0000       77.2875005117090        6.850000    
   157.5000       79.6709388896589        6.850000    
   180.0000       78.9615723364808        6.850000    
   202.5000       74.9141215251521        6.850000    
   225.0000       70.5625298566400        6.850000    
   247.5000       65.8381901966434        6.850000    
   270.0000       60.3201569348202        6.850000    
   292.5000       56.8696562056818        6.850000    
   315.0000       55.7222316816387        6.850000    
   337.5000       55.3146707354738        6.850000    
  0.0000000E+00   56.4379284862684        6.850000    
 
  0.0000000E+00   47.9627724392353        7.133333    
   22.50000       49.1425358256711        7.133333    
   45.00000       50.8291222749140        7.133333    
   67.50000       52.6287204561637        7.133333    
   90.00000       55.0744940321232        7.133333    
   112.5000       58.4262394360534        7.133333    
   135.0000       61.7817353213097        7.133333    
   157.5000       64.4164703649628        7.133333    
   180.0000       65.2772259852127        7.133333    
   202.5000       63.4927014487355        7.133333    
   225.0000       60.8050935487997        7.133333    
   247.5000       57.6531580804653        7.133333    
   270.0000       53.7176966621283        7.133333    
   292.5000       50.5318628480092        7.133333    
   315.0000       48.8776653018781        7.133333    
   337.5000       47.9261437942421        7.133333    
  0.0000000E+00   47.9627724392353        7.133333    
 
  0.0000000E+00   41.2080875953511        7.416667    
   22.50000       42.1674912462922        7.416667    
   45.00000       43.5318093960359        7.416667    
   67.50000       44.9327301926491        7.416667    
   90.00000       46.6904406225224        7.416667    
   112.5000       49.0008918410861        7.416667    
   135.0000       51.3188142301539        7.416667    
   157.5000       53.1642854555400        7.416667    
   180.0000       53.7561438263739        7.416667    
   202.5000       52.5075145217778        7.416667    
   225.0000       50.5380665697059        7.416667    
   247.5000       48.1810952483030        7.416667    
   270.0000       45.3545909932549        7.416667    
   292.5000       43.0115600522988        7.416667    
   315.0000       41.7586901812287        7.416667    
   337.5000       41.1064430498706        7.416667    
  0.0000000E+00   41.2080875953511        7.416667    
 
  0.0000000E+00   35.6628511244145        7.700000    
   22.50000       36.6778366679384        7.700000    
   45.00000       37.8528140384793        7.700000    
   67.50000       38.9971651119084        7.700000    
   90.00000       40.3291050884138        7.700000    
   112.5000       41.8677775091865        7.700000    
   135.0000       43.2377193554123        7.700000    
   157.5000       44.1090766413967        7.700000    
   180.0000       43.9754966617195        7.700000    
   202.5000       42.7138842854154        7.700000    
   225.0000       41.1033011576468        7.700000    
   247.5000       39.2553991659223        7.700000    
   270.0000       37.3008072624924        7.700000    
   292.5000       35.8858601600514        7.700000    
   315.0000       35.2807712201957        7.700000    
   337.5000       35.1751583070767        7.700000    
  0.0000000E+00   35.6628511244145        7.700000    
 
  0.0000000E+00   30.6435029315490        7.983334    
   22.50000       31.5893565680259        7.983334    
   45.00000       32.5307542315659        7.983334    
   67.50000       33.4042062690203        7.983334    
   90.00000       34.3276146868346        7.983334    
   112.5000       35.2298253888362        7.983334    
   135.0000       35.8715390357344        7.983334    
   157.5000       36.0471177773923        7.983334    
   180.0000       35.4944100414406        7.983334    
   202.5000       34.3419698534498        7.983334    
   225.0000       33.0775246325122        7.983334    
   247.5000       31.7282966777712        7.983334    
   270.0000       30.5069089138506        7.983334    
   292.5000       29.8040632571866        7.983334    
   315.0000       29.6842428907711        7.983334    
   337.5000       29.9517464297470        7.983334    
  0.0000000E+00   30.6435029315490        7.983334    
 
  0.0000000E+00   26.0169734436735        8.266666    
   22.50000       26.7975729639687        8.266666    
   45.00000       27.5075102289826        8.266666    
   67.50000       28.1277725207235        8.266666    
   90.00000       28.7049530041773        8.266666    
   112.5000       29.1546992141239        8.266666    
   135.0000       29.3435372628865        8.266666    
   157.5000       29.1603452856348        8.266666    
   180.0000       28.5102360232135        8.266666    
   202.5000       27.5872528648832        8.266666    
   225.0000       26.6652213592195        8.266666    
   247.5000       25.7570167674623        8.266666    
   270.0000       25.0591328117787        8.266666    
   292.5000       24.7806421921731        8.266666    
   315.0000       24.9095214669636        8.266666    
   337.5000       25.3271151856935        8.266666    
  0.0000000E+00   26.0169734436735        8.266666    
 
  0.0000000E+00   21.9086168607416        8.550000    
   22.50000       22.5064899078931        8.550000    
   45.00000       23.0173537192539        8.550000    
   67.50000       23.4347448989423        8.550000    
   90.00000       23.7639151009530        8.550000    
   112.5000       23.9371818091252        8.550000    
   135.0000       23.8911615411555        8.550000    
   157.5000       23.5786404246001        8.550000    
   180.0000       22.9953454286073        8.550000    
   202.5000       22.3132334892271        8.550000    
   225.0000       21.6762895049767        8.550000    
   247.5000       21.0995361612132        8.550000    
   270.0000       20.7299880682530        8.550000    
   292.5000       20.6695994946185        8.550000    
   315.0000       20.8901283746989        8.550000    
   337.5000       21.3180575669692        8.550000    
  0.0000000E+00   21.9086168607416        8.550000    
 
  0.0000000E+00   18.3642125190565        8.833333    
   22.50000       18.7995597511521        8.833333    
   45.00000       19.1548545029703        8.833333    
   67.50000       19.4245018429943        8.833333    
   90.00000       19.5955450487052        8.833333    
   112.5000       19.6217188740273        8.833333    
   135.0000       19.4801111834218        8.833333    
   157.5000       19.1608843740434        8.833333    
   180.0000       18.6980240915299        8.833333    
   202.5000       18.2185390917304        8.833333    
   225.0000       17.7949794989759        8.833333    
   247.5000       17.4437985235747        8.833333    
   270.0000       17.2640333196950        8.833333    
   292.5000       17.3010842658352        8.833333    
   315.0000       17.5291849271441        8.833333    
   337.5000       17.9011218245967        8.833333    
  0.0000000E+00   18.3642125190565        8.833333    
 
  0.0000000E+00   15.3636802272912        9.116667    
   22.50000       15.6677373161686        9.116667    
   45.00000       15.9073011846675        9.116667    
   67.50000       16.0757191074113        9.116667    
   90.00000       16.1551967975741        9.116667    
   112.5000       16.1168848710547        9.116667    
   135.0000       15.9580420460215        9.116667    
   157.5000       15.6869352893592        9.116667    
   180.0000       15.3463983869017        9.116667    
   202.5000       15.0217266306346        9.116667    
   225.0000       14.7485763642402        9.116667    
   247.5000       14.5421394216604        9.116667    
   270.0000       14.4652590601428        9.116667    
   292.5000       14.5338725759831        9.116667    
   315.0000       14.7310785936930        9.116667    
   337.5000       15.0236245725979        9.116667    
  0.0000000E+00   15.3636802272912        9.116667    
 
  0.0000000E+00   12.8483850555202        9.400000    
   22.50000       13.0508659162800        9.400000    
   45.00000       13.2060633293952        9.400000    
   67.50000       13.3077753147027        9.400000    
   90.00000       13.3393605533437        9.400000    
   112.5000       13.2839291852199        9.400000    
   135.0000       13.1465877419561        9.400000    
   157.5000       12.9414365986026        9.400000    
   180.0000       12.7062905735691        9.400000    
   202.5000       12.4949784815110        9.400000    
   225.0000       12.3246334805507        9.400000    
   247.5000       12.2066736516284        9.400000    
   270.0000       12.1792174059623        9.400000    
   292.5000       12.2471924117701        9.400000    
   315.0000       12.3992124215151        9.400000    
   337.5000       12.6124020968986        9.400000    
  0.0000000E+00   12.8483850555202        9.400000    
 
  0.0000000E+00   10.7632980682208        9.683333    
   22.50000       10.8903443215353        9.683333    
   45.00000       10.9856674332787        9.683333    
   67.50000       11.0439294147843        9.683333    
   90.00000       11.0532468644797        9.683333    
   112.5000       11.0042440622867        9.683333    
   135.0000       10.9036371223932        9.683333    
   157.5000       10.7638870441621        9.683333    
   180.0000       10.6128554245715        9.683333    
   202.5000       10.4823752724799        9.683333    
   225.0000       10.3807401542159        9.683333    
   247.5000       10.3162663185235        9.683333    
   270.0000       10.3105985005665        9.683333    
   292.5000       10.3638843040073        9.683333    
   315.0000       10.4691768304898        9.683333    
   337.5000       10.6113011664419        9.683333    
  0.0000000E+00   10.7632980682208        9.683333    
 
  0.0000000E+00   9.03876921574357        9.966667    
   22.50000       9.10906783665132        9.966667    
   45.00000       9.16090872768287        9.966667    
   67.50000       9.19088653085137        9.966667    
   90.00000       9.19182913737699        9.966667    
   112.5000       9.15921456140724        9.966667    
   135.0000       9.09774484363789        9.966667    
   157.5000       9.01626398602663        9.966667    
   180.0000       8.93138599246646        9.966667    
   202.5000       8.85988742605694        9.966667    
   225.0000       8.80562043265523        9.966667    
   247.5000       8.77354046874933        9.966667    
   270.0000       8.77487415161769        9.966667    
   292.5000       8.80865272428580        9.966667    
   315.0000       8.87104584558184        9.966667    
   337.5000       8.95311537811078        9.966667    
  0.0000000E+00   9.03876921574357        9.966667    
 
  0.0000000E+00   7.60725730943715        10.25000    
   22.50000       7.63455430635303        10.25000    
   45.00000       7.65429896139236        10.25000    
   67.50000       7.66519546862593        10.25000    
   90.00000       7.66445803875175        10.25000    
   112.5000       7.65060183809212        10.25000    
   135.0000       7.62570198220357        10.25000    
   157.5000       7.59344117804559        10.25000    
   180.0000       7.56038079221173        10.25000    
   202.5000       7.53283940655993        10.25000    
   225.0000       7.51214734541586        10.25000    
   247.5000       7.50030656803081        10.25000    
   270.0000       7.50159790459540        10.25000    
   292.5000       7.51556916546043        10.25000    
   315.0000       7.54076757312373        10.25000    
   337.5000       7.57352519991968        10.25000    
  0.0000000E+00   7.60725730943715        10.25000    
 
