  0.0000000E+00   174.531413646471     
   22.50000       185.508825018991     
   45.00000       196.058208108336     
   67.50000       208.179762021901     
   90.00000       208.963152082778     
   112.5000       197.396084984900     
   135.0000       181.139952119690     
   157.5000       160.723835513533     
   180.0000       144.555882782147     
   202.5000       135.733751338791     
   225.0000       125.605536124282     
   247.5000       121.693880584451     
   270.0000       132.058074797679     
   292.5000       140.911044522638     
   315.0000       151.328001078780     
   337.5000       164.265908928239     
   360.0000       174.531413646471     
   360.0000       154.813727982893     
   382.5000       164.202545443942     
   405.0000       174.343922109556     
   427.5000       185.148781175682     
   450.0000       188.398273856419     
   472.5000       181.519949514010     
   495.0000       170.367079999072     
   517.5000       154.997798603143     
   540.0000       141.729780660498     
   562.5000       133.946470668792     
   585.0000       125.075877634033     
   607.5000       120.576920504164     
   630.0000       125.255880488258     
   652.5000       129.941081781283     
   675.0000       136.905524335342     
   697.5000       146.520845312877     
   720.0000       154.813727982893     
   720.0000       131.903183732285     
   742.5000       138.440365539591     
   765.0000       146.200459357493     
   787.5000       154.946104638961     
   810.0000       160.050675967915     
   832.5000       158.232602926801     
   855.0000       152.954566607834     
   877.5000       143.460010219602     
   900.0000       133.644303952260     
   922.5000       126.940589761900     
   945.0000       119.645457961075     
   967.5000       114.931949874087     
   990.0000       115.411890682995     
   1012.500       116.821611516560     
   1035.000       120.267335078971     
   1057.500       126.163938139176     
   1080.000       131.903183732285     
   1080.000       109.365008696133     
   1102.500       113.341553728206     
   1125.000       118.139003303400     
   1147.500       124.295804495715     
   1170.000       130.208965102836     
   1192.500       131.995883604769     
   1215.000       131.056557613044     
   1237.500       126.468515800785     
   1260.000       120.023773324936     
   1282.500       114.654638972294     
   1305.000       109.118052806364     
   1327.500       104.473204104735     
   1350.000       102.788981581047     
   1372.500       102.274027033117     
   1395.000       103.126840430797     
   1417.500       105.927071315637     
   1440.000       109.365008696133     
   1440.000       90.5735220192793     
   1462.500       93.1462355969636     
   1485.000       96.0821454493280     
   1507.500       100.047381292062     
   1530.000       104.931693995841     
   1552.500       107.784834553240     
   1575.000       108.764241173863     
   1597.500       106.918531295653     
   1620.000       102.941925393560     
   1642.500       98.8709935605274     
   1665.000       94.7023917837682     
   1687.500       90.7379721949630     
   1710.000       88.5677695297585     
   1732.500       87.4511779524746     
   1755.000       87.2878450243948     
   1777.500       88.4788152195332     
   1800.000       90.5735220192793     
   1800.000       76.2730401881664     
   1822.500       78.3472223685079     
   1845.000       80.5549807098937     
   1867.500       83.3750138238028     
   1890.000       86.7783197738055     
   1912.500       88.7717247521533     
   1935.000       89.4256552374870     
   1957.500       88.0285854957181     
   1980.000       85.2012858933941     
   2002.500       82.1841503206813     
   2025.000       79.1604414452763     
   2047.500       76.2468416278137     
   2070.000       74.5542057726211     
   2092.500       73.6332874411461     
   2115.000       73.5666028853946     
   2137.500       74.5152040064457     
   2160.000       76.2730401881664     
   2160.000       64.6285836288388     
   2182.500       66.4284335267701     
   2205.000       68.2012090353735     
   2227.500       70.1844289922404     
   2250.000       72.0863005880123     
   2272.500       72.7705567415776     
   2295.000       72.5548106153254     
   2317.500       71.0252784592303     
   2340.000       68.8848276737283     
   2362.500       66.7308856696346     
   2385.000       64.6379405358145     
   2407.500       62.7309828971958     
   2430.000       61.7151755353734     
   2452.500       61.2806537975362     
   2475.000       61.6983595982715     
   2497.500       62.8808727337172     
   2520.000       64.6285836288388     
   2520.000       53.8850316447307     
   2542.500       55.3167822616331     
   2565.000       56.6157867440370     
   2587.500       57.8028665131921     
   2610.000       58.5436906369427     
   2632.500       58.3568602635695     
   2655.000       57.6533400445942     
   2677.500       56.2343975214233     
   2700.000       54.7176255273280     
   2722.500       53.2647397130304     
   2745.000       51.9132129574373     
   2767.500       50.7893532759034     
   2790.000       50.3115424748239     
   2812.500       50.3018062940654     
   2835.000       51.0496263222573     
   2857.500       52.3078788100993     
   2880.000       53.8850316447307     
   2880.000       43.9697009694189     
   2902.500       45.0127470728264     
   2925.000       45.8795113836639     
   2947.500       46.4716340371415     
   2970.000       46.5466981695773     
   2992.500       45.9903710295808     
   3015.000       45.1794331376865     
   3037.500       44.0439530691549     
   3060.000       43.0353471997954     
   3082.500       42.1015773340683     
   3105.000       41.2900690399320     
   3127.500       40.6917756774136     
   3150.000       40.5460162308730     
   3172.500       40.7660958305709     
   3195.000       41.5783368628977     
   3217.500       42.6978435313698     
   3240.000       43.9697009694189     
   3240.000       35.2921262961819     
   3262.500       36.0038396018810     
   3285.000       36.5426659501134     
   3307.500       36.7719161912081     
   3330.000       36.5525449894456     
   3352.500       35.9302107751521     
   3375.000       35.2043811434051     
   3397.500       34.3704862611904     
   3420.000       33.7252556337120     
   3442.500       33.1463007620316     
   3465.000       32.6911749379337     
   3487.500       32.4095968457177     
   3510.000       32.4368637999220     
   3532.500       32.7346916077223     
   3555.000       33.4558091391521     
   3577.500       34.3456382241627     
   3600.000       35.2921262961819     
   3600.000       28.0057517999951     
   3622.500       28.4665102299227     
   3645.000       28.7820366021993     
   3667.500       28.8225809967298     
   3690.000       28.5229438402136     
   3712.500       27.9766891369295     
   3735.000       27.4030020822310     
   3757.500       26.8234280457349     
   3780.000       26.4206312452138     
   3802.500       26.0714959970544     
   3825.000       25.8330030264798     
   3847.500       25.7250440964250     
   3870.000       25.8244175831288     
   3892.500       26.1140487471848     
   3915.000       26.6871226212108     
   3937.500       27.3427425596745     
   3960.000       28.0057517999951     
   3960.000       22.0585308805897     
   3982.500       22.3437663499361     
   4005.000       22.5189313235648     
   4027.500       22.4793844445628     
   4050.000       22.2029650962413     
   4072.500       21.7802859465505     
   4095.000       21.3623804901901     
   4117.500       20.9762033083247     
   4140.000       20.7293703821320     
   4162.500       20.5236355455755     
   4185.000       20.4075457045225     
   4207.500       20.3843942342204     
   4230.000       20.4982141514459     
   4252.500       20.7398868979033     
   4275.000       21.1615556420802     
   4297.500       21.6168995628822     
   4320.000       22.0585308805897     
   4320.000       17.2808360151113     
   4342.500       17.4495380353271     
   4365.000       17.5416116292210     
   4387.500       17.4818353544782     
   4410.000       17.2681048614292     
   4432.500       16.9701703622293     
   4455.000       16.6861911913685     
   4477.500       16.4394915727141     
   4500.000       16.2913945839705     
   4522.500       16.1730636887885     
   4545.000       16.1213172411285     
   4567.500       16.1325767415462     
   4590.000       16.2319743921404     
   4612.500       16.4131763215693     
   4635.000       16.7027520023036     
   4657.500       17.0013492791095     
   4680.000       17.2808360151113     
   4680.000       13.5005973750369     
   4702.500       13.5941069463569     
   4725.000       13.6395058019138     
   4747.500       13.5876998998267     
   4770.000       13.4434914532349     
   4792.500       13.2532025284840     
   4815.000       13.0750632608989     
   4837.500       12.9265792817766     
   4860.000       12.8413017196181     
   4882.500       12.7759966522891     
   4905.000       12.7555392293919     
   4927.500       12.7750170095345     
   4950.000       12.8482528959840     
   4972.500       12.9704324336358     
   4995.000       13.1536211801060     
   5017.500       13.3355697128340     
   5040.000       13.5005973750369     
   5040.000       10.5187876767790     
   5062.500       10.5653693224563     
   5085.000       10.5851043105651     
   5107.500       10.5511514493645     
   5130.000       10.4682779269310     
   5152.500       10.3623358784475     
   5175.000       10.2647770622024     
   5197.500       10.1856137807508     
   5220.000       10.1415490526462     
   5242.500       10.1090169446970     
   5265.000       10.1024095982047     
   5287.500       10.1180704033707     
   5310.000       10.1627516090855     
   5332.500       10.2333059818196     
   5355.000       10.3345056329080     
   5377.500       10.4322706623597     
   5400.000       10.5187876767790     
   5400.000       8.15981057254011     
   5422.500       8.17624156496179     
   5445.000       8.18239025412093     
   5467.500       8.16813260627041     
   5490.000       8.13569925941109     
   5512.500       8.09508422573464     
   5535.000       8.05800397740721     
   5557.500       8.02846545396023     
   5580.000       8.01240385969785     
   5602.500       8.00098942037562     
   5625.000       7.99966904014762     
   5647.500       8.00689027543856     
   5670.000       8.02495715589055     
   5692.500       8.05265094631890     
   5715.000       8.09128493076527     
   5737.500       8.12798152099910     
   5760.000       8.15981057254011     
