  0.0000000E+00  1.184391317620863E+036
   22.50000      1.163905447395663E+036
   45.00000      1.151753660403286E+036
   67.50000      1.147352943256041E+036
   90.00000      1.163069851547871E+036
   112.5000      1.176513438459357E+036
   135.0000      1.187065354012562E+036
   157.5000      1.186016992885862E+036
   180.0000      1.161436689108367E+036
   202.5000      1.132664846522961E+036
   225.0000      1.105371239531049E+036
   247.5000      1.093529300627753E+036
   270.0000      1.133462597702322E+036
   292.5000      1.180787581634993E+036
   315.0000      1.204020962350493E+036
   337.5000      1.207979927384915E+036
   360.0000      1.184391317620863E+036
   360.0000      1.102692913979834E+036
   382.5000      1.081171359116466E+036
   405.0000      1.068049217698615E+036
   427.5000      1.064600693617003E+036
   450.0000      1.077095714036748E+036
   472.5000      1.088980921662126E+036
   495.0000      1.098093532870672E+036
   517.5000      1.097041959511480E+036
   540.0000      1.077281002890442E+036
   562.5000      1.053854495756658E+036
   585.0000      1.032834733408283E+036
   607.5000      1.022632923344838E+036
   630.0000      1.051159874861836E+036
   652.5000      1.086434591216986E+036
   675.0000      1.109125301776488E+036
   697.5000      1.116507446015750E+036
   720.0000      1.102692913979834E+036
   720.0000      9.922136272484980E+035
   742.5000      9.796481583451802E+035
   765.0000      9.672705547634074E+035
   787.5000      9.605274925273998E+035
   810.0000      9.670234107851458E+035
   832.5000      9.753540356120498E+035
   855.0000      9.815843372913750E+035
   877.5000      9.792114110365318E+035
   900.0000      9.629379349143075E+035
   922.5000      9.431434351076965E+035
   945.0000      9.262559003967704E+035
   967.5000      9.161477492402115E+035
   990.0000      9.349767751657209E+035
   1012.500      9.633186161378435E+035
   1035.000      9.859132246332802E+035
   1057.500      9.968552248351945E+035
   1080.000      9.922136272484980E+035
   1080.000      8.791167306326577E+035
   1102.500      8.731229906101073E+035
   1125.000      8.630985554461322E+035
   1147.500      8.558377672613800E+035
   1170.000      8.574159788763848E+035
   1192.500      8.623914981515669E+035
   1215.000      8.666826512458323E+035
   1237.500      8.648080419245136E+035
   1260.000      8.518526404798755E+035
   1282.500      8.347349834076841E+035
   1305.000      8.202341960475906E+035
   1327.500      8.093563483588102E+035
   1350.000      8.188130936184604E+035
   1372.500      8.407495074397348E+035
   1395.000      8.628664317172946E+035
   1417.500      8.771325904174034E+035
   1440.000      8.791167306326577E+035
   1440.000      7.717442166573360E+035
   1462.500      7.697377713540522E+035
   1485.000      7.624931892427128E+035
   1507.500      7.558313992748333E+035
   1530.000      7.556370946675974E+035
   1552.500      7.590147255711591E+035
   1575.000      7.617805979857720E+035
   1597.500      7.597466070181539E+035
   1620.000      7.485979621526433E+035
   1642.500      7.334565415116111E+035
   1665.000      7.208057486960607E+035
   1687.500      7.109021988108738E+035
   1710.000      7.150794666362344E+035
   1732.500      7.315767161665767E+035
   1755.000      7.514614325550754E+035
   1777.500      7.663958084023798E+035
   1800.000      7.717442166573360E+035
   1800.000      6.736322845188463E+035
   1822.500      6.728897716738010E+035
   1845.000      6.679116343433663E+035
   1867.500      6.632248660100120E+035
   1890.000      6.634131575383290E+035
   1912.500      6.657775591615220E+035
   1935.000      6.664307112859570E+035
   1957.500      6.626492580544518E+035
   1980.000      6.518916847448381E+035
   2002.500      6.389136038276569E+035
   2025.000      6.287442663101798E+035
   2047.500      6.219610801758698E+035
   2070.000      6.258413962177457E+035
   2092.500      6.394450652092122E+035
   2115.000      6.559114842361535E+035
   2137.500      6.684587252135702E+035
   2160.000      6.736322845188463E+035
   2160.000      5.865197018279776E+035
   2182.500      5.854817951904990E+035
   2205.000      5.815266501226629E+035
   2227.500      5.782932890299227E+035
   2250.000      5.787176390387378E+035
   2272.500      5.798842531133098E+035
   2295.000      5.786505755474766E+035
   2317.500      5.732191776035240E+035
   2340.000      5.629834263973531E+035
   2362.500      5.524583160034931E+035
   2385.000      5.449353250711877E+035
   2407.500      5.415160619617927E+035
   2430.000      5.471696736229670E+035
   2452.500      5.597224978973992E+035
   2475.000      5.733549032251492E+035
   2497.500      5.829616325881165E+035
   2520.000      5.865197018279776E+035
   2520.000      5.082526745750914E+035
   2542.500      5.065191818231861E+035
   2565.000      5.028013941935271E+035
   2587.500      5.001841041004060E+035
   2610.000      5.003882296429354E+035
   2632.500      5.006333385390995E+035
   2655.000      4.983823674048808E+035
   2677.500      4.922796904071432E+035
   2700.000      4.831155335539010E+035
   2722.500      4.749045494920732E+035
   2745.000      4.696398240292933E+035
   2767.500      4.689259589887444E+035
   2790.000      4.760307067836296E+035
   2812.500      4.878498866957347E+035
   2835.000      4.992845507676686E+035
   2857.500      5.063556458567824E+035
   2880.000      5.082526745750914E+035
   2880.000      4.366344634677105E+035
   2902.500      4.344043517328710E+035
   2925.000      4.307827879868671E+035
   2947.500      4.284390172525174E+035
   2970.000      4.283081268175942E+035
   2992.500      4.280183613195405E+035
   3015.000      4.253942129512188E+035
   3037.500      4.194016622304519E+035
   3060.000      4.116812538354121E+035
   3082.500      4.054448567710618E+035
   3105.000      4.019718643466290E+035
   3127.500      4.030560283892355E+035
   3150.000      4.106539282534207E+035
   3172.500      4.213844246174251E+035
   3195.000      4.308595593004812E+035
   3217.500      4.359361966002863E+035
   3240.000      4.366344634677105E+035
   3240.000      3.705131986802855E+035
   3262.500      3.680769791816512E+035
   3285.000      3.646489626778000E+035
   3307.500      3.625097471288184E+035
   3330.000      3.621126642677561E+035
   3352.500      3.615679882599253E+035
   3375.000      3.589586426156662E+035
   3397.500      3.535400935467912E+035
   3420.000      3.473193808953739E+035
   3442.500      3.426828661622605E+035
   3465.000      3.405428674445005E+035
   3487.500      3.426097126753803E+035
   3510.000      3.499200687761623E+035
   3532.500      3.592699027799236E+035
   3555.000      3.669742157953612E+035
   3577.500      3.705559020121698E+035
   3600.000      3.705131986802855E+035
   3600.000      3.092022374491613E+035
   3622.500      3.068020621442225E+035
   3645.000      3.036977218258200E+035
   3667.500      3.017842020591249E+035
   3690.000      3.012401042827018E+035
   3712.500      3.006224882189094E+035
   3735.000      2.982524126976245E+035
   3757.500      2.936303421146736E+035
   3780.000      2.887837834783654E+035
   3802.500      2.853982314320706E+035
   3825.000      2.841848960125080E+035
   3847.500      2.866270467992461E+035
   3870.000      2.931683214226331E+035
   3892.500      3.010199318511332E+035
   3915.000      3.071571494241164E+035
   3937.500      3.096471297063412E+035
   3960.000      3.092022374491613E+035
   3960.000      2.522032219868986E+035
   3982.500      2.500217621755464E+035
   4005.000      2.473505194086709E+035
   4027.500      2.457074378489862E+035
   4050.000      2.451296401218077E+035
   4072.500      2.445488976690622E+035
   4095.000      2.425285586612247E+035
   4117.500      2.387753529118900E+035
   4140.000      2.351113888410789E+035
   4162.500      2.326839706626410E+035
   4185.000      2.320675934228366E+035
   4207.500      2.344617903135198E+035
   4230.000      2.399917897088881E+035
   4252.500      2.463434253045147E+035
   4275.000      2.511113865810443E+035
   4297.500      2.528147706868991E+035
   4320.000      2.522032219868986E+035
   4320.000      1.991222740191804E+035
   4342.500      1.972868456379982E+035
   4365.000      1.951215230824194E+035
   4387.500      1.937874343558568E+035
   4410.000      1.932609382860531E+035
   4432.500      1.927744484469524E+035
   4455.000      1.911596795085202E+035
   4477.500      1.882656403940209E+035
   4500.000      1.855911412245364E+035
   4522.500      1.838935861464760E+035
   4545.000      1.836299130920270E+035
   4567.500      1.857162943255019E+035
   4590.000      1.901189288456886E+035
   4612.500      1.950283168712876E+035
   4635.000      1.986025483620255E+035
   4657.500      1.997420751122836E+035
   4680.000      1.991222740191804E+035
   4680.000      1.496305876012857E+035
   4702.500      1.482211710138658E+035
   4725.000      1.466004805018349E+035
   4747.500      1.455997571989610E+035
   4770.000      1.451795206874829E+035
   4792.500      1.448133549900801E+035
   4815.000      1.436215644252854E+035
   4837.500      1.415389510999623E+035
   4860.000      1.396886671602000E+035
   4882.500      1.385524975206028E+035
   4905.000      1.384717916019650E+035
   4927.500      1.400994527696785E+035
   4950.000      1.433459613635520E+035
   4972.500      1.468964621038258E+035
   4995.000      1.494241803786648E+035
   5017.500      1.501568544847749E+035
   5040.000      1.496305876012857E+035
   5040.000      1.034438748195991E+035
   5062.500      1.025018015157813E+035
   5085.000      1.014366951477647E+035
   5107.500      1.007783066954365E+035
   5130.000      1.004931450672495E+035
   5152.500      1.002535745752369E+035
   5175.000      9.947906203457533E+034
   5197.500      9.814706027291018E+034
   5220.000      9.699398082321085E+034
   5242.500      9.630169625645574E+034
   5265.000      9.629571257465843E+034
   5287.500      9.739057914526565E+034
   5310.000      9.950238313606966E+034
   5332.500      1.017843089816298E+035
   5355.000      1.033843677592162E+035
   5377.500      1.038162632895175E+035
   5400.000      1.034438748195991E+035
   5400.000      6.030929825737331E+034
   5422.500      5.984499907696013E+034
   5445.000      5.932517935883434E+034
   5467.500      5.900398929965272E+034
   5490.000      5.886333251100852E+034
   5512.500      5.874741975900168E+034
   5535.000      5.837194381646163E+034
   5557.500      5.773128476518381E+034
   5580.000      5.718410777447127E+034
   5602.500      5.685962660383857E+034
   5625.000      5.686856921421206E+034
   5647.500      5.740926321643311E+034
   5670.000      5.843461730784849E+034
   5692.500      5.953553444395382E+034
   5715.000      6.030073527258508E+034
   5737.500      6.049841591586920E+034
   5760.000      6.030929825737331E+034
