  0.0000000E+00  7.793278353201821E+035   6.000000    
   22.50000      8.364045556067176E+035   6.000000    
   45.00000      8.999465139625413E+035   6.000000    
   67.50000      9.614695092741680E+035   6.000000    
   90.00000      1.021459232312388E+036   6.000000    
   112.5000      1.083346130306259E+036   6.000000    
   135.0000      1.152690274816783E+036   6.000000    
   157.5000      1.191927865045563E+036   6.000000    
   180.0000      1.198419944960254E+036   6.000000    
   202.5000      1.173212151725241E+036   6.000000    
   225.0000      1.118819323654169E+036   6.000000    
   247.5000      1.050382270399364E+036   6.000000    
   270.0000      9.734485067740839E+035   6.000000    
   292.5000      8.777811395441179E+035   6.000000    
   315.0000      7.955658995568440E+035   6.000000    
   337.5000      7.599604232311579E+035   6.000000    
  0.0000000E+00  7.793278353201821E+035   6.000000    
 
  0.0000000E+00  7.519967756160682E+035   6.283333    
   22.50000      7.980622206321973E+035   6.283333    
   45.00000      8.503634434388132E+035   6.283333    
   67.50000      9.017673384821770E+035   6.283333    
   90.00000      9.526970580352847E+035   6.283333    
   112.5000      1.005746770258015E+036   6.283333    
   135.0000      1.059489137694232E+036   6.283333    
   157.5000      1.092069088898885E+036   6.283333    
   180.0000      1.100889586322544E+036   6.283333    
   202.5000      1.082268228747562E+036   6.283333    
   225.0000      1.038321005081932E+036   6.283333    
   247.5000      9.871445245239542E+035   6.283333    
   270.0000      9.266028365346609E+035   6.283333    
   292.5000      8.456714599259713E+035   6.283333    
   315.0000      7.735257865828358E+035   6.283333    
   337.5000      7.392785252192678E+035   6.283333    
  0.0000000E+00  7.519967756160682E+035   6.283333    
 
  0.0000000E+00  7.094707450801977E+035   6.566667    
   22.50000      7.375920330911471E+035   6.566667    
   45.00000      7.736162456400127E+035   6.566667    
   67.50000      8.109649780480941E+035   6.566667    
   90.00000      8.495112243845932E+035   6.566667    
   112.5000      8.890291680360008E+035   6.566667    
   135.0000      9.294372783813261E+035   6.566667    
   157.5000      9.579301973004728E+035   6.566667    
   180.0000      9.709803586257457E+035   6.566667    
   202.5000      9.635851889120596E+035   6.566667    
   225.0000      9.353129866755070E+035   6.566667    
   247.5000      8.991610877589581E+035   6.566667    
   270.0000      8.585994518100405E+035   6.566667    
   292.5000      8.012003647636893E+035   6.566667    
   315.0000      7.432198074717169E+035   6.566667    
   337.5000      7.090955506590174E+035   6.566667    
  0.0000000E+00  7.094707450801977E+035   6.566667    
 
  0.0000000E+00  6.595184069081969E+035   6.850000    
   22.50000      6.697759462082657E+035   6.850000    
   45.00000      6.898377208068106E+035   6.850000    
   67.50000      7.133442813284209E+035   6.850000    
   90.00000      7.396441015110986E+035   6.850000    
   112.5000      7.677855569995788E+035   6.850000    
   135.0000      7.978447299623062E+035   6.850000    
   157.5000      8.222997713284356E+035   6.850000    
   180.0000      8.381863205645142E+035   6.850000    
   202.5000      8.411992164299128E+035   6.850000    
   225.0000      8.277801728288039E+035   6.850000    
   247.5000      8.052358298143828E+035   6.850000    
   270.0000      7.802759721536021E+035   6.850000    
   292.5000      7.445556034264087E+035   6.850000    
   315.0000      7.031335272592573E+035   6.850000    
   337.5000      6.710873897932677E+035   6.850000    
  0.0000000E+00  6.595184069081969E+035   6.850000    
 
  0.0000000E+00  6.004417581859692E+035   7.133333    
   22.50000      6.018010946114578E+035   7.133333    
   45.00000      6.124260501805837E+035   7.133333    
   67.50000      6.273102264545887E+035   7.133333    
   90.00000      6.455340382019648E+035   7.133333    
   112.5000      6.657144651590564E+035   7.133333    
   135.0000      6.876918840834506E+035   7.133333    
   157.5000      7.067274480838494E+035   7.133333    
   180.0000      7.209184393965388E+035   7.133333    
   202.5000      7.272806006952660E+035   7.133333    
   225.0000      7.216387618292672E+035   7.133333    
   247.5000      7.074942405430526E+035   7.133333    
   270.0000      6.916016118663308E+035   7.133333    
   292.5000      6.694982118771780E+035   7.133333    
   315.0000      6.408751910259630E+035   7.133333    
   337.5000      6.146233593644763E+035   7.133333    
  0.0000000E+00  6.004417581859692E+035   7.133333    
 
  0.0000000E+00  5.330392245096205E+035   7.416667    
   22.50000      5.345660350851437E+035   7.416667    
   45.00000      5.431770611197845E+035   7.416667    
   67.50000      5.552829913360008E+035   7.416667    
   90.00000      5.699654945527472E+035   7.416667    
   112.5000      5.856722160726650E+035   7.416667    
   135.0000      6.017986133536950E+035   7.416667    
   157.5000      6.150906174741904E+035   7.416667    
   180.0000      6.246578263984842E+035   7.416667    
   202.5000      6.281848298743009E+035   7.416667    
   225.0000      6.227168458643060E+035   7.416667    
   247.5000      6.110916329303572E+035   7.416667    
   270.0000      5.985567364572716E+035   7.416667    
   292.5000      5.822486853208467E+035   7.416667    
   315.0000      5.615004610632055E+035   7.416667    
   337.5000      5.427406527729589E+035   7.416667    
  0.0000000E+00  5.330392245096205E+035   7.416667    
 
  0.0000000E+00  4.673557622295420E+035   7.700000    
   22.50000      4.721384981531585E+035   7.700000    
   45.00000      4.813513192682700E+035   7.700000    
   67.50000      4.926691581179875E+035   7.700000    
   90.00000      5.052596625793863E+035   7.700000    
   112.5000      5.176638993625367E+035   7.700000    
   135.0000      5.289811256477739E+035   7.700000    
   157.5000      5.369193971293322E+035   7.700000    
   180.0000      5.411569346318236E+035   7.700000    
   202.5000      5.397386838390075E+035   7.700000    
   225.0000      5.316834947085529E+035   7.700000    
   247.5000      5.203221162224091E+035   7.700000    
   270.0000      5.090638756564028E+035   7.700000    
   292.5000      4.957655086356614E+035   7.700000    
   315.0000      4.812054249303555E+035   7.700000    
   337.5000      4.703973346575138E+035   7.700000    
  0.0000000E+00  4.673557622295420E+035   7.700000    
 
  0.0000000E+00  4.080142936781835E+035   7.983334    
   22.50000      4.148541929621614E+035   7.983334    
   45.00000      4.240360037397624E+035   7.983334    
   67.50000      4.341499744566574E+035   7.983334    
   90.00000      4.444766545018576E+035   7.983334    
   112.5000      4.537883132298402E+035   7.983334    
   135.0000      4.610392220009569E+035   7.983334    
   157.5000      4.645801714503742E+035   7.983334    
   180.0000      4.643463192453047E+035   7.983334    
   202.5000      4.590749890252221E+035   7.983334    
   225.0000      4.494840153689889E+035   7.983334    
   247.5000      4.388685197792951E+035   7.983334    
   270.0000      4.292132701874655E+035   7.983334    
   292.5000      4.191897938914421E+035   7.983334    
   315.0000      4.104249865259956E+035   7.983334    
   337.5000      4.061612244948033E+035   7.983334    
  0.0000000E+00  4.080142936781835E+035   7.983334    
 
  0.0000000E+00  3.536039949908573E+035   8.266666    
   22.50000      3.608928209079711E+035   8.266666    
   45.00000      3.692025834185091E+035   8.266666    
   67.50000      3.776776862852252E+035   8.266666    
   90.00000      3.857421336499794E+035   8.266666    
   112.5000      3.923809828705028E+035   8.266666    
   135.0000      3.965056418229944E+035   8.266666    
   157.5000      3.969446325422983E+035   8.266666    
   180.0000      3.938163008940441E+035   8.266666    
   202.5000      3.866365344405037E+035   8.266666    
   225.0000      3.770868435523471E+035   8.266666    
   247.5000      3.679223284601422E+035   8.266666    
   270.0000      3.602888652309845E+035   8.266666    
   292.5000      3.535595260057557E+035   8.266666    
   315.0000      3.493396057474188E+035   8.266666    
   337.5000      3.492642479911447E+035   8.266666    
  0.0000000E+00  3.536039949908573E+035   8.266666    
 
  0.0000000E+00  3.027284721288532E+035   8.550000    
   22.50000      3.095355398037328E+035   8.550000    
   45.00000      3.166013742929262E+035   8.550000    
   67.50000      3.233941975940739E+035   8.550000    
   90.00000      3.294796456177492E+035   8.550000    
   112.5000      3.340158375890561E+035   8.550000    
   135.0000      3.359610755839713E+035   8.550000    
   157.5000      3.344921866485515E+035   8.550000    
   180.0000      3.298870651826399E+035   8.550000    
   202.5000      3.222836320399434E+035   8.550000    
   225.0000      3.136985080082435E+035   8.550000    
   247.5000      3.062201834898626E+035   8.550000    
   270.0000      3.005679625919295E+035   8.550000    
   292.5000      2.965560505893280E+035   8.550000    
   315.0000      2.953709117360962E+035   8.550000    
   337.5000      2.975381245578975E+035   8.550000    
  0.0000000E+00  3.027284721288532E+035   8.550000    
 
  0.0000000E+00  2.547796896580152E+035   8.833333    
   22.50000      2.606785331105175E+035   8.833333    
   45.00000      2.664328014934296E+035   8.833333    
   67.50000      2.717065234519165E+035   8.833333    
   90.00000      2.761864628458170E+035   8.833333    
   112.5000      2.791774939989507E+035   8.833333    
   135.0000      2.797339954371351E+035   8.833333    
   157.5000      2.772927396674776E+035   8.833333    
   180.0000      2.722467364703428E+035   8.833333    
   202.5000      2.651235613941494E+035   8.833333    
   225.0000      2.578840542036743E+035   8.833333    
   247.5000      2.520232011991191E+035   8.833333    
   270.0000      2.480520645928911E+035   8.833333    
   292.5000      2.459972553176433E+035   8.833333    
   315.0000      2.465757632351922E+035   8.833333    
   337.5000      2.496768748110764E+035   8.833333    
  0.0000000E+00  2.547796896580152E+035   8.833333    
 
  0.0000000E+00  2.095081285507360E+035   9.116667    
   22.50000      2.143438442957610E+035   9.116667    
   45.00000      2.188601275564208E+035   9.116667    
   67.50000      2.228433539900032E+035   9.116667    
   90.00000      2.260730738033676E+035   9.116667    
   112.5000      2.279814958227951E+035   9.116667    
   135.0000      2.277556979502522E+035   9.116667    
   157.5000      2.250224137622130E+035   9.116667    
   180.0000      2.202293754228152E+035   9.116667    
   202.5000      2.140772008483682E+035   9.116667    
   225.0000      2.082677457225290E+035   9.116667    
   247.5000      2.038321246896839E+035   9.116667    
   270.0000      2.011659121362621E+035   9.116667    
   292.5000      2.003630678176787E+035   9.116667    
   315.0000      2.017721188996458E+035   9.116667    
   337.5000      2.049949641395937E+035   9.116667    
  0.0000000E+00  2.095081285507360E+035   9.116667    
 
  0.0000000E+00  1.667971956666521E+035   9.400000    
   22.50000      1.705505609657556E+035   9.400000    
   45.00000      1.739512524854869E+035   9.400000    
   67.50000      1.768642074852962E+035   9.400000    
   90.00000      1.791367887432519E+035   9.400000    
   112.5000      1.803169205946338E+035   9.400000    
   135.0000      1.797460838340992E+035   9.400000    
   157.5000      1.771872884187500E+035   9.400000    
   180.0000      1.730800667272644E+035   9.400000    
   202.5000      1.681304778649995E+035   9.400000    
   225.0000      1.636967412320319E+035   9.400000    
   247.5000      1.604681382026652E+035   9.400000    
   270.0000      1.587538204959952E+035   9.400000    
   292.5000      1.586465091928841E+035   9.400000    
   315.0000      1.602574106427177E+035   9.400000    
   337.5000      1.631208261236184E+035   9.400000    
  0.0000000E+00  1.667971956666521E+035   9.400000    
 
  0.0000000E+00  1.265696394141532E+035   9.683333    
   22.50000      1.292834379146773E+035   9.683333    
   45.00000      1.316941046755838E+035   9.683333    
   67.50000      1.337183582002339E+035   9.683333    
   90.00000      1.352530693282758E+035   9.683333    
   112.5000      1.359576363983136E+035   9.683333    
   135.0000      1.353361371378603E+035   9.683333    
   157.5000      1.332501287944602E+035   9.683333    
   180.0000      1.300745788937140E+035   9.683333    
   202.5000      1.264068988384023E+035   9.683333    
   225.0000      1.232419891116785E+035   9.683333    
   247.5000      1.210217128766360E+035   9.683333    
   270.0000      1.199751640602338E+035   9.683333    
   292.5000      1.201662244418436E+035   9.683333    
   315.0000      1.215870671598385E+035   9.683333    
   337.5000      1.238299941269875E+035   9.683333    
  0.0000000E+00  1.265696394141532E+035   9.683333    
 
  0.0000000E+00  8.875084435003441E+034   9.966667    
   22.50000      9.049106383310808E+034   9.966667    
   45.00000      9.202035955315502E+034   9.966667    
   67.50000      9.329062460984982E+034   9.966667    
   90.00000      9.423692888661777E+034   9.966667    
   112.5000      9.463008167929315E+034   9.966667    
   135.0000      9.414113672640957E+034   9.966667    
   157.5000      9.269791086261854E+034   9.966667    
   180.0000      9.057062262253277E+034   9.966667    
   202.5000      8.818047192787091E+034   9.966667    
   225.0000      8.616871894025701E+034   9.966667    
   247.5000      8.479555765715452E+034   9.966667    
   270.0000      8.421003312634496E+034   9.966667    
   292.5000      8.444610969993947E+034   9.966667    
   315.0000      8.545964244834122E+034   9.966667    
   337.5000      8.696364116714187E+034   9.966667    
  0.0000000E+00  8.875084435003441E+034   9.966667    
 
  0.0000000E+00  5.325747304261250E+034   10.25000    
   22.50000      5.409482957539048E+034   10.25000    
   45.00000      5.482813919865964E+034   10.25000    
   67.50000      5.543536711281740E+034   10.25000    
   90.00000      5.588444413878624E+034   10.25000    
   112.5000      5.606011136346088E+034   10.25000    
   135.0000      5.580007850181884E+034   10.25000    
   157.5000      5.507531465043899E+034   10.25000    
   180.0000      5.402575744129990E+034   10.25000    
   202.5000      5.286471444630684E+034   10.25000    
   225.0000      5.190151658813292E+034   10.25000    
   247.5000      5.125549225292984E+034   10.25000    
   270.0000      5.099807873599564E+034   10.25000    
   292.5000      5.114153177244120E+034   10.25000    
   315.0000      5.165362023566627E+034   10.25000    
   337.5000      5.239140473912389E+034   10.25000    
  0.0000000E+00  5.325747304261250E+034   10.25000    
 
