  0.0000000E+00  1.097606982298106E+036   6.000000    
   22.50000      1.061994309317067E+036   6.000000    
   45.00000      1.026699276023256E+036   6.000000    
   67.50000      1.004463432638919E+036   6.000000    
   90.00000      9.976455753129666E+035   6.000000    
   112.5000      9.979645578914812E+035   6.000000    
   135.0000      1.003009054574479E+036   6.000000    
   157.5000      1.002490395581829E+036   6.000000    
   180.0000      1.002157083923917E+036   6.000000    
   202.5000      1.008428660443510E+036   6.000000    
   225.0000      1.037434314317269E+036   6.000000    
   247.5000      1.069007220203900E+036   6.000000    
   270.0000      1.092370102113766E+036   6.000000    
   292.5000      1.114339123867716E+036   6.000000    
   315.0000      1.124265566232236E+036   6.000000    
   337.5000      1.120818082664158E+036   6.000000    
  0.0000000E+00  1.097606982298106E+036   6.000000    
 
  0.0000000E+00  1.016228326888142E+036   6.283333    
   22.50000      9.884304348141270E+035   6.283333    
   45.00000      9.569971960324773E+035   6.283333    
   67.50000      9.371601813798743E+035   6.283333    
   90.00000      9.316268781916063E+035   6.283333    
   112.5000      9.332428364803319E+035   6.283333    
   135.0000      9.389633157621936E+035   6.283333    
   157.5000      9.396136263818815E+035   6.283333    
   180.0000      9.408770644742067E+035   6.283333    
   202.5000      9.431649823638381E+035   6.283333    
   225.0000      9.607717612248679E+035   6.283333    
   247.5000      9.814155252808334E+035   6.283333    
   270.0000      1.002644010441521E+036   6.283333    
   292.5000      1.023543239131501E+036   6.283333    
   315.0000      1.033772971583822E+036   6.283333    
   337.5000      1.032617871393798E+036   6.283333    
  0.0000000E+00  1.016228326888142E+036   6.283333    
 
  0.0000000E+00  9.102044072069268E+035   6.566667    
   22.50000      8.928496739649386E+035   6.566667    
   45.00000      8.693242400060061E+035   6.566667    
   67.50000      8.507051477044557E+035   6.566667    
   90.00000      8.444688449861234E+035   6.566667    
   112.5000      8.457174838092173E+035   6.566667    
   135.0000      8.514378786968994E+035   6.566667    
   157.5000      8.530349107977553E+035   6.566667    
   180.0000      8.536921495650609E+035   6.566667    
   202.5000      8.509365549221759E+035   6.566667    
   225.0000      8.569883990475742E+035   6.566667    
   247.5000      8.695048898453217E+035   6.566667    
   270.0000      8.861098165291410E+035   6.566667    
   292.5000      9.049257865774456E+035   6.566667    
   315.0000      9.166467049496891E+035   6.566667    
   337.5000      9.191335649493417E+035   6.566667    
  0.0000000E+00  9.102044072069268E+035   6.566667    
 
  0.0000000E+00  8.026117078099970E+035   6.850000    
   22.50000      7.931314641393070E+035   6.850000    
   45.00000      7.785758069385805E+035   6.850000    
   67.50000      7.637121149473658E+035   6.850000    
   90.00000      7.560105887266955E+035   6.850000    
   112.5000      7.552454655885798E+035   6.850000    
   135.0000      7.599856691683621E+035   6.850000    
   157.5000      7.606676966006546E+035   6.850000    
   180.0000      7.595625642240699E+035   6.850000    
   202.5000      7.551269932601925E+035   6.850000    
   225.0000      7.545391005678863E+035   6.850000    
   247.5000      7.600570264127878E+035   6.850000    
   270.0000      7.711700807386360E+035   6.850000    
   292.5000      7.868979633179684E+035   6.850000    
   315.0000      7.997154268427937E+035   6.850000    
   337.5000      8.056770484920353E+035   6.850000    
  0.0000000E+00  8.026117078099970E+035   6.850000    
 
  0.0000000E+00  7.010760418397295E+035   7.133333    
   22.50000      6.959126326702011E+035   7.133333    
   45.00000      6.872275800433835E+035   7.133333    
   67.50000      6.775706064546803E+035   7.133333    
   90.00000      6.719623942304639E+035   7.133333    
   112.5000      6.701055350491608E+035   7.133333    
   135.0000      6.723764949923833E+035   7.133333    
   157.5000      6.718137936578442E+035   7.133333    
   180.0000      6.694417711480749E+035   7.133333    
   202.5000      6.646106051958542E+035   7.133333    
   225.0000      6.612046173251026E+035   7.133333    
   247.5000      6.626772991900032E+035   7.133333    
   270.0000      6.698652212442018E+035   7.133333    
   292.5000      6.823517694024676E+035   7.133333    
   315.0000      6.943042109837809E+035   7.133333    
   337.5000      7.013503765917683E+035   7.133333    
  0.0000000E+00  7.010760418397295E+035   7.133333    
 
  0.0000000E+00  6.088347878467537E+035   7.416667    
   22.50000      6.054477685274456E+035   7.416667    
   45.00000      5.998895986479428E+035   7.416667    
   67.50000      5.942086017099090E+035   7.416667    
   90.00000      5.914653590846978E+035   7.416667    
   112.5000      5.902546730585980E+035   7.416667    
   135.0000      5.908086368641423E+035   7.416667    
   157.5000      5.886765372503583E+035   7.416667    
   180.0000      5.852845185754284E+035   7.416667    
   202.5000      5.807138118708310E+035   7.416667    
   225.0000      5.772943640220628E+035   7.416667    
   247.5000      5.780340112936030E+035   7.416667    
   270.0000      5.838333044864515E+035   7.416667    
   292.5000      5.939061673228549E+035   7.416667    
   315.0000      6.034264020153898E+035   7.416667    
   337.5000      6.089710685457074E+035   7.416667    
  0.0000000E+00  6.088347878467537E+035   7.416667    
 
  0.0000000E+00  5.268131125874238E+035   7.700000    
   22.50000      5.240845232169971E+035   7.700000    
   45.00000      5.200092465091330E+035   7.700000    
   67.50000      5.166301116827186E+035   7.700000    
   90.00000      5.155798966535132E+035   7.700000    
   112.5000      5.150541191582856E+035   7.700000    
   135.0000      5.148228090106014E+035   7.700000    
   157.5000      5.120122930879663E+035   7.700000    
   180.0000      5.084965855935895E+035   7.700000    
   202.5000      5.045760367785557E+035   7.700000    
   225.0000      5.019994377261978E+035   7.700000    
   247.5000      5.031077254443392E+035   7.700000    
   270.0000      5.084533810012633E+035   7.700000    
   292.5000      5.167802831732473E+035   7.700000    
   315.0000      5.239396100414307E+035   7.700000    
   337.5000      5.275383106893162E+035   7.700000    
  0.0000000E+00  5.268131125874238E+035   7.700000    
 
  0.0000000E+00  4.536153409396087E+035   7.983334    
   22.50000      4.511499530310093E+035   7.983334    
   45.00000      4.478291930740986E+035   7.983334    
   67.50000      4.457144510147009E+035   7.983334    
   90.00000      4.455424687887275E+035   7.983334    
   112.5000      4.456093759047733E+035   7.983334    
   135.0000      4.452290121806627E+035   7.983334    
   157.5000      4.424323544307947E+035   7.983334    
   180.0000      4.391862697157715E+035   7.983334    
   202.5000      4.358413208605708E+035   7.983334    
   225.0000      4.338997257916301E+035   7.983334    
   247.5000      4.352061474419474E+035   7.983334    
   270.0000      4.401133994547009E+035   7.983334    
   292.5000      4.471281867474895E+035   7.983334    
   315.0000      4.526040507649368E+035   7.983334    
   337.5000      4.547859798593630E+035   7.983334    
  0.0000000E+00  4.536153409396087E+035   7.983334    
 
  0.0000000E+00  3.875638838635294E+035   8.266666    
   22.50000      3.853396052844263E+035   8.266666    
   45.00000      3.825987934166429E+035   8.266666    
   67.50000      3.812642593150290E+035   8.266666    
   90.00000      3.815734292198071E+035   8.266666    
   112.5000      3.820469941922745E+035   8.266666    
   135.0000      3.816956276936355E+035   8.266666    
   157.5000      3.791543463561787E+035   8.266666    
   180.0000      3.762648457539039E+035   8.266666    
   202.5000      3.733953099623523E+035   8.266666    
   225.0000      3.718529825710815E+035   8.266666    
   247.5000      3.731222761651280E+035   8.266666    
   270.0000      3.774700328985700E+035   8.266666    
   292.5000      3.833625454420558E+035   8.266666    
   315.0000      3.876209778879506E+035   8.266666    
   337.5000      3.888968110694145E+035   8.266666    
  0.0000000E+00  3.875638838635294E+035   8.266666    
 
  0.0000000E+00  3.274949075520880E+035   8.550000    
   22.50000      3.255568000898925E+035   8.550000    
   45.00000      3.233309120567577E+035   8.550000    
   67.50000      3.225023176296145E+035   8.550000    
   90.00000      3.230517529789095E+035   8.550000    
   112.5000      3.237369518744707E+035   8.550000    
   135.0000      3.234427373529654E+035   8.550000    
   157.5000      3.212354574057575E+035   8.550000    
   180.0000      3.187200838686701E+035   8.550000    
   202.5000      3.162798374141877E+035   8.550000    
   225.0000      3.150146624117234E+035   8.550000    
   247.5000      3.161316561027556E+035   8.550000    
   270.0000      3.198557560507292E+035   8.550000    
   292.5000      3.247366716642292E+035   8.550000    
   315.0000      3.280700832338945E+035   8.550000    
   337.5000      3.287997121711167E+035   8.550000    
  0.0000000E+00  3.274949075520880E+035   8.550000    
 
  0.0000000E+00  2.725476423780869E+035   8.833333    
   22.50000      2.709177479874340E+035   8.833333    
   45.00000      2.691466025481844E+035   8.833333    
   67.50000      2.686427210266145E+035   8.833333    
   90.00000      2.692754184484722E+035   8.833333    
   112.5000      2.700238966209421E+035   8.833333    
   135.0000      2.697873379814996E+035   8.833333    
   157.5000      2.679362839162595E+035   8.833333    
   180.0000      2.658049349494335E+035   8.833333    
   202.5000      2.637641302063715E+035   8.833333    
   225.0000      2.627200377796530E+035   8.833333    
   247.5000      2.636452893688286E+035   8.833333    
   270.0000      2.667351169883226E+035   8.833333    
   292.5000      2.707045817535610E+035   8.833333    
   315.0000      2.733092630017973E+035   8.833333    
   337.5000      2.737179171460150E+035   8.833333    
  0.0000000E+00  2.725476423780869E+035   8.833333    
 
  0.0000000E+00  2.220406964490880E+035   9.116667    
   22.50000      2.207197807315739E+035   9.116667    
   45.00000      2.193450690788854E+035   9.116667    
   67.50000      2.190455169581440E+035   9.116667    
   90.00000      2.196590486158368E+035   9.116667    
   112.5000      2.203700538649789E+035   9.116667    
   135.0000      2.201856161816722E+035   9.116667    
   157.5000      2.186873015270750E+035   9.116667    
   180.0000      2.169400551466344E+035   9.116667    
   202.5000      2.152795737155801E+035   9.116667    
   225.0000      2.144305646994722E+035   9.116667    
   247.5000      2.151620132707694E+035   9.116667    
   270.0000      2.176417071330692E+035   9.116667    
   292.5000      2.207899740713431E+035   9.116667    
   315.0000      2.227998643405662E+035   9.116667    
   337.5000      2.230237052132215E+035   9.116667    
  0.0000000E+00  2.220406964490880E+035   9.116667    
 
  0.0000000E+00  1.754266703797596E+035   9.400000    
   22.50000      1.744038922178018E+035   9.400000    
   45.00000      1.733740149751971E+035   9.400000    
   67.50000      1.732004684227913E+035   9.400000    
   90.00000      1.737321141715908E+035   9.400000    
   112.5000      1.743418466183752E+035   9.400000    
   135.0000      1.742030592300943E+035   9.400000    
   157.5000      1.730424935497921E+035   9.400000    
   180.0000      1.716727441086691E+035   9.400000    
   202.5000      1.703767668731634E+035   9.400000    
   225.0000      1.697110229736394E+035   9.400000    
   247.5000      1.702631036143750E+035   9.400000    
   270.0000      1.721704983548762E+035   9.400000    
   292.5000      1.745757960252447E+035   9.400000    
   315.0000      1.760835281236534E+035   9.400000    
   337.5000      1.762033205183214E+035   9.400000    
  0.0000000E+00  1.754266703797596E+035   9.400000    
 
  0.0000000E+00  1.322592330901590E+035   9.683333    
   22.50000      1.315184349858715E+035   9.683333    
   45.00000      1.307903604142002E+035   9.683333    
   67.50000      1.306932602833458E+035   9.683333    
   90.00000      1.311072304607567E+035   9.683333    
   112.5000      1.315788656233558E+035   9.683333    
   135.0000      1.314800117491083E+035   9.683333    
   157.5000      1.306379672300453E+035   9.683333    
   180.0000      1.296344594251641E+035   9.683333    
   202.5000      1.286876523773808E+035   9.683333    
   225.0000      1.281985754453616E+035   9.683333    
   247.5000      1.285901233830007E+035   9.683333    
   270.0000      1.299662366821702E+035   9.683333    
   292.5000      1.316949822927602E+035   9.683333    
   315.0000      1.327658887869015E+035   9.683333    
   337.5000      1.328282104005654E+035   9.683333    
  0.0000000E+00  1.322592330901590E+035   9.683333    
 
  0.0000000E+00  9.216753474016423E+034   9.966667    
   22.50000      9.169084181787052E+034   9.966667    
   45.00000      9.123006189176662E+034   9.966667    
   67.50000      9.117928648561181E+034   9.966667    
   90.00000      9.145797130055156E+034   9.966667    
   112.5000      9.177384178740519E+034   9.966667    
   135.0000      9.171055334188080E+034   9.966667    
   157.5000      9.116728012708455E+034   9.966667    
   180.0000      9.051553924529879E+034   9.966667    
   202.5000      8.990185092023228E+034   9.966667    
   225.0000      8.958356361025045E+034   9.966667    
   247.5000      8.983207729902580E+034   9.966667    
   270.0000      9.071599904380549E+034   9.966667    
   292.5000      9.182409025121040E+034   9.966667    
   315.0000      9.250544504011222E+034   9.966667    
   337.5000      9.253607291309168E+034   9.966667    
  0.0000000E+00  9.216753474016423E+034   9.966667    
 
  0.0000000E+00  5.483744393770981E+034   10.25000    
   22.50000      5.460724938785624E+034   10.25000    
   45.00000      5.438691813541406E+034   10.25000    
   67.50000      5.436564352139840E+034   10.25000    
   90.00000      5.450363024033257E+034   10.25000    
   112.5000      5.465933118940798E+034   10.25000    
   135.0000      5.462862251841920E+034   10.25000    
   157.5000      5.436551163070285E+034   10.25000    
   180.0000      5.404884093500259E+034   10.25000    
   202.5000      5.375114545646864E+034   10.25000    
   225.0000      5.359653159384073E+034   10.25000    
   247.5000      5.371589544727723E+034   10.25000    
   270.0000      5.414263880256599E+034   10.25000    
   292.5000      5.467679805882684E+034   10.25000    
   315.0000      5.500385611018247E+034   10.25000    
   337.5000      5.501612809747825E+034   10.25000    
  0.0000000E+00  5.483744393770981E+034   10.25000    
 
