  0.0000000E+00  8.496966826911052E+035
   22.50000      7.608448503218646E+035
   45.00000      7.390969862692869E+035
   67.50000      7.711094636591786E+035
   90.00000      8.219250555663717E+035
   112.5000      8.766659210214907E+035
   135.0000      9.515416651997914E+035
   157.5000      1.047913803419486E+036
   180.0000      1.127405378473732E+036
   202.5000      1.170542114436986E+036
   225.0000      1.188590667974971E+036
   247.5000      1.180783897838747E+036
   270.0000      1.169971453699394E+036
   292.5000      1.161216955590751E+036
   315.0000      1.102918337627771E+036
   337.5000      9.768858715346219E+035
   360.0000      8.496966826911052E+035
   360.0000      8.249769888568586E+035
   382.5000      7.450191707394693E+035
   405.0000      7.206226114209188E+035
   427.5000      7.433414589664160E+035
   450.0000      7.842299972523109E+035
   472.5000      8.304540846351860E+035
   495.0000      8.954427341833723E+035
   517.5000      9.750993167833711E+035
   540.0000      1.035572856795534E+036
   562.5000      1.073648739067291E+036
   585.0000      1.091798591040044E+036
   607.5000      1.088105674434955E+036
   630.0000      1.081052274963238E+036
   652.5000      1.074839933553305E+036
   675.0000      1.031129428933938E+036
   697.5000      9.335338679188668E+035
   720.0000      8.249769888568586E+035
   720.0000      7.936795557282213E+035
   742.5000      7.249545255553685E+035
   765.0000      6.937975082234553E+035
   787.5000      7.003487870158176E+035
   810.0000      7.253594158685212E+035
   832.5000      7.574040728323790E+035
   855.0000      8.058963718994286E+035
   877.5000      8.617815909798700E+035
   900.0000      9.075206295495656E+035
   922.5000      9.402141205897282E+035
   945.0000      9.602308429792060E+035
   967.5000      9.634689563808583E+035
   990.0000      9.614849819002748E+035
   1012.500      9.603400762537509E+035
   1035.000      9.356477532564474E+035
   1057.500      8.746803017986444E+035
   1080.000      7.936795557282213E+035
   1080.000      7.511315662188610E+035
   1102.500      6.963483407919084E+035
   1125.000      6.602373704085811E+035
   1147.500      6.512836551978404E+035
   1170.000      6.604337819619252E+035
   1192.500      6.779720455985546E+035
   1215.000      7.086086519744929E+035
   1237.500      7.446744047796116E+035
   1260.000      7.776628855425535E+035
   1282.500      8.041173604688789E+035
   1305.000      8.247170735877014E+035
   1327.500      8.343802840645485E+035
   1350.000      8.373440813646427E+035
   1372.500      8.408461833835563E+035
   1395.000      8.330150156814384E+035
   1417.500      8.015040139460378E+035
   1440.000      7.511315662188610E+035
   1440.000      6.813272856096685E+035
   1462.500      6.420327392550329E+035
   1485.000      6.100540055428362E+035
   1507.500      5.957561816639903E+035
   1530.000      5.964409880636667E+035
   1552.500      6.055554167522490E+035
   1575.000      6.242383643091348E+035
   1597.500      6.473610938135382E+035
   1620.000      6.703092509214283E+035
   1642.500      6.899673649420578E+035
   1665.000      7.074277954183102E+035
   1687.500      7.184452652860326E+035
   1710.000      7.232241004468469E+035
   1732.500      7.276925597650579E+035
   1755.000      7.269199034895508E+035
   1777.500      7.114996156722481E+035
   1800.000      6.813272856096685E+035
   1800.000      5.916512310143127E+035
   1822.500      5.636444272804258E+035
   1845.000      5.409718978012822E+035
   1867.500      5.313074725311652E+035
   1890.000      5.327982465427466E+035
   1912.500      5.406291427544457E+035
   1935.000      5.544977617622778E+035
   1957.500      5.711423191197504E+035
   1980.000      5.876111677081585E+035
   2002.500      6.018869736543093E+035
   2025.000      6.146732743282629E+035
   2047.500      6.224804714854662E+035
   2070.000      6.252521988557517E+035
   2092.500      6.272160584694605E+035
   2115.000      6.252708475164254E+035
   2137.500      6.135426818320840E+035
   2160.000      5.916512310143127E+035
   2160.000      5.013963307246420E+035
   2182.500      4.823901502984920E+035
   2205.000      4.698318776934362E+035
   2227.500      4.674002627294627E+035
   2250.000      4.724379846592344E+035
   2272.500      4.814270441599766E+035
   2295.000      4.935669886606768E+035
   2317.500      5.064873056460414E+035
   2340.000      5.184179278713731E+035
   2362.500      5.281696901390859E+035
   2385.000      5.357415417972922E+035
   2407.500      5.385974209073996E+035
   2430.000      5.379298129377029E+035
   2452.500      5.363684637219378E+035
   2475.000      5.310572508214520E+035
   2497.500      5.190590728127688E+035
   2520.000      5.013963307246420E+035
   2520.000      4.224642543662428E+035
   2542.500      4.111030044222298E+035
   2565.000      4.063336603269293E+035
   2587.500      4.089575891967673E+035
   2610.000      4.161625588480898E+035
   2632.500      4.254792431161719E+035
   2655.000      4.359258319373957E+035
   2677.500      4.457096672807333E+035
   2700.000      4.538342603230129E+035
   2722.500      4.594945401720821E+035
   2745.000      4.623906434284701E+035
   2767.500      4.612737300316028E+035
   2790.000      4.581353825990587E+035
   2812.500      4.541376985665958E+035
   2835.000      4.469586902022258E+035
   2857.500      4.357362970260799E+035
   2880.000      4.224642543662428E+035
   2880.000      3.556676565728473E+035
   2902.500      3.499273310423475E+035
   2925.000      3.498931260315993E+035
   2947.500      3.549408165002845E+035
   2970.000      3.626503261555412E+035
   2992.500      3.712637470774444E+035
   3015.000      3.797537228263519E+035
   3037.500      3.867854481134617E+035
   3060.000      3.918294605730132E+035
   3082.500      3.942912155197847E+035
   3105.000      3.939620927112042E+035
   3127.500      3.906249839180786E+035
   3150.000      3.863611492831301E+035
   3172.500      3.813430567056305E+035
   3195.000      3.740152020565999E+035
   3217.500      3.647126016750346E+035
   3240.000      3.556676565728473E+035
   3240.000      2.980991591939687E+035
   3262.500      2.959973789823730E+035
   3285.000      2.984104501237856E+035
   3307.500      3.041836378526160E+035
   3330.000      3.114336973374010E+035
   3352.500      3.188529078252348E+035
   3375.000      3.254530888295127E+035
   3397.500      3.302639296553168E+035
   3420.000      3.330332149355706E+035
   3442.500      3.333294562361396E+035
   3465.000      3.311697102280676E+035
   3487.500      3.269626742975222E+035
   3510.000      3.224891871186231E+035
   3532.500      3.174092244221746E+035
   3555.000      3.108669888644971E+035
   3577.500      3.037494532236271E+035
   3600.000      2.980991591939687E+035
   3600.000      2.472317052980552E+035
   3622.500      2.472337113023886E+035
   3645.000      2.506335659291842E+035
   3667.500      2.562020657433754E+035
   3690.000      2.625420766495844E+035
   3712.500      2.686424021403065E+035
   3735.000      2.736061149845892E+035
   3757.500      2.767460011595189E+035
   3780.000      2.779753257047350E+035
   3802.500      2.770024890898740E+035
   3825.000      2.740479685190588E+035
   3847.500      2.698067517923042E+035
   3870.000      2.656503829097330E+035
   3892.500      2.610413109926030E+035
   3915.000      2.556301626911093E+035
   3937.500      2.504646153417788E+035
   3960.000      2.472317052980552E+035
   3960.000      2.013823307977671E+035
   3982.500      2.024152374000813E+035
   4005.000      2.059211649335963E+035
   4027.500      2.108084522251881E+035
   4050.000      2.160643727667673E+035
   4072.500      2.208920968326839E+035
   4095.000      2.245172473452738E+035
   4117.500      2.264682908390586E+035
   4140.000      2.267550002780111E+035
   4162.500      2.252021316809109E+035
   4185.000      2.221486961269063E+035
   4207.500      2.183478920679998E+035
   4230.000      2.147865329197991E+035
   4252.500      2.109043660364138E+035
   4275.000      2.066592645309840E+035
   4297.500      2.030473704680244E+035
   4320.000      2.013823307977671E+035
   4320.000      1.594690576068474E+035
   4342.500      1.608295749334680E+035
   4365.000      1.639374758030841E+035
   4387.500      1.679174427243569E+035
   4410.000      1.720502110107752E+035
   4432.500      1.757130727740626E+035
   4455.000      1.782731274095861E+035
   4477.500      1.794204702652479E+035
   4500.000      1.792158307503583E+035
   4522.500      1.775705528479268E+035
   4545.000      1.748521369161681E+035
   4567.500      1.717372375505702E+035
   4590.000      1.688976251853990E+035
   4612.500      1.658367399160931E+035
   4635.000      1.626611646377285E+035
   4657.500      1.602140577610640E+035
   4680.000      1.594690576068474E+035
   4680.000      1.207861020346949E+035
   4702.500      1.220433849430033E+035
   4725.000      1.244833233795058E+035
   4747.500      1.274646092443521E+035
   4770.000      1.304949850590207E+035
   4792.500      1.331091282596386E+035
   4815.000      1.348270817754010E+035
   4837.500      1.354578447747767E+035
   4860.000      1.350802025574523E+035
   4882.500      1.336606145890199E+035
   4905.000      1.315236564339481E+035
   4927.500      1.291994621884140E+035
   4950.000      1.271179888083086E+035
   4972.500      1.248871242027540E+035
   4995.000      1.226512672847495E+035
   5017.500      1.210563432519673E+035
   5040.000      1.207861020346949E+035
   5040.000      8.485664725750920E+034
   5062.500      8.577203795549503E+034
   5085.000      8.741807589496325E+034
   5107.500      8.938082790134144E+034
   5130.000      9.135210866717999E+034
   5152.500      9.301971144843054E+034
   5175.000      9.406286225846908E+034
   5197.500      9.437676403603374E+034
   5220.000      9.403220566535994E+034
   5242.500      9.302384844594035E+034
   5265.000      9.158576183033080E+034
   5287.500      9.007271561777718E+034
   5310.000      8.873344666368372E+034
   5332.500      8.729829895546711E+034
   5355.000      8.588514057521508E+034
   5377.500      8.492620961237374E+034
   5400.000      8.485664725750920E+034
   5400.000      5.134289217342331E+034
   5422.500      5.180981973027691E+034
   5445.000      5.262438444236690E+034
   5467.500      5.358640439860836E+034
   5490.000      5.454745555060564E+034
   5512.500      5.535017412724794E+034
   5535.000      5.583519378752348E+034
   5557.500      5.595881592135458E+034
   5580.000      5.576336866316593E+034
   5602.500      5.525197785971334E+034
   5625.000      5.454423644346256E+034
   5647.500      5.381403498824967E+034
   5670.000      5.317247689235621E+034
   5692.500      5.248207876104428E+034
   5715.000      5.180427428791533E+034
   5737.500      5.135394399235009E+034
   5760.000      5.134289217342331E+034
