  0.0000000E+00  1.121693205924716E+036   6.000000    
   22.50000      1.089541458204170E+036   6.000000    
   45.00000      1.061628240595743E+036   6.000000    
   67.50000      1.043841675730083E+036   6.000000    
   90.00000      1.036689210718113E+036   6.000000    
   112.5000      1.039219962231715E+036   6.000000    
   135.0000      1.039163069984115E+036   6.000000    
   157.5000      1.026275911164549E+036   6.000000    
   180.0000      1.015668327907395E+036   6.000000    
   202.5000      1.002593675889239E+036   6.000000    
   225.0000      1.008531476831553E+036   6.000000    
   247.5000      1.056747326781647E+036   6.000000    
   270.0000      1.088734853936318E+036   6.000000    
   292.5000      1.116150068362743E+036   6.000000    
   315.0000      1.132664308027664E+036   6.000000    
   337.5000      1.133288540815460E+036   6.000000    
  0.0000000E+00  1.121693205924716E+036   6.000000    
 
  0.0000000E+00  1.035994580088895E+036   6.283333    
   22.50000      1.012847074134832E+036   6.283333    
   45.00000      9.865433608233457E+035   6.283333    
   67.50000      9.702783002893989E+035   6.283333    
   90.00000      9.646981923204813E+035   6.283333    
   112.5000      9.678708886190403E+035   6.283333    
   135.0000      9.697148510494862E+035   6.283333    
   157.5000      9.597684236569989E+035   6.283333    
   180.0000      9.514185445661200E+035   6.283333    
   202.5000      9.414424601896958E+035   6.283333    
   225.0000      9.420435337854237E+035   6.283333    
   247.5000      9.725648524007521E+035   6.283333    
   270.0000      9.995918380218395E+035   6.283333    
   292.5000      1.024971602174386E+036   6.283333    
   315.0000      1.041768155450299E+036   6.283333    
   337.5000      1.042885341349284E+036   6.283333    
  0.0000000E+00  1.035994580088895E+036   6.283333    
 
  0.0000000E+00  9.247807838238234E+035   6.566667    
   22.50000      9.113698050147064E+035   6.566667    
   45.00000      8.925174790827158E+035   6.566667    
   67.50000      8.774390121751680E+035   6.566667    
   90.00000      8.708506002349204E+035   6.566667    
   112.5000      8.729827586183189E+035   6.566667    
   135.0000      8.762224337502079E+035   6.566667    
   157.5000      8.697829508702899E+035   6.566667    
   180.0000      8.631127711469153E+035   6.566667    
   202.5000      8.537809934658338E+035   6.566667    
   225.0000      8.469928142483066E+035   6.566667    
   247.5000      8.623654378973443E+035   6.566667    
   270.0000      8.834555326022034E+035   6.566667    
   292.5000      9.057581115976701E+035   6.566667    
   315.0000      9.234696814242207E+035   6.566667    
   337.5000      9.280405264006649E+035   6.566667    
  0.0000000E+00  9.247807838238234E+035   6.566667    
 
  0.0000000E+00  8.140817183606856E+035   6.850000    
   22.50000      8.067892309190830E+035   6.850000    
   45.00000      7.947527306077818E+035   6.850000    
   67.50000      7.835947088351632E+035   6.850000    
   90.00000      7.768671416914107E+035   6.850000    
   112.5000      7.768811054841452E+035   6.850000    
   135.0000      7.794009367437130E+035   6.850000    
   157.5000      7.747483203309975E+035   6.850000    
   180.0000      7.679354530962221E+035   6.850000    
   202.5000      7.596192090882122E+035   6.850000    
   225.0000      7.507445624282604E+035   6.850000    
   247.5000      7.549672054856967E+035   6.850000    
   270.0000      7.690267592520170E+035   6.850000    
   292.5000      7.876723881842733E+035   6.850000    
   315.0000      8.054230530357263E+035   6.850000    
   337.5000      8.138493662466903E+035   6.850000    
  0.0000000E+00  8.140817183606856E+035   6.850000    
 
  0.0000000E+00  7.113967518858830E+035   7.133333    
   22.50000      7.071724572262947E+035   7.133333    
   45.00000      6.993461955202694E+035   7.133333    
   67.50000      6.919690943767928E+035   7.133333    
   90.00000      6.874666240723423E+035   7.133333    
   112.5000      6.869900981485795E+035   7.133333    
   135.0000      6.884031516134953E+035   7.133333    
   157.5000      6.842359216448740E+035   7.133333    
   180.0000      6.771210519616795E+035   7.133333    
   202.5000      6.691525505707816E+035   7.133333    
   225.0000      6.606005335246875E+035   7.133333    
   247.5000      6.594857829731923E+035   7.133333    
   270.0000      6.683521702536002E+035   7.133333    
   292.5000      6.834264105846906E+035   7.133333    
   315.0000      6.994438582834570E+035   7.133333    
   337.5000      7.091434520209679E+035   7.133333    
  0.0000000E+00  7.113967518858830E+035   7.133333    
 
  0.0000000E+00  6.187361452375917E+035   7.416667    
   22.50000      6.156435798244838E+035   7.416667    
   45.00000      6.102727109942857E+035   7.416667    
   67.50000      6.058017365655355E+035   7.416667    
   90.00000      6.036649542766946E+035   7.416667    
   112.5000      6.035769804359233E+035   7.416667    
   135.0000      6.033936784982323E+035   7.416667    
   157.5000      5.984613416534115E+035   7.416667    
   180.0000      5.913662630958115E+035   7.416667    
   202.5000      5.841008355560628E+035   7.416667    
   225.0000      5.773725635045171E+035   7.416667    
   247.5000      5.760591748144079E+035   7.416667    
   270.0000      5.833093826422644E+035   7.416667    
   292.5000      5.958172646512439E+035   7.416667    
   315.0000      6.087948056181174E+035   7.416667    
   337.5000      6.167550165963807E+035   7.416667    
  0.0000000E+00  6.187361452375917E+035   7.416667    
 
  0.0000000E+00  5.365132072399276E+035   7.700000    
   22.50000      5.335884745824819E+035   7.700000    
   45.00000      5.294609752304545E+035   7.700000    
   67.50000      5.265426494845830E+035   7.700000    
   90.00000      5.255219416366612E+035   7.700000    
   112.5000      5.255039390736905E+035   7.700000    
   135.0000      5.240706437448459E+035   7.700000    
   157.5000      5.188389091322366E+035   7.700000    
   180.0000      5.125612504546439E+035   7.700000    
   202.5000      5.065050542498618E+035   7.700000    
   225.0000      5.018666731108908E+035   7.700000    
   247.5000      5.020456451286982E+035   7.700000    
   270.0000      5.091928107581085E+035   7.700000    
   292.5000      5.199441469115688E+035   7.700000    
   315.0000      5.301025456171842E+035   7.700000    
   337.5000      5.356829579484362E+035   7.700000    
  0.0000000E+00  5.365132072399276E+035   7.700000    
 
  0.0000000E+00  4.629004786992077E+035   7.983334    
   22.50000      4.598556929624979E+035   7.983334    
   45.00000      4.562876875091897E+035   7.983334    
   67.50000      4.540345938128355E+035   7.983334    
   90.00000      4.534728310503100E+035   7.983334    
   112.5000      4.535347338887534E+035   7.983334    
   135.0000      4.516624685934172E+035   7.983334    
   157.5000      4.468833088677472E+035   7.983334    
   180.0000      4.416606682573942E+035   7.983334    
   202.5000      4.367603505389246E+035   7.983334    
   225.0000      4.337272690584178E+035   7.983334    
   247.5000      4.350923235615391E+035   7.983334    
   270.0000      4.420888312735529E+035   7.983334    
   292.5000      4.514463654384858E+035   7.983334    
   315.0000      4.594430574533329E+035   7.983334    
   337.5000      4.631292902385522E+035   7.983334    
  0.0000000E+00  4.629004786992077E+035   7.983334    
 
  0.0000000E+00  3.960710373626429E+035   8.266666    
   22.50000      3.930451962323761E+035   8.266666    
   45.00000      3.898846030993701E+035   8.266666    
   67.50000      3.880209440452293E+035   8.266666    
   90.00000      3.877283685166828E+035   8.266666    
   112.5000      3.879093641130533E+035   8.266666    
   135.0000      3.860418953182674E+035   8.266666    
   157.5000      3.819910368427847E+035   8.266666    
   180.0000      3.777425007125658E+035   8.266666    
   202.5000      3.738328712297291E+035   8.266666    
   225.0000      3.719051455607682E+035   8.266666    
   247.5000      3.738433139416410E+035   8.266666    
   270.0000      3.803246200642459E+035   8.266666    
   292.5000      3.883462579789783E+035   8.266666    
   315.0000      3.946346043323925E+035   8.266666    
   337.5000      3.969855564544388E+035   8.266666    
  0.0000000E+00  3.960710373626429E+035   8.266666    
 
  0.0000000E+00  3.349829246508348E+035   8.550000    
   22.50000      3.321637481627497E+035   8.550000    
   45.00000      3.294103507243806E+035   8.550000    
   67.50000      3.278560432246848E+035   8.550000    
   90.00000      3.277390039631652E+035   8.550000    
   112.5000      3.279967370251304E+035   8.550000    
   135.0000      3.263369212705619E+035   8.550000    
   157.5000      3.230431309109123E+035   8.550000    
   180.0000      3.196353165126850E+035   8.550000    
   202.5000      3.165550392837733E+035   8.550000    
   225.0000      3.153572855741726E+035   8.550000    
   247.5000      3.174315252719042E+035   8.550000    
   270.0000      3.231455996158230E+035   8.550000    
   292.5000      3.298619271742081E+035   8.550000    
   315.0000      3.347687438743769E+035   8.550000    
   337.5000      3.362290423089778E+035   8.550000    
  0.0000000E+00  3.349829246508348E+035   8.550000    
 
  0.0000000E+00  2.788970605932170E+035   8.833333    
   22.50000      2.764106094945907E+035   8.833333    
   45.00000      2.740762433369605E+035   8.833333    
   67.50000      2.727970321648618E+035   8.833333    
   90.00000      2.727894259803528E+035   8.833333    
   112.5000      2.730778948527397E+035   8.833333    
   135.0000      2.717006641968359E+035   8.833333    
   157.5000      2.690996618033218E+035   8.833333    
   180.0000      2.664060154728827E+035   8.833333    
   202.5000      2.640109536409118E+035   8.833333    
   225.0000      2.632812832740592E+035   8.833333    
   247.5000      2.652334015211006E+035   8.833333    
   270.0000      2.700678681765699E+035   8.833333    
   292.5000      2.755574651349598E+035   8.833333    
   315.0000      2.793480735761564E+035   8.833333    
   337.5000      2.802237041343408E+035   8.833333    
  0.0000000E+00  2.788970605932170E+035   8.833333    
 
  0.0000000E+00  2.272183989115762E+035   9.116667    
   22.50000      2.251336845441044E+035   9.116667    
   45.00000      2.232219229247143E+035   9.116667    
   67.50000      2.221965049936859E+035   9.116667    
   90.00000      2.222490976749208E+035   9.116667    
   112.5000      2.225313032254960E+035   9.116667    
   135.0000      2.214456101325398E+035   9.116667    
   157.5000      2.194472607515460E+035   9.116667    
   180.0000      2.173606681837097E+035   9.116667    
   202.5000      2.155316841048348E+035   9.116667    
   225.0000      2.150950202902458E+035   9.116667    
   247.5000      2.167864145926479E+035   9.116667    
   270.0000      2.207170263374811E+035   9.116667    
   292.5000      2.250751029439542E+035   9.116667    
   315.0000      2.279551132706324E+035   9.116667    
   337.5000      2.284610666614263E+035   9.116667    
  0.0000000E+00  2.272183989115762E+035   9.116667    
 
  0.0000000E+00  1.794525788384896E+035   9.400000    
   22.50000      1.777992651998864E+035   9.400000    
   45.00000      1.763044548074624E+035   9.400000    
   67.50000      1.755157552397174E+035   9.400000    
   90.00000      1.755925481024034E+035   9.400000    
   112.5000      1.758413979773453E+035   9.400000    
   135.0000      1.750267191908422E+035   9.400000    
   157.5000      1.735436105756893E+035   9.400000    
   180.0000      1.719783562807187E+035   9.400000    
   202.5000      1.706222868998079E+035   9.400000    
   225.0000      1.703654140731014E+035   9.400000    
   247.5000      1.717298651086454E+035   9.400000    
   270.0000      1.747785549094090E+035   9.400000    
   292.5000      1.781037049082129E+035   9.400000    
   315.0000      1.802297811607274E+035   9.400000    
   337.5000      1.805095951850472E+035   9.400000    
  0.0000000E+00  1.794525788384896E+035   9.400000    
 
  0.0000000E+00  1.351823464983856E+035   9.683333    
   22.50000      1.339652166890273E+035   9.683333    
   45.00000      1.328743721482318E+035   9.683333    
   67.50000      1.323063044217524E+035   9.683333    
   90.00000      1.323821040363108E+035   9.683333    
   112.5000      1.325793575187364E+035   9.683333    
   135.0000      1.320058592199189E+035   9.683333    
   157.5000      1.309642435489993E+035   9.683333    
   180.0000      1.298538415113076E+035   9.683333    
   202.5000      1.289003479783340E+035   9.683333    
   225.0000      1.287526747207757E+035   9.683333    
   247.5000      1.297660557346957E+035   9.683333    
   270.0000      1.319763035227523E+035   9.683333    
   292.5000      1.343605427059531E+035   9.683333    
   315.0000      1.358495438466604E+035   9.683333    
   337.5000      1.359962477728971E+035   9.683333    
  0.0000000E+00  1.351823464983856E+035   9.683333    
 
  0.0000000E+00  9.405049647916733E+034   9.966667    
   22.50000      9.325931699682814E+034   9.966667    
   45.00000      9.255417002868483E+034   9.966667    
   67.50000      9.219076387066265E+034   9.966667    
   90.00000      9.224903328298155E+034   9.966667    
   112.5000      9.238379633509319E+034   9.966667    
   135.0000      9.202258848201576E+034   9.966667    
   157.5000      9.136521935994155E+034   9.966667    
   180.0000      9.065921647691349E+034   9.966667    
   202.5000      9.005669595278672E+034   9.966667    
   225.0000      8.997653274983341E+034   9.966667    
   247.5000      9.063828610227712E+034   9.966667    
   270.0000      9.206134866542600E+034   9.966667    
   292.5000      9.358578587262076E+034   9.966667    
   315.0000      9.452329749750173E+034   9.966667    
   337.5000      9.459443763468626E+034   9.966667    
  0.0000000E+00  9.405049647916733E+034   9.966667    
 
  0.0000000E+00  5.574680436173335E+034   10.25000    
   22.50000      5.536280695790794E+034   10.25000    
   45.00000      5.502177097573261E+034   10.25000    
   67.50000      5.484735561872606E+034   10.25000    
   90.00000      5.487843772647057E+034   10.25000    
   112.5000      5.494575698370204E+034   10.25000    
   135.0000      5.477338898334313E+034   10.25000    
   157.5000      5.445892694900726E+034   10.25000    
   180.0000      5.411974884730419E+034   10.25000    
   202.5000      5.383136440569218E+034   10.25000    
   225.0000      5.379628547921061E+034   10.25000    
   247.5000      5.411830175842925E+034   10.25000    
   270.0000      5.480577565724677E+034   10.25000    
   292.5000      5.553940115842080E+034   10.25000    
   315.0000      5.598663134365515E+034   10.25000    
   337.5000      5.601478389869204E+034   10.25000    
  0.0000000E+00  5.574680436173335E+034   10.25000    
 
