  0.0000000E+00  2.368010567791958E+035
   22.50000      2.530689210425892E+035
   45.00000      2.826732258700269E+035
   67.50000      3.078575958072601E+035
   90.00000      3.237308882151988E+035
   112.5000      3.293821288649229E+035
   135.0000      3.294211218216869E+035
   157.5000      3.298866832696412E+035
   180.0000      3.209610861254831E+035
   202.5000      2.956120141766511E+035
   225.0000      2.754079308188941E+035
   247.5000      2.708269764533668E+035
   270.0000      2.749142032035215E+035
   292.5000      2.796849952235950E+035
   315.0000      2.760322659120551E+035
   337.5000      2.554692614304615E+035
   360.0000      2.368010567791958E+035
   360.0000      2.136935673378361E+035
   382.5000      2.244628033911742E+035
   405.0000      2.510634554464708E+035
   427.5000      2.748447077296688E+035
   450.0000      2.903670732354269E+035
   472.5000      2.960109101981153E+035
   495.0000      2.967070359890164E+035
   517.5000      2.960288147358346E+035
   540.0000      2.831837557057289E+035
   562.5000      2.592163029758710E+035
   585.0000      2.437404375389046E+035
   607.5000      2.386174413299914E+035
   630.0000      2.408999392423370E+035
   652.5000      2.453594876291559E+035
   675.0000      2.437635144261524E+035
   697.5000      2.290104763256819E+035
   720.0000      2.136935673378361E+035
   720.0000      1.905212478587999E+035
   742.5000      1.920331861608024E+035
   765.0000      2.092298677095071E+035
   787.5000      2.292137730316274E+035
   810.0000      2.451222357484272E+035
   832.5000      2.528855379197918E+035
   855.0000      2.558703543100605E+035
   877.5000      2.559405250308708E+035
   900.0000      2.437427752935018E+035
   922.5000      2.264464785030034E+035
   945.0000      2.140002181968051E+035
   967.5000      2.079758164312033E+035
   990.0000      2.076476425015792E+035
   1012.500      2.104513792725814E+035
   1035.000      2.105978796287675E+035
   1057.500      2.018910975245520E+035
   1080.000      1.905212478587999E+035
   1080.000      1.701809050372769E+035
   1102.500      1.669152195270042E+035
   1125.000      1.713483227357175E+035
   1147.500      1.837443983588688E+035
   1170.000      1.986156317061444E+035
   1192.500      2.089750096876195E+035
   1215.000      2.150674543339327E+035
   1237.500      2.177415509658431E+035
   1260.000      2.109198440161063E+035
   1282.500      1.999422793068124E+035
   1305.000      1.899846882184121E+035
   1327.500      1.834744000654948E+035
   1350.000      1.807886112911898E+035
   1372.500      1.812102632143735E+035
   1395.000      1.819590807530090E+035
   1417.500      1.779766455278157E+035
   1440.000      1.701809050372769E+035
   1440.000      1.513288248178636E+035
   1462.500      1.473501521356107E+035
   1485.000      1.467586941879926E+035
   1507.500      1.524004720471141E+035
   1530.000      1.629932260243568E+035
   1552.500      1.726490717238912E+035
   1575.000      1.795745901727941E+035
   1597.500      1.831958193275671E+035
   1620.000      1.808173707794297E+035
   1642.500      1.742548371115597E+035
   1665.000      1.669541280077528E+035
   1687.500      1.614370801758008E+035
   1710.000      1.583597214779584E+035
   1732.500      1.576060625369429E+035
   1755.000      1.580325266874032E+035
   1777.500      1.561765188004085E+035
   1800.000      1.513288248178636E+035
   1800.000      1.331757448495228E+035
   1822.500      1.301481917397057E+035
   1845.000      1.293024811452696E+035
   1867.500      1.331200771894701E+035
   1890.000      1.408436493904114E+035
   1912.500      1.481531398918392E+035
   1935.000      1.532069740001451E+035
   1957.500      1.551697501997479E+035
   1980.000      1.531137456192591E+035
   2002.500      1.483105263175322E+035
   2025.000      1.431792743477491E+035
   2047.500      1.394995886801143E+035
   2070.000      1.376553913456032E+035
   2092.500      1.374499559938959E+035
   2115.000      1.378090920274611E+035
   2137.500      1.364422759923986E+035
   2160.000      1.331757448495228E+035
   2160.000      1.166481185606073E+035
   2182.500      1.147377822148336E+035
   2205.000      1.149004619236857E+035
   2227.500      1.184809914886856E+035
   2250.000      1.241829917820383E+035
   2272.500      1.290372961918012E+035
   2295.000      1.316714861591821E+035
   2317.500      1.315281086439674E+035
   2340.000      1.287887786801684E+035
   2362.500      1.248331394988698E+035
   2385.000      1.213754941243238E+035
   2407.500      1.194518885247199E+035
   2430.000      1.191614889758111E+035
   2452.500      1.199409393301073E+035
   2475.000      1.203531834592746E+035
   2497.500      1.190583603133087E+035
   2520.000      1.166481185606073E+035
   2520.000      1.018250899145333E+035
   2542.500      1.006756696980848E+035
   2565.000      1.014025920914104E+035
   2587.500      1.044938914644409E+035
   2610.000      1.085856197631569E+035
   2632.500      1.116586634220929E+035
   2655.000      1.126185162030375E+035
   2677.500      1.112721772579395E+035
   2700.000      1.083468091102153E+035
   2722.500      1.051731074937874E+035
   2745.000      1.029485927998248E+035
   2767.500      1.023028164517723E+035
   2790.000      1.031463359142870E+035
   2812.500      1.045335604882722E+035
   2835.000      1.049122564142652E+035
   2857.500      1.036900174462317E+035
   2880.000      1.018250899145333E+035
   2880.000      8.816727001626733E+034
   2902.500      8.740344009270834E+034
   2925.000      8.819331132297663E+034
   2947.500      9.062884088640787E+034
   2970.000      9.357524303401877E+034
   2992.500      9.556288530275205E+034
   3015.000      9.564543214978479E+034
   3037.500      9.388466604245932E+034
   3060.000      9.117821626151029E+034
   3082.500      8.869559021131804E+034
   3105.000      8.730184643182173E+034
   3127.500      8.743930138153513E+034
   3150.000      8.888774748242589E+034
   3172.500      9.048705074843070E+034
   3195.000      9.079781096740098E+034
   3217.500      8.968092185820123E+034
   3240.000      8.816727001626733E+034
   3240.000      7.535217327390086E+034
   3262.500      7.476186699401335E+034
   3285.000      7.540930916452577E+034
   3307.500      7.725547530475590E+034
   3330.000      7.943049819658293E+034
   3352.500      8.078066202124326E+034
   3375.000      8.047608548097695E+034
   3397.500      7.871007155663370E+034
   3420.000      7.636909990858326E+034
   3442.500      7.444251563877268E+034
   3465.000      7.358567519455290E+034
   3487.500      7.414272550395847E+034
   3510.000      7.581266647380596E+034
   3532.500      7.738811089331246E+034
   3555.000      7.762907207226210E+034
   3577.500      7.662652600053154E+034
   3600.000      7.535217327390086E+034
   3600.000      6.326083975881370E+034
   3622.500      6.275833094181934E+034
   3645.000      6.322885953401233E+034
   3667.500      6.461396960917585E+034
   3690.000      6.626105830832678E+034
   3712.500      6.722492993730012E+034
   3735.000      6.679025640973889E+034
   3757.500      6.519786344918495E+034
   3780.000      6.324706376267070E+034
   3802.500      6.175787152007458E+034
   3825.000      6.124296425529579E+034
   3847.500      6.197918081657239E+034
   3870.000      6.363091926832086E+034
   3892.500      6.505826873857631E+034
   3915.000      6.523342971967090E+034
   3937.500      6.434678662016603E+034
   3960.000      6.326083975881370E+034
   3960.000      5.185069348832795E+034
   3982.500      5.141446042591543E+034
   4005.000      5.173641667071262E+034
   4027.500      5.277363615040989E+034
   4050.000      5.403698102365384E+034
   4072.500      5.474842075677229E+034
   4095.000      5.430990186859324E+034
   4117.500      5.296118016652078E+034
   4140.000      5.138438732148842E+034
   4162.500      5.024431135347008E+034
   4185.000      4.994462526874362E+034
   4207.500      5.070548285481667E+034
   4230.000      5.219580195253621E+034
   4252.500      5.341222392329132E+034
   4275.000      5.352934857183686E+034
   4297.500      5.276446903469584E+034
   4320.000      5.185069348832795E+034
   4320.000      4.109597167540743E+034
   4342.500      4.073048316102722E+034
   4365.000      4.094440396059124E+034
   4387.500      4.171336367713336E+034
   4410.000      4.267362327262273E+034
   4432.500      4.320142020977311E+034
   4455.000      4.281827728625845E+034
   4477.500      4.173641116155321E+034
   4500.000      4.050895215735509E+034
   4522.500      3.965644788868069E+034
   4545.000      3.948996214035183E+034
   4567.500      4.017778316366742E+034
   4590.000      4.142383321298236E+034
   4612.500      4.240089107703597E+034
   4635.000      4.247059496373974E+034
   4657.500      4.183752109144502E+034
   4680.000      4.109597167540743E+034
   4680.000      3.097161696355640E+034
   4702.500      3.068815383577228E+034
   4725.000      3.082751079825677E+034
   4747.500      3.137771311749920E+034
   4770.000      3.207763170257632E+034
   4792.500      3.245608935819500E+034
   4815.000      3.215527679811066E+034
   4837.500      3.134521218655791E+034
   4860.000      3.044487503608589E+034
   4882.500      2.983819016826775E+034
   4905.000      2.975195285044520E+034
   4927.500      3.030632340001126E+034
   4950.000      3.126245357460123E+034
   4972.500      3.199029490156399E+034
   4995.000      3.202475606744000E+034
   5017.500      3.153515245737203E+034
   5040.000      3.097161696355640E+034
   5040.000      2.144180671451779E+034
   5062.500      2.124969767380705E+034
   5085.000      2.133561081027624E+034
   5107.500      2.169387874613898E+034
   5130.000      2.215401556852569E+034
   5152.500      2.239962042171226E+034
   5175.000      2.219358850307704E+034
   5197.500      2.165484582264311E+034
   5220.000      2.106498639972197E+034
   5242.500      2.067649711367886E+034
   5265.000      2.063683380414240E+034
   5287.500      2.102188468993122E+034
   5310.000      2.166500583663820E+034
   5332.500      2.214376405018060E+034
   5355.000      2.215564305798931E+034
   5377.500      2.182093059516979E+034
   5400.000      2.144180671451779E+034
   5400.000      1.246343371188886E+034
   5422.500      1.236742788376452E+034
   5445.000      1.240957187514264E+034
   5467.500      1.258725803253691E+034
   5490.000      1.281581085436583E+034
   5512.500      1.293644488274170E+034
   5535.000      1.283179303046064E+034
   5557.500      1.256339732057852E+034
   5580.000      1.227275705373429E+034
   5602.500      1.208450228379071E+034
   5625.000      1.207051315723487E+034
   5647.500      1.226658084375014E+034
   5670.000      1.258739280131868E+034
   5692.500      1.282236243317662E+034
   5715.000      1.282357575552973E+034
   5737.500      1.265346937643251E+034
   5760.000      1.246343371188886E+034
