  0.0000000E+00  2.406217226360770E+035   6.000000    
   22.50000      2.150225346294693E+035   6.000000    
   45.00000      2.111421844273302E+035   6.000000    
   67.50000      2.353788480523207E+035   6.000000    
   90.00000      2.681846700130748E+035   6.000000    
   112.5000      2.963859060234496E+035   6.000000    
   135.0000      3.111041412188772E+035   6.000000    
   157.5000      3.116342007452796E+035   6.000000    
   180.0000      3.105252916071981E+035   6.000000    
   202.5000      3.108573681079512E+035   6.000000    
   225.0000      3.002103832971683E+035   6.000000    
   247.5000      2.814130502509555E+035   6.000000    
   270.0000      2.758486072054708E+035   6.000000    
   292.5000      2.760051092539003E+035   6.000000    
   315.0000      2.700577108098767E+035   6.000000    
   337.5000      2.585952079165066E+035   6.000000    
  0.0000000E+00  2.406217226360770E+035   6.000000    
 
  0.0000000E+00  2.153685199372049E+035   6.283333    
   22.50000      1.950206582953929E+035   6.283333    
   45.00000      1.874359567938830E+035   6.283333    
   67.50000      2.064121321633654E+035   6.283333    
   90.00000      2.354954291950696E+035   6.283333    
   112.5000      2.619541854225990E+035   6.283333    
   135.0000      2.766720647429198E+035   6.283333    
   157.5000      2.785839572359307E+035   6.283333    
   180.0000      2.788686672581567E+035   6.283333    
   202.5000      2.774707855321531E+035   6.283333    
   225.0000      2.630811882993971E+035   6.283333    
   247.5000      2.470955037612431E+035   6.283333    
   270.0000      2.426419482191134E+035   6.283333    
   292.5000      2.425871674744515E+035   6.283333    
   315.0000      2.381479562935656E+035   6.283333    
   337.5000      2.297761643548549E+035   6.283333    
  0.0000000E+00  2.153685199372049E+035   6.283333    
 
  0.0000000E+00  1.906097311716597E+035   6.566667    
   22.50000      1.758353808596421E+035   6.566667    
   45.00000      1.670276529099595E+035   6.566667    
   67.50000      1.744204492655338E+035   6.566667    
   90.00000      1.941125269738449E+035   6.566667    
   112.5000      2.160150320261880E+035   6.566667    
   135.0000      2.308987039975127E+035   6.566667    
   157.5000      2.352769537318375E+035   6.566667    
   180.0000      2.377126893117416E+035   6.566667    
   202.5000      2.365368010679697E+035   6.566667    
   225.0000      2.245454302008409E+035   6.566667    
   247.5000      2.141338675029567E+035   6.566667    
   270.0000      2.102253297140956E+035   6.566667    
   292.5000      2.095729333581123E+035   6.566667    
   315.0000      2.062271059071533E+035   6.566667    
   337.5000      2.004671779195104E+035   6.566667    
  0.0000000E+00  1.906097311716597E+035   6.566667    
 
  0.0000000E+00  1.694221058944815E+035   6.850000    
   22.50000      1.595947515962682E+035   6.850000    
   45.00000      1.510517063911856E+035   6.850000    
   67.50000      1.504156254185902E+035   6.850000    
   90.00000      1.576121782102840E+035   6.850000    
   112.5000      1.717431745552589E+035   6.850000    
   135.0000      1.852617639756157E+035   6.850000    
   157.5000      1.916968429256768E+035   6.850000    
   180.0000      1.959101162704485E+035   6.850000    
   202.5000      1.969484960086133E+035   6.850000    
   225.0000      1.923456459452496E+035   6.850000    
   247.5000      1.868448027182816E+035   6.850000    
   270.0000      1.836271459899993E+035   6.850000    
   292.5000      1.826188506573315E+035   6.850000    
   315.0000      1.799213249192872E+035   6.850000    
   337.5000      1.755826920348587E+035   6.850000    
  0.0000000E+00  1.694221058944815E+035   6.850000    
 
  0.0000000E+00  1.493365752214061E+035   7.133333    
   22.50000      1.427295041931043E+035   7.133333    
   45.00000      1.360566428033389E+035   7.133333    
   67.50000      1.331385155327190E+035   7.133333    
   90.00000      1.347566194541813E+035   7.133333    
   112.5000      1.420469702123659E+035   7.133333    
   135.0000      1.515759534859345E+035   7.133333    
   157.5000      1.574877682502592E+035   7.133333    
   180.0000      1.616598549123726E+035   7.133333    
   202.5000      1.640678197994042E+035   7.133333    
   225.0000      1.636608471743683E+035   7.133333    
   247.5000      1.616693419870230E+035   7.133333    
   270.0000      1.599965733515229E+035   7.133333    
   292.5000      1.594461113034203E+035   7.133333    
   315.0000      1.574238423020353E+035   7.133333    
   337.5000      1.537779446835342E+035   7.133333    
  0.0000000E+00  1.493365752214061E+035   7.133333    
 
  0.0000000E+00  1.295727922273281E+035   7.416667    
   22.50000      1.245984720065923E+035   7.416667    
   45.00000      1.199721254455188E+035   7.416667    
   67.50000      1.179977296876617E+035   7.416667    
   90.00000      1.192647414679803E+035   7.416667    
   112.5000      1.244521551758557E+035   7.416667    
   135.0000      1.309065803980805E+035   7.416667    
   157.5000      1.348707795439027E+035   7.416667    
   180.0000      1.374208417352618E+035   7.416667    
   202.5000      1.388188113651073E+035   7.416667    
   225.0000      1.388734778295903E+035   7.416667    
   247.5000      1.381594389534373E+035   7.416667    
   270.0000      1.377363010378864E+035   7.416667    
   292.5000      1.378096669426616E+035   7.416667    
   315.0000      1.363331442191813E+035   7.416667    
   337.5000      1.333171225711747E+035   7.416667    
  0.0000000E+00  1.295727922273281E+035   7.416667    
 
  0.0000000E+00  1.114288589948899E+035   7.700000    
   22.50000      1.075101836243933E+035   7.700000    
   45.00000      1.046560597485928E+035   7.700000    
   67.50000      1.043337352854616E+035   7.700000    
   90.00000      1.067612750168213E+035   7.700000    
   112.5000      1.114429622886395E+035   7.700000    
   135.0000      1.156779677169530E+035   7.700000    
   157.5000      1.176260993015464E+035   7.700000    
   180.0000      1.183331344615479E+035   7.700000    
   202.5000      1.182417014513324E+035   7.700000    
   225.0000      1.177135178461558E+035   7.700000    
   247.5000      1.173768657886945E+035   7.700000    
   270.0000      1.177929399469148E+035   7.700000    
   292.5000      1.183618646440561E+035   7.700000    
   315.0000      1.173253872520658E+035   7.700000    
   337.5000      1.148149942050971E+035   7.700000    
  0.0000000E+00  1.114288589948899E+035   7.700000    
 
  0.0000000E+00  9.563421053446855E+034   7.983334    
   22.50000      9.260822343131336E+034   7.983334    
   45.00000      9.106669573527901E+034   7.983334    
   67.50000      9.193528996842621E+034   7.983334    
   90.00000      9.502827225580756E+034   7.983334    
   112.5000      9.904730947235744E+034   7.983334    
   135.0000      1.016266770739104E+035   7.983334    
   157.5000      1.020977642535152E+035   7.983334    
   180.0000      1.014868396720860E+035   7.983334    
   202.5000      1.004393615212717E+035   7.983334    
   225.0000      9.960640433710661E+034   7.983334    
   247.5000      9.962074436097319E+034   7.983334    
   270.0000      1.006524339197268E+035   7.983334    
   292.5000      1.016027847504263E+035   7.983334    
   315.0000      1.009121755015631E+035   7.983334    
   337.5000      9.870820318030039E+034   7.983334    
  0.0000000E+00  9.563421053446855E+034   7.983334    
 
  0.0000000E+00  8.180990819559051E+034   8.266666    
   22.50000      7.951504630471758E+034   8.266666    
   45.00000      7.878669331555871E+034   8.266666    
   67.50000      8.019996187164702E+034   8.266666    
   90.00000      8.331071924324676E+034   8.266666    
   112.5000      8.654340715872930E+034   8.266666    
   135.0000      8.801460495294632E+034   8.266666    
   157.5000      8.760726836351278E+034   8.266666    
   180.0000      8.630271291972091E+034   8.266666    
   202.5000      8.487722364474362E+034   8.266666    
   225.0000      8.405442522708060E+034   8.266666    
   247.5000      8.438302682045753E+034   8.266666    
   270.0000      8.577486146899527E+034   8.266666    
   292.5000      8.694210747710118E+034   8.266666    
   315.0000      8.648183198928958E+034   8.266666    
   337.5000      8.450995488929037E+034   8.266666    
  0.0000000E+00  8.180990819559051E+034   8.266666    
 
  0.0000000E+00  6.939289056617432E+034   8.550000    
   22.50000      6.765787064921227E+034   8.550000    
   45.00000      6.738058945807790E+034   8.550000    
   67.50000      6.891464180956014E+034   8.550000    
   90.00000      7.171011696408667E+034   8.550000    
   112.5000      7.422793985937490E+034   8.550000    
   135.0000      7.501028771045479E+034   8.550000    
   157.5000      7.416465146172320E+034   8.550000    
   180.0000      7.260987170405260E+034   8.550000    
   202.5000      7.114930497941433E+034   8.550000    
   225.0000      7.046276001404385E+034   8.550000    
   247.5000      7.099240518628786E+034   8.550000    
   270.0000      7.251476283441390E+034   8.550000    
   292.5000      7.374344979671487E+034   8.550000    
   315.0000      7.342816535233970E+034   8.550000    
   337.5000      7.168875413036107E+034   8.550000    
  0.0000000E+00  6.939289056617432E+034   8.550000    
 
  0.0000000E+00  5.800791639800378E+034   8.833333    
   22.50000      5.669589733206155E+034   8.833333    
   45.00000      5.664802957879739E+034   8.833333    
   67.50000      5.808058813377768E+034   8.833333    
   90.00000      6.044173399239856E+034   8.833333    
   112.5000      6.237084786562289E+034   8.833333    
   135.0000      6.274453494585668E+034   8.833333    
   157.5000      6.174585971447447E+034   8.833333    
   180.0000      6.020759410746635E+034   8.833333    
   202.5000      5.888050762562060E+034   8.833333    
   225.0000      5.835257693201300E+034   8.833333    
   247.5000      5.896726755387780E+034   8.833333    
   270.0000      6.045112842255729E+034   8.833333    
   292.5000      6.162422841929394E+034   8.833333    
   315.0000      6.139857465821246E+034   8.833333    
   337.5000      5.990541856486414E+034   8.833333    
  0.0000000E+00  5.800791639800378E+034   8.833333    
 
  0.0000000E+00  4.744377123367558E+034   9.116667    
   22.50000      4.645743229630603E+034   9.116667    
   45.00000      4.651243111168708E+034   9.116667    
   67.50000      4.774071494725573E+034   9.116667    
   90.00000      4.964785144862197E+034   9.116667    
   112.5000      5.110374907434631E+034   9.116667    
   135.0000      5.124773617258318E+034   9.116667    
   157.5000      5.027251650722940E+034   9.116667    
   180.0000      4.889954412640382E+034   9.116667    
   202.5000      4.777924309158366E+034   9.116667    
   225.0000      4.739320656479815E+034   9.116667    
   247.5000      4.800109805058215E+034   9.116667    
   270.0000      4.933243695971593E+034   9.116667    
   292.5000      5.037015066830928E+034   9.116667    
   315.0000      5.020280306886602E+034   9.116667    
   337.5000      4.896561948999997E+034   9.116667    
  0.0000000E+00  4.744377123367558E+034   9.116667    
 
  0.0000000E+00  3.758169020225436E+034   9.400000    
   22.50000      3.685530510438271E+034   9.400000    
   45.00000      3.694400338536660E+034   9.400000    
   67.50000      3.792781517826217E+034   9.400000    
   90.00000      3.939949062991896E+034   9.400000    
   112.5000      4.047102314707093E+034   9.400000    
   135.0000      4.049728056266780E+034   9.400000    
   157.5000      3.964988568852186E+034   9.400000    
   180.0000      3.851906975041583E+034   9.400000    
   202.5000      3.763118676707709E+034   9.400000    
   225.0000      3.736059743148852E+034   9.400000    
   247.5000      3.789733764951255E+034   9.400000    
   270.0000      3.900480681072767E+034   9.400000    
   292.5000      3.985877686471542E+034   9.400000    
   315.0000      3.973334430794982E+034   9.400000    
   337.5000      3.875485866918991E+034   9.400000    
  0.0000000E+00  3.758169020225436E+034   9.400000    
 
  0.0000000E+00  2.835298374594499E+034   9.683333    
   22.50000      2.784283893157812E+034   9.683333    
   45.00000      2.792867030986783E+034   9.683333    
   67.50000      2.865795976692267E+034   9.683333    
   90.00000      2.972347548767985E+034   9.683333    
   112.5000      3.047453288742008E+034   9.683333    
   135.0000      3.045130716659067E+034   9.683333    
   157.5000      2.978971121226701E+034   9.683333    
   180.0000      2.893618544836662E+034   9.683333    
   202.5000      2.828369406720170E+034   9.683333    
   225.0000      2.810389337356393E+034   9.683333    
   247.5000      2.852864712955654E+034   9.683333    
   270.0000      2.937233962374782E+034   9.683333    
   292.5000      3.001738356303309E+034   9.683333    
   315.0000      2.992590486111257E+034   9.683333    
   337.5000      2.920316534420491E+034   9.683333    
  0.0000000E+00  2.835298374594499E+034   9.683333    
 
  0.0000000E+00  1.970692141905422E+034   9.966667    
   22.50000      1.938402625899179E+034   9.966667    
   45.00000      1.944835921635316E+034   9.966667    
   67.50000      1.992612171143499E+034   9.966667    
   90.00000      2.061386602898669E+034   9.966667    
   112.5000      2.108840277596998E+034   9.966667    
   135.0000      2.105553660097352E+034   9.966667    
   157.5000      2.060834760905250E+034   9.966667    
   180.0000      2.004361763351864E+034   9.966667    
   202.5000      1.961963370657079E+034   9.966667    
   225.0000      1.951149718326350E+034   9.966667    
   247.5000      1.980149788673711E+034   9.966667    
   270.0000      2.036359543601352E+034   9.966667    
   292.5000      2.079033671649643E+034   9.966667    
   315.0000      2.072966671020691E+034   9.966667    
   337.5000      2.025630558179733E+034   9.966667    
  0.0000000E+00  1.970692141905422E+034   9.966667    
 
  0.0000000E+00  1.160129076954200E+034   10.25000    
   22.50000      1.144633242340494E+034   10.25000    
   45.00000      1.148015971471083E+034   10.25000    
   67.50000      1.171417378247598E+034   10.25000    
   90.00000      1.204809964279090E+034   10.25000    
   112.5000      1.227558012014330E+034   10.25000    
   135.0000      1.225453200223155E+034   10.25000    
   157.5000      1.203190293651093E+034   10.25000    
   180.0000      1.175429513009695E+034   10.25000    
   202.5000      1.154823224559050E+034   10.25000    
   225.0000      1.149842608736796E+034   10.25000    
   247.5000      1.164380951546848E+034   10.25000    
   270.0000      1.192130997467864E+034   10.25000    
   292.5000      1.213077419770866E+034   10.25000    
   315.0000      1.210027445617874E+034   10.25000    
   337.5000      1.186825814292725E+034   10.25000    
  0.0000000E+00  1.160129076954200E+034   10.25000    
 
