  0.0000000E+00  0.275592476129532        6.000000    
   22.50000      0.263022124767303        6.000000    
   45.00000      0.255804389715195        6.000000    
   67.50000      0.253247231245041        6.000000    
   90.00000      0.252559006214142        6.000000    
   112.5000      0.251043051481247        6.000000    
   135.0000      0.248912706971169        6.000000    
   157.5000      0.248440235853195        6.000000    
   180.0000      0.250787973403931        6.000000    
   202.5000      0.258600473403931        6.000000    
   225.0000      0.267777442932129        6.000000    
   247.5000      0.276142865419388        6.000000    
   270.0000      0.286338210105896        6.000000    
   292.5000      0.296422809362411        6.000000    
   315.0000      0.297800600528717        6.000000    
   337.5000      0.289014279842377        6.000000    
  0.0000000E+00  0.275592476129532        6.000000    
 
  0.0000000E+00  0.270623832941055        6.283333    
   22.50000      0.259010285139084        6.283333    
   45.00000      0.251952409744263        6.283333    
   67.50000      0.248944237828255        6.283333    
   90.00000      0.247671231627464        6.283333    
   112.5000      0.246503502130508        6.283333    
   135.0000      0.245193928480148        6.283333    
   157.5000      0.244701430201530        6.283333    
   180.0000      0.246470525860786        6.283333    
   202.5000      0.252146601676941        6.283333    
   225.0000      0.260212361812592        6.283333    
   247.5000      0.268335044384003        6.283333    
   270.0000      0.278161555528641        6.283333    
   292.5000      0.288079351186752        6.283333    
   315.0000      0.290236145257950        6.283333    
   337.5000      0.282750606536865        6.283333    
  0.0000000E+00  0.270623832941055        6.283333    
 
  0.0000000E+00  0.265988707542419        6.566667    
   22.50000      0.256655424833298        6.566667    
   45.00000      0.250210911035538        6.566667    
   67.50000      0.246641620993614        6.566667    
   90.00000      0.244796276092529        6.566667    
   112.5000      0.243381008505821        6.566667    
   135.0000      0.242049202322960        6.566667    
   157.5000      0.241161286830902        6.566667    
   180.0000      0.241753309965134        6.566667    
   202.5000      0.245463415980339        6.566667    
   225.0000      0.251313865184784        6.566667    
   247.5000      0.257741838693619        6.566667    
   270.0000      0.266239166259766        6.566667    
   292.5000      0.275460779666901        6.566667    
   315.0000      0.279343754053116        6.566667    
   337.5000      0.275035351514816        6.566667    
  0.0000000E+00  0.265988707542419        6.566667    
 
  0.0000000E+00  0.262697786092758        6.850000    
   22.50000      0.256311208009720        6.850000    
   45.00000      0.250493645668030        6.850000    
   67.50000      0.246340468525887        6.850000    
   90.00000      0.243781700730324        6.850000    
   112.5000      0.241982102394104        6.850000    
   135.0000      0.240407645702362        6.850000    
   157.5000      0.239054560661316        6.850000    
   180.0000      0.238393604755402        6.850000    
   202.5000      0.240052372217178        6.850000    
   225.0000      0.244086831808090        6.850000    
   247.5000      0.249130249023438        6.850000    
   270.0000      0.255167663097382        6.850000    
   292.5000      0.262590646743774        6.850000    
   315.0000      0.267902135848999        6.850000    
   337.5000      0.267467886209488        6.850000    
  0.0000000E+00  0.262697786092758        6.850000    
 
  0.0000000E+00  0.259324580430984        7.133333    
   22.50000      0.254886806011200        7.133333    
   45.00000      0.249928683042526        7.133333    
   67.50000      0.245769008994102        7.133333    
   90.00000      0.242971494793892        7.133333    
   112.5000      0.241068556904793        7.133333    
   135.0000      0.239424765110016        7.133333    
   157.5000      0.237885236740112        7.133333    
   180.0000      0.236567825078964        7.133333    
   202.5000      0.236984372138977        7.133333    
   225.0000      0.239856228232384        7.133333    
   247.5000      0.243992924690247        7.133333    
   270.0000      0.248780742287636        7.133333    
   292.5000      0.254934072494507        7.133333    
   315.0000      0.260344564914703        7.133333    
   337.5000      0.261687397956848        7.133333    
  0.0000000E+00  0.259324580430984        7.133333    
 
  0.0000000E+00  0.255207359790802        7.416667    
   22.50000      0.251314640045166        7.416667    
   45.00000      0.246946737170219        7.416667    
   67.50000      0.243311479687691        7.416667    
   90.00000      0.240962460637093        7.416667    
   112.5000      0.239419505000114        7.416667    
   135.0000      0.238017410039902        7.416667    
   157.5000      0.236614197492599        7.416667    
   180.0000      0.235410511493683        7.416667    
   202.5000      0.235858246684074        7.416667    
   225.0000      0.238569527864456        7.416667    
   247.5000      0.242392972111702        7.416667    
   270.0000      0.246764227747917        7.416667    
   292.5000      0.252120554447174        7.416667    
   315.0000      0.256483942270279        7.416667    
   337.5000      0.257349461317062        7.416667    
  0.0000000E+00  0.255207359790802        7.416667    
 
  0.0000000E+00  0.250767201185226        7.700000    
   22.50000      0.246821075677872        7.700000    
   45.00000      0.242974445223808        7.700000    
   67.50000      0.240178138017654        7.700000    
   90.00000      0.238633945584297        7.700000    
   112.5000      0.237678468227386        7.700000    
   135.0000      0.236690148711205        7.700000    
   157.5000      0.235662892460823        7.700000    
   180.0000      0.235096842050552        7.700000    
   202.5000      0.236268952488899        7.700000    
   225.0000      0.239261209964752        7.700000    
   247.5000      0.243008986115456        7.700000    
   270.0000      0.247212156653404        7.700000    
   292.5000      0.251687437295914        7.700000    
   315.0000      0.254286438226700        7.700000    
   337.5000      0.253646016120911        7.700000    
  0.0000000E+00  0.250767201185226        7.700000    
 
  0.0000000E+00  0.246902465820312        7.983334    
   22.50000      0.243027850985527        7.983334    
   45.00000      0.239796742796898        7.983334    
   67.50000      0.237851560115814        7.983334    
   90.00000      0.237071603536606        7.983334    
   112.5000      0.236682951450348        7.983334    
   135.0000      0.236136406660080        7.983334    
   157.5000      0.235587418079376        7.983334    
   180.0000      0.235751777887344        7.983334    
   202.5000      0.237575992941856        7.983334    
   225.0000      0.240707576274872        7.983334    
   247.5000      0.244325086474419        7.983334    
   270.0000      0.248196184635162        7.983334    
   292.5000      0.251520246267319        7.983334    
   315.0000      0.252344131469727        7.983334    
   337.5000      0.250381410121918        7.983334    
  0.0000000E+00  0.246902465820312        7.983334    
 
  0.0000000E+00  0.244072407484055        8.266666    
   22.50000      0.240438804030418        8.266666    
   45.00000      0.237796589732170        8.266666    
   67.50000      0.236538141965866        8.266666    
   90.00000      0.236353695392609        8.266666    
   112.5000      0.236435472965240        8.266666    
   135.0000      0.236290499567986        8.266666    
   157.5000      0.236193180084229        8.266666    
   180.0000      0.236933082342148        8.266666    
   202.5000      0.239118918776512        8.266666    
   225.0000      0.242179289460182        8.266666    
   247.5000      0.245554774999619        8.266666    
   270.0000      0.248912125825882        8.266666    
   292.5000      0.251090586185455        8.266666    
   315.0000      0.250585883855820        8.266666    
   337.5000      0.247812151908875        8.266666    
  0.0000000E+00  0.244072407484055        8.266666    
 
  0.0000000E+00  0.242209762334824        8.550000    
   22.50000      0.238885059952736        8.550000    
   45.00000      0.236742302775383        8.550000    
   67.50000      0.236000344157219        8.550000    
   90.00000      0.236258536577225        8.550000    
   112.5000      0.236711204051971        8.550000    
   135.0000      0.236899882555008        8.550000    
   157.5000      0.237175837159157        8.550000    
   180.0000      0.238300710916519        8.550000    
   202.5000      0.240605205297470        8.550000    
   225.0000      0.243469864130020        8.550000    
   247.5000      0.246531873941422        8.550000    
   270.0000      0.249312862753868        8.550000    
   292.5000      0.250541746616364        8.550000    
   315.0000      0.249171584844589        8.550000    
   337.5000      0.245980545878410        8.550000    
  0.0000000E+00  0.242209762334824        8.550000    
 
  0.0000000E+00  0.241160467267036        8.833333    
   22.50000      0.238156080245972        8.833333    
   45.00000      0.236420899629593        8.833333    
   67.50000      0.236061319708824        8.833333    
   90.00000      0.236641466617584        8.833333    
   112.5000      0.237371161580086        8.833333    
   135.0000      0.237817436456680        8.833333    
   157.5000      0.238363474607468        8.833333    
   180.0000      0.239703610539436        8.833333    
   202.5000      0.241966381669044        8.833333    
   225.0000      0.244577541947365        8.833333    
   247.5000      0.247299879789352        8.833333    
   270.0000      0.249538332223892        8.833333    
   292.5000      0.250059396028519        8.833333    
   315.0000      0.248182013630867        8.833333    
   337.5000      0.244828596711159        8.833333    
  0.0000000E+00  0.241160467267036        8.833333    
 
  0.0000000E+00  0.240811675786972        9.116667    
   22.50000      0.238120824098587        9.116667    
   45.00000      0.236716791987419        9.116667    
   67.50000      0.236636519432068        9.116667    
   90.00000      0.237438723444939        9.116667    
   112.5000      0.238357782363892        9.116667    
   135.0000      0.238974213600159        9.116667    
   157.5000      0.239680841565132        9.116667    
   180.0000      0.241093456745148        9.116667    
   202.5000      0.243211701512337        9.116667    
   225.0000      0.245546475052834        9.116667    
   247.5000      0.247934103012085        9.116667    
   270.0000      0.249714836478233        9.116667    
   292.5000      0.249757274985313        9.116667    
   315.0000      0.247634544968605        9.116667    
   337.5000      0.244291469454765        9.116667    
  0.0000000E+00  0.240811675786972        9.116667    
 
  0.0000000E+00  0.241090670228004        9.400000    
   22.50000      0.238712444901466        9.400000    
   45.00000      0.237582430243492        9.400000    
   67.50000      0.237697795033455        9.400000    
   90.00000      0.238631561398506        9.400000    
   112.5000      0.239647403359413        9.400000    
   135.0000      0.240342631936073        9.400000    
   157.5000      0.241102561354637        9.400000    
   180.0000      0.242468327283859        9.400000    
   202.5000      0.244371145963669        9.400000    
   225.0000      0.246417343616486        9.400000    
   247.5000      0.248485326766968        9.400000    
   270.0000      0.249902546405792        9.400000    
   292.5000      0.249664679169655        9.400000    
   315.0000      0.247499153017998        9.400000    
   337.5000      0.244306519627571        9.400000    
  0.0000000E+00  0.241090670228004        9.400000    
 
  0.0000000E+00  0.241973161697388        9.683333    
   22.50000      0.239932477474213        9.683333    
   45.00000      0.239040002226830        9.683333    
   67.50000      0.239273965358734        9.683333    
   90.00000      0.240239605307579        9.683333    
   112.5000      0.241251647472382        9.683333    
   135.0000      0.241933673620224        9.683333    
   157.5000      0.242647558450699        9.683333    
   180.0000      0.243863567709923        9.683333    
   202.5000      0.245489373803139        9.683333    
   225.0000      0.247222825884819        9.683333    
   247.5000      0.248969748616219        9.683333    
   270.0000      0.250099033117294        9.683333    
   292.5000      0.249743789434433        9.683333    
   315.0000      0.247716620564461        9.683333    
   337.5000      0.244825422763824        9.683333    
  0.0000000E+00  0.241973161697388        9.683333    
 
  0.0000000E+00  0.243486151099205        9.966667    
   22.50000      0.241860434412956        9.966667    
   45.00000      0.241194799542427        9.966667    
   67.50000      0.241464778780937        9.966667    
   90.00000      0.242336094379425        9.966667    
   112.5000      0.243221789598465        9.966667    
   135.0000      0.243798375129700        9.966667    
   157.5000      0.244377538561821        9.966667    
   180.0000      0.245343908667564        9.966667    
   202.5000      0.246614396572113        9.966667    
   225.0000      0.247972920536995        9.966667    
   247.5000      0.249349072575569        9.966667    
   270.0000      0.250215202569962        9.966667    
   292.5000      0.249874308705330        9.966667    
   315.0000      0.248185962438583        9.966667    
   337.5000      0.245807155966759        9.966667    
  0.0000000E+00  0.243486151099205        9.966667    
 
  0.0000000E+00  0.245777621865273        10.25000    
   22.50000      0.244748070836067        10.25000    
   45.00000      0.244343519210815        10.25000    
   67.50000      0.244549900293350        10.25000    
   90.00000      0.245146065950394        10.25000    
   112.5000      0.245737478137016        10.25000    
   135.0000      0.246105343103409        10.25000    
   157.5000      0.246459558606148        10.25000    
   180.0000      0.247052401304245        10.25000    
   202.5000      0.247831329703331        10.25000    
   225.0000      0.248671457171440        10.25000    
   247.5000      0.249531552195549        10.25000    
   270.0000      0.250074982643127        10.25000    
   292.5000      0.249857172369957        10.25000    
   315.0000      0.248781263828278        10.25000    
   337.5000      0.247260004281998        10.25000    
  0.0000000E+00  0.245777621865273        10.25000    
 
