  0.0000000E+00  0.261784553527832     
   22.50000      0.261637389659882     
   45.00000      0.260292023420334     
   67.50000      0.258912980556488     
   90.00000      0.258103072643280     
   112.5000      0.257538527250290     
   135.0000      0.255670130252838     
   157.5000      0.252216219902039     
   180.0000      0.247875705361366     
   202.5000      0.245023503899574     
   225.0000      0.243616342544556     
   247.5000      0.244143560528755     
   270.0000      0.246256694197655     
   292.5000      0.249747037887573     
   315.0000      0.255272239446640     
   337.5000      0.259631216526031     
   360.0000      0.261784553527832     
   360.0000      0.257050782442093     
   382.5000      0.257081598043442     
   405.0000      0.255738079547882     
   427.5000      0.254149794578552     
   450.0000      0.252897709608078     
   472.5000      0.251859277486801     
   495.0000      0.249576568603516     
   517.5000      0.247106954455376     
   540.0000      0.244169488549232     
   562.5000      0.241674512624741     
   585.0000      0.240286156535149     
   607.5000      0.240576878190041     
   630.0000      0.242437526583672     
   652.5000      0.245412006974220     
   675.0000      0.250214099884033     
   697.5000      0.254711180925369     
   720.0000      0.257050782442093     
   720.0000      0.251086473464966     
   742.5000      0.251584768295288     
   765.0000      0.250701695680618     
   787.5000      0.249352633953094     
   810.0000      0.248104616999626     
   832.5000      0.246932804584503     
   855.0000      0.245314881205559     
   877.5000      0.243352040648460     
   900.0000      0.241088554263115     
   922.5000      0.238984733819962     
   945.0000      0.237637221813202     
   967.5000      0.237610056996346     
   990.0000      0.239016443490982     
   1012.500      0.241397500038147     
   1035.000      0.244655892252922     
   1057.500      0.248690947890282     
   1080.000      0.251086473464966     
   1080.000      0.245809838175774     
   1102.500      0.246673360466957     
   1125.000      0.246475830674171     
   1147.500      0.245867803692818     
   1170.000      0.245296254754066     
   1192.500      0.244797125458717     
   1215.000      0.243459522724152     
   1237.500      0.241601765155792     
   1260.000      0.239677488803864     
   1282.500      0.237872749567032     
   1305.000      0.236586526036263     
   1327.500      0.236291602253914     
   1350.000      0.237260118126869     
   1372.500      0.239104911684990     
   1395.000      0.241448104381561     
   1417.500      0.244081795215607     
   1440.000      0.245809838175774     
   1440.000      0.243643119931221     
   1462.500      0.244046479463577     
   1485.000      0.243606820702553     
   1507.500      0.243484467267990     
   1530.000      0.243912041187286     
   1552.500      0.244391471147537     
   1575.000      0.243469044566154     
   1597.500      0.241251349449158     
   1620.000      0.239339366555214     
   1642.500      0.237608060240746     
   1665.000      0.236420810222626     
   1687.500      0.236180439591408     
   1710.000      0.237152040004730     
   1732.500      0.238886266946793     
   1755.000      0.240804985165596     
   1777.500      0.242592304944992     
   1800.000      0.243643119931221     
   1800.000      0.243274852633476     
   1822.500      0.242862164974213     
   1845.000      0.242018908262253     
   1867.500      0.242133885622025     
   1890.000      0.243508711457253     
   1912.500      0.244779646396637     
   1935.000      0.243977516889572     
   1957.500      0.241476923227310     
   1980.000      0.239241257309914     
   2002.500      0.237363725900650     
   2025.000      0.236374363303185     
   2047.500      0.236649677157402     
   2070.000      0.238226398825645     
   2092.500      0.240330085158348     
   2115.000      0.242101684212685     
   2137.500      0.243146330118179     
   2160.000      0.243274852633476     
   2160.000      0.243488967418671     
   2182.500      0.242164582014084     
   2205.000      0.241205662488937     
   2227.500      0.241991907358170     
   2250.000      0.244275271892548     
   2272.500      0.245847582817078     
   2295.000      0.244592055678368     
   2317.500      0.241852372884750     
   2340.000      0.239111363887787     
   2362.500      0.237162128090858     
   2385.000      0.236689701676369     
   2407.500      0.237950727343559     
   2430.000      0.240531370043755     
   2452.500      0.243120297789574     
   2475.000      0.244567528367043     
   2497.500      0.244576022028923     
   2520.000      0.243488967418671     
   2520.000      0.243973627686501     
   2542.500      0.241996169090271     
   2565.000      0.241344630718231     
   2587.500      0.243097648024559     
   2610.000      0.246013566851616     
   2632.500      0.247489422559738     
   2655.000      0.245837256312370     
   2677.500      0.242586538195610     
   2700.000      0.239416226744652     
   2722.500      0.237573608756065     
   2745.000      0.237830877304077     
   2767.500      0.240232005715370     
   2790.000      0.243807584047318     
   2812.500      0.246679350733757     
   2835.000      0.247503653168678     
   2857.500      0.246272474527359     
   2880.000      0.243973627686501     
   2880.000      0.244796007871628     
   2902.500      0.242446735501289     
   2925.000      0.242245092988014     
   2947.500      0.244811758399010     
   2970.000      0.248191475868225     
   2992.500      0.249536648392677     
   3015.000      0.247541442513466     
   3037.500      0.243818506598473     
   3060.000      0.240323275327682     
   3082.500      0.238653689622879     
   3105.000      0.239621579647064     
   3127.500      0.243031755089760     
   3150.000      0.247392460703850     
   3172.500      0.250342249870300     
   3195.000      0.250450700521469     
   3217.500      0.248071640729904     
   3240.000      0.244796007871628     
   3240.000      0.245913460850716     
   3262.500      0.243380606174469     
   3285.000      0.243584766983986     
   3307.500      0.246725752949715     
   3330.000      0.250420510768890     
   3352.500      0.251695662736893     
   3375.000      0.249476030468941     
   3397.500      0.245389759540558     
   3420.000      0.241671085357666     
   3442.500      0.240180656313896     
   3465.000      0.241737619042397     
   3487.500      0.245924904942513     
   3510.000      0.250818878412247     
   3532.500      0.253714531660080     
   3555.000      0.253174036741257     
   3577.500      0.249884814023972     
   3600.000      0.245913460850716     
   3600.000      0.247241050004959     
   3622.500      0.244652196764946     
   3645.000      0.245165288448334     
   3667.500      0.248665377497673     
   3690.000      0.252550095319748     
   3712.500      0.253796160221100     
   3735.000      0.251444995403290     
   3757.500      0.247119322419167     
   3780.000      0.243279635906219     
   3802.500      0.241959050297737     
   3825.000      0.243954807519913     
   3847.500      0.248658746480942     
   3870.000      0.253844171762466     
   3892.500      0.256608545780182     
   3915.000      0.255555003881454     
   3937.500      0.251637399196625     
   3960.000      0.247241050004959     
   3960.000      0.248671963810921     
   3982.500      0.246126219630241     
   4005.000      0.246844798326492     
   4027.500      0.250513643026352     
   4050.000      0.254467099905014     
   4072.500      0.255695700645447     
   4095.000      0.253292888402939     
   4117.500      0.248864173889160     
   4140.000      0.245013743638992     
   4162.500      0.243852183222771     
   4185.000      0.246123820543289     
   4207.500      0.251076370477676     
   4230.000      0.256321310997009     
   4252.500      0.258899390697479     
   4275.000      0.257495105266571     
   4297.500      0.253237903118134     
   4320.000      0.248671963810921     
   4320.000      0.250064671039581     
   4342.500      0.247663035988808     
   4365.000      0.248494565486908     
   4387.500      0.252152502536774     
   4410.000      0.256043285131454     
   4432.500      0.257243454456329     
   4455.000      0.254872739315033     
   4477.500      0.250496417284012     
   4500.000      0.246758222579956     
   4522.500      0.245743602514267     
   4545.000      0.248111233115196     
   4567.500      0.253024518489838     
   4590.000      0.258084684610367     
   4612.500      0.260422945022583     
   4635.000      0.258839130401611     
   4657.500      0.254540175199509     
   4680.000      0.250064671039581     
   4680.000      0.251229643821716     
   4702.500      0.249097213149071     
   4725.000      0.249958872795105     
   4747.500      0.253408730030060     
   4770.000      0.257069230079651     
   4792.500      0.258207112550735     
   4815.000      0.255973666906357     
   4837.500      0.251848161220551     
   4860.000      0.248377889394760     
   4882.500      0.247502371668816     
   4905.000      0.249760434031487     
   4927.500      0.254303455352783     
   4950.000      0.258893191814423     
   4972.500      0.260918647050858     
   4995.000      0.259335339069366     
   5017.500      0.255320936441422     
   5040.000      0.251229643821716     
   5040.000      0.251878261566162     
   5062.500      0.250183254480362     
   5085.000      0.250986129045486     
   5107.500      0.253964811563492     
   5130.000      0.257144510746002     
   5152.500      0.258156478404999     
   5175.000      0.256222516298294     
   5197.500      0.252645343542099     
   5220.000      0.249675899744034     
   5242.500      0.248949036002159     
   5265.000      0.250846326351166     
   5287.500      0.254601210355759     
   5310.000      0.258346140384674     
   5332.500      0.259941428899765     
   5355.000      0.258560031652451     
   5377.500      0.255221605300903     
   5400.000      0.251878261566162     
   5400.000      0.251515358686447     
   5422.500      0.250490337610245     
   5445.000      0.251091748476028     
   5467.500      0.253150850534439     
   5490.000      0.255385130643845     
   5512.500      0.256134629249573     
   5535.000      0.254801541566849     
   5557.500      0.252316683530807     
   5580.000      0.250276476144791     
   5602.500      0.249763101339340     
   5625.000      0.250965893268585     
   5647.500      0.253345251083374     
   5670.000      0.255698859691620     
   5692.500      0.256669312715530     
   5715.000      0.255747199058533     
   5737.500      0.253613144159317     
   5760.000      0.251515358686447     
