  0.0000000E+00  2.379640693410328E+035   6.000000    
   22.50000      2.203872205776299E+035   6.000000    
   45.00000      2.054989221855352E+035   6.000000    
   67.50000      2.146602739113632E+035   6.000000    
   90.00000      2.392463532566725E+035   6.000000    
   112.5000      2.672217010559972E+035   6.000000    
   135.0000      2.884446675630822E+035   6.000000    
   157.5000      2.959947891817631E+035   6.000000    
   180.0000      2.938552689040101E+035   6.000000    
   202.5000      2.945365196678372E+035   6.000000    
   225.0000      2.969313782830956E+035   6.000000    
   247.5000      2.886111432998767E+035   6.000000    
   270.0000      2.774033116612966E+035   6.000000    
   292.5000      2.738706838652667E+035   6.000000    
   315.0000      2.664511960709979E+035   6.000000    
   337.5000      2.525025712855409E+035   6.000000    
  0.0000000E+00  2.379640693410328E+035   6.000000    
 
  0.0000000E+00  2.149430911207954E+035   6.283333    
   22.50000      2.003726804841853E+035   6.283333    
   45.00000      1.876018071865633E+035   6.283333    
   67.50000      1.902948973385421E+035   6.283333    
   90.00000      2.103235945736208E+035   6.283333    
   112.5000      2.351743350795356E+035   6.283333    
   135.0000      2.554217747231990E+035   6.283333    
   157.5000      2.635082884333702E+035   6.283333    
   180.0000      2.629170448273399E+035   6.283333    
   202.5000      2.640225456752912E+035   6.283333    
   225.0000      2.633094191875105E+035   6.283333    
   247.5000      2.524002327656677E+035   6.283333    
   270.0000      2.450819718554677E+035   6.283333    
   292.5000      2.430755733005208E+035   6.283333    
   315.0000      2.375277860114385E+035   6.283333    
   337.5000      2.266887968550863E+035   6.283333    
  0.0000000E+00  2.149430911207954E+035   6.283333    
 
  0.0000000E+00  1.916363582940349E+035   6.566667    
   22.50000      1.808315286507155E+035   6.566667    
   45.00000      1.703541882094034E+035   6.566667    
   67.50000      1.683847344498745E+035   6.566667    
   90.00000      1.784562378923851E+035   6.566667    
   112.5000      1.955888441224804E+035   6.566667    
   135.0000      2.123849207612006E+035   6.566667    
   157.5000      2.210906713647161E+035   6.566667    
   180.0000      2.226739648536400E+035   6.566667    
   202.5000      2.246537208037099E+035   6.566667    
   225.0000      2.232869647360956E+035   6.566667    
   247.5000      2.164902384954527E+035   6.566667    
   270.0000      2.127343385968655E+035   6.566667    
   292.5000      2.118766900983291E+035   6.566667    
   315.0000      2.083642199326622E+035   6.566667    
   337.5000      2.005570210887218E+035   6.566667    
  0.0000000E+00  1.916363582940349E+035   6.566667    
 
  0.0000000E+00  1.713306085585022E+035   6.850000    
   22.50000      1.636883555932595E+035   6.850000    
   45.00000      1.555146265524508E+035   6.850000    
   67.50000      1.512838156047521E+035   6.850000    
   90.00000      1.536418040183762E+035   6.850000    
   112.5000      1.608827137323158E+035   6.850000    
   135.0000      1.716699086589665E+035   6.850000    
   157.5000      1.795883378257655E+035   6.850000    
   180.0000      1.827233056005819E+035   6.850000    
   202.5000      1.853722408717543E+035   6.850000    
   225.0000      1.864511129928937E+035   6.850000    
   247.5000      1.857018071629649E+035   6.850000    
   270.0000      1.849640402272492E+035   6.850000    
   292.5000      1.851978537159106E+035   6.850000    
   315.0000      1.835903581107195E+035   6.850000    
   337.5000      1.781988130172533E+035   6.850000    
  0.0000000E+00  1.713306085585022E+035   6.850000    
 
  0.0000000E+00  1.519294834958922E+035   7.133333    
   22.50000      1.461312962038962E+035   7.133333    
   45.00000      1.400513406069800E+035   7.133333    
   67.50000      1.361380955558589E+035   7.133333    
   90.00000      1.358910447975839E+035   7.133333    
   112.5000      1.384049886455257E+035   7.133333    
   135.0000      1.439444909048087E+035   7.133333    
   157.5000      1.491692822526758E+035   7.133333    
   180.0000      1.520781983900363E+035   7.133333    
   202.5000      1.545938879849681E+035   7.133333    
   225.0000      1.568628749083438E+035   7.133333    
   247.5000      1.587903214666556E+035   7.133333    
   270.0000      1.602119935084900E+035   7.133333    
   292.5000      1.615606154061519E+035   7.133333    
   315.0000      1.612515385717726E+035   7.133333    
   337.5000      1.575015159942286E+035   7.133333    
  0.0000000E+00  1.519294834958922E+035   7.133333    
 
  0.0000000E+00  1.320809212429970E+035   7.416667    
   22.50000      1.274224462686636E+035   7.416667    
   45.00000      1.229991448622859E+035   7.416667    
   67.50000      1.205628887823791E+035   7.416667    
   90.00000      1.207374839463361E+035   7.416667    
   112.5000      1.226287645584398E+035   7.416667    
   135.0000      1.261307129948904E+035   7.416667    
   157.5000      1.291340196848392E+035   7.416667    
   180.0000      1.308059548085429E+035   7.416667    
   202.5000      1.322708324829992E+035   7.416667    
   225.0000      1.340293576772128E+035   7.416667    
   247.5000      1.361594148801878E+035   7.416667    
   270.0000      1.381961682869671E+035   7.416667    
   292.5000      1.399168302072593E+035   7.416667    
   315.0000      1.398062229877636E+035   7.416667    
   337.5000      1.367067178321528E+035   7.416667    
  0.0000000E+00  1.320809212429970E+035   7.416667    
 
  0.0000000E+00  1.134688201422212E+035   7.700000    
   22.50000      1.096501807709497E+035   7.700000    
   45.00000      1.065940717046473E+035   7.700000    
   67.50000      1.057145788547328E+035   7.700000    
   90.00000      1.070576673844364E+035   7.700000    
   112.5000      1.095656164766460E+035   7.700000    
   135.0000      1.122635356026353E+035   7.700000    
   157.5000      1.136927545084240E+035   7.700000    
   180.0000      1.140937453383966E+035   7.700000    
   202.5000      1.144210651399850E+035   7.700000    
   225.0000      1.152838961235006E+035   7.700000    
   247.5000      1.168819272225802E+035   7.700000    
   270.0000      1.188825160921813E+035   7.700000    
   292.5000      1.205436850531236E+035   7.700000    
   315.0000      1.202095890538086E+035   7.700000    
   337.5000      1.173828330281700E+035   7.700000    
  0.0000000E+00  1.134688201422212E+035   7.700000    
 
  0.0000000E+00  9.714503882653357E+034   7.983334    
   22.50000      9.400556396991299E+034   7.983334    
   45.00000      9.202582789031534E+034   7.983334    
   67.50000      9.228283263613235E+034   7.983334    
   90.00000      9.447286872167305E+034   7.983334    
   112.5000      9.728674188497519E+034   7.983334    
   135.0000      9.924956341086833E+034   7.983334    
   157.5000      9.955301893421186E+034   7.983334    
   180.0000      9.900143826965567E+034   7.983334    
   202.5000      9.850365675913641E+034   7.983334    
   225.0000      9.873263969311032E+034   7.983334    
   247.5000      9.997358529604171E+034   7.983334    
   270.0000      1.019569814104481E+035   7.983334    
   292.5000      1.035496485867078E+035   7.983334    
   315.0000      1.031032788717446E+035   7.983334    
   337.5000      1.005373266816100E+035   7.983334    
  0.0000000E+00  9.714503882653357E+034   7.983334    
 
  0.0000000E+00  8.283664740974832E+034   8.266666    
   22.50000      8.028377620793356E+034   8.266666    
   45.00000      7.906277135801225E+034   8.266666    
   67.50000      7.994741567631593E+034   8.266666    
   90.00000      8.245491640698428E+034   8.266666    
   112.5000      8.513687557611809E+034   8.266666    
   135.0000      8.643792810661693E+034   8.266666    
   157.5000      8.604195798275690E+034   8.266666    
   180.0000      8.493886454421789E+034   8.266666    
   202.5000      8.400821235818319E+034   8.266666    
   225.0000      8.392780742810150E+034   8.266666    
   247.5000      8.500847401435332E+034   8.266666    
   270.0000      8.697132134533274E+034   8.266666    
   292.5000      8.849648316756075E+034   8.266666    
   315.0000      8.806393775618947E+034   8.266666    
   337.5000      8.578323438746385E+034   8.266666    
  0.0000000E+00  8.283664740974832E+034   8.266666    
 
  0.0000000E+00  7.002491134677586E+034   8.550000    
   22.50000      6.797716640507512E+034   8.550000    
   45.00000      6.725242652873041E+034   8.550000    
   67.50000      6.839123391377944E+034   8.550000    
   90.00000      7.084872682071200E+034   8.550000    
   112.5000      7.318753413111393E+034   8.550000    
   135.0000      7.398862154362858E+034   8.550000    
   157.5000      7.322863498591963E+034   8.550000    
   180.0000      7.189490694972736E+034   8.550000    
   202.5000      7.081665701857206E+034   8.550000    
   225.0000      7.062281339833423E+034   8.550000    
   247.5000      7.160851561387362E+034   8.550000    
   270.0000      7.347820146710969E+034   8.550000    
   292.5000      7.489895034513044E+034   8.550000    
   315.0000      7.452990053911837E+034   8.550000    
   337.5000      7.254694702953888E+034   8.550000    
  0.0000000E+00  7.002491134677586E+034   8.550000    
 
  0.0000000E+00  5.835149919480276E+034   8.833333    
   22.50000      5.673323084641603E+034   8.833333    
   45.00000      5.631908105199601E+034   8.833333    
   67.50000      5.748209503307558E+034   8.833333    
   90.00000      5.968944988226948E+034   8.833333    
   112.5000      6.162472265565310E+034   8.833333    
   135.0000      6.208501904958904E+034   8.833333    
   157.5000      6.119204008745927E+034   8.833333    
   180.0000      5.984452887792103E+034   8.833333    
   202.5000      5.879107472755556E+034   8.833333    
   225.0000      5.858020663103385E+034   8.833333    
   247.5000      5.947069863776689E+034   8.833333    
   270.0000      6.116828430067608E+034   8.833333    
   292.5000      6.244021570156422E+034   8.833333    
   315.0000      6.214256222952554E+034   8.833333    
   337.5000      6.046081605544964E+034   8.833333    
  0.0000000E+00  5.835149919480276E+034   8.833333    
 
  0.0000000E+00  4.760337721880316E+034   9.116667    
   22.50000      4.634940044819658E+034   9.116667    
   45.00000      4.612259328569715E+034   9.116667    
   67.50000      4.717845693212643E+034   9.116667    
   90.00000      4.904098702402789E+034   9.116667    
   112.5000      5.057986738452010E+034   9.116667    
   135.0000      5.082430418257702E+034   9.116667    
   157.5000      4.994891429956738E+034   9.116667    
   180.0000      4.872349878007750E+034   9.116667    
   202.5000      4.779061455938514E+034   9.116667    
   225.0000      4.760450987342494E+034   9.116667    
   247.5000      4.837915490649789E+034   9.116667    
   270.0000      4.984295965568358E+034   9.116667    
   292.5000      5.092964418858504E+034   9.116667    
   315.0000      5.069700540813655E+034   9.116667    
   337.5000      4.931480846556322E+034   9.116667    
  0.0000000E+00  4.760337721880316E+034   9.116667    
 
  0.0000000E+00  3.763902552336740E+034   9.400000    
   22.50000      3.669729296183122E+034   9.400000    
   45.00000      3.657947828776740E+034   9.400000    
   67.50000      3.745820265664614E+034   9.400000    
   90.00000      3.893962282615501E+034   9.400000    
   112.5000      4.011242012838908E+034   9.400000    
   135.0000      4.022932780180394E+034   9.400000    
   157.5000      3.946485922003802E+034   9.400000    
   180.0000      3.844090098936209E+034   9.400000    
   202.5000      3.767735054556237E+034   9.400000    
   225.0000      3.753069545996942E+034   9.400000    
   247.5000      3.816797243188554E+034   9.400000    
   270.0000      3.935752303137183E+034   9.400000    
   292.5000      4.023461527182118E+034   9.400000    
   315.0000      4.005818714454880E+034   9.400000    
   337.5000      3.897056404802434E+034   9.400000    
  0.0000000E+00  3.763902552336740E+034   9.400000    
 
  0.0000000E+00  2.836094080097086E+034   9.683333    
   22.50000      2.769177596339440E+034   9.683333    
   45.00000      2.763482115274982E+034   9.683333    
   67.50000      2.830273758645614E+034   9.683333    
   90.00000      2.939668804597667E+034   9.683333    
   112.5000      3.023720323652534E+034   9.683333    
   135.0000      3.028503193613221E+034   9.683333    
   157.5000      2.968580030983628E+034   9.683333    
   180.0000      2.890511483677666E+034   9.683333    
   202.5000      2.833202563235359E+034   9.683333    
   225.0000      2.822703070608059E+034   9.683333    
   247.5000      2.871126950018637E+034   9.683333    
   270.0000      2.960469070729050E+034   9.683333    
   292.5000      3.025985685931582E+034   9.683333    
   315.0000      3.013251800311681E+034   9.683333    
   337.5000      2.933189848342318E+034   9.683333    
  0.0000000E+00  2.836094080097086E+034   9.683333    
 
  0.0000000E+00  1.969771852434420E+034   9.966667    
   22.50000      1.927152500550112E+034   9.966667    
   45.00000      1.924685440392143E+034   9.966667    
   67.50000      1.969108771112380E+034   9.966667    
   90.00000      2.040542791715275E+034   9.966667    
   112.5000      2.094343391120516E+034   9.966667    
   135.0000      2.095838336716345E+034   9.966667    
   157.5000      2.055232043507533E+034   9.966667    
   180.0000      2.003257119932117E+034   9.966667    
   202.5000      1.965538245406966E+034   9.966667    
   225.0000      1.958940035598916E+034   9.966667    
   247.5000      1.991234012963935E+034   9.966667    
   270.0000      2.050238506942845E+034   9.966667    
   292.5000      2.093304411284995E+034   9.966667    
   315.0000      2.085013355057289E+034   9.966667    
   337.5000      2.032721072189242E+034   9.966667    
  0.0000000E+00  1.969771852434420E+034   9.966667    
 
  0.0000000E+00  1.159283249186923E+034   10.25000    
   22.50000      1.138780877044120E+034   10.25000    
   45.00000      1.137936677357244E+034   10.25000    
   67.50000      1.159861395425360E+034   10.25000    
   90.00000      1.194734850792580E+034   10.25000    
   112.5000      1.220686022465152E+034   10.25000    
   135.0000      1.220946844977136E+034   10.25000    
   157.5000      1.200703908226314E+034   10.25000    
   180.0000      1.175073546657564E+034   10.25000    
   202.5000      1.156621483687136E+034   10.25000    
   225.0000      1.153524350707784E+034   10.25000    
   247.5000      1.169511836147977E+034   10.25000    
   270.0000      1.198498469895197E+034   10.25000    
   292.5000      1.219564900862156E+034   10.25000    
   315.0000      1.215471663555091E+034   10.25000    
   337.5000      1.189900421079768E+034   10.25000    
  0.0000000E+00  1.159283249186923E+034   10.25000    
 
