  0.0000000E+00   512.222337948002        6.000000    
   15.00000       485.549658622884        6.000000    
   30.00000       469.585957414803        6.000000    
   45.00000       455.323173625555        6.000000    
   60.00000       439.226620739160        6.000000    
   75.00000       429.009185215916        6.000000    
   90.00000       431.121844384050        6.000000    
   105.0000       443.634982962524        6.000000    
   120.0000       456.978874824994        6.000000    
   135.0000       464.356072736269        6.000000    
   150.0000       464.202511973762        6.000000    
   165.0000       463.282460290986        6.000000    
   180.0000       467.334806512210        6.000000    
   195.0000       473.740563504771        6.000000    
   210.0000       484.610920719893        6.000000    
   225.0000       506.856551992775        6.000000    
   240.0000       540.371358645643        6.000000    
   255.0000       571.134025558716        6.000000    
   270.0000       586.667398152159        6.000000    
   285.0000       588.249633961154        6.000000    
   300.0000       580.763095057091        6.000000    
   315.0000       572.543742520797        6.000000    
   330.0000       563.821864989387        6.000000    
   345.0000       544.124315262687        6.000000    
  0.0000000E+00   512.222337948002        6.000000    
 
  0.0000000E+00   458.276475826412        6.121428    
   15.00000       436.791819904360        6.121428    
   30.00000       424.354765901540        6.121428    
   45.00000       413.098730258443        6.121428    
   60.00000       400.295891196258        6.121428    
   75.00000       392.578574357948        6.121428    
   90.00000       395.273048890322        6.121428    
   105.0000       406.397187023461        6.121428    
   120.0000       417.722419947270        6.121428    
   135.0000       423.738143193208        6.121428    
   150.0000       423.495628920332        6.121428    
   165.0000       422.984142556937        6.121428    
   180.0000       426.908979293392        6.121428    
   195.0000       433.121663155336        6.121428    
   210.0000       443.246057872025        6.121428    
   225.0000       462.338000990953        6.121428    
   240.0000       489.513617979224        6.121428    
   255.0000       513.566596990720        6.121428    
   270.0000       526.217801433860        6.121428    
   285.0000       526.447119169920        6.121428    
   300.0000       518.909890707264        6.121428    
   315.0000       510.967152216512        6.121428    
   330.0000       502.577842030575        6.121428    
   345.0000       484.824580326378        6.121428    
  0.0000000E+00   458.276475826412        6.121428    
 
  0.0000000E+00   409.223611567573        6.242857    
   15.00000       392.052625354598        6.242857    
   30.00000       382.374880207483        6.242857    
   45.00000       373.425704056599        6.242857    
   60.00000       363.527766182966        6.242857    
   75.00000       358.259910168859        6.242857    
   90.00000       361.744135952645        6.242857    
   105.0000       371.699094198596        6.242857    
   120.0000       381.209741195558        6.242857    
   135.0000       385.906739502421        6.242857    
   150.0000       385.567235884421        6.242857    
   165.0000       385.475995970626        6.242857    
   180.0000       389.288604937395        6.242857    
   195.0000       395.106194093685        6.242857    
   210.0000       404.469392152656        6.242857    
   225.0000       420.984823666011        6.242857    
   240.0000       442.925963080978        6.242857    
   255.0000       462.187797764339        6.242857    
   270.0000       471.467990458570        6.242857    
   285.0000       470.394782846016        6.242857    
   300.0000       463.036953434077        6.242857    
   315.0000       455.523866116756        6.242857    
   330.0000       447.378017055153        6.242857    
   345.0000       431.359803317627        6.242857    
  0.0000000E+00   409.223611567573        6.242857    
 
  0.0000000E+00   365.149533867886        6.364286    
   15.00000       351.699721403028        6.364286    
   30.00000       344.220970688854        6.364286    
   45.00000       337.129636616429        6.364286    
   60.00000       329.694486063899        6.364286    
   75.00000       326.684040451246        6.364286    
   90.00000       330.799382220231        6.364286    
   105.0000       339.669802535098        6.364286    
   120.0000       347.370436434312        6.364286    
   135.0000       350.873541042711        6.364286    
   150.0000       350.523602262684        6.364286    
   165.0000       350.879712602109        6.364286    
   180.0000       354.586575965500        6.364286    
   195.0000       360.040773075741        6.364286    
   210.0000       368.655358958201        6.364286    
   225.0000       382.681741862453        6.364286    
   240.0000       400.286398981403        6.364286    
   255.0000       415.339399549349        6.364286    
   270.0000       421.676735090616        6.364286    
   285.0000       419.472131360113        6.364286    
   300.0000       412.472059990957        6.364286    
   315.0000       405.517090661576        6.364286    
   330.0000       397.678157742781        6.364286    
   345.0000       383.398867268606        6.364286    
  0.0000000E+00   365.149533867886        6.364286    
 
  0.0000000E+00   325.824609766674        6.485714    
   15.00000       315.583789266361        6.485714    
   30.00000       309.867823846727        6.485714    
   45.00000       304.334743312436        6.485714    
   60.00000       298.962535475053        6.485714    
   75.00000       297.763098037130        6.485714    
   90.00000       302.303025283223        6.485714    
   105.0000       309.976203557936        6.485714    
   120.0000       316.072445067278        6.485714    
   135.0000       318.591138306871        6.485714    
   150.0000       318.338757278399        6.485714    
   165.0000       319.132867316185        6.485714    
   180.0000       322.748355724943        6.485714    
   195.0000       327.825746058182        6.485714    
   210.0000       335.512033675997        6.485714    
   225.0000       347.289668774376        6.485714    
   240.0000       361.369106546331        6.485714    
   255.0000       372.623420896138        6.485714    
   270.0000       376.427184737610        6.485714    
   285.0000       373.351615998806        6.485714    
   300.0000       366.855032382311        6.485714    
   315.0000       360.536639681432        6.485714    
   330.0000       353.127092173876        6.485714    
   345.0000       340.626901350556        6.485714    
  0.0000000E+00   325.824609766674        6.485714    
 
  0.0000000E+00   290.986126980981        6.607143    
   15.00000       283.364632320866        6.607143    
   30.00000       279.062757090319        6.607143    
   45.00000       274.815530605928        6.607143    
   60.00000       271.172345321952        6.607143    
   75.00000       271.343572907842        6.607143    
   90.00000       275.956145875805        6.607143    
   105.0000       282.447583004046        6.607143    
   120.0000       287.144265274537        6.607143    
   135.0000       288.948274776960        6.607143    
   150.0000       288.891415521500        6.607143    
   165.0000       290.073192707246        6.607143    
   180.0000       293.504943952065        6.607143    
   195.0000       298.112824336982        6.607143    
   210.0000       304.897740672844        6.607143    
   225.0000       314.595182590694        6.607143    
   240.0000       326.090536643593        6.607143    
   255.0000       333.745482440749        6.607143    
   270.0000       335.445412916416        6.607143    
   285.0000       331.810463300512        6.607143    
   300.0000       325.928065953999        6.607143    
   315.0000       320.280053590166        6.607143    
   330.0000       313.432223634247        6.607143    
   345.0000       302.722404864669        6.607143    
  0.0000000E+00   290.986126980981        6.607143    
 
  0.0000000E+00   260.230199664404        6.728571    
   15.00000       254.668386306877        6.728571    
   30.00000       251.490799132763        6.728571    
   45.00000       248.302636842966        6.728571    
   60.00000       246.080005360610        6.728571    
   75.00000       247.163844566908        6.728571    
   90.00000       251.581599073991        6.728571    
   105.0000       256.959031940900        6.728571    
   120.0000       260.499550386999        6.728571    
   135.0000       261.767655080066        6.728571    
   150.0000       261.936167943249        6.728571    
   165.0000       263.408470974747        6.728571    
   180.0000       266.619573805740        6.728571    
   195.0000       270.767130500373        6.728571    
   210.0000       276.579326579306        6.728571    
   225.0000       284.609147009230        6.728571    
   240.0000       293.574701179769        6.728571    
   255.0000       298.416027786920        6.728571    
   270.0000       298.502960444691        6.728571    
   285.0000       294.621810401308        6.728571    
   300.0000       289.420622439330        6.728571    
   315.0000       284.445446420275        6.728571    
   330.0000       278.271133459921        6.728571    
   345.0000       269.309780058847        6.728571    
  0.0000000E+00   260.230199664404        6.728571    
 
  0.0000000E+00   233.111957138692        6.850000    
   15.00000       229.091674205059        6.850000    
   30.00000       226.788964699636        6.850000    
   45.00000       224.474210235300        6.850000    
   60.00000       223.329190292361        6.850000    
   75.00000       225.005513606796        6.850000    
   90.00000       229.031331858110        6.850000    
   105.0000       233.330001391565        6.850000    
   120.0000       235.954613302343        6.850000    
   135.0000       236.909785469160        6.850000    
   150.0000       237.321468250701        6.850000    
   165.0000       238.976721977990        6.850000    
   180.0000       241.948998992755        6.850000    
   195.0000       245.561172757845        6.850000    
   210.0000       250.499722176969        6.850000    
   225.0000       257.402325186809        6.850000    
   240.0000       263.732958483110        6.850000    
   255.0000       266.418779653837        6.850000    
   270.0000       265.372542858860        6.850000    
   285.0000       261.514396079897        6.850000    
   300.0000       257.015764654215        6.850000    
   315.0000       252.693861169810        6.850000    
   330.0000       247.267932433394        6.850000    
   345.0000       239.955037853719        6.850000    
  0.0000000E+00   233.111957138692        6.850000    
 
  0.0000000E+00   209.174936835684        6.971429    
   15.00000       206.249539477199        6.971429    
   30.00000       204.613082142182        6.971429    
   45.00000       203.014888689552        6.971429    
   60.00000       202.656861354589        6.971429    
   75.00000       204.600288874217        6.971429    
   90.00000       208.125660015520        6.971429    
   105.0000       211.509086936609        6.971429    
   120.0000       213.448831139876        6.971429    
   135.0000       214.238302851711        6.971429    
   150.0000       214.868601664492        6.971429    
   165.0000       216.629607307187        6.971429    
   180.0000       219.279134572469        6.971429    
   195.0000       222.397701121878        6.971429    
   210.0000       226.821265014742        6.971429    
   225.0000       232.290270048393        6.971429    
   240.0000       236.472862110166        6.971429    
   255.0000       237.564699099907        6.971429    
   270.0000       235.805951685713        6.971429    
   285.0000       232.170134989709        6.971429    
   300.0000       228.354020995725        6.971429    
   315.0000       224.651347467956        6.971429    
   330.0000       220.006219856836        6.971429    
   345.0000       214.190692294602        6.971429    
  0.0000000E+00   209.174936835684        6.971429    
 
  0.0000000E+00   187.978424267818        7.092857    
   15.00000       185.874626186120        7.092857    
   30.00000       184.670287921026        7.092857    
   45.00000       183.662449863415        7.092857    
   60.00000       183.824648882256        7.092857    
   75.00000       185.816196161677        7.092857    
   90.00000       188.805283050899        7.092857    
   105.0000       191.428527513417        7.092857    
   120.0000       192.880376356249        7.092857    
   135.0000       193.621767717326        7.092857    
   150.0000       194.426869559026        7.092857    
   165.0000       196.161333700113        7.092857    
   180.0000       198.500065721932        7.092857    
   195.0000       201.352982246049        7.092857    
   210.0000       205.155068478615        7.092857    
   225.0000       209.184315557826        7.092857    
   240.0000       211.690383606824        7.092857    
   255.0000       211.655813345729        7.092857    
   270.0000       209.524033014389        7.092857    
   285.0000       206.237803815218        7.092857    
   300.0000       203.054184951131        7.092857    
   315.0000       199.927701302594        7.092857    
   330.0000       196.053780763580        7.092857    
   345.0000       191.549955551746        7.092857    
  0.0000000E+00   187.978424267818        7.092857    
 
  0.0000000E+00   169.119403220885        7.214286    
   15.00000       167.689961114596        7.214286    
   30.00000       166.699442853874        7.214286    
   45.00000       166.132792424215        7.214286    
   60.00000       166.654863606426        7.214286    
   75.00000       168.549966115480        7.214286    
   90.00000       171.021187703327        7.214286    
   105.0000       173.038175319636        7.214286    
   120.0000       174.157564450671        7.214286    
   135.0000       174.865055990267        7.214286    
   150.0000       175.787114695851        7.214286    
   165.0000       177.452509334078        7.214286    
   180.0000       179.628168647327        7.214286    
   195.0000       182.202034518189        7.214286    
   210.0000       185.217170790750        7.214286    
   225.0000       188.005816916662        7.214286    
   240.0000       189.258740868416        7.214286    
   255.0000       188.485859223093        7.214286    
   270.0000       186.225084955451        7.214286    
   285.0000       183.341517349850        7.214286    
   300.0000       180.727496235883        7.214286    
   315.0000       178.130698910753        7.214286    
   330.0000       174.977669593196        7.214286    
   345.0000       171.586598598862        7.214286    
  0.0000000E+00   169.119403220885        7.214286    
 
  0.0000000E+00   152.284673618228        7.335714    
   15.00000       151.341116388544        7.335714    
   30.00000       150.557536426242        7.335714    
   45.00000       150.236412710154        7.335714    
   60.00000       150.950243033286        7.335714    
   75.00000       152.665839428531        7.335714    
   90.00000       154.667283768153        7.335714    
   105.0000       156.213869081233        7.335714    
   120.0000       157.113277520596        7.335714    
   135.0000       157.829359399770        7.335714    
   150.0000       158.816947575962        7.335714    
   165.0000       160.471260452839        7.335714    
   180.0000       162.495556165443        7.335714    
   195.0000       164.622007691502        7.335714    
   210.0000       166.920207843939        7.335714    
   225.0000       168.711027653168        7.335714    
   240.0000       169.060140252244        7.335714    
   255.0000       167.837194281878        7.335714    
   270.0000       165.618229874097        7.335714    
   285.0000       163.151551958202        7.335714    
   300.0000       161.025609931154        7.335714    
   315.0000       158.899334981600        7.335714    
   330.0000       156.408914553577        7.335714    
   345.0000       153.927826483765        7.335714    
  0.0000000E+00   152.284673618228        7.335714    
 
  0.0000000E+00   137.191059294464        7.457143    
   15.00000       136.589336440024        7.457143    
   30.00000       136.053543812553        7.457143    
   45.00000       135.815215050142        7.457143    
   60.00000       136.595623599974        7.457143    
   75.00000       138.091832530580        7.457143    
   90.00000       139.687829043019        7.457143    
   105.0000       140.879147914288        7.457143    
   120.0000       141.636372440118        7.457143    
   135.0000       142.366791627280        7.457143    
   150.0000       143.471993493502        7.457143    
   165.0000       145.098623953055        7.457143    
   180.0000       146.819658672218        7.457143    
   195.0000       148.528826560726        7.457143    
   210.0000       150.192621304387        7.457143    
   225.0000       151.190965435298        7.457143    
   240.0000       150.918492497790        7.457143    
   255.0000       149.460375938792        7.457143    
   270.0000       147.387319830987        7.457143    
   285.0000       145.317688456583        7.457143    
   300.0000       143.611073852443        7.457143    
   315.0000       141.902654746547        7.457143    
   330.0000       139.986062865662        7.457143    
   345.0000       138.233181798045        7.457143    
  0.0000000E+00   137.191059294464        7.457143    
 
  0.0000000E+00   123.607285600414        7.578571    
   15.00000       123.246683622667        7.578571    
   30.00000       122.907630109444        7.578571    
   45.00000       122.864409704177        7.578571    
   60.00000       123.552762796213        7.578571    
   75.00000       124.779121811034        7.578571    
   90.00000       126.026810842661        7.578571    
   105.0000       126.960310519891        7.578571    
   120.0000       127.655483230769        7.578571    
   135.0000       128.466383282504        7.578571    
   150.0000       129.590624010958        7.578571    
   165.0000       131.048666338597        7.578571    
   180.0000       132.480967769461        7.578571    
   195.0000       133.810575806320        7.578571    
   210.0000       134.936750424139        7.578571    
   225.0000       135.336446997724        7.578571    
   240.0000       134.660441173687        7.578571    
   255.0000       133.117837280838        7.578571    
   270.0000       131.245844251424        7.578571    
   285.0000       129.535857361467        7.578571    
   300.0000       128.181071187850        7.578571    
   315.0000       126.835223267951        7.578571    
   330.0000       125.405601770117        7.578571    
   345.0000       124.219985333674        7.578571    
  0.0000000E+00   123.607285600414        7.578571    
 
  0.0000000E+00   111.343775402663        7.700000    
   15.00000       111.153419825018        7.700000    
   30.00000       110.967758528041        7.700000    
   45.00000       111.058670562208        7.700000    
   60.00000       111.723695418002        7.700000    
   75.00000       112.730881326865        7.700000    
   90.00000       113.693391701276        7.700000    
   105.0000       114.426032375899        7.700000    
   120.0000       115.057201272486        7.700000    
   135.0000       115.861514132777        7.700000    
   150.0000       116.932173660312        7.700000    
   165.0000       118.210520011777        7.700000    
   180.0000       119.377441360102        7.700000    
   195.0000       120.372748408996        7.700000    
   210.0000       121.059595940238        7.700000    
   225.0000       121.025176572239        7.700000    
   240.0000       120.108265379889        7.700000    
   255.0000       118.581423681760        7.700000    
   270.0000       116.932017567155        7.700000    
   285.0000       115.536558604931        7.700000    
   300.0000       114.473554257953        7.700000    
   315.0000       113.436930824079        7.700000    
   330.0000       112.409476935751        7.700000    
   345.0000       111.655564904815        7.700000    
  0.0000000E+00   111.343775402663        7.700000    
 
  0.0000000E+00   100.242805795256        7.821429    
   15.00000       100.172603956946        7.821429    
   30.00000       100.103799148313        7.821429    
   45.00000       100.280049271237        7.821429    
   60.00000       100.890503631198        7.821429    
   75.00000       101.700492369656        7.821429    
   90.00000       102.437960478322        7.821429    
   105.0000       103.025004600456        7.821429    
   120.0000       103.610056293684        7.821429    
   135.0000       104.390848946610        7.821429    
   150.0000       105.383840287440        7.821429    
   165.0000       106.483677224801        7.821429    
   180.0000       107.413641144674        7.821429    
   195.0000       108.123048260214        7.821429    
   210.0000       108.462916593048        7.821429    
   225.0000       108.127956117860        7.821429    
   240.0000       107.087651018042        7.821429    
   255.0000       105.639050536020        7.821429    
   270.0000       104.212009030475        7.821429    
   285.0000       103.084914560548        7.821429    
   300.0000       102.261605407887        7.821429    
   315.0000       101.484266432863        7.821429    
   330.0000       100.780950859823        7.821429    
   345.0000       100.348161395008        7.821429    
  0.0000000E+00   100.242805795256        7.821429    
 
  0.0000000E+00   90.1717550340670        7.942857    
   15.00000       90.1858190308002        7.942857    
   30.00000       90.2033243609840        7.942857    
   45.00000       90.4276397774768        7.942857    
   60.00000       90.9674268098132        7.942857    
   75.00000       91.6065001992451        7.942857    
   90.00000       92.1699479798368        7.942857    
   105.0000       92.6524850772750        7.942857    
   120.0000       93.2001963669506        7.942857    
   135.0000       93.9433462285585        7.942857    
   150.0000       94.8449915845063        7.942857    
   165.0000       95.7756291743099        7.942857    
   180.0000       96.4990860949341        7.942857    
   195.0000       96.9705845476215        7.942857    
   210.0000       97.0456873565711        7.942857    
   225.0000       96.5148031471811        7.942857    
   240.0000       95.4331270668871        7.942857    
   255.0000       94.0981463019768        7.942857    
   270.0000       92.8804936512648        7.942857    
   285.0000       91.9783562874646        7.942857    
   300.0000       91.3504453384606        7.942857    
   315.0000       90.7868710225186        7.942857    
   330.0000       90.3387138382932        7.942857    
   345.0000       90.1390971284326        7.942857    
  0.0000000E+00   90.1717550340670        7.942857    
 
  0.0000000E+00   81.0177760813815        8.064285    
   15.00000       81.0899454182521        8.064285    
   30.00000       81.1685777872114        8.064285    
   45.00000       81.4137325203181        8.064285    
   60.00000       81.8773983412423        8.064285    
   75.00000       82.3732336984379        8.064285    
   90.00000       82.8043686862415        8.064285    
   105.0000       83.2112948140158        8.064285    
   120.0000       83.7251254966227        8.064285    
   135.0000       84.4201942719744        8.064285    
   150.0000       85.2248545933476        8.064285    
   165.0000       86.0005054373072        8.064285    
   180.0000       86.5477467294687        8.064285    
   195.0000       86.8263616260609        8.064285    
   210.0000       86.7068566704327        8.064285    
   225.0000       86.0595076223469        8.064285    
   240.0000       84.9916271874613        8.064285    
   255.0000       83.7869714245320        8.064285    
   270.0000       82.7593105483866        8.064285    
   285.0000       82.0433512078030        8.064285    
   300.0000       81.5734731328344        8.064285    
   315.0000       81.1830996481270        8.064285    
   330.0000       80.9311000225066        8.064285    
   345.0000       80.8961564677375        8.064285    
  0.0000000E+00   81.0177760813815        8.064285    
 
  0.0000000E+00   72.6838854693586        8.185715    
   15.00000       72.7947070359920        8.185715    
   30.00000       72.9140768195924        8.185715    
   45.00000       73.1610982237006        8.185715    
   60.00000       73.5501397766473        8.185715    
   75.00000       73.9291456368069        8.185715    
   90.00000       74.2610475402697        8.185715    
   105.0000       74.6122577118172        8.185715    
   120.0000       75.0929455414467        8.185715    
   135.0000       75.7332147846900        8.185715    
   150.0000       76.4409750008327        8.185715    
   165.0000       77.0782805482725        8.185715    
   180.0000       77.4780565531529        8.185715    
   195.0000       77.6043759683168        8.185715    
   210.0000       77.3481539302490        8.185715    
   225.0000       76.6429841765566        8.185715    
   240.0000       75.6243417330761        8.185715    
   255.0000       74.5545284861786        8.185715    
   270.0000       73.6949307959304        8.185715    
   285.0000       73.1315779143915        8.185715    
   300.0000       72.7884905750633        8.185715    
   315.0000       72.5359251077783        8.185715    
   330.0000       72.4308972184033        8.185715    
   345.0000       72.5081828302157        8.185715    
  0.0000000E+00   72.6838854693586        8.185715    
 
  0.0000000E+00   65.0861173919969        8.307143    
   15.00000       65.2209202407787        8.307143    
   30.00000       65.3648598754988        8.307143    
   45.00000       65.6012538488779        8.307143    
   60.00000       65.9213275550268        8.307143    
   75.00000       66.2071965781385        8.307143    
   90.00000       66.4654753027355        8.307143    
   105.0000       66.7744297923819        8.307143    
   120.0000       67.2216020446905        8.307143    
   135.0000       67.8036491092342        8.307143    
   150.0000       68.4184886466515        8.307143    
   165.0000       68.9347610314324        8.307143    
   180.0000       69.2133322809334        8.307143    
   195.0000       69.2228045071966        8.307143    
   210.0000       68.8763795372825        8.307143    
   225.0000       68.1555670685178        8.307143    
   240.0000       67.2074650145048        8.307143    
   255.0000       66.2693097342672        8.307143    
   270.0000       65.5557823035260        8.307143    
   285.0000       65.1165759449871        8.307143    
   300.0000       64.8742692011755        8.307143    
   315.0000       64.7291523053971        8.307143    
   330.0000       64.7309449820441        8.307143    
   345.0000       64.8809432443134        8.307143    
  0.0000000E+00   65.0861173919969        8.307143    
 
  0.0000000E+00   58.1510768007644        8.428572    
   15.00000       58.2987132827412        8.428572    
   30.00000       58.4547129309782        8.428572    
   45.00000       58.6728964674372        8.428572    
   60.00000       58.9318285817583        8.428572    
   75.00000       59.1449634669658        8.428572    
   90.00000       59.3490615329874        8.428572    
   105.0000       59.6247242797013        8.428572    
   120.0000       60.0377716020185        8.428572    
   135.0000       60.5607866755334        8.428572    
   150.0000       61.0890936478937        8.428572    
   165.0000       61.5012596852766        8.428572    
   180.0000       61.6820326803165        8.428572    
   195.0000       61.6048518782863        8.428572    
   210.0000       61.2046954381466        8.428572    
   225.0000       60.4976313698878        8.428572    
   240.0000       59.6314725232050        8.428572    
   255.0000       58.8172997797017        8.428572    
   270.0000       58.2291458374771        8.428572    
   285.0000       57.8903452757540        8.428572    
   300.0000       57.7272923075730        8.428572    
   315.0000       57.6640094013924        8.428572    
   330.0000       57.7404065762193        8.428572    
   345.0000       57.9337144827661        8.428572    
  0.0000000E+00   58.1510768007644        8.428572    
 
  0.0000000E+00   51.8143449100075        8.550000    
   15.00000       51.9662989149645        8.550000    
   30.00000       52.1249226480542        8.550000    
   45.00000       52.3208950009837        8.550000    
   60.00000       52.5273298066840        8.550000    
   75.00000       52.6847640123725        8.550000    
   90.00000       52.8491868710767        8.550000    
   105.0000       53.0974734584179        8.550000    
   120.0000       53.4760398891871        8.550000    
   135.0000       53.9411589073681        8.550000    
   150.0000       54.3905877121961        8.550000    
   165.0000       54.7144737526612        8.550000    
   180.0000       54.8178434854969        8.550000    
   195.0000       54.6780153429458        8.550000    
   210.0000       54.2503661806252        8.550000    
   225.0000       53.5788553499508        8.550000    
   240.0000       52.8001538874319        8.550000    
   255.0000       52.0999908599885        8.550000    
   270.0000       51.6184952398203        8.550000    
   285.0000       51.3604559067466        8.550000    
   300.0000       51.2588884297023        8.550000    
   315.0000       51.2561296851091        8.550000    
   330.0000       51.3817312453327        8.550000    
   345.0000       51.5968196581769        8.550000    
  0.0000000E+00   51.8143449100075        8.550000    
 
  0.0000000E+00   46.0191450442721        8.671429    
   15.00000       46.1689731833627        8.671429    
   30.00000       46.3233272845773        8.671429    
   45.00000       46.4955814314902        8.671429    
   60.00000       46.6580988449251        8.671429    
   75.00000       46.7737038451851        8.671429    
   90.00000       46.9090985024468        8.671429    
   105.0000       47.1338805880766        8.671429    
   120.0000       47.4780103426353        8.671429    
   135.0000       47.8877128448648        8.671429    
   150.0000       48.2664145195429        8.671429    
   165.0000       48.5163096537532        8.671429    
   180.0000       48.5586448264157        8.671429    
   195.0000       48.3766049705183        8.671429    
   210.0000       47.9451937548206        8.671429    
   225.0000       47.3189231960870        8.671429    
   240.0000       46.6294659277942        8.671429    
   255.0000       46.0324126267186        8.671429    
   270.0000       45.6410640522398        8.671429    
   285.0000       45.4476544295127        8.671429    
   300.0000       45.3929875911311        8.671429    
   315.0000       45.4332673655484        8.671429    
   330.0000       45.5883428413459        8.671429    
   345.0000       45.8096938928699        8.671429    
  0.0000000E+00   46.0191450442721        8.671429    
 
  0.0000000E+00   40.7151703282471        8.792857    
   15.00000       40.8580722013929        8.792857    
   30.00000       41.0033292998263        8.792857    
   45.00000       41.1520470464097        8.792857    
   60.00000       41.2786509003376        8.792857    
   75.00000       41.3634860523625        8.792857    
   90.00000       41.4775378776859        8.792857    
   105.0000       41.6813541746776        8.792857    
   120.0000       41.9915281741112        8.792857    
   135.0000       42.3491160261915        8.792857    
   150.0000       42.6651807953857        8.792857    
   165.0000       42.8533046095359        8.792857    
   180.0000       42.8500589665560        8.792857    
   195.0000       42.6446376154903        8.792857    
   210.0000       42.2250586214321        8.792857    
   225.0000       41.6518840879695        8.792857    
   240.0000       41.0460386597950        8.792857    
   255.0000       40.5411466003109        8.792857    
   270.0000       40.2256257082148        8.792857    
   285.0000       40.0836506181575        8.792857    
   300.0000       40.0639660140363        8.792857    
   315.0000       40.1331449134795        8.792857    
   330.0000       40.3026515289288        8.792857    
   345.0000       40.5193200237803        8.792857    
  0.0000000E+00   40.7151703282471        8.792857    
 
  0.0000000E+00   35.8577870125563        8.914286    
   15.00000       35.9903034035326        8.914286    
   30.00000       36.1232766087673        8.914286    
   45.00000       36.2496972903607        8.914286    
   60.00000       36.3475279801564        8.914286    
   75.00000       36.4102286563849        8.914286    
   90.00000       36.5083771546331        8.914286    
   105.0000       36.6929014929111        8.914286    
   120.0000       36.9699772977186        8.914286    
   135.0000       37.2792080470312        8.914286    
   150.0000       37.5400973865758        8.914286    
   165.0000       37.6780195373316        8.914286    
   180.0000       37.6418741041540        8.914286    
   195.0000       37.4269256028621        8.914286    
   210.0000       37.0288193622573        8.914286    
   225.0000       36.5126959447202        8.914286    
   240.0000       35.9859586546773        8.914286    
   255.0000       35.5627628944854        8.914286    
   270.0000       35.3108186824669        8.914286    
   285.0000       35.2095320268268        8.914286    
   300.0000       35.2151582167223        8.914286    
   315.0000       35.3019539292629        8.914286    
   330.0000       35.4746055523209        8.914286    
   345.0000       35.6790780826817        8.914286    
  0.0000000E+00   35.8577870125563        8.914286    
 
  0.0000000E+00   31.4072520909221        9.035714    
   15.00000       31.5270047256863        9.035714    
   30.00000       31.6457855810534        9.035714    
   45.00000       31.7517558355493        9.035714    
   60.00000       31.8269684775559        9.035714    
   75.00000       31.8741328548715        9.035714    
   90.00000       31.9601369227857        9.035714    
   105.0000       32.1264988502316        9.035714    
   120.0000       32.3716325884170        9.035714    
   135.0000       32.6364384589507        9.035714    
   150.0000       32.8494067493815        9.035714    
   165.0000       32.9469306521686        9.035714    
   180.0000       32.8884499147547        9.035714    
   195.0000       32.6733634642512        9.035714    
   210.0000       32.3043038817570        9.035714    
   225.0000       31.8464977810080        9.035714    
   240.0000       31.3935291324304        9.035714    
   255.0000       31.0423165344683        9.035714    
   270.0000       30.8435340189342        9.035714    
   285.0000       30.7741975221533        9.035714    
   300.0000       30.7973410307859        9.035714    
   315.0000       30.8929042220166        9.035714    
   330.0000       31.0604545448394        9.035714    
   345.0000       31.2477952989174        9.035714    
  0.0000000E+00   31.4072520909221        9.035714    
 
  0.0000000E+00   27.3200367492402        9.157143    
   15.00000       27.4253043655462        9.157143    
   30.00000       27.5288061254828        9.157143    
   45.00000       27.6164110543622        9.157143    
   60.00000       27.6742331292452        9.157143    
   75.00000       27.7109449433594        9.157143    
   90.00000       27.7875045755012        9.157143    
   105.0000       27.9366344442808        9.157143    
   120.0000       28.1512380896761        9.157143    
   135.0000       28.3754839133348        9.157143    
   150.0000       28.5473923317607        9.157143    
   165.0000       28.6135998470729        9.157143    
   180.0000       28.5421568950295        9.157143    
   195.0000       28.3323986281562        9.157143    
   210.0000       27.9977794563163        9.157143    
   225.0000       27.5974611112610        9.157143    
   240.0000       27.2122214524052        9.157143    
   255.0000       26.9244085109778        9.157143    
   270.0000       26.7702113223436        9.157143    
   285.0000       26.7258812458829        9.157143    
   300.0000       26.7603610480537        9.157143    
   315.0000       26.8578027769054        9.157143    
   330.0000       27.0142151750207        9.157143    
   345.0000       27.1811487168176        9.157143    
  0.0000000E+00   27.3200367492402        9.157143    
 
  0.0000000E+00   23.5747539864071        9.278572    
   15.00000       23.6648726995496        9.278572    
   30.00000       23.7529525781536        9.278572    
   45.00000       23.8243950831557        9.278572    
   60.00000       23.8689930411743        9.278572    
   75.00000       23.8987513031019        9.278572    
   90.00000       23.9674050064935        9.278572    
   105.0000       24.0998425404996        9.278572    
   120.0000       24.2853988323980        9.278572    
   135.0000       24.4728742036601        9.278572    
   150.0000       24.6091736610515        9.278572    
   165.0000       24.6500585036669        9.278572    
   180.0000       24.5714385619674        9.278572    
   195.0000       24.3756195433642        9.278572    
   210.0000       24.0768748035582        9.278572    
   225.0000       23.7319037448083        9.278572    
   240.0000       23.4098243384496        9.278572    
   255.0000       23.1773496857316        9.278572    
   270.0000       23.0601997372339        9.278572    
   285.0000       23.0350474201021        9.278572    
   300.0000       23.0759231060366        9.278572    
   315.0000       23.1701498589832        9.278572    
   330.0000       23.3115345502221        9.278572    
   345.0000       23.4565709291821        9.278572    
  0.0000000E+00   23.5747539864071        9.278572    
 
  0.0000000E+00   20.1431209799624        9.400000    
   15.00000       20.2180137672189        9.400000    
   30.00000       20.2910520378749        9.400000    
   45.00000       20.3484378657680        9.400000    
   60.00000       20.3830811431983        9.400000    
   75.00000       20.4082704884012        9.400000    
   90.00000       20.4698789445650        9.400000    
   105.0000       20.5860364213766        9.400000    
   120.0000       20.7441001207116        9.400000    
   135.0000       20.8983920143611        9.400000    
   150.0000       21.0042619895074        9.400000    
   165.0000       21.0257180890541        9.400000    
   180.0000       20.9449086582342        9.400000    
   195.0000       20.7661216269273        9.400000    
   210.0000       20.5056265083270        9.400000    
   225.0000       20.2141013205588        9.400000    
   240.0000       19.9493633063586        9.400000    
   255.0000       19.7650088512987        9.400000    
   270.0000       19.6785116965876        9.400000    
   285.0000       19.6677863144782        9.400000    
   300.0000       19.7112010413385        9.400000    
   315.0000       19.7985185456913        9.400000    
   330.0000       19.9224716374791        9.400000    
   345.0000       20.0451825882224        9.400000    
  0.0000000E+00   20.1431209799624        9.400000    
 
  0.0000000E+00   17.0002505406216        9.521429    
   15.00000       17.0599730190876        9.521429    
   30.00000       17.1184837282765        9.521429    
   45.00000       17.1637356686794        9.521429    
   60.00000       17.1908992012284        9.521429    
   75.00000       17.2130302038121        9.521429    
   90.00000       17.2679789555466        9.521429    
   105.0000       17.3682138979765        9.521429    
   120.0000       17.5003869971763        9.521429    
   135.0000       17.6248635637024        9.521429    
   150.0000       17.7048976886116        9.521429    
   165.0000       17.7118787625872        9.521429    
   180.0000       17.6332082965822        9.521429    
   195.0000       17.4745114695635        9.521429    
   210.0000       17.2525836384665        9.521429    
   225.0000       17.0114265865042        9.521429    
   240.0000       16.7985209005498        9.521429    
   255.0000       16.6560695084124        9.521429    
   270.0000       16.5950421647332        9.521429    
   285.0000       16.5951698588253        9.521429    
   300.0000       16.6383888235541        9.521429    
   315.0000       16.7161892558641        9.521429    
   330.0000       16.8213524279280        9.521429    
   345.0000       16.9219140286790        9.521429    
  0.0000000E+00   17.0002505406216        9.521429    
 
  0.0000000E+00   14.1227978029867        9.642858    
   15.00000       14.1687143619101        9.642858    
   30.00000       14.2140486517585        9.642858    
   45.00000       14.2487700022812        9.642858    
   60.00000       14.2701502136793        9.642858    
   75.00000       14.2899005169298        9.642858    
   90.00000       14.3380441163407        9.642858    
   105.0000       14.4225083499322        9.642858    
   120.0000       14.5304146743726        9.642858    
   135.0000       14.6282538507303        9.642858    
   150.0000       14.6866106068230        9.642858    
   165.0000       14.6834726848688        9.642858    
   180.0000       14.6104411090998        9.642858    
   195.0000       14.4739602136252        9.642858    
   210.0000       14.2901871274358        9.642858    
   225.0000       14.0961454125882        9.642858    
   240.0000       13.9296917933259        9.642858    
   255.0000       13.8230805128026        9.642858    
   270.0000       13.7824348840017        9.642858    
   285.0000       13.7895294728652        9.642858    
   300.0000       13.8297982368597        9.642858    
   315.0000       13.8964960271359        9.642858    
   330.0000       13.9826751633331        9.642858    
   345.0000       14.0623281694127        9.642858    
  0.0000000E+00   14.1227978029867        9.642858    
 
  0.0000000E+00   11.4909133766180        9.764286    
   15.00000       11.5240618005755        9.764286    
   30.00000       11.5574276673665        9.764286    
   45.00000       11.5832541797712        9.764286    
   60.00000       11.6001614595535        9.764286    
   75.00000       11.6179242675715        9.764286    
   90.00000       11.6592714184848        9.764286    
   105.0000       11.7284752164738        9.764286    
   120.0000       11.8135694471281        9.764286    
   135.0000       11.8875611773614        9.764286    
   150.0000       11.9279577786884        9.764286    
   165.0000       11.9183432742081        9.764286    
   180.0000       11.8537260032340        9.764286    
   195.0000       11.7407461350415        9.764286    
   210.0000       11.5939861608079        9.764286    
   225.0000       11.4434014927543        9.764286    
   240.0000       11.3180641944973        9.764286    
   255.0000       11.2416787884369        9.764286    
   270.0000       11.2170843538992        9.764286    
   285.0000       11.2286698762810        9.764286    
   300.0000       11.2644952388049        9.764286    
   315.0000       11.3191521796362        9.764286    
   330.0000       11.3866638584294        9.764286    
   345.0000       11.4467825202508        9.764286    
  0.0000000E+00   11.4909133766180        9.764286    
 
  0.0000000E+00   9.08782558818570        9.885715    
   15.00000       9.10968887962159        9.885715    
   30.00000       9.13249838920312        9.885715    
   45.00000       9.15075275327007        9.885715    
   60.00000       9.16394562009179        9.885715    
   75.00000       9.17955183861285        9.885715    
   90.00000       9.21367654659823        9.885715    
   105.0000       9.26796298467251        9.885715    
   120.0000       9.33215737523621        9.885715    
   135.0000       9.38546688381321        9.885715    
   150.0000       9.41126387966901        9.885715    
   165.0000       9.39832393755590        9.885715    
   180.0000       9.34424277893057        9.885715    
   195.0000       9.25528458232953        9.885715    
   210.0000       9.14373076921815        9.885715    
   225.0000       9.03257016038900        9.885715    
   240.0000       8.94323613227911        9.885715    
   255.0000       8.89225644484771        9.885715    
   270.0000       8.88001214396441        9.885715    
   285.0000       8.89361582085023        9.885715    
   300.0000       8.92366589719108        9.885715    
   315.0000       8.96594006282762        9.885715    
   330.0000       9.01570840985507        9.885715    
   345.0000       9.05811851930111        9.885715    
  0.0000000E+00   9.08782558818570        9.885715    
 
  0.0000000E+00   6.90005876406221        10.00714    
   15.00000       6.91251038059133        10.00714    
   30.00000       6.92638568738924        10.00714    
   45.00000       6.93822581292633        10.00714    
   60.00000       6.94801967119408        10.00714    
   75.00000       6.96088414270745        10.00714    
   90.00000       6.98715282186605        10.00714    
   105.0000       7.02675203031688        10.00714    
   120.0000       7.07159980632214        10.00714    
   135.0000       7.10688849772506        10.00714    
   150.0000       7.12140658331739        10.00714    
   165.0000       7.10813564249052        10.00714    
   180.0000       7.06647217813696        10.00714    
   195.0000       7.00176926028135        10.00714    
   210.0000       6.92348805964612        10.00714    
   225.0000       6.84792339425397        10.00714    
   240.0000       6.78962639118413        10.00714    
   255.0000       6.75914521830536        10.00714    
   270.0000       6.75551237045723        10.00714    
   285.0000       6.76881271601019        10.00714    
   300.0000       6.79203655154244        10.00714    
   315.0000       6.82206176394040        10.00714    
   330.0000       6.85552570241268        10.00714    
   345.0000       6.88247731746793        10.00714    
  0.0000000E+00   6.90005876406221        10.00714    
 
  0.0000000E+00   4.91920550539180        10.12857    
   15.00000       4.92463003911656        10.12857    
   30.00000       4.93151985628229        10.12857    
   45.00000       4.93809115429396        10.12857    
   60.00000       4.94452635153414        10.12857    
   75.00000       4.95376407974487        10.12857    
   90.00000       4.97139559737057        10.12857    
   105.0000       4.99655854978244        10.12857    
   120.0000       5.02375308412751        10.12857    
   135.0000       5.04381839675937        10.12857    
   150.0000       5.05027177135550        10.12857    
   165.0000       5.03948035528301        10.12857    
   180.0000       5.01179621283963        10.12857    
   195.0000       4.97109678236902        10.12857    
   210.0000       4.92361614850901        10.12857    
   225.0000       4.87934562176618        10.12857    
   240.0000       4.84682804181881        10.12857    
   255.0000       4.83182493296711        10.12857    
   270.0000       4.83296739929300        10.12857    
   285.0000       4.84360775854828        10.12857    
   300.0000       4.85912465184385        10.12857    
   315.0000       4.87747277201303        10.12857    
   330.0000       4.89663424842607        10.12857    
   345.0000       4.91092333108702        10.12857    
  0.0000000E+00   4.91920550539180        10.12857    
 
  0.0000000E+00   3.14394824170063        10.25000    
   15.00000       3.14534580324361        10.25000    
   30.00000       3.14759866180569        10.25000    
   45.00000       3.15009867938402        10.25000    
   60.00000       3.15298858325654        10.25000    
   75.00000       3.15741444282079        10.25000    
   90.00000       3.16544351059844        10.25000    
   105.0000       3.17640582673188        10.25000    
   120.0000       3.18777361097211        10.25000    
   135.0000       3.19566312995150        10.25000    
   150.0000       3.19746871734126        10.25000    
   165.0000       3.19190072470603        10.25000    
   180.0000       3.17941794999320        10.25000    
   195.0000       3.16189991816467        10.25000    
   210.0000       3.14213009489081        10.25000    
   225.0000       3.12428270327828        10.25000    
   240.0000       3.11180394041787        10.25000    
   255.0000       3.10686101026463        10.25000    
   270.0000       3.10860464670028        10.25000    
   285.0000       3.11402616337250        10.25000    
   300.0000       3.12104777842881        10.25000    
   315.0000       3.12874909538491        10.25000    
   330.0000       3.13629673538221        10.25000    
   345.0000       3.14144598759612        10.25000    
  0.0000000E+00   3.14394824170063        10.25000    
 
