  0.0000000E+00  0.307205289602280        6.000000    
   15.00000      0.303216397762299        6.000000    
   30.00000      0.298788607120514        6.000000    
   45.00000      0.295665621757507        6.000000    
   60.00000      0.294878304004669        6.000000    
   75.00000      0.296912908554077        6.000000    
   90.00000      0.301292747259140        6.000000    
   105.0000      0.306810200214386        6.000000    
   120.0000      0.312378913164139        6.000000    
   135.0000      0.317159026861191        6.000000    
   150.0000      0.320601463317871        6.000000    
   165.0000      0.322647124528885        6.000000    
   180.0000      0.323414236307144        6.000000    
   195.0000      0.323276042938232        6.000000    
   210.0000      0.322083830833435        6.000000    
   225.0000      0.320521742105484        6.000000    
   240.0000      0.319184333086014        6.000000    
   255.0000      0.317171335220337        6.000000    
   270.0000      0.315280228853226        6.000000    
   285.0000      0.314417541027069        6.000000    
   300.0000      0.313210397958755        6.000000    
   315.0000      0.311060696840286        6.000000    
   330.0000      0.309820741415024        6.000000    
   345.0000      0.309212893247604        6.000000    
  0.0000000E+00  0.307205289602280        6.000000    
 
  0.0000000E+00  0.305949717760086        6.121428    
   15.00000      0.301983922719955        6.121428    
   30.00000      0.297657579183578        6.121428    
   45.00000      0.294671595096588        6.121428    
   60.00000      0.294023424386978        6.121428    
   75.00000      0.296203881502151        6.121428    
   90.00000      0.300703197717667        6.121428    
   105.0000      0.306288570165634        6.121428    
   120.0000      0.311874538660049        6.121428    
   135.0000      0.316618800163269        6.121428    
   150.0000      0.320001244544983        6.121428    
   165.0000      0.321966469287872        6.121428    
   180.0000      0.322641283273697        6.121428    
   195.0000      0.322394907474518        6.121428    
   210.0000      0.321092247962952        6.121428    
   225.0000      0.319440245628357        6.121428    
   240.0000      0.317983865737915        6.121428    
   255.0000      0.315879583358765        6.121428    
   270.0000      0.313969790935516        6.121428    
   285.0000      0.313075453042984        6.121428    
   300.0000      0.311833262443542        6.121428    
   315.0000      0.309736311435699        6.121428    
   330.0000      0.308572173118591        6.121428    
   345.0000      0.307985335588455        6.121428    
  0.0000000E+00  0.305949717760086        6.121428    
 
  0.0000000E+00  0.303063869476318        6.242857    
   15.00000      0.299160629510880        6.242857    
   30.00000      0.295055478811264        6.242857    
   45.00000      0.292340606451035        6.242857    
   60.00000      0.291957527399063        6.242857    
   75.00000      0.294398695230484        6.242857    
   90.00000      0.299087554216385        6.242857    
   105.0000      0.304772913455963        6.242857    
   120.0000      0.310352951288223        6.242857    
   135.0000      0.315024286508560        6.242857    
   150.0000      0.318273574113846        6.242857    
   165.0000      0.320086956024170        6.242857    
   180.0000      0.320598006248474        6.242857    
   195.0000      0.320165693759918        6.242857    
   210.0000      0.318693906068802        6.242857    
   225.0000      0.316913992166519        6.242857    
   240.0000      0.315281718969345        6.242857    
   255.0000      0.313054680824280        6.242857    
   270.0000      0.311125963926315        6.242857    
   285.0000      0.310185641050339        6.242857    
   300.0000      0.308886528015137        6.242857    
   315.0000      0.306871563196182        6.242857    
   330.0000      0.305809289216995        6.242857    
   345.0000      0.305192142724991        6.242857    
  0.0000000E+00  0.303063869476318        6.242857    
 
  0.0000000E+00  0.299305260181427        6.364286    
   15.00000      0.295510590076447        6.364286    
   30.00000      0.291722029447556        6.364286    
   45.00000      0.289386123418808        6.364286    
   60.00000      0.289370000362396        6.364286    
   75.00000      0.292158484458923        6.364286    
   90.00000      0.297089487314224        6.364286    
   105.0000      0.302866697311401        6.364286    
   120.0000      0.308409392833710        6.364286    
   135.0000      0.312933057546616        6.364286    
   150.0000      0.315977692604065        6.364286    
   165.0000      0.317560702562332        6.364286    
   180.0000      0.317834466695786        6.364286    
   195.0000      0.317149698734283        6.364286    
   210.0000      0.315472096204758        6.364286    
   225.0000      0.313542813062668        6.364286    
   240.0000      0.311729013919830        6.364286    
   255.0000      0.309409767389297        6.364286    
   270.0000      0.307507485151291        6.364286    
   285.0000      0.306527376174927        6.364286    
   300.0000      0.305185288190842        6.364286    
   315.0000      0.303282856941223        6.364286    
   330.0000      0.302305132150650        6.364286    
   345.0000      0.301571696996689        6.364286    
  0.0000000E+00  0.299305260181427        6.364286    
 
  0.0000000E+00  0.295180499553680        6.485714    
   15.00000      0.291549533605576        6.485714    
   30.00000      0.288160324096680        6.485714    
   45.00000      0.286275118589401        6.485714    
   60.00000      0.286682814359665        6.485714    
   75.00000      0.289852797985077        6.485714    
   90.00000      0.295031279325485        6.485714    
   105.0000      0.300881713628769        6.485714    
   120.0000      0.306334406137466        6.485714    
   135.0000      0.310641735792160        6.485714    
   150.0000      0.313400685787201        6.485714    
   165.0000      0.314680486917496        6.485714    
   180.0000      0.314656794071198        6.485714    
   195.0000      0.313680201768875        6.485714    
   210.0000      0.311788737773895        6.485714    
   225.0000      0.309719890356064        6.485714    
   240.0000      0.307752609252930        6.485714    
   255.0000      0.305407971143723        6.485714    
   270.0000      0.303591102361679        6.485714    
   285.0000      0.302594661712646        6.485714    
   300.0000      0.301235795021057        6.485714    
   315.0000      0.299472004175186        6.485714    
   330.0000      0.298531740903854        6.485714    
   345.0000      0.297595709562302        6.485714    
  0.0000000E+00  0.295180499553680        6.485714    
 
  0.0000000E+00  0.291057050228119        6.607143    
   15.00000      0.287653863430023        6.607143    
   30.00000      0.284718185663223        6.607143    
   45.00000      0.283308297395706        6.607143    
   60.00000      0.284146577119827        6.607143    
   75.00000      0.287681341171265        6.607143    
   90.00000      0.293080717325211        6.607143    
   105.0000      0.298967331647873        6.607143    
   120.0000      0.304265886545181        6.607143    
   135.0000      0.308291524648666        6.607143    
   150.0000      0.310702145099640        6.607143    
   165.0000      0.311627328395844        6.607143    
   180.0000      0.311267942190170        6.607143    
   195.0000      0.309986412525177        6.607143    
   210.0000      0.307897537946701        6.607143    
   225.0000      0.305718302726746        6.607143    
   240.0000      0.303651332855225        6.607143    
   255.0000      0.301357805728912        6.607143    
   270.0000      0.299689769744873        6.607143    
   285.0000      0.298706918954849        6.607143    
   300.0000      0.297383338212967        6.607143    
   315.0000      0.295778036117554        6.607143    
   330.0000      0.294809162616730        6.607143    
   345.0000      0.293599903583527        6.607143    
  0.0000000E+00  0.291057050228119        6.607143    
 
  0.0000000E+00  0.287207424640656        6.728571    
   15.00000      0.284080803394318        6.728571    
   30.00000      0.281620383262634        6.728571    
   45.00000      0.280664116144180        6.728571    
   60.00000      0.281903266906738        6.728571    
   75.00000      0.285741299390793        6.728571    
   90.00000      0.291307359933853        6.728571    
   105.0000      0.297170996665955        6.728571    
   120.0000      0.302258998155594        6.728571    
   135.0000      0.305948555469513        6.728571    
   150.0000      0.307969003915787        6.728571    
   165.0000      0.308511286973953        6.728571    
   180.0000      0.307805359363556        6.728571    
   195.0000      0.306233584880829        6.728571    
   210.0000      0.303985714912415        6.728571    
   225.0000      0.301741272211075        6.728571    
   240.0000      0.299640208482742        6.728571    
   255.0000      0.297487109899521        6.728571    
   270.0000      0.296029090881348        6.728571    
   285.0000      0.295098930597305        6.728571    
   300.0000      0.293874591588974        6.728571    
   315.0000      0.292434751987457        6.728571    
   330.0000      0.291363060474396        6.728571    
   345.0000      0.289835870265961        6.728571    
  0.0000000E+00  0.287207424640656        6.728571    
 
  0.0000000E+00  0.283839613199234        6.850000    
   15.00000      0.281016141176224        6.850000    
   30.00000      0.278988718986511        6.850000    
   45.00000      0.278448313474655        6.850000    
   60.00000      0.280018746852875        6.850000    
   75.00000      0.284064531326294        6.850000    
   90.00000      0.289721369743347        6.850000    
   105.0000      0.295498162508011        6.850000    
   120.0000      0.300325244665146        6.850000    
   135.0000      0.303640753030777        6.850000    
   150.0000      0.305251657962799        6.850000    
   165.0000      0.305406868457794        6.850000    
   180.0000      0.304369449615479        6.850000    
   195.0000      0.302546173334122        6.850000    
   210.0000      0.300187468528748        6.850000    
   225.0000      0.297935515642166        6.850000    
   240.0000      0.295883178710938        6.850000    
   255.0000      0.293958932161331        6.850000    
   270.0000      0.292771250009537        6.850000    
   285.0000      0.291941195726395        6.850000    
   300.0000      0.290805518627167        6.850000    
   315.0000      0.289472401142120        6.850000    
   330.0000      0.288275361061096        6.850000    
   345.0000      0.286496043205261        6.850000    
  0.0000000E+00  0.283839613199234        6.850000    
 
  0.0000000E+00  0.280924111604691        6.971429    
   15.00000      0.278395384550095        6.971429    
   30.00000      0.276758342981339        6.971429    
   45.00000      0.276595592498779        6.971429    
   60.00000      0.278476446866989        6.971429    
   75.00000      0.282651692628860        6.971429    
   90.00000      0.288306266069412        6.971429    
   105.0000      0.293933063745499        6.971429    
   120.0000      0.298461019992828        6.971429    
   135.0000      0.301383882761002        6.971429    
   150.0000      0.302587598562241        6.971429    
   165.0000      0.302374094724655        6.971429    
   180.0000      0.301041215658188        6.971429    
   195.0000      0.299017697572708        6.971429    
   210.0000      0.296611964702606        6.971429    
   225.0000      0.294418334960938        6.971429    
   240.0000      0.292503297328949        6.971429    
   255.0000      0.290876507759094        6.971429    
   270.0000      0.289915055036545        6.971429    
   285.0000      0.289173156023026        6.971429    
   300.0000      0.288114875555038        6.971429    
   315.0000      0.286842525005341        6.971429    
   330.0000      0.285510271787643        6.971429    
   345.0000      0.283541709184647        6.971429    
  0.0000000E+00  0.280924111604691        6.971429    
 
  0.0000000E+00  0.278411328792572        7.092857    
   15.00000      0.276162177324295        7.092857    
   30.00000      0.274871170520782        7.092857    
   45.00000      0.275045841932297        7.092857    
   60.00000      0.277205705642700        7.092857    
   75.00000      0.281493276357651        7.092857    
   90.00000      0.287040233612061        7.092857    
   105.0000      0.292458951473236        7.092857    
   120.0000      0.296658664941788        7.092857    
   135.0000      0.299189567565918        7.092857    
   150.0000      0.300006598234177        7.092857    
   165.0000      0.299461305141449        7.092857    
   180.0000      0.297884911298752        7.092857    
   195.0000      0.295728325843811        7.092857    
   210.0000      0.293344527482986        7.092857    
   225.0000      0.291283339262009        7.092857    
   240.0000      0.289536565542221        7.092857    
   255.0000      0.288173705339432        7.092857    
   270.0000      0.287406384944916        7.092857    
   285.0000      0.286744445562363        7.092857    
   300.0000      0.285752385854721        7.092857    
   315.0000      0.284505605697632        7.092857    
   330.0000      0.283042043447495        7.092857    
   345.0000      0.280944138765335        7.092857    
  0.0000000E+00  0.278411328792572        7.092857    
 
  0.0000000E+00  0.276253283023834        7.214286    
   15.00000      0.274261534214020        7.214286    
   30.00000      0.273272007703781        7.214286    
   45.00000      0.273743331432343        7.214286    
   60.00000      0.276148051023483        7.214286    
   75.00000      0.280515491962433        7.214286    
   90.00000      0.285908043384552        7.214286    
   105.0000      0.291065722703934        7.214286    
   120.0000      0.294922471046448        7.214286    
   135.0000      0.297077775001526        7.214286    
   150.0000      0.297543972730637        7.214286    
   165.0000      0.296715915203094        7.214286    
   180.0000      0.294957697391510        7.214286    
   195.0000      0.292741656303406        7.214286    
   210.0000      0.290448069572449        7.214286    
   225.0000      0.288507819175720        7.214286    
   240.0000      0.286928236484528        7.214286    
   255.0000      0.285802632570267        7.214286    
   270.0000      0.285198062658310        7.214286    
   285.0000      0.284609615802765        7.214286    
   300.0000      0.283673107624054        7.214286    
   315.0000      0.282427519559860        7.214286    
   330.0000      0.280846893787384        7.214286    
   345.0000      0.278672844171524        7.214286    
  0.0000000E+00  0.276253283023834        7.214286    
 
  0.0000000E+00  0.274402886629105        7.335714    
   15.00000      0.272641688585281        7.335714    
   30.00000      0.271913737058640        7.335714    
   45.00000      0.272641062736511        7.335714    
   60.00000      0.275250613689423        7.335714    
   75.00000      0.279664337635040        7.335714    
   90.00000      0.284899383783340        7.335714    
   105.0000      0.289752125740051        7.335714    
   120.0000      0.293263018131256        7.335714    
   135.0000      0.295070379972458        7.335714    
   150.0000      0.295232117176056        7.335714    
   165.0000      0.294177591800690        7.335714    
   180.0000      0.292307287454605        7.335714    
   195.0000      0.290083080530167        7.335714    
   210.0000      0.287871956825256        7.335714    
   225.0000      0.286048650741577        7.335714    
   240.0000      0.284631907939911        7.335714    
   255.0000      0.283716261386871        7.335714    
   270.0000      0.283250004053116        7.335714    
   285.0000      0.282727003097534        7.335714    
   300.0000      0.281837135553360        7.335714    
   315.0000      0.280578345060349        7.335714    
   330.0000      0.278901457786560        7.335714    
   345.0000      0.276695042848587        7.335714    
  0.0000000E+00  0.274402886629105        7.335714    
 
  0.0000000E+00  0.272814810276031        7.457143    
   15.00000      0.271257817745209        7.457143    
   30.00000      0.270751655101776        7.457143    
   45.00000      0.271696239709854        7.457143    
   60.00000      0.274470746517181        7.457143    
   75.00000      0.278898924589157        7.457143    
   90.00000      0.283969879150391        7.457143    
   105.0000      0.288527220487595        7.457143    
   120.0000      0.291695743799210        7.457143    
   135.0000      0.293190032243729        7.457143    
   150.0000      0.293100357055664        7.457143    
   165.0000      0.291882812976837        7.457143    
   180.0000      0.289931565523148        7.457143    
   195.0000      0.287708848714828        7.457143    
   210.0000      0.285578012466431        7.457143    
   225.0000      0.283866614103317        7.457143    
   240.0000      0.282604515552521        7.457143    
   255.0000      0.281872361898422        7.457143    
   270.0000      0.281523853540421        7.457143    
   285.0000      0.281061917543411        7.457143    
   300.0000      0.280209004878998        7.457143    
   315.0000      0.278930753469467        7.457143    
   330.0000      0.277180999517441        7.457143    
   345.0000      0.274975985288620        7.457143    
  0.0000000E+00  0.272814810276031        7.457143    
 
  0.0000000E+00  0.271448850631714        7.578571    
   15.00000      0.270067572593689        7.578571    
   30.00000      0.269747734069824        7.578571    
   45.00000      0.270873188972473        7.578571    
   60.00000      0.273774594068527        7.578571    
   75.00000      0.278188616037369        7.578571    
   90.00000      0.283091098070145        7.578571    
   105.0000      0.287376105785370        7.578571    
   120.0000      0.290241837501526        7.578571    
   135.0000      0.291462182998657        7.578571    
   150.0000      0.291162312030792        7.578571    
   165.0000      0.289807021617889        7.578571    
   180.0000      0.287794291973114        7.578571    
   195.0000      0.285583704710007        7.578571    
   210.0000      0.283530235290527        7.578571    
   225.0000      0.281924635171890        7.578571    
   240.0000      0.280806273221970        7.578571    
   255.0000      0.280233114957809        7.578571    
   270.0000      0.279985606670380        7.578571    
   285.0000      0.279580622911453        7.578571    
   300.0000      0.278759479522705        7.578571    
   315.0000      0.277461558580399        7.578571    
   330.0000      0.275662094354630        7.578571    
   345.0000      0.273482918739319        7.578571    
  0.0000000E+00  0.271448850631714        7.578571    
 
  0.0000000E+00  0.270266145467758        7.700000    
   15.00000      0.269034326076508        7.700000    
   30.00000      0.268869251012802        7.700000    
   45.00000      0.270142197608948        7.700000    
   60.00000      0.273135453462601        7.700000    
   75.00000      0.277510970830917        7.700000    
   90.00000      0.282243698835373        7.700000    
   105.0000      0.286278367042542        7.700000    
   120.0000      0.288877308368683        7.700000    
   135.0000      0.289863169193268        7.700000    
   150.0000      0.289387077093124        7.700000    
   165.0000      0.287920534610748        7.700000    
   180.0000      0.285864412784576        7.700000    
   195.0000      0.283674329519272        7.700000    
   210.0000      0.281694680452347        7.700000    
   225.0000      0.280188173055649        7.700000    
   240.0000      0.279201269149780        7.700000    
   255.0000      0.278764873743057        7.700000    
   270.0000      0.278604686260223        7.700000    
   285.0000      0.278253197669983        7.700000    
   300.0000      0.277460068464279        7.700000    
   315.0000      0.276146143674850        7.700000    
   330.0000      0.274318009614944        7.700000    
   345.0000      0.272181153297424        7.700000    
  0.0000000E+00  0.270266145467758        7.700000    
 
  0.0000000E+00  0.269232481718063        7.821429    
   15.00000      0.268126547336578        7.821429    
   30.00000      0.268088728189468        7.821429    
   45.00000      0.269479006528854        7.821429    
   60.00000      0.272532850503922        7.821429    
   75.00000      0.276849836111069        7.821429    
   90.00000      0.281414449214935        7.821429    
   105.0000      0.285220235586166        7.821429    
   120.0000      0.287585347890854        7.821429    
   135.0000      0.288372278213501        7.821429    
   150.0000      0.287751257419586        7.821429    
   165.0000      0.286196827888489        7.821429    
   180.0000      0.284112930297852        7.821429    
   195.0000      0.281949639320374        7.821429    
   210.0000      0.280040174722672        7.821429    
   225.0000      0.278625607490540        7.821429    
   240.0000      0.277757346630096        7.821429    
   255.0000      0.277438253164291        7.821429    
   270.0000      0.277354151010513        7.821429    
   285.0000      0.277052968740463        7.821429    
   300.0000      0.276285558938980        7.821429    
   315.0000      0.274961590766907        7.821429    
   330.0000      0.273122906684875        7.821429    
   345.0000      0.271038770675659        7.821429    
  0.0000000E+00  0.269232481718063        7.821429    
 
  0.0000000E+00  0.268318384885788        7.942857    
   15.00000      0.267317891120911        7.942857    
   30.00000      0.267383575439453        7.942857    
   45.00000      0.268864482641220        7.942857    
   60.00000      0.271951377391815        7.942857    
   75.00000      0.276193857192993        7.942857    
   90.00000      0.280593961477280        7.942857    
   105.0000      0.284191489219666        7.942857    
   120.0000      0.286352634429932        7.942857    
   135.0000      0.286972016096115        7.942857    
   150.0000      0.286233246326447        7.942857    
   165.0000      0.284611463546753        7.942857    
   180.0000      0.282512933015823        7.942857    
   195.0000      0.280381321907043        7.942857    
   210.0000      0.278538465499878        7.942857    
   225.0000      0.277208715677261        7.942857    
   240.0000      0.276446491479874        7.942857    
   255.0000      0.276227772235870        7.942857    
   270.0000      0.276210546493530        7.942857    
   285.0000      0.275956571102142        7.942857    
   300.0000      0.275213897228241        7.942857    
   315.0000      0.273886829614639        7.942857    
   330.0000      0.272052645683289        7.942857    
   345.0000      0.270026952028275        7.942857    
  0.0000000E+00  0.268318384885788        7.942857    
 
  0.0000000E+00  0.267498672008514        8.064285    
   15.00000      0.266586154699326        8.064285    
   30.00000      0.266735136508942        8.064285    
   45.00000      0.268283098936081        8.064285    
   60.00000      0.271379411220551        8.064285    
   75.00000      0.275534749031067        8.064285    
   90.00000      0.279775112867355        8.064285    
   105.0000      0.283183395862579        8.064285    
   120.0000      0.285167187452316        8.064285    
   135.0000      0.285646021366119        8.064285    
   150.0000      0.284812986850739        8.064285    
   165.0000      0.283141702413559        8.064285    
   180.0000      0.281039774417877        8.064285    
   195.0000      0.278943687677383        8.064285    
   210.0000      0.277164131402969        8.064285    
   225.0000      0.275912553071976        8.064285    
   240.0000      0.275244474411011        8.064285    
   255.0000      0.275111526250839        8.064285    
   270.0000      0.275153309106827        8.064285    
   285.0000      0.274943679571152        8.064285    
   300.0000      0.274225413799286        8.064285    
   315.0000      0.272902399301529        8.064285    
   330.0000      0.271084606647491        8.064285    
   345.0000      0.269120097160339        8.064285    
  0.0000000E+00  0.267498672008514        8.064285    
 
  0.0000000E+00  0.266751855611801        8.185715    
   15.00000      0.265912830829620        8.185715    
   30.00000      0.266127824783325        8.185715    
   45.00000      0.267722368240356        8.185715    
   60.00000      0.270807772874832        8.185715    
   75.00000      0.274866133928299        8.185715    
   90.00000      0.278951913118362        8.185715    
   105.0000      0.282187849283218        8.185715    
   120.0000      0.284017294645309        8.185715    
   135.0000      0.284378856420517        8.185715    
   150.0000      0.283471643924713        8.185715    
   165.0000      0.281766384840012        8.185715    
   180.0000      0.279670745134354        8.185715    
   195.0000      0.277613580226898        8.185715    
   210.0000      0.275894522666931        8.185715    
   225.0000      0.274714857339859        8.185715    
   240.0000      0.274130046367645        8.185715    
   255.0000      0.274070322513580        8.185715    
   270.0000      0.274164289236069        8.185715    
   285.0000      0.273996144533157        8.185715    
   300.0000      0.273302525281906        8.185715    
   315.0000      0.271990358829498        8.185715    
   330.0000      0.270198434591293        8.185715    
   345.0000      0.268295824527740        8.185715    
  0.0000000E+00  0.266751855611801        8.185715    
 
  0.0000000E+00  0.266059637069702        8.307143    
   15.00000      0.265282213687897        8.307143    
   30.00000      0.265548706054688        8.307143    
   45.00000      0.267171800136566        8.307143    
   60.00000      0.270228952169418        8.307143    
   75.00000      0.274182498455048        8.307143    
   90.00000      0.278118520975113        8.307143    
   105.0000      0.281196773052216        8.307143    
   120.0000      0.282891541719437        8.307143    
   135.0000      0.283155590295792        8.307143    
   150.0000      0.282191574573517        8.307143    
   165.0000      0.280465990304947        8.307143    
   180.0000      0.278385281562805        8.307143    
   195.0000      0.276369929313660        8.307143    
   210.0000      0.274709194898605        8.307143    
   225.0000      0.273595899343491        8.307143    
   240.0000      0.273084551095963        8.307143    
   255.0000      0.273087203502655        8.307143    
   270.0000      0.273227363824844        8.307143    
   285.0000      0.273097813129425        8.307143    
   300.0000      0.272429406642914        8.307143    
   315.0000      0.271134346723557        8.307143    
   330.0000      0.269375622272491        8.307143    
   345.0000      0.267534524202347        8.307143    
  0.0000000E+00  0.266059637069702        8.307143    
 
  0.0000000E+00  0.265406370162964        8.428572    
   15.00000      0.264680922031403        8.428572    
   30.00000      0.264986485242844        8.428572    
   45.00000      0.266622513532639        8.428572    
   60.00000      0.269636362791061        8.428572    
   75.00000      0.273478627204895        8.428572    
   90.00000      0.277269005775452        8.428572    
   105.0000      0.280201792716980        8.428572    
   120.0000      0.281778395175934        8.428572    
   135.0000      0.281961649656296        8.428572    
   150.0000      0.280955970287323        8.428572    
   165.0000      0.279222100973129        8.428572    
   180.0000      0.277164220809937        8.428572    
   195.0000      0.275193661451340        8.428572    
   210.0000      0.273589640855789        8.428572    
   225.0000      0.272537916898727        8.428572    
   240.0000      0.272091269493103        8.428572    
   255.0000      0.272147089242935        8.428572    
   270.0000      0.272327780723572        8.428572    
   285.0000      0.272234052419662        8.428572    
   300.0000      0.271591514348984        8.428572    
   315.0000      0.270319163799286        8.428572    
   330.0000      0.268599480390549        8.428572    
   345.0000      0.266819059848785        8.428572    
  0.0000000E+00  0.265406370162964        8.428572    
 
  0.0000000E+00  0.264778435230255        8.550000    
   15.00000      0.264097243547440        8.550000    
   30.00000      0.264431387186050        8.550000    
   45.00000      0.266066521406174        8.550000    
   60.00000      0.269023776054382        8.550000    
   75.00000      0.272749006748199        8.550000    
   90.00000      0.276396811008453        8.550000    
   105.0000      0.279193997383118        8.550000    
   120.0000      0.280666083097458        8.550000    
   135.0000      0.280782729387283        8.550000    
   150.0000      0.279748558998108        8.550000    
   165.0000      0.278017550706863        8.550000    
   180.0000      0.275989770889282        8.550000    
   195.0000      0.274067103862762        8.550000    
   210.0000      0.272518962621689        8.550000    
   225.0000      0.271524727344513        8.550000    
   240.0000      0.271135121583939        8.550000    
   255.0000      0.271235883235931        8.550000    
   270.0000      0.271452069282532        8.550000    
   285.0000      0.271391332149506        8.550000    
   300.0000      0.270775437355042        8.550000    
   315.0000      0.269530832767487        8.550000    
   330.0000      0.267854839563370        8.550000    
   345.0000      0.266134262084961        8.550000    
  0.0000000E+00  0.264778435230255        8.550000    
 
  0.0000000E+00  0.264163672924042        8.671429    
   15.00000      0.263520807027817        8.671429    
   30.00000      0.263874530792236        8.671429    
   45.00000      0.265496343374252        8.671429    
   60.00000      0.268385022878647        8.671429    
   75.00000      0.271987676620483        8.671429    
   90.00000      0.275494605302811        8.671429    
   105.0000      0.278163671493530        8.671429    
   120.0000      0.279542267322540        8.671429    
   135.0000      0.279604464769363        8.671429    
   150.0000      0.278553575277328        8.671429    
   165.0000      0.276835590600967        8.671429    
   180.0000      0.274845123291016        8.671429    
   195.0000      0.272973775863647        8.671429    
   210.0000      0.271481305360794        8.671429    
   225.0000      0.270541280508041        8.671429    
   240.0000      0.270201981067657        8.671429    
   255.0000      0.270340621471405        8.671429    
   270.0000      0.270587384700775        8.671429    
   285.0000      0.270556807518005        8.671429    
   300.0000      0.269968479871750        8.671429    
   315.0000      0.268756121397018        8.671429    
   330.0000      0.267127841711044        8.671429    
   345.0000      0.265466630458832        8.671429    
  0.0000000E+00  0.264163672924042        8.671429    
 
  0.0000000E+00  0.263551086187363        8.792857    
   15.00000      0.262941986322403        8.792857    
   30.00000      0.263307422399521        8.792857    
   45.00000      0.264904677867889        8.792857    
   60.00000      0.267713695764542        8.792857    
   75.00000      0.271187812089920        8.792857    
   90.00000      0.274553984403610        8.792857    
   105.0000      0.277100235223770        8.792857    
   120.0000      0.278394013643265        8.792857    
   135.0000      0.278411984443665        8.792857    
   150.0000      0.277355134487152        8.792857    
   165.0000      0.275659948587418        8.792857    
   180.0000      0.273714005947113        8.792857    
   195.0000      0.271897852420807        8.792857    
   210.0000      0.270461648702621        8.792857    
   225.0000      0.269573301076889        8.792857    
   240.0000      0.269278496503830        8.792857    
   255.0000      0.269448608160019        8.792857    
   270.0000      0.269721239805222        8.792857    
   285.0000      0.269718110561371        8.792857    
   300.0000      0.269158154726028        8.792857    
   315.0000      0.267982244491577        8.792857    
   330.0000      0.266405403614044        8.792857    
   345.0000      0.264803707599640        8.792857    
  0.0000000E+00  0.263551086187363        8.792857    
 
  0.0000000E+00  0.262930244207382        8.914286    
   15.00000      0.262351632118225        8.914286    
   30.00000      0.262722015380859        8.914286    
   45.00000      0.264284104108810        8.914286    
   60.00000      0.267002463340759        8.914286    
   75.00000      0.270341545343399        8.914286    
   90.00000      0.273565262556076        8.914286    
   105.0000      0.275991588830948        8.914286    
   120.0000      0.277207165956497        8.914286    
   135.0000      0.277189791202545        8.914286    
   150.0000      0.276137024164200        8.914286    
   165.0000      0.274474143981934        8.914286    
   180.0000      0.272580236196518        8.914286    
   195.0000      0.270823776721954        8.914286    
   210.0000      0.269445270299911        8.914286    
   225.0000      0.268606811761856        8.914286    
   240.0000      0.268351465463638        8.914286    
   255.0000      0.268547266721725        8.914286    
   270.0000      0.268841236829758        8.914286    
   285.0000      0.268862754106522        8.914286    
   300.0000      0.268332123756409        8.914286    
   315.0000      0.267196774482727        8.914286    
   330.0000      0.265675097703934        8.914286    
   345.0000      0.264133781194687        8.914286    
  0.0000000E+00  0.262930244207382        8.914286    
 
  0.0000000E+00  0.262290984392166        9.035714    
   15.00000      0.261740684509277        9.035714    
   30.00000      0.262109905481339        9.035714    
   45.00000      0.263626664876938        9.035714    
   60.00000      0.266243278980255        9.035714    
   75.00000      0.269439488649368        9.035714    
   90.00000      0.272517025470734        9.035714    
   105.0000      0.274824231863022        9.035714    
   120.0000      0.275966197252274        9.035714    
   135.0000      0.275921195745468        9.035714    
   150.0000      0.274881988763809        9.035714    
   165.0000      0.273261129856110        9.035714    
   180.0000      0.271427243947983        9.035714    
   195.0000      0.269735842943192        9.035714    
   210.0000      0.268417239189148        9.035714    
   225.0000      0.267627626657486        9.035714    
   240.0000      0.267407476902008        9.035714    
   255.0000      0.267623692750931        9.035714    
   270.0000      0.267934352159500        9.035714    
   285.0000      0.267977863550186        9.035714    
   300.0000      0.267477601766586        9.035714    
   315.0000      0.266386926174164        9.035714    
   330.0000      0.264924407005310        9.035714    
   345.0000      0.263445347547531        9.035714    
  0.0000000E+00  0.262290984392166        9.035714    
 
  0.0000000E+00  0.261621445417404        9.157143    
   15.00000      0.261098295450211        9.157143    
   30.00000      0.261460691690445        9.157143    
   45.00000      0.262921988964081        9.157143    
   60.00000      0.265425115823746        9.157143    
   75.00000      0.268469154834747        9.157143    
   90.00000      0.271394431591034        9.157143    
   105.0000      0.273580819368362        9.157143    
   120.0000      0.274652093648911        9.157143    
   135.0000      0.274586170911789        9.157143    
   150.0000      0.273569881916046        9.157143    
   165.0000      0.272001087665558        9.157143    
   180.0000      0.270236045122147        9.157143    
   195.0000      0.268615901470184        9.157143    
   210.0000      0.267360538244247        9.157143    
   225.0000      0.266619563102722        9.157143    
   240.0000      0.266430944204330        9.157143    
   255.0000      0.266662508249283        9.157143    
   270.0000      0.266985327005386        9.157143    
   285.0000      0.267048180103302        9.157143    
   300.0000      0.266579478979111        9.157143    
   315.0000      0.265537828207016        9.157143    
   330.0000      0.264139115810394        9.157143    
   345.0000      0.262725293636322        9.157143    
  0.0000000E+00  0.261621445417404        9.157143    
 
  0.0000000E+00  0.260911941528320        9.278572    
   15.00000      0.260415732860565        9.278572    
   30.00000      0.260766088962555        9.278572    
   45.00000      0.262161493301392        9.278572    
   60.00000      0.264538258314133        9.278572    
   75.00000      0.267418473958969        9.278572    
   90.00000      0.270182847976685        9.278572    
   105.0000      0.272244364023209        9.278572    
   120.0000      0.273246020078659        9.278572    
   135.0000      0.273165136575699        9.278572    
   150.0000      0.272181272506714        9.278572    
   165.0000      0.270675182342529        9.278572    
   180.0000      0.268988907337189        9.278572    
   195.0000      0.267447561025620        9.278572    
   210.0000      0.266259729862213        9.278572    
   225.0000      0.265568017959595        9.278572    
   240.0000      0.265407890081406        9.278572    
   255.0000      0.265650004148483        9.278572    
   270.0000      0.265980213880539        9.278572    
   285.0000      0.266059666872025        9.278572    
   300.0000      0.265624016523361        9.278572    
   315.0000      0.264636218547821        9.278572    
   330.0000      0.263306826353073        9.278572    
   345.0000      0.261962532997131        9.278572    
  0.0000000E+00  0.260911941528320        9.278572    
 
  0.0000000E+00  0.260149985551834        9.400000    
   15.00000      0.259681433439255        9.400000    
   30.00000      0.260014802217484        9.400000    
   45.00000      0.261333137750626        9.400000    
   60.00000      0.263568878173828        9.400000    
   75.00000      0.266271084547043        9.400000    
   90.00000      0.268862754106522        9.400000    
   105.0000      0.270792514085770        9.400000    
   120.0000      0.271723896265030        9.400000    
   135.0000      0.271633386611938        9.400000    
   150.0000      0.270691841840744        9.400000    
   165.0000      0.269260346889496        9.400000    
   180.0000      0.267664164304733        9.400000    
   195.0000      0.266210526227951        9.400000    
   210.0000      0.265095889568329        9.400000    
   225.0000      0.264454960823059        9.400000    
   240.0000      0.264320760965347        9.400000    
   255.0000      0.264568597078323        9.400000    
   270.0000      0.264901280403137        9.400000    
   285.0000      0.264994561672211        9.400000    
   300.0000      0.264593660831451        9.400000    
   315.0000      0.263665288686752        9.400000    
   330.0000      0.262411892414093        9.400000    
   345.0000      0.261143118143082        9.400000    
  0.0000000E+00  0.260149985551834        9.400000    
 
  0.0000000E+00  0.259320706129074        9.521429    
   15.00000      0.258881628513336        9.521429    
   30.00000      0.259193032979965        9.521429    
   45.00000      0.260422080755234        9.521429    
   60.00000      0.262499779462814        9.521429    
   75.00000      0.265006303787231        9.521429    
   90.00000      0.267409712076187        9.521429    
   105.0000      0.269197702407837        9.521429    
   120.0000      0.270056158304214        9.521429    
   135.0000      0.269960939884186        9.521429    
   150.0000      0.269072353839874        9.521429    
   165.0000      0.267728835344315        9.521429    
   180.0000      0.266236007213593        9.521429    
   195.0000      0.264880925416946        9.521429    
   210.0000      0.263846635818481        9.521429    
   225.0000      0.263259053230286        9.521429    
   240.0000      0.263148605823517        9.521429    
   255.0000      0.263397306203842        9.521429    
   270.0000      0.263726979494095        9.521429    
   285.0000      0.263831168413162        9.521429    
   300.0000      0.263467192649841        9.521429    
   315.0000      0.262604802846909        9.521429    
   330.0000      0.261435836553574        9.521429    
   345.0000      0.260250419378281        9.521429    
  0.0000000E+00  0.259320706129074        9.521429    
 
  0.0000000E+00  0.258405864238739        9.642858    
   15.00000      0.257999271154404        9.642858    
   30.00000      0.258283674716949        9.642858    
   45.00000      0.259409487247467        9.642858    
   60.00000      0.261309057474136        9.642858    
   75.00000      0.263597875833511        9.642858    
   90.00000      0.265792906284332        9.642858    
   105.0000      0.267425388097763        9.642858    
   120.0000      0.268206179141998        9.642858    
   135.0000      0.268110632896423        9.642858    
   150.0000      0.267286837100983        9.642858    
   165.0000      0.266046673059464        9.642858    
   180.0000      0.264673054218292        9.642858    
   195.0000      0.263429731130600        9.642858    
   210.0000      0.262484937906265        9.642858    
   225.0000      0.261954426765442        9.642858    
   240.0000      0.261866003274918        9.642858    
   255.0000      0.262110143899918        9.642858    
   270.0000      0.262430876493454        9.642858    
   285.0000      0.262542635202408        9.642858    
   300.0000      0.262218236923218        9.642858    
   315.0000      0.261429905891418        9.642858    
   330.0000      0.260355859994888        9.642858    
   345.0000      0.259264200925827        9.642858    
  0.0000000E+00  0.258405864238739        9.642858    
 
  0.0000000E+00  0.257382661104202        9.764286    
   15.00000      0.257012963294983        9.764286    
   30.00000      0.257265150547028        9.764286    
   45.00000      0.258271574974060        9.764286    
   60.00000      0.259967952966690        9.764286    
   75.00000      0.262011021375656        9.764286    
   90.00000      0.263971656560898        9.764286    
   105.0000      0.265430301427841        9.764286    
   120.0000      0.266126215457916        9.764286    
   135.0000      0.266034781932831        9.764286    
   150.0000      0.265289604663849        9.764286    
   165.0000      0.264171451330185        9.764286    
   180.0000      0.262936085462570        9.764286    
   195.0000      0.261820942163467        9.764286    
   210.0000      0.260977119207382        9.764286    
   225.0000      0.260508805513382        9.764286    
   240.0000      0.260440975427628        9.764286    
   255.0000      0.260674625635147        9.764286    
   270.0000      0.260979264974594        9.764286    
   285.0000      0.261094868183136        9.764286    
   300.0000      0.260813206434250        9.764286    
   315.0000      0.260108768939972        9.764286    
   330.0000      0.259143203496933        9.764286    
   345.0000      0.258158862590790        9.764286    
  0.0000000E+00  0.257382661104202        9.764286    
 
  0.0000000E+00  0.256219476461411        9.885715    
   15.00000      0.255893200635910        9.885715    
   30.00000      0.256107509136200        9.885715    
   45.00000      0.256975173950195        9.885715    
   60.00000      0.258438080549240        9.885715    
   75.00000      0.260200142860413        9.885715    
   90.00000      0.261892944574356        9.885715    
   105.0000      0.263153463602066        9.885715    
   120.0000      0.263754040002823        9.885715    
   135.0000      0.263671010732651        9.885715    
   150.0000      0.263020455837250        9.885715    
   165.0000      0.262046843767166        9.885715    
   180.0000      0.260973602533340        9.885715    
   195.0000      0.260007143020630        9.885715    
   210.0000      0.259278953075409        9.885715    
   225.0000      0.258879631757736        9.885715    
   240.0000      0.258830934762955        9.885715    
   255.0000      0.259046733379364        9.885715    
   270.0000      0.259326547384262        9.885715    
   285.0000      0.259441286325455        9.885715    
   300.0000      0.259206265211105        9.885715    
   315.0000      0.258598268032074        9.885715    
   330.0000      0.257758557796478        9.885715    
   345.0000      0.256899327039719        9.885715    
  0.0000000E+00  0.256219476461411        9.885715    
 
  0.0000000E+00  0.254874646663666        10.00714    
   15.00000      0.254600852727890        10.00714    
   30.00000      0.254771143198013        10.00714    
   45.00000      0.255476415157318        10.00714    
   60.00000      0.256667345762253        10.00714    
   75.00000      0.258103191852570        10.00714    
   90.00000      0.259484678506851        10.00714    
   105.0000      0.260514914989471        10.00714    
   120.0000      0.261005789041519        10.00714    
   135.0000      0.260935515165329        10.00714    
   150.0000      0.260399371385574        10.00714    
   165.0000      0.259598374366760        10.00714    
   180.0000      0.258717238903046        10.00714    
   195.0000      0.257925659418106        10.00714    
   210.0000      0.257331907749176        10.00714    
   225.0000      0.257010489702225        10.00714    
   240.0000      0.256979495286942        10.00714    
   255.0000      0.257168382406235        10.00714    
   270.0000      0.257412135601044        10.00714    
   285.0000      0.257519662380219        10.00714    
   300.0000      0.257335990667343        10.00714    
   315.0000      0.256840437650681        10.00714    
   330.0000      0.256149411201477        10.00714    
   345.0000      0.255439102649689        10.00714    
  0.0000000E+00  0.254874646663666        10.00714    
 
  0.0000000E+00  0.253288716077805        10.12857    
   15.00000      0.253080517053604        10.12857    
   30.00000      0.253200083971024        10.12857    
   45.00000      0.253713369369507        10.12857    
   60.00000      0.254583150148392        10.12857    
   75.00000      0.255633682012558        10.12857    
   90.00000      0.256646692752838        10.12857    
   105.0000      0.257403880357742        10.12857    
   120.0000      0.257765114307404        10.12857    
   135.0000      0.257712274789810        10.12857    
   150.0000      0.257315576076508        10.12857    
   165.0000      0.256723403930664        10.12857    
   180.0000      0.256073206663132        10.12857    
   195.0000      0.255490541458130        10.12857    
   210.0000      0.255055665969849        10.12857    
   225.0000      0.254823774099350        10.12857    
   240.0000      0.254808604717255        10.12857    
   255.0000      0.254958271980286        10.12857    
   270.0000      0.255150586366653        10.12857    
   285.0000      0.255241960287094        10.12857    
   300.0000      0.255114972591400        10.12857    
   315.0000      0.254752606153488        10.12857    
   330.0000      0.254240930080414        10.12857    
   345.0000      0.253711640834808        10.12857    
  0.0000000E+00  0.253288716077805        10.12857    
 
  0.0000000E+00  0.251372784376144        10.25000    
   15.00000      0.251249313354492        10.25000    
   30.00000      0.251310944557190        10.25000    
   45.00000      0.251594394445419        10.25000    
   60.00000      0.252078384160995        10.25000    
   75.00000      0.252665340900421        10.25000    
   90.00000      0.253233373165131        10.25000    
   105.0000      0.253659576177597        10.25000    
   120.0000      0.253863602876663        10.25000    
   135.0000      0.253833621740341        10.25000    
   150.0000      0.253609061241150        10.25000    
   165.0000      0.253273814916611        10.25000    
   180.0000      0.252906352281570        10.25000    
   195.0000      0.252577900886536        10.25000    
   210.0000      0.252334445714951        10.25000    
   225.0000      0.252207309007645        10.25000    
   240.0000      0.252204656600952        10.25000    
   255.0000      0.252297371625900        10.25000    
   270.0000      0.252416044473648        10.25000    
   285.0000      0.252477437257767        10.25000    
   300.0000      0.252412915229797        10.25000    
   315.0000      0.252211242914200        10.25000    
   330.0000      0.251920849084854        10.25000    
   345.0000      0.251617431640625        10.25000    
  0.0000000E+00  0.251372784376144        10.25000    
 
