  0.0000000E+00  8.622979039079540E+035
   15.00000      8.475169960550029E+035
   30.00000      8.375317069807786E+035
   45.00000      8.300289923235412E+035
   60.00000      8.248267916670442E+035
   75.00000      8.204572411460316E+035
   90.00000      8.171091338148370E+035
   105.0000      8.156291501289615E+035
   120.0000      8.165188436915686E+035
   135.0000      8.206976882510794E+035
   150.0000      8.288618884266768E+035
   165.0000      8.399579139344212E+035
   180.0000      8.535149999937617E+035
   195.0000      8.688452342066508E+035
   210.0000      8.819866116988403E+035
   225.0000      8.957205673536898E+035
   240.0000      9.064519644059989E+035
   255.0000      9.152913206039444E+035
   270.0000      9.222330673856367E+035
   285.0000      9.249221633243318E+035
   300.0000      9.209817544048939E+035
   315.0000      9.115241805135419E+035
   330.0000      8.977872940082702E+035
   345.0000      8.795702435866042E+035
   360.0000      8.622979039079540E+035
   360.0000      8.537888031824680E+035
   375.0000      8.393045683948519E+035
   390.0000      8.294263944729551E+035
   405.0000      8.219803685132160E+035
   420.0000      8.168269182983096E+035
   435.0000      8.125719878389085E+035
   450.0000      8.094019971437038E+035
   465.0000      8.080689800605564E+035
   480.0000      8.090193852335957E+035
   495.0000      8.131505418587250E+035
   510.0000      8.210948788445115E+035
   525.0000      8.319111455135451E+035
   540.0000      8.451182261806941E+035
   555.0000      8.601287227955994E+035
   570.0000      8.731731669067179E+035
   585.0000      8.866190178661861E+035
   600.0000      8.970968294247952E+035
   615.0000      9.057098570862324E+035
   630.0000      9.124088145521351E+035
   645.0000      9.149081033634083E+035
   660.0000      9.110644803588157E+035
   675.0000      9.018560819749674E+035
   690.0000      8.885683409004528E+035
   705.0000      8.707863091438670E+035
   720.0000      8.537888031824680E+035
   720.0000      8.388892980156069E+035
   735.0000      8.249103741963346E+035
   750.0000      8.151442753342599E+035
   765.0000      8.077798440699522E+035
   780.0000      8.026090104393243E+035
   795.0000      7.984551990637819E+035
   810.0000      7.954640145090526E+035
   825.0000      7.942706102481980E+035
   840.0000      7.952531868546702E+035
   855.0000      7.992304542911855E+035
   870.0000      8.067777395734409E+035
   885.0000      8.170703657373334E+035
   900.0000      8.297223403920378E+035
   915.0000      8.440849426330314E+035
   930.0000      8.566996173165226E+035
   945.0000      8.695025543180025E+035
   960.0000      8.794400409767683E+035
   975.0000      8.874355830712298E+035
   990.0000      8.934461652039531E+035
   1005.000      8.957510245017799E+035
   1020.000      8.924648138086112E+035
   1035.000      8.841481538354546E+035
   1050.000      8.718363717675360E+035
   1065.000      8.551525904666599E+035
   1080.000      8.388892980156069E+035
   1080.000      8.191503250809601E+035
   1095.000      8.058799917069962E+035
   1110.000      7.962788338932764E+035
   1125.000      7.888901200078625E+035
   1140.000      7.836669033648267E+035
   1155.000      7.795796799177081E+035
   1170.000      7.766785084952466E+035
   1185.000      7.755316663996419E+035
   1200.000      7.764539518167578E+035
   1215.000      7.801239102645108E+035
   1230.000      7.870854990824144E+035
   1245.000      7.966780267694688E+035
   1260.000      8.085117372105935E+035
   1275.000      8.219858615508732E+035
   1290.000      8.339082869204995E+035
   1305.000      8.456986306744976E+035
   1320.000      8.546987967576883E+035
   1335.000      8.616736617179703E+035
   1350.000      8.667637402763643E+035
   1365.000      8.689965408647356E+035
   1380.000      8.667341158895230E+035
   1395.000      8.600166525837775E+035
   1410.000      8.492887093924498E+035
   1425.000      8.342237006314900E+035
   1440.000      8.191503250809601E+035
   1440.000      7.957391519541635E+035
   1455.000      7.833679804012122E+035
   1470.000      7.740050405084674E+035
   1485.000      7.665994514352272E+035
   1500.000      7.612626708215070E+035
   1515.000      7.571225565160346E+035
   1530.000      7.542340570000805E+035
   1545.000      7.530394363530498E+035
   1560.000      7.537675421169559E+035
   1575.000      7.570249146601358E+035
   1590.000      7.632313986464152E+035
   1605.000      7.719135073936752E+035
   1620.000      7.827056340078249E+035
   1635.000      7.951195570541145E+035
   1650.000      8.060499576542252E+035
   1665.000      8.164915589530767E+035
   1680.000      8.242813770765548E+035
   1695.000      8.302450496423025E+035
   1710.000      8.347625138746650E+035
   1725.000      8.370653167119754E+035
   1740.000      8.358359477239694E+035
   1755.000      8.308753756821745E+035
   1770.000      8.223127598958110E+035
   1785.000      8.093229584344057E+035
   1800.000      7.957391519541635E+035
   1800.000      7.695369132364839E+035
   1815.000      7.581916054867961E+035
   1830.000      7.491760231674153E+035
   1845.000      7.418094512023950E+035
   1860.000      7.363439007914604E+035
   1875.000      7.321312946912219E+035
   1890.000      7.291810739100695E+035
   1905.000      7.278539561876750E+035
   1920.000      7.282992627282838E+035
   1935.000      7.310147275854408E+035
   1950.000      7.363321711960916E+035
   1965.000      7.439704306305484E+035
   1980.000      7.535762422523968E+035
   1995.000      7.647114291795312E+035
   2010.000      7.743755093437102E+035
   2025.000      7.832812419765735E+035
   2040.000      7.900331568968119E+035
   2055.000      7.952890878863746E+035
   2070.000      7.994192182944279E+035
   2085.000      8.018715492307481E+035
   2100.000      8.015869593519231E+035
   2115.000      7.982503182460935E+035
   2130.000      7.919187390832377E+035
   2145.000      7.813893749021289E+035
   2160.000      7.695369132364839E+035
   2160.000      7.410890014484709E+035
   2175.000      7.309116825656701E+035
   2190.000      7.223560151184925E+035
   2205.000      7.151442343689790E+035
   2220.000      7.095998931422251E+035
   2235.000      7.053364492884309E+035
   2250.000      7.023087075883241E+035
   2265.000      7.008155530535555E+035
   2280.000      7.009410695894731E+035
   2295.000      7.030652171178575E+035
   2310.000      7.074543702558556E+035
   2325.000      7.140113340786739E+035
   2340.000      7.223085274740596E+035
   2355.000      7.319643189595851E+035
   2370.000      7.402077865949279E+035
   2385.000      7.477189606970220E+035
   2400.000      7.536892953116342E+035
   2415.000      7.584081644734892E+035
   2430.000      7.622459818499785E+035
   2445.000      7.648466279815483E+035
   2460.000      7.653743875588895E+035
   2475.000      7.633915002178826E+035
   2490.000      7.590260387348387E+035
   2505.000      7.510070547464021E+035
   2520.000      7.410890014484709E+035
   2520.000      7.107001647037045E+035
   2535.000      7.018459912674909E+035
   2550.000      6.939152879359680E+035
   2565.000      6.869859553236044E+035
   2580.000      6.814991333169295E+035
   2595.000      6.772627467866799E+035
   2610.000      6.742075460382299E+035
   2625.000      6.725769922143680E+035
   2640.000      6.724097732564380E+035
   2655.000      6.739861019415228E+035
   2670.000      6.774918286947615E+035
   2685.000      6.830095347375449E+035
   2700.000      6.899454470431029E+035
   2715.000      6.980010656565056E+035
   2730.000      7.048722528525946E+035
   2745.000      7.112746756399341E+035
   2760.000      7.165713039534779E+035
   2775.000      7.208395887487327E+035
   2790.000      7.244083946009841E+035
   2805.000      7.270807730775566E+035
   2820.000      7.282225955814408E+035
   2835.000      7.272837797118200E+035
   2850.000      7.244463134633126E+035
   2865.000      7.185823919843082E+035
   2880.000      7.107001647037045E+035
   2880.000      6.785500857268840E+035
   2895.000      6.711787822608868E+035
   2910.000      6.640800672714435E+035
   2925.000      6.576233063672047E+035
   2940.000      6.523624680417880E+035
   2955.000      6.482704247877064E+035
   2970.000      6.453039285205557E+035
   2985.000      6.436191837517982E+035
   3000.000      6.432454410118594E+035
   3015.000      6.443782112515454E+035
   3030.000      6.471490606808984E+035
   3045.000      6.516921181918080E+035
   3060.000      6.572855838446249E+035
   3075.000      6.638017396876664E+035
   3090.000      6.695522421205636E+035
   3105.000      6.750046339580178E+035
   3120.000      6.796757902411731E+035
   3135.000      6.835185697783377E+035
   3150.000      6.867939060912266E+035
   3165.000      6.894146600758903E+035
   3180.000      6.909187731155926E+035
   3195.000      6.906840291923939E+035
   3210.000      6.889178860750864E+035
   3225.000      6.846617973284720E+035
   3240.000      6.785500857268840E+035
   3240.000      6.451010375912597E+035
   3255.000      6.390741488297851E+035
   3270.000      6.330253363858631E+035
   3285.000      6.272882937824908E+035
   3300.000      6.224553699361110E+035
   3315.000      6.186640849273545E+035
   3330.000      6.158999281643263E+035
   3345.000      6.142886231741458E+035
   3360.000      6.138271271499638E+035
   3375.000      6.146592299383824E+035
   3390.000      6.168486560275995E+035
   3405.000      6.205125832665419E+035
   3420.000      6.249152267087390E+035
   3435.000      6.301402118810659E+035
   3450.000      6.349735063472871E+035
   3465.000      6.396030153138290E+035
   3480.000      6.436743209992220E+035
   3495.000      6.470825232848034E+035
   3510.000      6.500175563812635E+035
   3525.000      6.524521580352310E+035
   3540.000      6.540544871379361E+035
   3555.000      6.541817773473899E+035
   3570.000      6.530563711382269E+035
   3585.000      6.498847850481163E+035
   3600.000      6.451010375912597E+035
   3600.000      6.109803701540602E+035
   3615.000      6.060342992096877E+035
   3630.000      6.010242184890487E+035
   3645.000      5.962199077662291E+035
   3660.000      5.920594559561097E+035
   3675.000      5.887209031969463E+035
   3690.000      5.862865685838301E+035
   3705.000      5.848574469494133E+035
   3720.000      5.844198425880855E+035
   3735.000      5.850740816018905E+035
   3750.000      5.868207536214383E+035
   3765.000      5.897315398835115E+035
   3780.000      5.931882754867054E+035
   3795.000      5.974591519867447E+035
   3810.000      6.015122494788748E+035
   3825.000      6.054253997020133E+035
   3840.000      6.089168532693573E+035
   3855.000      6.118680016681776E+035
   3870.000      6.144117971883575E+035
   3885.000      6.165410601753440E+035
   3900.000      6.180082582836945E+035
   3915.000      6.182023181569428E+035
   3930.000      6.173558149102303E+035
   3945.000      6.148342279840395E+035
   3960.000      6.109803701540602E+035
   3960.000      5.768063928043428E+035
   3975.000      5.727178734784545E+035
   3990.000      5.686319073064044E+035
   4005.000      5.647734331657421E+035
   4020.000      5.614504151042369E+035
   4035.000      5.587245530457655E+035
   4050.000      5.567086559891709E+035
   4065.000      5.555383806407557E+035
   4080.000      5.552084668384805E+035
   4095.000      5.557756235868374E+035
   4110.000      5.571846816442272E+035
   4125.000      5.595315642584259E+035
   4140.000      5.623378906764266E+035
   4155.000      5.658855975756326E+035
   4170.000      5.692731094335415E+035
   4185.000      5.725523961490103E+035
   4200.000      5.754770311562282E+035
   4215.000      5.779489054884132E+035
   4230.000      5.800559031211756E+035
   4245.000      5.817951578370947E+035
   4260.000      5.829610042556202E+035
   4275.000      5.830131517574041E+035
   4290.000      5.822011154720344E+035
   4305.000      5.800256834799153E+035
   4320.000      5.768063928043428E+035
   4320.000      5.431137311069050E+035
   4335.000      5.397253453958611E+035
   4350.000      5.364534482521639E+035
   4365.000      5.334543041240005E+035
   4380.000      5.309579124184315E+035
   4395.000      5.289142504061998E+035
   4410.000      5.273886586889129E+035
   4425.000      5.265135403673424E+035
   4440.000      5.263381069878799E+035
   4455.000      5.268732909833947E+035
   4470.000      5.280662721829130E+035
   4485.000      5.300425879877698E+035
   4500.000      5.324031648502965E+035
   4515.000      5.353769219751248E+035
   4530.000      5.381846970914434E+035
   4545.000      5.408881327439366E+035
   4560.000      5.432590677700307E+035
   4575.000      5.452373309545615E+035
   4590.000      5.468833660658446E+035
   4605.000      5.481894019095268E+035
   4620.000      5.489681313548449E+035
   4635.000      5.487753463748121E+035
   4650.000      5.478740395261281E+035
   4665.000      5.458779039259135E+035
   4680.000      5.431137311069050E+035
   4680.000      5.103068746051941E+035
   4695.000      5.075160339276234E+035
   4710.000      5.049582447890858E+035
   4725.000      5.027107825637750E+035
   4740.000      5.009417555987406E+035
   4755.000      4.995229386895416E+035
   4770.000      4.984885037492763E+035
   4785.000      4.979355803234048E+035
   4800.000      4.979300393066685E+035
   4815.000      4.984879198445751E+035
   4830.000      4.995806790513797E+035
   4845.000      5.013064435453085E+035
   4860.000      5.033301119747518E+035
   4875.000      5.058222679294342E+035
   4890.000      5.081077667795835E+035
   4905.000      5.102749965282038E+035
   4920.000      5.121090329207045E+035
   4935.000      5.135983582134780E+035
   4950.000      5.147870983262767E+035
   4965.000      5.156624474197486E+035
   4980.000      5.160453950728062E+035
   4995.000      5.155964926138918E+035
   5010.000      5.145807085760246E+035
   5025.000      5.127039297542150E+035
   5040.000      5.103068746051941E+035
   5040.000      4.786418259864709E+035
   5055.000      4.763765770393567E+035
   5070.000      4.744374398699602E+035
   5085.000      4.728268748886410E+035
   5100.000      4.716652955023745E+035
   5115.000      4.707719265339618E+035
   5130.000      4.701699979332583E+035
   5145.000      4.699238942941038E+035
   5160.000      4.701033829576459E+035
   5175.000      4.707211330441189E+035
   5190.000      4.717667095114980E+035
   5205.000      4.732995875382223E+035
   5220.000      4.750408067839322E+035
   5235.000      4.771037266851916E+035
   5250.000      4.789086384105290E+035
   5265.000      4.805745763101687E+035
   5280.000      4.819017821059025E+035
   5295.000      4.829316643271050E+035
   5310.000      4.836971595949901E+035
   5325.000      4.841837322470242E+035
   5340.000      4.842188261530468E+035
   5355.000      4.835613989047629E+035
   5370.000      4.824642544153566E+035
   5385.000      4.807080884361793E+035
   5400.000      4.786418259864709E+035
   5400.000      4.482390299812741E+035
   5415.000      4.464385275048965E+035
   5430.000      4.450248470403193E+035
   5445.000      4.439387210663583E+035
   5460.000      4.432666626755968E+035
   5475.000      4.427971208983453E+035
   5490.000      4.425554752677391E+035
   5505.000      4.425781051877495E+035
   5520.000      4.429310560208036E+035
   5535.000      4.436141708304163E+035
   5550.000      4.446261108677228E+035
   5565.000      4.459881197784505E+035
   5580.000      4.474705381050005E+035
   5595.000      4.491380122175223E+035
   5610.000      4.505020496529825E+035
   5625.000      4.517081311940839E+035
   5640.000      4.525762310425509E+035
   5655.000      4.531983363509155E+035
   5670.000      4.535977884877288E+035
   5685.000      4.537616426595356E+035
   5700.000      4.535250662071119E+035
   5715.000      4.527297907934935E+035
   5730.000      4.516049001887004E+035
   5745.000      4.499923750099020E+035
   5760.000      4.482390299812741E+035
   5760.000      4.191185931361749E+035
   5775.000      4.177241616767435E+035
   5790.000      4.167470768176522E+035
   5805.000      4.160826923072037E+035
   5820.000      4.157952530936130E+035
   5835.000      4.156589614605773E+035
   5850.000      4.157069919107814E+035
   5865.000      4.159510037698968E+035
   5880.000      4.164485740189944E+035
   5895.000      4.171818868194260E+035
   5910.000      4.181521881692459E+035
   5925.000      4.193484949341249E+035
   5940.000      4.205844536298110E+035
   5955.000      4.218876110789232E+035
   5970.000      4.228558742688221E+035
   5985.000      4.236534263159556E+035
   6000.000      4.241241475110513E+035
   6015.000      4.244031839602195E+035
   6030.000      4.245044359200950E+035
   6045.000      4.244188812624712E+035
   6060.000      4.239908540527122E+035
   6075.000      4.231262311592282E+035
   6090.000      4.220239295824931E+035
   6105.000      4.205765982314680E+035
   6120.000      4.191185931361749E+035
   6120.000      3.912407895325679E+035
   6135.000      3.901945916066553E+035
   6150.000      3.895727800512829E+035
   6165.000      3.892410002472484E+035
   6180.000      3.892498379400962E+035
   6195.000      3.893705624154098E+035
   6210.000      3.896446860969364E+035
   6225.000      3.900615756807638E+035
   6240.000      3.906680757710292E+035
   6255.000      3.914277522985979E+035
   6270.000      3.923410991078640E+035
   6285.000      3.933730707296100E+035
   6300.000      3.943751892612133E+035
   6315.000      3.953492571728444E+035
   6330.000      3.959725218505754E+035
   6345.000      3.964196898343429E+035
   6360.000      3.965609089640875E+035
   6375.000      3.965644628940144E+035
   6390.000      3.964348793788216E+035
   6405.000      3.961683742283677E+035
   6420.000      3.956191171008559E+035
   6435.000      3.947397699502983E+035
   6450.000      3.936974322790651E+035
   6465.000      3.924265520662288E+035
   6480.000      3.912407895325679E+035
   6480.000      3.645383396073698E+035
   6495.000      3.637849538251434E+035
   6510.000      3.634466516549299E+035
   6525.000      3.633724574674833E+035
   6540.000      3.636050265251620E+035
   6555.000      3.639199397900112E+035
   6570.000      3.643650425916874E+035
   6585.000      3.649097655285560E+035
   6600.000      3.655897917640542E+035
   6615.000      3.663515940414179E+035
   6630.000      3.671938897720394E+035
   6645.000      3.680655362148560E+035
   6660.000      3.688508684715275E+035
   6675.000      3.695354123994670E+035
   6690.000      3.698668642547237E+035
   6705.000      3.700234163999801E+035
   6720.000      3.699018480594729E+035
   6735.000      3.696931597559398E+035
   6750.000      3.693930583001241E+035
   6765.000      3.690034934110794E+035
   6780.000      3.683883905186474E+035
   6795.000      3.675329493118424E+035
   6810.000      3.665739957149854E+035
   6825.000      3.654799656559072E+035
   6840.000      3.645383396073698E+035
   6840.000      3.389360365300747E+035
   6855.000      3.384241976169636E+035
   6870.000      3.383076789302312E+035
   6885.000      3.384289177300267E+035
   6900.000      3.388261443306494E+035
   6915.000      3.392836944174979E+035
   6930.000      3.398529721936363E+035
   6945.000      3.404861025055974E+035
   6960.000      3.412083081246757E+035
   6975.000      3.419517642610002E+035
   6990.000      3.427136170852275E+035
   7005.000      3.434333016325655E+035
   7020.000      3.440232316716563E+035
   7035.000      3.444598251042304E+035
   7050.000      3.445515273748852E+035
   7065.000      3.444746056351209E+035
   7080.000      3.441512416762139E+035
   7095.000      3.437856886421851E+035
   7110.000      3.433659151623852E+035
   7125.000      3.428994703080823E+035
   7140.000      3.422595102198898E+035
   7155.000      3.414528834821517E+035
   7170.000      3.405893152657395E+035
   7185.000      3.396642373911017E+035
   7200.000      3.389360365300747E+035
   7200.000      3.143602459421530E+035
   7215.000      3.140438740486066E+035
   7230.000      3.140969126924661E+035
   7245.000      3.143624597736400E+035
   7260.000      3.148762893816013E+035
   7275.000      3.154341328597246E+035
   7290.000      3.160883267649622E+035
   7305.000      3.167766115913243E+035
   7320.000      3.175150270036297E+035
   7335.000      3.182247106270047E+035
   7350.000      3.189019109943410E+035
   7365.000      3.194817716927307E+035
   7380.000      3.199003960484072E+035
   7395.000      3.201301792923640E+035
   7410.000      3.200306751994454E+035
   7425.000      3.197723655503745E+035
   7440.000      3.193005392115453E+035
   7455.000      3.188247711135246E+035
   7470.000      3.183267117949326E+035
   7485.000      3.178189392879951E+035
   7500.000      3.171831495895922E+035
   7515.000      3.164398462022742E+035
   7530.000      3.156754096710989E+035
   7545.000      3.149060601542625E+035
   7560.000      3.143602459421530E+035
   7560.000      2.907425727143217E+035
   7575.000      2.905811198400438E+035
   7590.000      2.907600006361240E+035
   7605.000      2.911279555802813E+035
   7620.000      2.917192720604362E+035
   7635.000      2.923425857799943E+035
   7650.000      2.930490416557097E+035
   7665.000      2.937650881673895E+035
   7680.000      2.944990719457422E+035
   7695.000      2.951643754741239E+035
   7710.000      2.957570804800723E+035
   7725.000      2.962117554767293E+035
   7740.000      2.964841851732587E+035
   7755.000      2.965461479860261E+035
   7770.000      2.962992673674124E+035
   7785.000      2.959056343896628E+035
   7800.000      2.953307439990370E+035
   7815.000      2.947831773497071E+035
   7830.000      2.942398164475621E+035
   7845.000      2.937174121382223E+035
   7860.000      2.931055419053983E+035
   7875.000      2.924326471770994E+035
   7890.000      2.917655245128159E+035
   7905.000      2.911357756398008E+035
   7920.000      2.907425727143217E+035
   7920.000      2.680206920998422E+035
   7935.000      2.679790439128220E+035
   7950.000      2.682474698941472E+035
   7965.000      2.686835890560649E+035
   7980.000      2.693205573940743E+035
   7995.000      2.699807109717701E+035
   8010.000      2.707124533525453E+035
   8025.000      2.714340560722095E+035
   8040.000      2.721476714085818E+035
   8055.000      2.727620127437102E+035
   8070.000      2.732735947029192E+035
   8085.000      2.736189777329853E+035
   8100.000      2.737700160039151E+035
   8115.000      2.737000078813546E+035
   8130.000      2.733444807708179E+035
   8145.000      2.728554658426517E+035
   8160.000      2.722154973268186E+035
   8175.000      2.716273178963504E+035
   8190.000      2.710645512680843E+035
   8205.000      2.705471172041889E+035
   8220.000      2.699719567141920E+035
   8235.000      2.693714460524603E+035
   8250.000      2.687962857252480E+035
   8265.000      2.682888456907163E+035
   8280.000      2.680206920998422E+035
   8280.000      2.461382108544778E+035
   8295.000      2.461863466023325E+035
   8310.000      2.465143880336870E+035
   8325.000      2.469907764362074E+035
   8340.000      2.476475319172654E+035
   8355.000      2.483210386408144E+035
   8370.000      2.490559333469667E+035
   8385.000      2.497653223247098E+035
   8400.000      2.504465650246135E+035
   8415.000      2.510064955440080E+035
   8430.000      2.514424687354939E+035
   8445.000      2.516947212315388E+035
   8460.000      2.517479568808882E+035
   8475.000      2.515782111261794E+035
   8490.000      2.511477219044022E+035
   8505.000      2.505974589324109E+035
   8520.000      2.499237987441008E+035
   8535.000      2.493200468646916E+035
   8550.000      2.487579375334795E+035
   8565.000      2.482595150983181E+035
   8580.000      2.477287439565051E+035
   8595.000      2.471991985062649E+035
   8610.000      2.467085815816016E+035
   8625.000      2.463061742948343E+035
   8640.000      2.461382108544778E+035
   8640.000      2.250441546147021E+035
   8655.000      2.251566937394886E+035
   8670.000      2.255198382411658E+035
   8685.000      2.260138684705881E+035
   8700.000      2.266694706671399E+035
   8715.000      2.273371456723684E+035
   8730.000      2.280571713731785E+035
   8745.000      2.287403030655214E+035
   8760.000      2.293803630617126E+035
   8775.000      2.298847593889797E+035
   8790.000      2.302519020772230E+035
   8805.000      2.304267342647694E+035
   8820.000      2.304039706449279E+035
   8835.000      2.301629526427050E+035
   8850.000      2.296864102206432E+035
   8865.000      2.291037124075934E+035
   8880.000      2.284220087320613E+035
   8895.000      2.278225810546368E+035
   8910.000      2.272764539822992E+035
   8925.000      2.268067930373350E+035
   8940.000      2.263244176361322E+035
   8955.000      2.258622797705023E+035
   8970.000      2.254477650468115E+035
   8985.000      2.251338978348201E+035
   9000.000      2.250441546147021E+035
   9000.000      2.046923766913412E+035
   9015.000      2.048480870468918E+035
   9030.000      2.052264060572141E+035
   9045.000      2.057198262235440E+035
   9060.000      2.063574161321644E+035
   9075.000      2.070036908991650E+035
   9090.000      2.076943142324407E+035
   9105.000      2.083402446720707E+035
   9120.000      2.089328610888419E+035
   9135.000      2.093822520578593E+035
   9150.000      2.096879344267327E+035
   9165.000      2.098001156274154E+035
   9180.000      2.097210425812946E+035
   9195.000      2.094334946765127E+035
   9210.000      2.089353995857113E+035
   9225.000      2.083442981479348E+035
   9240.000      2.076752732361189E+035
   9255.000      2.070957974957731E+035
   9270.000      2.065771649642349E+035
   9285.000      2.061427511031984E+035
   9300.000      2.057102052196225E+035
   9315.000      2.053106893024490E+035
   9330.000      2.049635465743132E+035
   9345.000      2.047229851359085E+035
   9360.000      2.046923766913412E+035
   9360.000      1.850409433161098E+035
   9375.000      1.852222532874957E+035
   9390.000      1.855996833264620E+035
   9405.000      1.860778831629612E+035
   9420.000      1.866840000069529E+035
   9435.000      1.872963592040023E+035
   9450.000      1.879460018248215E+035
   9465.000      1.885463481754922E+035
   9480.000      1.890872660396119E+035
   9495.000      1.894832940508403E+035
   9510.000      1.897349826217460E+035
   9525.000      1.897980291638094E+035
   9540.000      1.896800707740646E+035
   9555.000      1.893671768631855E+035
   9570.000      1.888680265312382E+035
   9585.000      1.882883089263395E+035
   9600.000      1.876484912186658E+035
   9615.000      1.871010706470031E+035
   9630.000      1.866183995014455E+035
   9645.000      1.862232733618133E+035
   9660.000      1.858402508655702E+035
   9675.000      1.854979946387850E+035
   9690.000      1.852097057335841E+035
   9705.000      1.850287402304657E+035
   9720.000      1.850409433161098E+035
   9720.000      1.660514566885598E+035
   9735.000      1.662439947356841E+035
   9750.000      1.666077262607631E+035
   9765.000      1.670591351907309E+035
   9780.000      1.676231614818609E+035
   9795.000      1.681916778140526E+035
   9810.000      1.687912636239659E+035
   9825.000      1.693397480825837E+035
   9840.000      1.698262691089885E+035
   9855.000      1.701712683898184E+035
   9870.000      1.703761736956522E+035
   9885.000      1.704021711173064E+035
   9900.000      1.702604583198284E+035
   9915.000      1.699400804436307E+035
   9930.000      1.694567822917108E+035
   9945.000      1.689045078981137E+035
   9960.000      1.683068775125540E+035
   9975.000      1.678007178573442E+035
   9990.000      1.673600581952629E+035
   10005.00      1.670064588812710E+035
   10020.00      1.666715321038519E+035
   10035.00      1.663810479960158E+035
   10050.00      1.661436314376364E+035
   10065.00      1.660101938072789E+035
   10080.00      1.660514566885598E+035
   10080.00      1.476889194041004E+035
   10095.00      1.478810932861858E+035
   10110.00      1.482210527130988E+035
   10125.00      1.486366408575841E+035
   10140.00      1.491503436102729E+035
   10155.00      1.496672863582446E+035
   10170.00      1.502098549158319E+035
   10185.00      1.507019236487979E+035
   10200.00      1.511325445930871E+035
   10215.00      1.514292237705310E+035
   10230.00      1.515940621155533E+035
   10245.00      1.515935835615461E+035
   10260.00      1.514410044925489E+035
   10275.00      1.511279470920820E+035
   10290.00      1.506742095920341E+035
   10305.00      1.501621776941233E+035
   10320.00      1.496167199086884E+035
   10335.00      1.491586491295426E+035
   10350.00      1.487641459701706E+035
   10365.00      1.484530159034040E+035
   10380.00      1.481640981425582E+035
   10395.00      1.479200889991292E+035
   10410.00      1.477263080877312E+035
   10425.00      1.476299970085346E+035
   10440.00      1.476889194041004E+035
   10440.00      1.299213556328216E+035
   10455.00      1.301039755129704E+035
   10470.00      1.304123895293696E+035
   10485.00      1.307852550684389E+035
   10500.00      1.312424058511245E+035
   10515.00      1.317019101125120E+035
   10530.00      1.321822862520784E+035
   10545.00      1.326147912647757E+035
   10560.00      1.329889138376925E+035
   10575.00      1.332401215215898E+035
   10590.00      1.333709637202804E+035
   10605.00      1.333530590548195E+035
   10620.00      1.332003634414132E+035
   10635.00      1.329066504435379E+035
   10650.00      1.324933495766583E+035
   10665.00      1.320315224595342E+035
   10680.00      1.315457010953172E+035
   10695.00      1.311405992791338E+035
   10710.00      1.307949057077832E+035
   10725.00      1.305262796968723E+035
   10740.00      1.302809621198955E+035
   10755.00      1.300785301211275E+035
   10770.00      1.299220112020317E+035
   10785.00      1.298540525182710E+035
   10800.00      1.299213556328216E+035
   10800.00      1.127194292775214E+035
   10815.00      1.128853745045859E+035
   10830.00      1.131564208215925E+035
   10845.00      1.134814489076256E+035
   10860.00      1.138775083302941E+035
   10875.00      1.142752945955071E+035
   10890.00      1.146898065258381E+035
   10905.00      1.150607414125443E+035
   10920.00      1.153784417982668E+035
   10935.00      1.155869991774809E+035
   10950.00      1.156891695664236E+035
   10965.00      1.156614043724267E+035
   10980.00      1.155173425016129E+035
   10995.00      1.152524948611080E+035
   11010.00      1.148880129236724E+035
   11025.00      1.144838951778456E+035
   11040.00      1.140630557007111E+035
   11055.00      1.137142095059022E+035
   11070.00      1.134188168835010E+035
   11085.00      1.131921168634867E+035
   11100.00      1.129879064353749E+035
   11115.00      1.128226809308659E+035
   11130.00      1.126979650528656E+035
   11145.00      1.126511299843110E+035
   11160.00      1.127194292775214E+035
   11160.00      9.605606841360140E+034
   11175.00      9.619999634554843E+034
   11190.00      9.642951249235437E+034
   11205.00      9.670309153427370E+034
   11220.00      9.703494458973722E+034
   11235.00      9.736807878329167E+034
   11250.00      9.771431635334830E+034
   11265.00      9.802259704893970E+034
   11280.00      9.828444401004748E+034
   11295.00      9.845302943761798E+034
   11310.00      9.853105526806614E+034
   11325.00      9.849958424685162E+034
   11340.00      9.837106576668078E+034
   11355.00      9.814237078745141E+034
   11370.00      9.783289404574854E+034
   11385.00      9.749186911982485E+034
   11400.00      9.713958005191800E+034
   11415.00      9.684898511671128E+034
   11430.00      9.660448626773518E+034
   11445.00      9.641874203480490E+034
   11460.00      9.625322504056320E+034
   11475.00      9.612143187483753E+034
   11490.00      9.602398028240332E+034
   11505.00      9.599247901863730E+034
   11520.00      9.605606841360140E+034
   11520.00      7.990624773286059E+034
   11535.00      8.002434300233673E+034
   11550.00      8.020950929167983E+034
   11565.00      8.042929095958939E+034
   11580.00      8.069502118675542E+034
   11595.00      8.096170637542208E+034
   11610.00      8.123831233715535E+034
   11625.00      8.148359416719094E+034
   11640.00      8.169050481487603E+034
   11655.00      8.182157510478095E+034
   11670.00      8.187924543015151E+034
   11685.00      8.184890700808131E+034
   11700.00      8.174116802380644E+034
   11715.00      8.155393390930665E+034
   11730.00      8.130372492339207E+034
   11745.00      8.102935239477839E+034
   11760.00      8.074769636061938E+034
   11775.00      8.051630837554829E+034
   11790.00      8.032260973203615E+034
   11805.00      8.017662438724992E+034
   11820.00      8.004757609380202E+034
   11835.00      7.994606584641454E+034
   11850.00      7.987223401230609E+034
   11865.00      7.985159611225122E+034
   11880.00      7.990624773286059E+034
   11880.00      6.424668368624596E+034
   11895.00      6.433643776538960E+034
   11910.00      6.447557751257228E+034
   11925.00      6.464027655417318E+034
   11940.00      6.483897615769099E+034
   11955.00      6.503837513060419E+034
   11970.00      6.524487014761479E+034
   11985.00      6.542739952923920E+034
   12000.00      6.558053108556046E+034
   12015.00      6.567627856986377E+034
   12030.00      6.571665263288076E+034
   12045.00      6.569107455650132E+034
   12060.00      6.560784463226852E+034
   12075.00      6.546563644712779E+034
   12090.00      6.527732638804685E+034
   12105.00      6.507160659783529E+034
   12120.00      6.486142960033534E+034
   12135.00      6.468932800178566E+034
   12150.00      6.454581337203301E+034
   12165.00      6.443827896356877E+034
   12180.00      6.434372693814614E+034
   12195.00      6.426996960866015E+034
   12210.00      6.421695700397224E+034
   12225.00      6.420390456689538E+034
   12240.00      6.424668368624596E+034
   12240.00      4.905567609419751E+034
   12255.00      4.911569762936983E+034
   12270.00      4.920811085685716E+034
   12285.00      4.931733637555748E+034
   12300.00      4.944894444896620E+034
   12315.00      4.958102641393248E+034
   12330.00      4.971765869110532E+034
   12345.00      4.983815169075785E+034
   12360.00      4.993881890882341E+034
   12375.00      5.000115015749119E+034
   12390.00      5.002658387639985E+034
   12405.00      5.000829651214477E+034
   12420.00      4.995196344471271E+034
   12435.00      4.985682200618072E+034
   12450.00      4.973162718188237E+034
   12465.00      4.959523112850678E+034
   12480.00      4.945635026268841E+034
   12495.00      4.934291008338233E+034
   12510.00      4.924857021535578E+034
   12525.00      4.917814982031913E+034
   12540.00      4.911640769076747E+034
   12555.00      4.906846789469460E+034
   12570.00      4.903425535276918E+034
   12585.00      4.902657762341344E+034
   12600.00      4.905567609419751E+034
   12600.00      3.431297456999433E+034
   12615.00      3.434282647752643E+034
   12630.00      3.438863618445825E+034
   12645.00      3.444274804812921E+034
   12660.00      3.450791187764561E+034
   12675.00      3.457332001184720E+034
   12690.00      3.464093704585304E+034
   12705.00      3.470047966109619E+034
   12720.00      3.475009143793994E+034
   12735.00      3.478061973930083E+034
   12750.00      3.479281569354570E+034
   12765.00      3.478336337133210E+034
   12780.00      3.475512786863093E+034
   12795.00      3.470776712622370E+034
   12810.00      3.464567701366781E+034
   12825.00      3.457814688138651E+034
   12840.00      3.450952701333456E+034
   12855.00      3.445356689583858E+034
   12870.00      3.440710416896803E+034
   12885.00      3.437249087284120E+034
   12900.00      3.434217275135683E+034
   12915.00      3.431867342088403E+034
   12930.00      3.430195429508824E+034
   12945.00      3.429838722439484E+034
   12960.00      3.431297456999433E+034
