  0.0000000E+00   154.344672236545        6.000000    
   22.50000       138.633201084090        6.000000    
   45.00000       127.012912873171        6.000000    
   67.50000       122.981351301312        6.000000    
   90.00000       125.163607096445        6.000000    
   112.5000       128.039382444984        6.000000    
   135.0000       123.129214832255        6.000000    
   157.5000       115.036260441953        6.000000    
   180.0000       106.580700220592        6.000000    
   202.5000       104.733402580445        6.000000    
   225.0000       112.540859264873        6.000000    
   247.5000       125.242737971466        6.000000    
   270.0000       139.833255865880        6.000000    
   292.5000       156.462491609083        6.000000    
   315.0000       167.349209591836        6.000000    
   337.5000       166.029753701801        6.000000    
  0.0000000E+00   154.344672236545        6.000000    
 
  0.0000000E+00   110.875381546943        6.283333    
   22.50000       99.1151186959905        6.283333    
   45.00000       90.2418226836853        6.283333    
   67.50000       86.5180011085123        6.283333    
   90.00000       86.7924680110431        6.283333    
   112.5000       87.5684742088407        6.283333    
   135.0000       86.0949271427519        6.283333    
   157.5000       81.9139622138836        6.283333    
   180.0000       76.7223069293073        6.283333    
   202.5000       75.5437407949839        6.283333    
   225.0000       80.0935121118028        6.283333    
   247.5000       87.3145205025386        6.283333    
   270.0000       97.9657575629201        6.283333    
   292.5000       111.210735960409        6.283333    
   315.0000       120.210267939824        6.283333    
   337.5000       119.611758201849        6.283333    
  0.0000000E+00   110.875381546943        6.283333    
 
  0.0000000E+00   79.1488365571554        6.566667    
   22.50000       72.1368088480525        6.566667    
   45.00000       66.1697653106676        6.566667    
   67.50000       62.9506825219159        6.566667    
   90.00000       62.2258645432746        6.566667    
   112.5000       62.4916828248554        6.566667    
   135.0000       61.9462523036511        6.566667    
   157.5000       59.8329012839741        6.566667    
   180.0000       56.6025636023721        6.566667    
   202.5000       55.1401585851646        6.566667    
   225.0000       57.0625426250895        6.566667    
   247.5000       60.7446668835856        6.566667    
   270.0000       65.9970273816990        6.566667    
   292.5000       74.4911633955824        6.566667    
   315.0000       81.7854474898080        6.566667    
   337.5000       83.3541942883586        6.566667    
  0.0000000E+00   79.1488365571554        6.566667    
 
  0.0000000E+00   55.9224238712780        6.850000    
   22.50000       53.2653634800087        6.850000    
   45.00000       50.1300259448650        6.850000    
   67.50000       47.7576451895804        6.850000    
   90.00000       46.5631389020328        6.850000    
   112.5000       46.1601380747707        6.850000    
   135.0000       45.7092907446134        6.850000    
   157.5000       44.6907967521815        6.850000    
   180.0000       42.7915671036268        6.850000    
   202.5000       41.1130296415668        6.850000    
   225.0000       41.2011452449889        6.850000    
   247.5000       42.7824653129152        6.850000    
   270.0000       45.2082002061902        6.850000    
   292.5000       49.0633280636518        6.850000    
   315.0000       53.5290891903331        6.850000    
   337.5000       56.2021670144933        6.850000    
  0.0000000E+00   55.9224238712780        6.850000    
 
  0.0000000E+00   40.1349365230597        7.133333    
   22.50000       39.5104901838223        7.133333    
   45.00000       38.0846581086319        7.133333    
   67.50000       36.5725940001581        7.133333    
   90.00000       35.4853102723918        7.133333    
   112.5000       34.8657472395627        7.133333    
   135.0000       34.3683092051677        7.133333    
   157.5000       33.7783640873010        7.133333    
   180.0000       32.6924128004121        7.133333    
   202.5000       31.3455812311894        7.133333    
   225.0000       30.8154319463047        7.133333    
   247.5000       31.4346766967970        7.133333    
   270.0000       32.6171516964658        7.133333    
   292.5000       34.4340890449912        7.133333    
   315.0000       37.0098675070760        7.133333    
   337.5000       39.2664701902860        7.133333    
  0.0000000E+00   40.1349365230597        7.133333    
 
  0.0000000E+00   29.7774492290477        7.416667    
   22.50000       29.5527838227455        7.416667    
   45.00000       28.7587797965940        7.416667    
   67.50000       27.8031316675083        7.416667    
   90.00000       27.0464674792102        7.416667    
   112.5000       26.5551613501178        7.416667    
   135.0000       26.1674257127787        7.416667    
   157.5000       25.7727074435084        7.416667    
   180.0000       25.0775521899436        7.416667    
   202.5000       24.2093233567795        7.416667    
   225.0000       23.8654794579695        7.416667    
   247.5000       24.2762314188698        7.416667    
   270.0000       25.0323866564194        7.416667    
   292.5000       26.1451336308121        7.416667    
   315.0000       27.7140707540596        7.416667    
   337.5000       29.1302862415952        7.416667    
  0.0000000E+00   29.7774492290477        7.416667    
 
  0.0000000E+00   22.5613321009248        7.700000    
   22.50000       22.2700933941678        7.700000    
   45.00000       21.6714948978420        7.700000    
   67.50000       21.0319543568806        7.700000    
   90.00000       20.5698618079561        7.700000    
   112.5000       20.2929888870116        7.700000    
   135.0000       20.0801504511763        7.700000    
   157.5000       19.8194361622680        7.700000    
   180.0000       19.3628237206513        7.700000    
   202.5000       18.9103287691382        7.700000    
   225.0000       18.8580593933043        7.700000    
   247.5000       19.2320123185504        7.700000    
   270.0000       19.8133937019531        7.700000    
   292.5000       20.6341770866356        7.700000    
   315.0000       21.6152149166165        7.700000    
   337.5000       22.3476112825960        7.700000    
  0.0000000E+00   22.5613321009248        7.700000    
 
  0.0000000E+00   17.0961641478114        7.983334    
   22.50000       16.7719433561289        7.983334    
   45.00000       16.3069031864409        7.983334    
   67.50000       15.8858958173046        7.983334    
   90.00000       15.6352072529115        7.983334    
   112.5000       15.5236422244229        7.983334    
   135.0000       15.4345805712963        7.983334    
   157.5000       15.2693273128261        7.983334    
   180.0000       14.9968699312533        7.983334    
   202.5000       14.8092602641251        7.983334    
   225.0000       14.8882012488131        7.983334    
   247.5000       15.1960126928768        7.983334    
   270.0000       15.6484938806145        7.983334    
   292.5000       16.2422961564497        7.983334    
   315.0000       16.8187998643329        7.983334    
   337.5000       17.1316292418850        7.983334    
  0.0000000E+00   17.0961641478114        7.983334    
 
  0.0000000E+00   12.9134423819488        8.266666    
   22.50000       12.6247372197646        8.266666    
   45.00000       12.2807410462276        8.266666    
   67.50000       12.0101792104173        8.266666    
   90.00000       11.8871433835670        8.266666    
   112.5000       11.8669855066050        8.266666    
   135.0000       11.8429952450843        8.266666    
   157.5000       11.7452612587082        8.266666    
   180.0000       11.5996790725897        8.266666    
   202.5000       11.5441102491906        8.266666    
   225.0000       11.6451895946626        8.266666    
   247.5000       11.8748002813440        8.266666    
   270.0000       12.2091478028622        8.266666    
   292.5000       12.6129362845616        8.266666    
   315.0000       12.9332784896000        8.266666    
   337.5000       13.0368411708426        8.266666    
  0.0000000E+00   12.9134423819488        8.266666    
 
  0.0000000E+00   9.72125161319485        8.550000    
   22.50000       9.49106648619919        8.550000    
   45.00000       9.24493170677227        8.550000    
   67.50000       9.07236720834423        8.550000    
   90.00000       9.01910912208129        8.550000    
   112.5000       9.04083287878994        8.550000    
   135.0000       9.04714674987034        8.550000    
   157.5000       8.99495764337822        8.550000    
   180.0000       8.92599691056166        8.550000    
   202.5000       8.92444739231964        8.550000    
   225.0000       9.00917426898158        8.550000    
   247.5000       9.17115926723462        8.550000    
   270.0000       9.40722219761847        8.550000    
   292.5000       9.67105052779290        8.550000    
   315.0000       9.84326455009503        8.550000    
   337.5000       9.85560138495481        8.550000    
  0.0000000E+00   9.72125161319485        8.550000    
 
  0.0000000E+00   7.26426834279544        8.833333    
   22.50000       7.09133737881237        8.833333    
   45.00000       6.91873663299523        8.833333    
   67.50000       6.80873316733639        8.833333    
   90.00000       6.79117955006127        8.833333    
   112.5000       6.82768721187493        8.833333    
   135.0000       6.84631039299272        8.833333    
   157.5000       6.82213529727503        8.833333    
   180.0000       6.79438375024790        8.833333    
   202.5000       6.80997998525306        8.833333    
   225.0000       6.87122411395678        8.833333    
   247.5000       6.98138289602422        8.833333    
   270.0000       7.14263514783514        8.833333    
   292.5000       7.31140993053626        8.833333    
   315.0000       7.40207417253965        8.833333    
   337.5000       7.38073651173041        8.833333    
  0.0000000E+00   7.26426834279544        8.833333    
 
  0.0000000E+00   5.34937904456558        9.116667    
   22.50000       5.22486613316158        9.116667    
   45.00000       5.10609522983625        9.116667    
   67.50000       5.03613232458490        9.116667    
   90.00000       5.03519760911666        9.116667    
   112.5000       5.07263788913037        9.116667    
   135.0000       5.09381080840845        9.116667    
   157.5000       5.08506621244637        9.116667    
   180.0000       5.07721768272031        9.116667    
   202.5000       5.09456735458835        9.116667    
   225.0000       5.13539599780153        9.116667    
   247.5000       5.20807617577927        9.116667    
   270.0000       5.31535265931816        9.116667    
   292.5000       5.42192203617635        9.116667    
   315.0000       5.46915376880428        9.116667    
   337.5000       5.44014249501569        9.116667    
  0.0000000E+00   5.34937904456558        9.116667    
 
  0.0000000E+00   3.83867842377387        9.400000    
   22.50000       3.75289875753773        9.400000    
   45.00000       3.67346262593774        9.400000    
   67.50000       3.62952328921818        9.400000    
   90.00000       3.63483441353849        9.400000    
   112.5000       3.66655214642978        9.400000    
   135.0000       3.68524734787825        9.400000    
   157.5000       3.68385710364358        9.400000    
   180.0000       3.68414657308126        9.400000    
   202.5000       3.69791547416245        9.400000    
   225.0000       3.72351511482340        9.400000    
   247.5000       3.76993041110295        9.400000    
   270.0000       3.83922816205727        9.400000    
   292.5000       3.90553831981018        9.400000    
   315.0000       3.93006642771834        9.400000    
   337.5000       3.90419136624661        9.400000    
  0.0000000E+00   3.83867842377387        9.400000    
 
  0.0000000E+00   2.63560353074850        9.683333    
   22.50000       2.58013595436006        9.683333    
   45.00000       2.52967023386070        9.683333    
   67.50000       2.50294818492424        9.683333    
   90.00000       2.50901005101228        9.683333    
   112.5000       2.53230554933320        9.683333    
   135.0000       2.54640504856985        9.683333    
   157.5000       2.54770406733454        9.683333    
   180.0000       2.55028843952902        9.683333    
   202.5000       2.55948290798594        9.683333    
   225.0000       2.57448247906350        9.683333    
   247.5000       2.60264178755929        9.683333    
   270.0000       2.64538243107368        9.683333    
   292.5000       2.68534324261238        9.683333    
   315.0000       2.69806577162296        9.683333    
   337.5000       2.67909879070110        9.683333    
  0.0000000E+00   2.63560353074850        9.683333    
 
  0.0000000E+00   1.66933955202223        9.966667    
   22.50000       1.63754028705006        9.966667    
   45.00000       1.60876102856894        9.966667    
   67.50000       1.59374491315197        9.966667    
   90.00000       1.59790633177981        9.966667    
   112.5000       1.61223174197536        9.966667    
   135.0000       1.62121930221287        9.966667    
   157.5000       1.62302806058710        9.966667    
   180.0000       1.62543845343424        9.966667    
   202.5000       1.63065974784104        9.966667    
   225.0000       1.63853741756963        9.966667    
   247.5000       1.65389847696019        9.966667    
   270.0000       1.67760023288702        9.966667    
   292.5000       1.69955494094770        9.966667    
   315.0000       1.70596359729367        9.966667    
   337.5000       1.69453655029600        9.966667    
  0.0000000E+00   1.66933955202223        9.966667    
 
  0.0000000E+00  0.888359369855719        10.25000    
   22.50000      0.875158320603522        10.25000    
   45.00000      0.862976660678588        10.25000    
   67.50000      0.856254478325544        10.25000    
   90.00000      0.857546612030177        10.25000    
   112.5000      0.863526139752243        10.25000    
   135.0000      0.867789330295646        10.25000    
   157.5000      0.869331341145976        10.25000    
   180.0000      0.870972851076562        10.25000    
   202.5000      0.873297264040035        10.25000    
   225.0000      0.876347087885847        10.25000    
   247.5000      0.882323707746117        10.25000    
   270.0000      0.891728522755960        10.25000    
   292.5000      0.900577599857205        10.25000    
   315.0000      0.903245811908094        10.25000    
   337.5000      0.898678881651013        10.25000    
  0.0000000E+00  0.888359369855719        10.25000    
 
