  0.0000000E+00   87.5005743853794        6.000000    
   22.50000       83.5669902493044        6.000000    
   45.00000       83.6192756709835        6.000000    
   67.50000       87.8620924204612        6.000000    
   90.00000       92.7989024415148        6.000000    
   112.5000       98.3715265336103        6.000000    
   135.0000       100.078895861763        6.000000    
   157.5000       98.5633586509456        6.000000    
   180.0000       100.345332272647        6.000000    
   202.5000       101.853864096502        6.000000    
   225.0000       103.841443102074        6.000000    
   247.5000       113.007466102589        6.000000    
   270.0000       114.713918104808        6.000000    
   292.5000       107.246380728824        6.000000    
   315.0000       100.249651230679        6.000000    
   337.5000       92.9587135205020        6.000000    
  0.0000000E+00   87.5005743853794        6.000000    
 
  0.0000000E+00   63.5392926519150        6.283333    
   22.50000       60.3741975351538        6.283333    
   45.00000       60.0350262869519        6.283333    
   67.50000       62.2921444388817        6.283333    
   90.00000       64.8097869235695        6.283333    
   112.5000       67.9435290081669        6.283333    
   135.0000       68.8565957369868        6.283333    
   157.5000       67.7357573492436        6.283333    
   180.0000       69.2704879026045        6.283333    
   202.5000       70.4951074438685        6.283333    
   225.0000       71.5127708630432        6.283333    
   247.5000       76.7788587299228        6.283333    
   270.0000       78.9089415432006        6.283333    
   292.5000       76.9374804869178        6.283333    
   315.0000       73.2680867600240        6.283333    
   337.5000       68.4835420519508        6.283333    
  0.0000000E+00   63.5392926519150        6.283333    
 
  0.0000000E+00   48.0796172584931        6.566667    
   22.50000       45.2242266703245        6.566667    
   45.00000       43.7509736646811        6.566667    
   67.50000       44.4266611738156        6.566667    
   90.00000       45.4581609762865        6.566667    
   112.5000       46.9098634507517        6.566667    
   135.0000       47.4103393962269        6.566667    
   157.5000       46.6064185744726        6.566667    
   180.0000       47.0581755549640        6.566667    
   202.5000       47.7551605709488        6.566667    
   225.0000       48.3909171281277        6.566667    
   247.5000       51.4365589577607        6.566667    
   270.0000       54.1576176497991        6.566667    
   292.5000       54.7512811802335        6.566667    
   315.0000       53.6103526181403        6.566667    
   337.5000       51.1247456761722        6.566667    
  0.0000000E+00   48.0796172584931        6.566667    
 
  0.0000000E+00   36.6819999397423        6.850000    
   22.50000       34.8887248769370        6.850000    
   45.00000       33.4033181264851        6.850000    
   67.50000       33.0795523098551        6.850000    
   90.00000       33.3264731368817        6.850000    
   112.5000       33.9488658015146        6.850000    
   135.0000       34.2809555391575        6.850000    
   157.5000       33.5925240271200        6.850000    
   180.0000       33.2048056162126        6.850000    
   202.5000       33.2930792370107        6.850000    
   225.0000       33.4764525507119        6.850000    
   247.5000       34.9189880887960        6.850000    
   270.0000       37.1152422875639        6.850000    
   292.5000       38.6799552432580        6.850000    
   315.0000       39.0733914986702        6.850000    
   337.5000       38.2395560864946        6.850000    
  0.0000000E+00   36.6819999397423        6.850000    
 
  0.0000000E+00   27.7776332940415        7.133333    
   22.50000       26.7946003682894        7.133333    
   45.00000       25.7160661283172        7.133333    
   67.50000       25.2364413475851        7.133333    
   90.00000       25.2015449208120        7.133333    
   112.5000       25.4119205205808        7.133333    
   135.0000       25.5634017428076        7.133333    
   157.5000       25.0532642125915        7.133333    
   180.0000       24.4376121684865        7.133333    
   202.5000       24.1945591869680        7.133333    
   225.0000       24.1644250990074        7.133333    
   247.5000       24.7956338894846        7.133333    
   270.0000       26.2081624575767        7.133333    
   292.5000       27.6593429063262        7.133333    
   315.0000       28.5089031354334        7.133333    
   337.5000       28.4738671768895        7.133333    
  0.0000000E+00   27.7776332940415        7.133333    
 
  0.0000000E+00   21.1113662807758        7.416667    
   22.50000       20.5019907545469        7.416667    
   45.00000       19.7737289609930        7.416667    
   67.50000       19.3987885893147        7.416667    
   90.00000       19.3087695916120        7.416667    
   112.5000       19.3993087276182        7.416667    
   135.0000       19.4427773368723        7.416667    
   157.5000       19.0694395318875        7.416667    
   180.0000       18.5984290399348        7.416667    
   202.5000       18.3734788721228        7.416667    
   225.0000       18.3535616702265        7.416667    
   247.5000       18.7385384658941        7.416667    
   270.0000       19.6558153351149        7.416667    
   292.5000       20.6994746836282        7.416667    
   315.0000       21.3937433911374        7.416667    
   337.5000       21.4908948593841        7.416667    
  0.0000000E+00   21.1113662807758        7.416667    
 
  0.0000000E+00   16.1499639683187        7.700000    
   22.50000       15.6769379075158        7.700000    
   45.00000       15.1486998335989        7.700000    
   67.50000       14.8687053775361        7.700000    
   90.00000       14.8116267552607        7.700000    
   112.5000       14.9265935372852        7.700000    
   135.0000       14.9543437772179        7.700000    
   157.5000       14.7128376731894        7.700000    
   180.0000       14.4382343118570        7.700000    
   202.5000       14.3107514698222        7.700000    
   225.0000       14.3240397100444        7.700000    
   247.5000       14.6086516170064        7.700000    
   270.0000       15.2424706290968        7.700000    
   292.5000       15.9644805124392        7.700000    
   315.0000       16.4206399982888        7.700000    
   337.5000       16.4500901434082        7.700000    
  0.0000000E+00   16.1499639683187        7.700000    
 
  0.0000000E+00   12.3256677655798        7.983334    
   22.50000       11.9329925190530        7.983334    
   45.00000       11.5338195334862        7.983334    
   67.50000       11.3306734817769        7.983334    
   90.00000       11.3375131581784        7.983334    
   112.5000       11.4904090356887        7.983334    
   135.0000       11.5299826656611        7.983334    
   157.5000       11.3928825767496        7.983334    
   180.0000       11.2422348785486        7.983334    
   202.5000       11.1641775847946        7.983334    
   225.0000       11.1725329591477        7.983334    
   247.5000       11.3772945089544        7.983334    
   270.0000       11.8324413217115        7.983334    
   292.5000       12.3418427319977        7.983334    
   315.0000       12.6266143819229        7.983334    
   337.5000       12.5935786056484        7.983334    
  0.0000000E+00   12.3256677655798        7.983334    
 
  0.0000000E+00   9.37097186625691        8.266666    
   22.50000       9.05586239661085        8.266666    
   45.00000       8.75670012887483        8.266666    
   67.50000       8.61586241839317        8.266666    
   90.00000       8.66520004373038        8.266666    
   112.5000       8.82367241792357        8.266666    
   135.0000       8.87053830312523        8.266666    
   157.5000       8.79827746168806        8.266666    
   180.0000       8.71052365596432        8.266666    
   202.5000       8.65247808357278        8.266666    
   225.0000       8.64736883239865        8.266666    
   247.5000       8.78984121024681        8.266666    
   270.0000       9.11969250912007        8.266666    
   292.5000       9.48260038428228        8.266666    
   315.0000       9.65975547967333        8.266666    
   337.5000       9.59997242309968        8.266666    
  0.0000000E+00   9.37097186625691        8.266666    
 
  0.0000000E+00   7.09743052540930        8.550000    
   22.50000       6.85406543052884        8.550000    
   45.00000       6.63279531767369        8.550000    
   67.50000       6.53730957910625        8.550000    
   90.00000       6.60273780133091        8.550000    
   112.5000       6.74547283047876        8.550000    
   135.0000       6.79276781862346        8.550000    
   157.5000       6.75671709991788        8.550000    
   180.0000       6.70106184340393        8.550000    
   202.5000       6.65385762925272        8.550000    
   225.0000       6.63939948137702        8.550000    
   247.5000       6.73631688751849        8.550000    
   270.0000       6.97456391751232        8.550000    
   292.5000       7.23400106614632        8.550000    
   315.0000       7.34591223761512        8.550000    
   337.5000       7.28262928292185        8.550000    
  0.0000000E+00   7.09743052540930        8.550000    
 
  0.0000000E+00   5.33588153817060        8.833333    
   22.50000       5.15348821344515        8.833333    
   45.00000       4.99192380359884        8.833333    
   67.50000       4.92781161587203        8.833333    
   90.00000       4.99263330654290        8.833333    
   112.5000       5.11117835358554        8.833333    
   135.0000       5.15431447102329        8.833333    
   157.5000       5.13755618784381        8.833333    
   180.0000       5.09985960726014        8.833333    
   202.5000       5.06099257161037        8.833333    
   225.0000       5.04243847059088        8.833333    
   247.5000       5.10716129660743        8.833333    
   270.0000       5.27773545610993        8.833333    
   292.5000       5.46283715302372        8.833333    
   315.0000       5.53499778390372        8.833333    
   337.5000       5.47915850864371        8.833333    
  0.0000000E+00   5.33588153817060        8.833333    
 
  0.0000000E+00   3.95637736239028        9.116667    
   22.50000       3.82376146467840        9.116667    
   45.00000       3.70799703139450        9.116667    
   67.50000       3.66522622163496        9.116667    
   90.00000       3.72080990268223        9.116667    
   112.5000       3.81338660792188        9.116667    
   135.0000       3.84975909385292        9.116667    
   157.5000       3.84294622758300        9.116667    
   180.0000       3.81667318266370        9.116667    
   202.5000       3.78553066026170        9.116667    
   225.0000       3.76691875332387        9.116667    
   247.5000       3.80926335893049        9.116667    
   270.0000       3.92929291178550        9.116667    
   292.5000       4.05979490797038        9.116667    
   315.0000       4.10707031043585        9.116667    
   337.5000       4.06268971789379        9.116667    
  0.0000000E+00   3.95637736239028        9.116667    
 
  0.0000000E+00   2.86480885522732        9.400000    
   22.50000       2.77221383526230        9.400000    
   45.00000       2.69192130699490        9.400000    
   67.50000       2.66369690197438        9.400000    
   90.00000       2.70647469312586        9.400000    
   112.5000       2.77438660109012        9.400000    
   135.0000       2.80286092177421        9.400000    
   157.5000       2.80099258417316        9.400000    
   180.0000       2.78292599690692        9.400000    
   202.5000       2.75925297467128        9.400000    
   225.0000       2.74316415213157        9.400000    
   247.5000       2.77001488952701        9.400000    
   270.0000       2.85177072651799        9.400000    
   292.5000       2.94121327825744        9.400000    
   315.0000       2.97223472080423        9.400000    
   337.5000       2.93987099028966        9.400000    
  0.0000000E+00   2.86480885522732        9.400000    
 
  0.0000000E+00   1.99483893756908        9.683333    
   22.50000       1.93426931133551        9.683333    
   45.00000       1.88166993149368        9.683333    
   67.50000       1.86338126013624        9.683333    
   90.00000       1.89257426369037        9.683333    
   112.5000       1.93840515055414        9.683333    
   135.0000       1.95891849730245        9.683333    
   157.5000       1.95951163580571        9.683333    
   180.0000       1.94800911735697        9.683333    
   202.5000       1.93152225379305        9.683333    
   225.0000       1.91930875383989        9.683333    
   247.5000       1.93527678178832        9.683333    
   270.0000       1.98754657262660        9.683333    
   292.5000       2.04541852385755        9.683333    
   315.0000       2.06529759297958        9.683333    
   337.5000       2.04403032155174        9.683333    
  0.0000000E+00   1.99483893756908        9.683333    
 
  0.0000000E+00   1.29655144944470        9.966667    
   22.50000       1.26168525927005        9.966667    
   45.00000       1.23095444317410        9.966667    
   67.50000       1.21962307725461        9.966667    
   90.00000       1.23601629603190        9.966667    
   112.5000       1.26279127117192        9.966667    
   135.0000       1.27589918861591        9.966667    
   157.5000       1.27774887447909        9.966667    
   180.0000       1.27174544461925        9.966667    
   202.5000       1.26197657975215        9.966667    
   225.0000       1.25408803071902        9.966667    
   247.5000       1.26217257606999        9.966667    
   270.0000       1.29130102886576        9.966667    
   292.5000       1.32438288691528        9.966667    
   315.0000       1.33618247647645        9.966667    
   337.5000       1.32453165308736        9.966667    
  0.0000000E+00   1.29655144944470        9.966667    
 
  0.0000000E+00  0.732907813935591        10.25000    
   22.50000      0.718761248422754        10.25000    
   45.00000      0.705438003373841        10.25000    
   67.50000      0.699166151594546        10.25000    
   90.00000      0.704303304077388        10.25000    
   112.5000      0.715032110348102        10.25000    
   135.0000      0.721632667689855        10.25000    
   157.5000      0.724239566280470        10.25000    
   180.0000      0.723050296363797        10.25000    
   202.5000      0.719395241099242        10.25000    
   225.0000      0.715636068204714        10.25000    
   247.5000      0.717694383814248        10.25000    
   270.0000      0.728317530514364        10.25000    
   292.5000      0.741562500992534        10.25000    
   315.0000      0.747160297144008        10.25000    
   337.5000      0.743564064668726        10.25000    
  0.0000000E+00  0.732907813935591        10.25000    
 
