  0.0000000E+00   85.0813767345309     
   22.50000       82.7596336000603     
   45.00000       83.9459543647331     
   67.50000       88.8706486776315     
   90.00000       95.6895142570750     
   112.5000       103.633119687521     
   135.0000       109.184848736243     
   157.5000       109.167519408198     
   180.0000       108.902631591709     
   202.5000       104.681106135519     
   225.0000       104.158528659395     
   247.5000       99.1317989114681     
   270.0000       97.7210288497640     
   292.5000       97.0990182801464     
   315.0000       94.1697722060303     
   337.5000       88.4061452517972     
   360.0000       85.0813767345309     
   360.0000       61.4988868727678     
   382.5000       59.2546824728236     
   405.0000       59.5957249370215     
   427.5000       62.5872339771701     
   450.0000       66.8906855507852     
   472.5000       72.0311580387556     
   495.0000       75.6417095893004     
   517.5000       75.5811562463436     
   540.0000       75.1984064714345     
   562.5000       71.9747549695994     
   585.0000       70.5396899003008     
   607.5000       70.1058811967387     
   630.0000       70.1465652238803     
   652.5000       70.2767714852912     
   675.0000       68.5684484894949     
   697.5000       65.3277961642240     
   720.0000       61.4988868727678     
   720.0000       46.0838926743936     
   742.5000       43.9519580252889     
   765.0000       42.8315504904762     
   787.5000       44.1255581320805     
   810.0000       46.3202803229273     
   832.5000       49.0942734316624     
   855.0000       51.1368396786262     
   877.5000       50.9655437943985     
   900.0000       50.4671511061027     
   922.5000       49.1064835531815     
   945.0000       48.6480984461320     
   967.5000       49.1812573429404     
   990.0000       49.9324584769171     
   1012.500       50.6690301178592     
   1035.000       50.1193438124653     
   1057.500       48.4999664410870     
   1080.000       46.0838926743936     
   1080.000       34.8558604592689     
   1102.500       33.4747551487892     
   1125.000       32.3210707727569     
   1147.500       32.2379260116953     
   1170.000       32.9525768524152     
   1192.500       34.1290644812164     
   1215.000       35.2569487210531     
   1237.500       35.3224931769289     
   1260.000       35.1255574589810     
   1282.500       34.5335058804273     
   1305.000       34.2279726192491     
   1327.500       34.7035901851149     
   1350.000       35.5337206324216     
   1372.500       36.4796156755247     
   1395.000       36.6888028141001     
   1417.500       36.1085996606974     
   1440.000       34.8558604592689     
   1440.000       26.3403499268287     
   1462.500       25.5458415891696     
   1485.000       24.7484626258100     
   1507.500       24.4109889035630     
   1530.000       24.5894770752799     
   1552.500       25.0165506809028     
   1575.000       25.5465661546525     
   1597.500       25.5478335337794     
   1620.000       25.3542421334332     
   1642.500       25.0421332342678     
   1665.000       24.8188045446760     
   1687.500       25.1019743033581     
   1710.000       25.7536291492475     
   1732.500       26.5862833739718     
   1755.000       27.0359715428284     
   1777.500       26.9402096299620     
   1800.000       26.3403499268287     
   1800.000       20.0631764053070     
   1822.500       19.5674529237322     
   1845.000       19.0515101447226     
   1867.500       18.7814014818269     
   1890.000       18.8304543148114     
   1912.500       19.0210209663614     
   1935.000       19.2683269072810     
   1957.500       19.2028361272240     
   1980.000       19.0217852067786     
   2002.500       18.8262445231129     
   2025.000       18.7015998623651     
   2047.500       18.9012374733342     
   2070.000       19.3833600935693     
   2092.500       20.0094290741066     
   2115.000       20.3982529933657     
   2137.500       20.4063534352665     
   2160.000       20.0631764053070     
   2160.000       15.4219179252055     
   2182.500       15.0542037995511     
   2205.000       14.6826585324499     
   2227.500       14.4850165674510     
   2250.000       14.5237540453754     
   2272.500       14.6806944857913     
   2295.000       14.8333018546530     
   2317.500       14.7605442328318     
   2340.000       14.6236714061709     
   2362.500       14.4875868794975     
   2385.000       14.4161311468881     
   2407.500       14.5628051549123     
   2430.000       14.9317621835954     
   2452.500       15.4033656971706     
   2475.000       15.6882566112954     
   2497.500       15.6804468854563     
   2520.000       15.4219179252055     
   2520.000       11.8401955973883     
   2542.500       11.5428550475472     
   2565.000       11.2549763181971     
   2587.500       11.1137235563127     
   2610.000       11.1759583055335     
   2632.500       11.3375758892382     
   2655.000       11.4513852641535     
   2677.500       11.3911334001378     
   2700.000       11.2881055284624     
   2722.500       11.1782273523270     
   2745.000       11.1224488586521     
   2767.500       11.2280516658300     
   2790.000       11.5245537625177     
   2812.500       11.8900193003813     
   2835.000       12.0925618447501     
   2857.500       12.0585681099664     
   2880.000       11.8401955973883     
   2880.000       9.05382002107141     
   2902.500       8.81565420471521     
   2925.000       8.59321829199703     
   2947.500       8.49568075762080     
   2970.000       8.57105900572114     
   2992.500       8.72197077677217     
   3015.000       8.80878467641804     
   3037.500       8.76207732224173     
   3060.000       8.68233146449622     
   3082.500       8.59075781321921     
   3105.000       8.54297757935658     
   3127.500       8.61961516019797     
   3150.000       8.85699042640970     
   3172.500       9.13783078567899     
   3195.000       9.28059368613847     
   3217.500       9.23481908395621     
   3240.000       9.05382002107141     
   3240.000       6.89143030130102     
   3262.500       6.70590608395356     
   3285.000       6.53690761028725     
   3307.500       6.47006083170817     
   3330.000       6.54393058561253     
   3352.500       6.67267739306233     
   3375.000       6.73858534020630     
   3397.500       6.70364996558237     
   3420.000       6.64199745391684     
   3442.500       6.56751778756893     
   3465.000       6.52720117060613     
   3487.500       6.58248622535554     
   3510.000       6.76775966297901     
   3532.500       6.98009217726165     
   3555.000       7.08107335221343     
   3577.500       7.03539498381140     
   3600.000       6.89143030130102     
   3600.000       5.20236653484749     
   3622.500       5.06169452690539     
   3645.000       4.93551330364974     
   3667.500       4.88944032887528     
   3690.000       4.95351831091545     
   3712.500       5.05689587102578     
   3735.000       5.10661129084543     
   3757.500       5.08144170718215     
   3780.000       5.03468687467259     
   3802.500       4.97603833223143     
   3825.000       4.94299854182493     
   3847.500       4.98210808200630     
   3870.000       5.12261935939247     
   3892.500       5.28035162172761     
   3915.000       5.35212110491642     
   3937.500       5.31262918838583     
   3960.000       5.20236653484749     
   3960.000       3.87033337434777     
   3982.500       3.76687801697365     
   4005.000       3.67478449861249     
   4027.500       3.64283164086824     
   4050.000       3.69378384153571     
   4072.500       3.77268663541822     
   4095.000       3.80966548650386     
   4117.500       3.79239115025949     
   4140.000       3.75810273190073     
   4162.500       3.71362756710424     
   4185.000       3.68751085200721     
   4207.500       3.71431496750103     
   4230.000       3.81733006145074     
   4252.500       3.93172454201642     
   4275.000       3.98257750167749     
   4297.500       3.95156095769436     
   4320.000       3.87033337434777     
   4320.000       2.81028444816732     
   4342.500       2.73734411122316     
   4365.000       2.67247590426133     
   4387.500       2.65038149633617     
   4410.000       2.68771318069902     
   4432.500       2.74466421993308     
   4455.000       2.77140232339873     
   4477.500       2.76037618282731     
   4500.000       2.73649952489423     
   4522.500       2.70440805748512     
   4545.000       2.68474109720738     
   4567.500       2.70221890653572     
   4590.000       2.77432330800454     
   4612.500       2.85422099962105     
   4635.000       2.88958784935821     
   4657.500       2.86726269961379     
   4680.000       2.81028444816732     
   4680.000       1.96158014866614     
   4702.500       1.91353544061944     
   4725.000       1.87047834987888     
   4747.500       1.85543657589091     
   4770.000       1.88001231464191     
   4792.500       1.91799585666299     
   4815.000       1.93639573407612     
   4837.500       1.93031281878850     
   4860.000       1.91515213141926     
   4882.500       1.89373601830346     
   4905.000       1.87993221691152     
   4927.500       1.89029330256069     
   4950.000       1.93710052636397     
   4972.500       1.98939421269000     
   4995.000       2.01294757826059     
   5017.500       1.99861164693393     
   5040.000       1.96158014866614     
   5040.000       1.27798497468667     
   5062.500       1.25023381354718     
   5085.000       1.22475925456493     
   5107.500       1.21496164304146     
   5130.000       1.22828020868650     
   5152.500       1.25024012073038     
   5175.000       1.26178309162755     
   5197.500       1.25959705573091     
   5220.000       1.25170061312668     
   5242.500       1.23938632877086     
   5265.000       1.23080205355079     
   5287.500       1.23568795760029     
   5310.000       1.26186325882451     
   5332.500       1.29191928408034     
   5355.000       1.30618999619049     
   5377.500       1.29875042881098     
   5400.000       1.27798497468667     
   5400.000      0.724894701522298     
   5422.500      0.713699047906535     
   5445.000      0.702474870720450     
   5467.500      0.696767365900984     
   5490.000      0.700564830485432     
   5512.500      0.709191974236714     
   5535.000      0.715027082352139     
   5557.500      0.715871934863716     
   5580.000      0.713994201742646     
   5602.500      0.709369162637617     
   5625.000      0.705306226386049     
   5647.500      0.705926901533039     
   5670.000      0.715315072066710     
   5692.500      0.727342804866711     
   5715.000      0.734123172339773     
   5737.500      0.732416600027739     
   5760.000      0.724894701522298     
