  0.0000000E+00   15951.5762577057        6.000000    
   22.50000       13057.7980959117        6.000000    
   45.00000       11187.9257085025        6.000000    
   67.50000       10297.0222153664        6.000000    
   90.00000       10213.1244419217        6.000000    
   112.5000       10505.0734623671        6.000000    
   135.0000       10951.6986422241        6.000000    
   157.5000       11697.6457616091        6.000000    
   180.0000       13140.5178854465        6.000000    
   202.5000       15885.4174373746        6.000000    
   225.0000       17618.4903033674        6.000000    
   247.5000       18625.7376197875        6.000000    
   270.0000       19215.9749851823        6.000000    
   292.5000       19530.1499992311        6.000000    
   315.0000       19553.6924625933        6.000000    
   337.5000       18994.5506387353        6.000000    
  0.0000000E+00   15951.5762577057        6.000000    
 
  0.0000000E+00   14045.9662741721        6.283333    
   22.50000       11254.6831558049        6.283333    
   45.00000       9624.53018823266        6.283333    
   67.50000       8901.29285474122        6.283333    
   90.00000       8879.04957507551        6.283333    
   112.5000       9103.27886247635        6.283333    
   135.0000       9538.68088111281        6.283333    
   157.5000       10271.2799515277        6.283333    
   180.0000       11581.5773487687        6.283333    
   202.5000       13142.5848816484        6.283333    
   225.0000       14125.1026514620        6.283333    
   247.5000       14936.0988985896        6.283333    
   270.0000       15430.2441055328        6.283333    
   292.5000       15711.9071927071        6.283333    
   315.0000       15779.0856674910        6.283333    
   337.5000       15376.9205366373        6.283333    
  0.0000000E+00   14045.9662741721        6.283333    
 
  0.0000000E+00   11528.7395197004        6.566667    
   22.50000       9955.88904204965        6.566667    
   45.00000       8475.22105102241        6.566667    
   67.50000       7785.76937340200        6.566667    
   90.00000       7651.70012973249        6.566667    
   112.5000       7812.82172888517        6.566667    
   135.0000       8140.55556599796        6.566667    
   157.5000       8750.01123741269        6.566667    
   180.0000       9721.13317902386        6.566667    
   202.5000       10246.1069263220        6.566667    
   225.0000       10871.5616236329        6.566667    
   247.5000       11454.4217754453        6.566667    
   270.0000       11867.1112126410        6.566667    
   292.5000       12148.2982757837        6.566667    
   315.0000       12290.3603851050        6.566667    
   337.5000       12132.9772942811        6.566667    
  0.0000000E+00   11528.7395197004        6.566667    
 
  0.0000000E+00   9109.90352489054        6.850000    
   22.50000       8637.92236284167        6.850000    
   45.00000       7970.14722233266        6.850000    
   67.50000       7096.54966720939        6.850000    
   90.00000       6736.54923081398        6.850000    
   112.5000       6703.85043885559        6.850000    
   135.0000       6901.03011545539        6.850000    
   157.5000       7282.70444458723        6.850000    
   180.0000       7568.65720264614        6.850000    
   202.5000       7833.47519251704        6.850000    
   225.0000       8181.39014989138        6.850000    
   247.5000       8562.85385884345        6.850000    
   270.0000       8887.01247799397        6.850000    
   292.5000       9147.30026471615        6.850000    
   315.0000       9331.82882577181        6.850000    
   337.5000       9354.59021003544        6.850000    
  0.0000000E+00   9109.90352489054        6.850000    
 
  0.0000000E+00   7035.16845639050        7.133333    
   22.50000       6790.52564185858        7.133333    
   45.00000       6467.85380048305        7.133333    
   67.50000       6151.20333035290        7.133333    
   90.00000       5927.44098988920        7.133333    
   112.5000       5803.98620156199        7.133333    
   135.0000       5776.11357598752        7.133333    
   157.5000       5801.30897125602        7.133333    
   180.0000       5907.47474750131        7.133333    
   202.5000       6048.18603274971        7.133333    
   225.0000       6242.34326574206        7.133333    
   247.5000       6479.72994239628        7.133333    
   270.0000       6705.96745997667        7.133333    
   292.5000       6903.75953132659        7.133333    
   315.0000       7057.28927068412        7.133333    
   337.5000       7125.90109524876        7.133333    
  0.0000000E+00   7035.16845639050        7.133333    
 
  0.0000000E+00   5398.23076763749        7.416667    
   22.50000       5244.50919359177        7.416667    
   45.00000       5044.25132635981        7.416667    
   67.50000       4841.89592940733        7.416667    
   90.00000       4695.55444902554        7.416667    
   112.5000       4619.17808332667        7.416667    
   135.0000       4597.88981010392        7.416667    
   157.5000       4624.13732352853        7.416667    
   180.0000       4703.05600871518        7.416667    
   202.5000       4802.19501918927        7.416667    
   225.0000       4934.75381034240        7.416667    
   247.5000       5090.31497866288        7.416667    
   270.0000       5233.93856684864        7.416667    
   292.5000       5354.24511513114        7.416667    
   315.0000       5438.88197331876        7.416667    
   337.5000       5468.13775378466        7.416667    
  0.0000000E+00   5398.23076763749        7.416667    
 
  0.0000000E+00   4128.26332148537        7.700000    
   22.50000       4010.35850895941        7.700000    
   45.00000       3878.35591923073        7.700000    
   67.50000       3763.72955053486        7.700000    
   90.00000       3696.43148620054        7.700000    
   112.5000       3669.24268341064        7.700000    
   135.0000       3674.37642972544        7.700000    
   157.5000       3717.77418030798        7.700000    
   180.0000       3790.36315309629        7.700000    
   202.5000       3871.53630654514        7.700000    
   225.0000       3968.77245291322        7.700000    
   247.5000       4064.33292540535        7.700000    
   270.0000       4139.02141143009        7.700000    
   292.5000       4191.23476656154        7.700000    
   315.0000       4219.43444978446        7.700000    
   337.5000       4205.16289263964        7.700000    
  0.0000000E+00   4128.26332148537        7.700000    
 
  0.0000000E+00   3125.41680292226        7.983334    
   22.50000       3045.52589771152        7.983334    
   45.00000       2970.00316692144        7.983334    
   67.50000       2916.04522917606        7.983334    
   90.00000       2895.98239854537        7.983334    
   112.5000       2901.40919392742        7.983334    
   135.0000       2926.43292531185        7.983334    
   157.5000       2972.40846006013        7.983334    
   180.0000       3035.35804577358        7.983334    
   202.5000       3102.87043981813        7.983334    
   225.0000       3166.17659824714        7.983334    
   247.5000       3213.00985989161        7.983334    
   270.0000       3238.29828419909        7.983334    
   292.5000       3245.02725650556        7.983334    
   315.0000       3231.39515093155        7.983334    
   337.5000       3193.17531598173        7.983334    
  0.0000000E+00   3125.41680292226        7.983334    
 
  0.0000000E+00   2361.27675340697        8.266666    
   22.50000       2314.03676631860        8.266666    
   45.00000       2277.38724360708        8.266666    
   67.50000       2259.09883160610        8.266666    
   90.00000       2262.11858915724        8.266666    
   112.5000       2279.87777959369        8.266666    
   135.0000       2312.46342913806        8.266666    
   157.5000       2356.34258044418        8.266666    
   180.0000       2403.11652492732        8.266666    
   202.5000       2445.24466542620        8.266666    
   225.0000       2479.59169488586        8.266666    
   247.5000       2494.12342540920        8.266666    
   270.0000       2491.63816926815        8.266666    
   292.5000       2476.28450975008        8.266666    
   315.0000       2449.29032811709        8.266666    
   337.5000       2410.42810809053        8.266666    
  0.0000000E+00   2361.27675340697        8.266666    
 
  0.0000000E+00   1787.21014328673        8.550000    
   22.50000       1763.48615303356        8.550000    
   45.00000       1750.24316971283        8.550000    
   67.50000       1749.93812230043        8.550000    
   90.00000       1761.76820436027        8.550000    
   112.5000       1781.83075668383        8.550000    
   135.0000       1811.19566934556        8.550000    
   157.5000       1845.30607869849        8.550000    
   180.0000       1877.75505890232        8.550000    
   202.5000       1903.13694657758        8.550000    
   225.0000       1917.24417125527        8.550000    
   247.5000       1913.85100260377        8.550000    
   270.0000       1898.84850807302        8.550000    
   292.5000       1876.03583168797        8.550000    
   315.0000       1848.47444340307        8.550000    
   337.5000       1817.82756425068        8.550000    
  0.0000000E+00   1787.21014328673        8.550000    
 
  0.0000000E+00   1354.07981317025        8.833333    
   22.50000       1345.17046368867        8.833333    
   45.00000       1344.27968555968        8.833333    
   67.50000       1351.37697705720        8.833333    
   90.00000       1364.77558406396        8.833333    
   112.5000       1382.61343264021        8.833333    
   135.0000       1405.73194314959        8.833333    
   157.5000       1429.74173487676        8.833333    
   180.0000       1450.19979506452        8.833333    
   202.5000       1462.95900456794        8.833333    
   225.0000       1464.63696792675        8.833333    
   247.5000       1453.28142316500        8.833333    
   270.0000       1434.96795500768        8.833333    
   292.5000       1412.85454438208        8.833333    
   315.0000       1390.63241774496        8.833333    
   337.5000       1370.21959586674        8.833333    
  0.0000000E+00   1354.07981317025        8.833333    
 
  0.0000000E+00   1023.67156995670        9.116667    
   22.50000       1022.95365630579        9.116667    
   45.00000       1027.34822159074        9.116667    
   67.50000       1035.95572392200        9.116667    
   90.00000       1045.69778600824        9.116667    
   112.5000       1059.58658467629        9.116667    
   135.0000       1076.55718533345        9.116667    
   157.5000       1092.77162350854        9.116667    
   180.0000       1103.96185275144        9.116667    
   202.5000       1108.17338596750        9.116667    
   225.0000       1103.52999745170        9.116667    
   247.5000       1090.46571314684        9.116667    
   270.0000       1073.95924233668        9.116667    
   292.5000       1056.51209706115        9.116667    
   315.0000       1041.43708791933        9.116667    
   337.5000       1030.05016888119        9.116667    
  0.0000000E+00   1023.67156995670        9.116667    
 
  0.0000000E+00   776.595034932368        9.400000    
   22.50000       778.739645170048        9.400000    
   45.00000       784.201519564725        9.400000    
   67.50000       791.607143402798        9.400000    
   90.00000       800.070389526663        9.400000    
   112.5000       809.422157958150        9.400000    
   135.0000       819.697559826542        9.400000    
   157.5000       828.426457882160        9.400000    
   180.0000       833.929415980354        9.400000    
   202.5000       833.731210864149        9.400000    
   225.0000       827.063812840264        9.400000    
   247.5000       815.724141785176        9.400000    
   270.0000       803.273593704682        9.400000    
   292.5000       791.540581091773        9.400000    
   315.0000       782.902369191172        9.400000    
   337.5000       777.838498340105        9.400000    
  0.0000000E+00   776.595034932368        9.400000    
 
  0.0000000E+00   580.612757528317        9.683333    
   22.50000       583.867690324318        9.683333    
   45.00000       588.262110633077        9.683333    
   67.50000       593.188673195080        9.683333    
   90.00000       598.221698959242        9.683333    
   112.5000       603.355767922942        9.683333    
   135.0000       608.483861274668        9.683333    
   157.5000       612.096486741793        9.683333    
   180.0000       613.274014174938        9.683333    
   202.5000       611.050001630792        9.683333    
   225.0000       605.552395263105        9.683333    
   247.5000       597.909920458216        9.683333    
   270.0000       590.139778425393        9.683333    
   292.5000       583.637675700709        9.683333    
   315.0000       580.081282440340        9.683333    
   337.5000       579.125471306965        9.683333    
  0.0000000E+00   580.612757528317        9.683333    
 
  0.0000000E+00   422.647261856997        9.966667    
   22.50000       424.867940034077        9.966667    
   45.00000       427.335861008847        9.966667    
   67.50000       429.755127622804        9.966667    
   90.00000       432.013140354422        9.966667    
   112.5000       434.143456527032        9.966667    
   135.0000       436.061159498233        9.966667    
   157.5000       437.046639861714        9.966667    
   180.0000       436.631826702156        9.966667    
   202.5000       434.546189366665        9.966667    
   225.0000       431.180908431881        9.966667    
   247.5000       427.257715205429        9.966667    
   270.0000       423.834447268979        9.966667    
   292.5000       421.427674948471        9.966667    
   315.0000       420.581596441567        9.966667    
   337.5000       421.046273650718        9.966667    
  0.0000000E+00   422.647261856997        9.966667    
 
  0.0000000E+00   295.446322010044        10.25000    
   22.50000       296.273806221958        10.25000    
   45.00000       297.062265786371        10.25000    
   67.50000       297.725726308505        10.25000    
   90.00000       298.278814112477        10.25000    
   112.5000       298.740577992459        10.25000    
   135.0000       299.096744285111        10.25000    
   157.5000       299.103114825586        10.25000    
   180.0000       298.698075689434        10.25000    
   202.5000       297.838853253954        10.25000    
   225.0000       296.692789202527        10.25000    
   247.5000       295.497873585555        10.25000    
   270.0000       294.587181794021        10.25000    
   292.5000       294.109584507329        10.25000    
   315.0000       294.193559059902        10.25000    
   337.5000       294.676397177158        10.25000    
  0.0000000E+00   295.446322010044        10.25000    
 
