  0.0000000E+00  2.924826510156014E+035
   15.00000      2.885073605847552E+035
   30.00000      2.842365347607271E+035
   45.00000      2.809557011329640E+035
   60.00000      2.799719633087614E+035
   75.00000      2.816248558064422E+035
   90.00000      2.854272610492624E+035
   105.0000      2.904699083047662E+035
   120.0000      2.956841679118123E+035
   135.0000      2.996229712511980E+035
   150.0000      3.012205957023577E+035
   165.0000      2.998802257605450E+035
   180.0000      2.940396935186646E+035
   195.0000      2.865570551849307E+035
   210.0000      2.812678028933205E+035
   225.0000      2.792296348355231E+035
   240.0000      2.801434317942077E+035
   255.0000      2.836630344466992E+035
   270.0000      2.892131738969826E+035
   285.0000      2.945348122320438E+035
   300.0000      2.972293720788212E+035
   315.0000      2.976376170099017E+035
   330.0000      2.972889880564663E+035
   345.0000      2.955289319788075E+035
   360.0000      2.924826510156014E+035
   360.0000      2.801546116112427E+035
   375.0000      2.768391450197889E+035
   390.0000      2.729605696448524E+035
   405.0000      2.697932232028595E+035
   420.0000      2.686262061165349E+035
   435.0000      2.698388495782894E+035
   450.0000      2.730010592219013E+035
   465.0000      2.772756507200678E+035
   480.0000      2.817632964989981E+035
   495.0000      2.850725492095144E+035
   510.0000      2.861403704954772E+035
   525.0000      2.843241308590147E+035
   540.0000      2.788403691022743E+035
   555.0000      2.725753327403265E+035
   570.0000      2.677574216278215E+035
   585.0000      2.656392633486489E+035
   600.0000      2.661734369821997E+035
   615.0000      2.691641291094007E+035
   630.0000      2.742411198029404E+035
   645.0000      2.793888344645194E+035
   660.0000      2.824851776921516E+035
   675.0000      2.832996269472018E+035
   690.0000      2.832390580411133E+035
   705.0000      2.823494979337025E+035
   720.0000      2.801546116112427E+035
   720.0000      2.620690533525690E+035
   735.0000      2.596280880365845E+035
   750.0000      2.564222078125544E+035
   765.0000      2.535492890722227E+035
   780.0000      2.522261654731647E+035
   795.0000      2.528981372109435E+035
   810.0000      2.552339811454389E+035
   825.0000      2.585261410413988E+035
   840.0000      2.620525726742695E+035
   855.0000      2.645495021609903E+035
   870.0000      2.650210105347897E+035
   885.0000      2.630405907637122E+035
   900.0000      2.588973861622779E+035
   915.0000      2.538744935198417E+035
   930.0000      2.496572850590264E+035
   945.0000      2.475088584756866E+035
   960.0000      2.475930358426715E+035
   975.0000      2.498572458349472E+035
   990.0000      2.541638993025303E+035
   1005.000      2.588883126923340E+035
   1020.000      2.622531943332047E+035
   1035.000      2.635613867610010E+035
   1050.000      2.636252346036334E+035
   1065.000      2.633690029597525E+035
   1080.000      2.620690533525690E+035
   1080.000      2.418540095452339E+035
   1095.000      2.402728362419186E+035
   1110.000      2.379135735069488E+035
   1125.000      2.355273362580578E+035
   1140.000      2.341729155716874E+035
   1155.000      2.343610923872588E+035
   1170.000      2.359164124585738E+035
   1185.000      2.382895055431354E+035
   1200.000      2.409039691505539E+035
   1215.000      2.426753850638282E+035
   1230.000      2.428161801509444E+035
   1245.000      2.413644137251899E+035
   1260.000      2.384014221952300E+035
   1275.000      2.345016242054844E+035
   1290.000      2.308972925950510E+035
   1305.000      2.287368167984726E+035
   1320.000      2.283644858332165E+035
   1335.000      2.298400162648701E+035
   1350.000      2.331929318041236E+035
   1365.000      2.372741865257015E+035
   1380.000      2.406625402119391E+035
   1395.000      2.423985780472951E+035
   1410.000      2.427560613038619E+035
   1425.000      2.425814193656589E+035
   1440.000      2.418540095452339E+035
   1440.000      2.216737651980510E+035
   1455.000      2.206923890958982E+035
   1470.000      2.191442222276443E+035
   1485.000      2.173467917314237E+035
   1500.000      2.161207326992989E+035
   1515.000      2.159761969793365E+035
   1530.000      2.169170009431266E+035
   1545.000      2.185592343848995E+035
   1560.000      2.204428346218054E+035
   1575.000      2.216869073308110E+035
   1590.000      2.218389027078479E+035
   1605.000      2.208934582178926E+035
   1620.000      2.188253863537194E+035
   1635.000      2.158843017361356E+035
   1650.000      2.128774005399241E+035
   1665.000      2.107566864907136E+035
   1680.000      2.100032567069667E+035
   1695.000      2.107542976652951E+035
   1710.000      2.131374782876783E+035
   1725.000      2.164461818319744E+035
   1740.000      2.196283092175488E+035
   1755.000      2.216494386701737E+035
   1770.000      2.223638232102560E+035
   1785.000      2.223204804456354E+035
   1800.000      2.216737651980510E+035
   1800.000      2.028894918088322E+035
   1815.000      2.021437759835219E+035
   1830.000      2.010742775373421E+035
   1845.000      1.997607248380665E+035
   1860.000      1.987562467231065E+035
   1875.000      1.984470877885172E+035
   1890.000      1.989798585623756E+035
   1905.000      2.001209450351966E+035
   1920.000      2.014771760506483E+035
   1935.000      2.023830378208027E+035
   1950.000      2.025795436698275E+035
   1965.000      2.019410825708458E+035
   1980.000      2.004733855782099E+035
   1995.000      1.982803296713573E+035
   2010.000      1.958400120126557E+035
   2025.000      1.938697302322067E+035
   2040.000      1.929132444718099E+035
   2055.000      1.931649127992413E+035
   2070.000      1.947685964197740E+035
   2085.000      1.973369294300674E+035
   2100.000      2.001532755674478E+035
   2115.000      2.022576694351082E+035
   2130.000      2.032376226923963E+035
   2145.000      2.033664772513109E+035
   2160.000      2.028894918088322E+035
   2160.000      1.855576643293344E+035
   2175.000      1.849420920791745E+035
   2190.000      1.841592067525222E+035
   2205.000      1.831893861094711E+035
   2220.000      1.823476558187508E+035
   2235.000      1.819590714688464E+035
   2250.000      1.822546876602347E+035
   2265.000      1.830851961513245E+035
   2280.000      1.840836629172764E+035
   2295.000      1.847730231159863E+035
   2310.000      1.849274263247243E+035
   2325.000      1.844170067137514E+035
   2340.000      1.832895335555436E+035
   2355.000      1.816114048735951E+035
   2370.000      1.796628114038330E+035
   2385.000      1.779559641558161E+035
   2400.000      1.770206647923275E+035
   2415.000      1.770748815266418E+035
   2430.000      1.782291627011679E+035
   2445.000      1.802590272995118E+035
   2460.000      1.826770232149328E+035
   2475.000      1.846667877740562E+035
   2490.000      1.857232220409733E+035
   2505.000      1.859325883556911E+035
   2520.000      1.855576643293344E+035
   2520.000      1.695820624601068E+035
   2535.000      1.689807687923486E+035
   2550.000      1.682912664622106E+035
   2565.000      1.674976140996118E+035
   2580.000      1.667993735073512E+035
   2595.000      1.664575464263754E+035
   2610.000      1.666623644907003E+035
   2625.000      1.673155093138312E+035
   2640.000      1.680894444963291E+035
   2655.000      1.686063309649404E+035
   2670.000      1.686674839854156E+035
   2685.000      1.681774169323349E+035
   2700.000      1.672178774155825E+035
   2715.000      1.658612105236772E+035
   2730.000      1.642987912777534E+035
   2745.000      1.629147540521424E+035
   2760.000      1.621782266644540E+035
   2775.000      1.622867263588644E+035
   2790.000      1.633022440407954E+035
   2805.000      1.650459562796475E+035
   2820.000      1.671318487807261E+035
   2835.000      1.688774254002092E+035
   2850.000      1.698171692930012E+035
   2865.000      1.699671064743966E+035
   2880.000      1.695820624601068E+035
   2880.000      1.547561132275578E+035
   2895.000      1.540860010096222E+035
   2910.000      1.533672384460055E+035
   2925.000      1.526270956109486E+035
   2940.000      1.520333886651671E+035
   2955.000      1.517951565131016E+035
   2970.000      1.520331317335680E+035
   2985.000      1.526317090154183E+035
   3000.000      1.532809020242655E+035
   3015.000      1.536718203090535E+035
   3030.000      1.536388008810909E+035
   3045.000      1.531307322061179E+035
   3060.000      1.522545503819064E+035
   3075.000      1.510976566352073E+035
   3090.000      1.498297804364817E+035
   3105.000      1.487695616876410E+035
   3120.000      1.483109675919575E+035
   3135.000      1.486062524893945E+035
   3150.000      1.496649442903347E+035
   3165.000      1.512907214436447E+035
   3180.000      1.531132886116202E+035
   3195.000      1.545548008709805E+035
   3210.000      1.552541137415354E+035
   3225.000      1.552388633957871E+035
   3240.000      1.547561132275578E+035
   3240.000      1.408676265199089E+035
   3255.000      1.400968912512029E+035
   3270.000      1.393103045701534E+035
   3285.000      1.385842445147062E+035
   3300.000      1.380843271494495E+035
   3315.000      1.379748266074112E+035
   3330.000      1.383058133950365E+035
   3345.000      1.389212169848713E+035
   3360.000      1.395176769288446E+035
   3375.000      1.398315379234805E+035
   3390.000      1.397288360009473E+035
   3405.000      1.392023353334347E+035
   3420.000      1.383769452224796E+035
   3435.000      1.373562004051072E+035
   3450.000      1.363163663720499E+035
   3465.000      1.355430461737073E+035
   3480.000      1.353561078621312E+035
   3495.000      1.358577270818519E+035
   3510.000      1.370069866258025E+035
   3525.000      1.385666546864759E+035
   3540.000      1.401535224034658E+035
   3555.000      1.412798741309511E+035
   3570.000      1.417006602445859E+035
   3585.000      1.414833274001615E+035
   3600.000      1.408676265199089E+035
   3600.000      1.277845184353293E+035
   3615.000      1.269289305105065E+035
   3630.000      1.260951323154090E+035
   3645.000      1.253972852731079E+035
   3660.000      1.249978624875506E+035
   3675.000      1.250201285359168E+035
   3690.000      1.254558044320058E+035
   3705.000      1.261124779871229E+035
   3720.000      1.266920690205114E+035
   3735.000      1.269605880439452E+035
   3750.000      1.268128298482321E+035
   3765.000      1.262789225194368E+035
   3780.000      1.254953107728541E+035
   3795.000      1.245808744744267E+035
   3810.000      1.237229343313376E+035
   3825.000      1.231814199937713E+035
   3840.000      1.232113568326810E+035
   3855.000      1.238721026187915E+035
   3870.000      1.250789084149184E+035
   3885.000      1.265563484286890E+035
   3900.000      1.279153266282783E+035
   3915.000      1.287517113092362E+035
   3930.000      1.289187058053677E+035
   3945.000      1.285196781680926E+035
   3960.000      1.277845184353293E+035
   3960.000      1.154453194296541E+035
   3975.000      1.145456200093106E+035
   3990.000      1.137063188302473E+035
   4005.000      1.130624437484552E+035
   4020.000      1.127655180533807E+035
   4035.000      1.129034349578667E+035
   4050.000      1.134261461372228E+035
   4065.000      1.141180479841083E+035
   4080.000      1.146892370625426E+035
   4095.000      1.149275794196946E+035
   4110.000      1.147534498294474E+035
   4125.000      1.142248443700750E+035
   4140.000      1.134840829179522E+035
   4155.000      1.126620582678141E+035
   4170.000      1.119508548496502E+035
   4185.000      1.115837131391977E+035
   4200.000      1.117630222357983E+035
   4215.000      1.125155571129929E+035
   4230.000      1.137234151470992E+035
   4245.000      1.150882142126120E+035
   4260.000      1.162318000272175E+035
   4275.000      1.168247522959474E+035
   4290.000      1.167921564689181E+035
   4305.000      1.162595002719595E+035
   4320.000      1.154453194296541E+035
   4320.000      1.038106842879520E+035
   4335.000      1.029099054021142E+035
   4350.000      1.021025162414060E+035
   4365.000      1.015297166858488E+035
   4380.000      1.013270046498200E+035
   4395.000      1.015541507635266E+035
   4410.000      1.021344906702908E+035
   4425.000      1.028424062357538E+035
   4440.000      1.034001614411966E+035
   4455.000      1.036144052795861E+035
   4470.000      1.034274286798432E+035
   4485.000      1.029155006780990E+035
   4500.000      1.022219577729735E+035
   4515.000      1.014845719069021E+035
   4530.000      1.008919465404071E+035
   4545.000      1.006496764072154E+035
   4560.000      1.009189605970459E+035
   4575.000      1.017032950005322E+035
   4590.000      1.028637502824139E+035
   4605.000      1.040959062640197E+035
   4620.000      1.050453813982829E+035
   4635.000      1.054464013299287E+035
   4650.000      1.052720976985362E+035
   4665.000      1.046582922427526E+035
   4680.000      1.038106842879520E+035
   4680.000      9.283875693176211E+034
   4695.000      9.197133023633187E+034
   4710.000      9.122112113647183E+034
   4725.000      9.072548682553264E+034
   4740.000      9.060234647578699E+034
   4755.000      9.089038302506627E+034
   4770.000      9.149813557042801E+034
   4785.000      9.220047724517956E+034
   4800.000      9.273557765922454E+034
   4815.000      9.292793487635868E+034
   4830.000      9.273784195392301E+034
   4845.000      9.225168524618810E+034
   4860.000      9.160977778453385E+034
   4875.000      9.095133641205582E+034
   4890.000      9.045496220773372E+034
   4905.000      9.029934221519799E+034
   4920.000      9.061369743124830E+034
   4935.000      9.138578904499637E+034
   4950.000      9.246616377813374E+034
   4965.000      9.355848682142895E+034
   4980.000      9.433961500026788E+034
   4995.000      9.459558894258900E+034
   5010.000      9.433002697763103E+034
   5025.000      9.368052363018532E+034
   5040.000      9.283875693176211E+034
   5040.000      8.248349804558751E+034
   5055.000      8.167343794822630E+034
   5070.000      8.099462762650278E+034
   5085.000      8.057467236410326E+034
   5100.000      8.051444977778344E+034
   5115.000      8.083743303924677E+034
   5130.000      8.144602009534299E+034
   5145.000      8.212332547621218E+034
   5160.000      8.262651601153052E+034
   5175.000      8.279775230210809E+034
   5190.000      8.261154556463383E+034
   5205.000      8.215801648420038E+034
   5220.000      8.157118659132335E+034
   5235.000      8.098689966355922E+034
   5250.000      8.056953219152792E+034
   5265.000      8.047271221782549E+034
   5280.000      8.080063677926794E+034
   5295.000      8.153090480480004E+034
   5310.000      8.251275387823160E+034
   5325.000      8.346730380117987E+034
   5340.000      8.410574330527881E+034
   5355.000      8.425571906649799E+034
   5370.000      8.393913867967099E+034
   5385.000      8.328952546015103E+034
   5400.000      8.248349804558751E+034
   5400.000      7.269832024964721E+034
   5415.000      7.196090804030483E+034
   5430.000      7.135987632861291E+034
   5445.000      7.101000732814506E+034
   5460.000      7.099656197774374E+034
   5475.000      7.133238126151675E+034
   5490.000      7.191993314694054E+034
   5505.000      7.255614348854412E+034
   5520.000      7.301958239650066E+034
   5535.000      7.317002735220226E+034
   5550.000      7.299279669844520E+034
   5565.000      7.257694430958794E+034
   5580.000      7.204760912126767E+034
   5595.000      7.153335753350919E+034
   5610.000      7.118196493489318E+034
   5625.000      7.112423978039172E+034
   5640.000      7.144443046340525E+034
   5655.000      7.211462805923028E+034
   5670.000      7.298938717627626E+034
   5685.000      7.381325732789746E+034
   5700.000      7.433225462666789E+034
   5715.000      7.440740516511873E+034
   5730.000      7.407060099829683E+034
   5745.000      7.344745158857815E+034
   5760.000      7.269832024964721E+034
   5760.000      6.343854104908923E+034
   5775.000      6.278259109276787E+034
   5790.000      6.226072069249504E+034
   5805.000      6.197358392009490E+034
   5820.000      6.199247449205227E+034
   5835.000      6.232304769653944E+034
   5850.000      6.287227141954468E+034
   5865.000      6.345482554504921E+034
   5880.000      6.387245859006732E+034
   5895.000      6.400243608062298E+034
   5910.000      6.383795073332846E+034
   5925.000      6.346345673474500E+034
   5940.000      6.299319660272686E+034
   5955.000      6.254546964479962E+034
   5970.000      6.225034153439249E+034
   5985.000      6.221797890789776E+034
   6000.000      6.251672665473465E+034
   6015.000      6.311641021722362E+034
   6030.000      6.388170725265063E+034
   6045.000      6.458410922707766E+034
   6060.000      6.500361105951624E+034
   6075.000      6.502821244081523E+034
   6090.000      6.469416224940829E+034
   6105.000      6.411658127193792E+034
   6120.000      6.343854104908923E+034
   6120.000      5.466251644337953E+034
   6135.000      5.409233214243725E+034
   6150.000      5.364805831240179E+034
   6165.000      5.341594511343347E+034
   6180.000      5.345488721263627E+034
   6195.000      5.376590854020382E+034
   6210.000      5.426360769719849E+034
   6225.000      5.478315511457033E+034
   6240.000      5.515069116789046E+034
   6255.000      5.526070203586726E+034
   6270.000      5.511181350397359E+034
   6285.000      5.478132747057592E+034
   6300.000      5.437106717315317E+034
   6315.000      5.398688338166492E+034
   6330.000      5.374079047487014E+034
   6345.000      5.372451205992217E+034
   6360.000      5.399330791970205E+034
   6375.000      5.451717728475064E+034
   6390.000      5.517422870926204E+034
   6405.000      5.576474815752436E+034
   6420.000      5.610126182636882E+034
   6435.000      5.609385894829097E+034
   6450.000      5.577936255390653E+034
   6465.000      5.526052517818788E+034
   6480.000      5.466251644337953E+034
   6480.000      4.633220735425874E+034
   6495.000      4.584908900490944E+034
   6510.000      4.547928157335541E+034
   6525.000      4.529491518874878E+034
   6540.000      4.534385804689169E+034
   6555.000      4.562439300424137E+034
   6570.000      4.606091348186681E+034
   6585.000      4.651089856297882E+034
   6600.000      4.682563006339971E+034
   6615.000      4.691640928277465E+034
   6630.000      4.678531378702965E+034
   6645.000      4.650068457597894E+034
   6660.000      4.615081915506037E+034
   6675.000      4.582761359482493E+034
   6690.000      4.562521080599617E+034
   6705.000      4.561880767089760E+034
   6720.000      4.585261742830145E+034
   6735.000      4.629861321969216E+034
   6750.000      4.685050774635298E+034
   6765.000      4.733816020897441E+034
   6780.000      4.760498853970848E+034
   6795.000      4.757951558175111E+034
   6810.000      4.729649264018879E+034
   6825.000      4.684507929668078E+034
   6840.000      4.633220735425874E+034
   6840.000      3.841350680864776E+034
   6855.000      3.801682390667638E+034
   6870.000      3.771768459400704E+034
   6885.000      3.757462143284868E+034
   6900.000      3.762564289497808E+034
   6915.000      3.786765272823979E+034
   6930.000      3.823632546280033E+034
   6945.000      3.861256723249900E+034
   6960.000      3.887312705956032E+034
   6975.000      3.894563030992417E+034
   6990.000      3.883402889699597E+034
   7005.000      3.859645408651870E+034
   7020.000      3.830692418692922E+034
   7035.000      3.804241961570423E+034
   7050.000      3.787972236962351E+034
   7065.000      3.787902897049256E+034
   7080.000      3.807506705806356E+034
   7095.000      3.844306705329895E+034
   7110.000      3.889369409476095E+034
   7125.000      3.928649722246543E+034
   7140.000      3.949415205826765E+034
   7155.000      3.946085611942567E+034
   7170.000      3.921749790549307E+034
   7185.000      3.883885653074978E+034
   7200.000      3.841350680864776E+034
   7200.000      3.087522498853374E+034
   7215.000      3.056319343816819E+034
   7230.000      3.033077035477720E+034
   7245.000      3.022354118947267E+034
   7260.000      3.027061236036902E+034
   7275.000      3.046848800041467E+034
   7290.000      3.076509454101486E+034
   7305.000      3.106534365363462E+034
   7320.000      3.127146795158405E+034
   7335.000      3.132683709482466E+034
   7350.000      3.123604677293325E+034
   7365.000      3.104619972579629E+034
   7380.000      3.081657322636438E+034
   7395.000      3.060869937293958E+034
   7410.000      3.048265276469196E+034
   7425.000      3.048488861549867E+034
   7440.000      3.064179927417948E+034
   7455.000      3.093277653015865E+034
   7470.000      3.128619527454787E+034
   7485.000      3.159098740106278E+034
   7500.000      3.174760812529420E+034
   7515.000      3.171384555931930E+034
   7530.000      3.151551130699564E+034
   7545.000      3.121254313524927E+034
   7560.000      3.087522498853374E+034
   7560.000      2.368898183054119E+034
   7575.000      2.345917074864383E+034
   7590.000      2.328967477128976E+034
   7605.000      2.321379671145834E+034
   7620.000      2.325252327642238E+034
   7635.000      2.340265652485599E+034
   7650.000      2.362495178371983E+034
   7665.000      2.384850296195940E+034
   7680.000      2.400079039675146E+034
   7695.000      2.404030334097191E+034
   7710.000      2.397134507999360E+034
   7725.000      2.382947169024229E+034
   7740.000      2.365901017378779E+034
   7755.000      2.350583962255484E+034
   7770.000      2.341402358867708E+034
   7785.000      2.341730074082641E+034
   7800.000      2.353459932035103E+034
   7815.000      2.375007831152102E+034
   7830.000      2.401016275863786E+034
   7845.000      2.423262493748578E+034
   7860.000      2.434439107462137E+034
   7875.000      2.431527537314600E+034
   7890.000      2.416519871645749E+034
   7905.000      2.393903886442948E+034
   7920.000      2.368898183054119E+034
   7920.000      1.682911194297900E+034
   7935.000      1.667877876386931E+034
   7950.000      1.656874261049708E+034
   7965.000      1.652065142066121E+034
   7980.000      1.654801035857546E+034
   7995.000      1.664840724310571E+034
   8010.000      1.679570484159902E+034
   8025.000      1.694305739374860E+034
   8040.000      1.704275894227766E+034
   8055.000      1.706777557227597E+034
   8070.000      1.702141540288054E+034
   8085.000      1.692740995378758E+034
   8100.000      1.681511501511771E+034
   8115.000      1.671480782442760E+034
   8130.000      1.665522898005953E+034
   8145.000      1.665823122334136E+034
   8160.000      1.673595092209191E+034
   8175.000      1.687768943532902E+034
   8190.000      1.704796997979679E+034
   8205.000      1.719273611659004E+034
   8220.000      1.726424321940630E+034
   8235.000      1.724315800936082E+034
   8250.000      1.714299026119579E+034
   8265.000      1.699351387118852E+034
   8280.000      1.682911194297900E+034
   8280.000      1.027251175234702E+034
   8295.000      1.019880749252347E+034
   8310.000      1.014514210345762E+034
   8325.000      1.012208192871675E+034
   8340.000      1.013617215639050E+034
   8355.000      1.018611774540690E+034
   8370.000      1.025894117547814E+034
   8385.000      1.033151232783200E+034
   8400.000      1.038035243463007E+034
   8415.000      1.039225918389669E+034
   8430.000      1.036903310245499E+034
   8445.000      1.032248333124091E+034
   8460.000      1.026712958199838E+034
   8475.000      1.021789698662930E+034
   8490.000      1.018885012719270E+034
   8505.000      1.019063557695376E+034
   8520.000      1.022912238414793E+034
   8535.000      1.029895088715002E+034
   8550.000      1.038257659136533E+034
   8565.000      1.045338813050162E+034
   8580.000      1.048797375502024E+034
   8595.000      1.047698040745670E+034
   8610.000      1.042720244169746E+034
   8625.000      1.035339555598674E+034
   8640.000      1.027251175234702E+034
