  0.0000000E+00  1.082556409842603E+036   6.000000    
   22.50000      9.870384227167666E+035   6.000000    
   45.00000      9.102430714592338E+035   6.000000    
   67.50000      8.751281559680728E+035   6.000000    
   90.00000      8.812164043167842E+035   6.000000    
   112.5000      9.057942959105605E+035   6.000000    
   135.0000      9.421498797292171E+035   6.000000    
   157.5000      9.939879772099146E+035   6.000000    
   180.0000      1.058582459098009E+036   6.000000    
   202.5000      1.123720539759648E+036   6.000000    
   225.0000      1.186811170644753E+036   6.000000    
   247.5000      1.229003650748022E+036   6.000000    
   270.0000      1.248399992832373E+036   6.000000    
   292.5000      1.257082387687361E+036   6.000000    
   315.0000      1.237515740783060E+036   6.000000    
   337.5000      1.174330010645962E+036   6.000000    
  0.0000000E+00  1.082556409842603E+036   6.000000    
 
  0.0000000E+00  1.022412769553321E+036   6.283333    
   22.50000      9.436218499400867E+035   6.283333    
   45.00000      8.768880695433094E+035   6.283333    
   67.50000      8.422433974152246E+035   6.283333    
   90.00000      8.419031612707408E+035   6.283333    
   112.5000      8.583461961471226E+035   6.283333    
   135.0000      8.862559042741635E+035   6.283333    
   157.5000      9.268679857355835E+035   6.283333    
   180.0000      9.775668256211177E+035   6.283333    
   202.5000      1.030618425731868E+036   6.283333    
   225.0000      1.084012479065510E+036   6.283333    
   247.5000      1.121919705087568E+036   6.283333    
   270.0000      1.141879738184135E+036   6.283333    
   292.5000      1.153162020388568E+036   6.283333    
   315.0000      1.141268095570381E+036   6.283333    
   337.5000      1.093587952134958E+036   6.283333    
  0.0000000E+00  1.022412769553321E+036   6.283333    
 
  0.0000000E+00  9.443239454253829E+035   6.566667    
   22.50000      8.869684444683463E+035   6.566667    
   45.00000      8.331100386372423E+035   6.566667    
   67.50000      7.984328689427786E+035   6.566667    
   90.00000      7.885533466306775E+035   6.566667    
   112.5000      7.936061596619875E+035   6.566667    
   135.0000      8.090719030563117E+035   6.566667    
   157.5000      8.347798232134215E+035   6.566667    
   180.0000      8.683036195636717E+035   6.566667    
   202.5000      9.060926739743064E+035   6.566667    
   225.0000      9.473505946123292E+035   6.566667    
   247.5000      9.813463814921542E+035   6.566667    
   270.0000      1.003404571636797E+036   6.566667    
   292.5000      1.019133447211082E+036   6.566667    
   315.0000      1.018939785881329E+036   6.566667    
   337.5000      9.915589829614152E+035   6.566667    
  0.0000000E+00  9.443239454253829E+035   6.566667    
 
  0.0000000E+00  8.595360971915466E+035   6.850000    
   22.50000      8.213433546240879E+035   6.850000    
   45.00000      7.807441650560846E+035   6.850000    
   67.50000      7.483883443566756E+035   6.850000    
   90.00000      7.314581294630889E+035   6.850000    
   112.5000      7.266518952615252E+035   6.850000    
   135.0000      7.309390028376977E+035   6.850000    
   157.5000      7.429366653633896E+035   6.850000    
   180.0000      7.611624327408104E+035   6.850000    
   202.5000      7.839136190910501E+035   6.850000    
   225.0000      8.123977521285234E+035   6.850000    
   247.5000      8.414431199419733E+035   6.850000    
   270.0000      8.647793823177237E+035   6.850000    
   292.5000      8.841410029099106E+035   6.850000    
   315.0000      8.942214200242156E+035   6.850000    
   337.5000      8.857391337848033E+035   6.850000    
  0.0000000E+00  8.595360971915466E+035   6.850000    
 
  0.0000000E+00  7.657038115094144E+035   7.133333    
   22.50000      7.411380649418056E+035   7.133333    
   45.00000      7.118188960323921E+035   7.133333    
   67.50000      6.850968984521043E+035   7.133333    
   90.00000      6.678404921958575E+035   7.133333    
   112.5000      6.596893895426863E+035   7.133333    
   135.0000      6.586734067301393E+035   7.133333    
   157.5000      6.630892994148760E+035   7.133333    
   180.0000      6.722730338590252E+035   7.133333    
   202.5000      6.851838977706120E+035   7.133333    
   225.0000      7.037365048248812E+035   7.133333    
   247.5000      7.263662409766142E+035   7.133333    
   270.0000      7.475042231519021E+035   7.133333    
   292.5000      7.661569065339676E+035   7.133333    
   315.0000      7.790466200266535E+035   7.133333    
   337.5000      7.793489064161061E+035   7.133333    
  0.0000000E+00  7.657038115094144E+035   7.133333    
 
  0.0000000E+00  6.686446258454440E+035   7.416667    
   22.50000      6.499947577488580E+035   7.416667    
   45.00000      6.283279923722900E+035   7.416667    
   67.50000      6.089826472091057E+035   7.416667    
   90.00000      5.968505067525082E+035   7.416667    
   112.5000      5.912780773881320E+035   7.416667    
   135.0000      5.907677034535948E+035   7.416667    
   157.5000      5.937509186021217E+035   7.416667    
   180.0000      6.001591422975318E+035   7.416667    
   202.5000      6.095296045761671E+035   7.416667    
   225.0000      6.234927366262818E+035   7.416667    
   247.5000      6.409848866331603E+035   7.416667    
   270.0000      6.576350032239938E+035   7.416667    
   292.5000      6.716858234122665E+035   7.416667    
   315.0000      6.804886646002102E+035   7.416667    
   337.5000      6.796018927064467E+035   7.416667    
  0.0000000E+00  6.686446258454440E+035   7.416667    
 
  0.0000000E+00  5.771509987957808E+035   7.700000    
   22.50000      5.614510852602335E+035   7.700000    
   45.00000      5.455712277015588E+035   7.700000    
   67.50000      5.334721760441640E+035   7.700000    
   90.00000      5.277746972871450E+035   7.700000    
   112.5000      5.268050804230334E+035   7.700000    
   135.0000      5.289726774843194E+035   7.700000    
   157.5000      5.329560990019189E+035   7.700000    
   180.0000      5.391043116479344E+035   7.700000    
   202.5000      5.473275273723356E+035   7.700000    
   225.0000      5.585868337357184E+035   7.700000    
   247.5000      5.713481109408150E+035   7.700000    
   270.0000      5.825882948237806E+035   7.700000    
   292.5000      5.908046500223153E+035   7.700000    
   315.0000      5.936528820047199E+035   7.700000    
   337.5000      5.887304516164368E+035   7.700000    
  0.0000000E+00  5.771509987957808E+035   7.700000    
 
  0.0000000E+00  4.969609272225487E+035   7.983334    
   22.50000      4.842608337500799E+035   7.983334    
   45.00000      4.734805129235759E+035   7.983334    
   67.50000      4.673167328053681E+035   7.983334    
   90.00000      4.666305317002714E+035   7.983334    
   112.5000      4.691883425560954E+035   7.983334    
   135.0000      4.732886543339152E+035   7.983334    
   157.5000      4.778481175732187E+035   7.983334    
   180.0000      4.834609370650498E+035   7.983334    
   202.5000      4.901836654876013E+035   7.983334    
   225.0000      4.984561198347856E+035   7.983334    
   247.5000      5.067755735228118E+035   7.983334    
   270.0000      5.134228167878912E+035   7.983334    
   292.5000      5.170852031388143E+035   7.983334    
   315.0000      5.156675699690554E+035   7.983334    
   337.5000      5.082908965235264E+035   7.983334    
  0.0000000E+00  4.969609272225487E+035   7.983334    
 
  0.0000000E+00  4.286666772491856E+035   8.266666    
   22.50000      4.190129609999039E+035   8.266666    
   45.00000      4.123141495424652E+035   8.266666    
   67.50000      4.102117456417401E+035   8.266666    
   90.00000      4.125408600023190E+035   8.266666    
   112.5000      4.169555949151700E+035   8.266666    
   135.0000      4.217305961949054E+035   8.266666    
   157.5000      4.260206500763351E+035   8.266666    
   180.0000      4.305524294033281E+035   8.266666    
   202.5000      4.354457701878632E+035   8.266666    
   225.0000      4.409121023633676E+035   8.266666    
   247.5000      4.458427516607645E+035   8.266666    
   270.0000      4.493939330809387E+035   8.266666    
   292.5000      4.502627129513801E+035   8.266666    
   315.0000      4.466597082397547E+035   8.266666    
   337.5000      4.386853187826030E+035   8.266666    
  0.0000000E+00  4.286666772491856E+035   8.266666    
 
  0.0000000E+00  3.701756018782569E+035   8.550000    
   22.50000      3.631658985041528E+035   8.550000    
   45.00000      3.593976432398466E+035   8.550000    
   67.50000      3.597549498206663E+035   8.550000    
   90.00000      3.635781673980306E+035   8.550000    
   112.5000      3.686353601107928E+035   8.550000    
   135.0000      3.732614212840700E+035   8.550000    
   157.5000      3.768377880818393E+035   8.550000    
   180.0000      3.801524716605999E+035   8.550000    
   202.5000      3.833739899566939E+035   8.550000    
   225.0000      3.866567963842104E+035   8.550000    
   247.5000      3.893281110361366E+035   8.550000    
   270.0000      3.910238355353783E+035   8.550000    
   292.5000      3.904008165002829E+035   8.550000    
   315.0000      3.860051455652873E+035   8.550000    
   337.5000      3.784921833124782E+035   8.550000    
  0.0000000E+00  3.701756018782569E+035   8.550000    
 
  0.0000000E+00  3.192595034418960E+035   8.833333    
   22.50000      3.143301531968464E+035   8.833333    
   45.00000      3.125002160385770E+035   8.833333    
   67.50000      3.141703887937852E+035   8.833333    
   90.00000      3.184932548047330E+035   8.833333    
   112.5000      3.234530725604503E+035   8.833333    
   135.0000      3.275110721567382E+035   8.833333    
   157.5000      3.302504510303853E+035   8.833333    
   180.0000      3.324729422915338E+035   8.833333    
   202.5000      3.343872144948931E+035   8.833333    
   225.0000      3.361644047683432E+035   8.833333    
   247.5000      3.374657440844791E+035   8.833333    
   270.0000      3.381468068681310E+035   8.833333    
   292.5000      3.368642571757474E+035   8.833333    
   315.0000      3.324763192812684E+035   8.833333    
   337.5000      3.258984930769535E+035   8.833333    
  0.0000000E+00  3.192595034418960E+035   8.833333    
 
  0.0000000E+00  2.741560910667876E+035   9.116667    
   22.50000      2.707731711369282E+035   9.116667    
   45.00000      2.701241474685147E+035   9.116667    
   67.50000      2.723271041929928E+035   9.116667    
   90.00000      2.765245101494176E+035   9.116667    
   112.5000      2.809608979005240E+035   9.116667    
   135.0000      2.842768667398529E+035   9.116667    
   157.5000      2.862249464654353E+035   9.116667    
   180.0000      2.875810560727080E+035   9.116667    
   202.5000      2.885800929054171E+035   9.116667    
   225.0000      2.894180623397640E+035   9.116667    
   247.5000      2.899685368830907E+035   9.116667    
   270.0000      2.901618993991004E+035   9.116667    
   292.5000      2.887242230519476E+035   9.116667    
   315.0000      2.847783232444093E+035   9.116667    
   337.5000      2.793031133920619E+035   9.116667    
  0.0000000E+00  2.741560910667876E+035   9.116667    
 
  0.0000000E+00  2.335443914770016E+035   9.400000    
   22.50000      2.312758521786850E+035   9.400000    
   45.00000      2.312636208852589E+035   9.400000    
   67.50000      2.334825859095229E+035   9.400000    
   90.00000      2.371636233370952E+035   9.400000    
   112.5000      2.408411906766838E+035   9.400000    
   135.0000      2.433776589112064E+035   9.400000    
   157.5000      2.446572462526671E+035   9.400000    
   180.0000      2.453893099141625E+035   9.400000    
   202.5000      2.458135575449532E+035   9.400000    
   225.0000      2.461291967696918E+035   9.400000    
   247.5000      2.463226709882649E+035   9.400000    
   270.0000      2.463333238442328E+035   9.400000    
   292.5000      2.450295942347382E+035   9.400000    
   315.0000      2.417511954216142E+035   9.400000    
   337.5000      2.374094054974405E+035   9.400000    
  0.0000000E+00  2.335443914770016E+035   9.400000    
 
  0.0000000E+00  1.964456309226695E+035   9.683333    
   22.50000      1.949758178019131E+035   9.683333    
   45.00000      1.952293207609295E+035   9.683333    
   67.50000      1.971275015406511E+035   9.683333    
   90.00000      2.000476070374207E+035   9.683333    
   112.5000      2.028443514463382E+035   9.683333    
   135.0000      2.046357779288570E+035   9.683333    
   157.5000      2.053962342718645E+035   9.683333    
   180.0000      2.057235160048123E+035   9.683333    
   202.5000      2.058354060365768E+035   9.683333    
   225.0000      2.059065740099315E+035   9.683333    
   247.5000      2.059674538241542E+035   9.683333    
   270.0000      2.059492070969702E+035   9.683333    
   292.5000      2.049298001578073E+035   9.683333    
   315.0000      2.024307516923494E+035   9.683333    
   337.5000      1.992055813091818E+035   9.683333    
  0.0000000E+00  1.964456309226695E+035   9.683333    
 
  0.0000000E+00  1.621405255630593E+035   9.966667    
   22.50000      1.612606949535362E+035   9.966667    
   45.00000      1.615421916978285E+035   9.966667    
   67.50000      1.629077310785837E+035   9.966667    
   90.00000      1.649185105330217E+035   9.966667    
   112.5000      1.667820497466524E+035   9.966667    
   135.0000      1.678972050478056E+035   9.966667    
   157.5000      1.682859767400292E+035   9.966667    
   180.0000      1.683873775010675E+035   9.966667    
   202.5000      1.683696507673763E+035   9.966667    
   225.0000      1.683603375267322E+035   9.966667    
   247.5000      1.683923938731475E+035   9.966667    
   270.0000      1.683984143337965E+035   9.966667    
   292.5000      1.677237987009865E+035   9.966667    
   315.0000      1.660523413175190E+035   9.966667    
   337.5000      1.639194682300127E+035   9.966667    
  0.0000000E+00  1.621405255630593E+035   9.966667    
 
  0.0000000E+00  1.301099518720186E+035   10.25000    
   22.50000      1.296987190459961E+035   10.25000    
   45.00000      1.298711034160182E+035   10.25000    
   67.50000      1.305816916963244E+035   10.25000    
   90.00000      1.316020429862957E+035   10.25000    
   112.5000      1.325236891439434E+035   10.25000    
   135.0000      1.330427121497475E+035   10.25000    
   157.5000      1.331875358422377E+035   10.25000    
   180.0000      1.331950813675617E+035   10.25000    
   202.5000      1.331591292816200E+035   10.25000    
   225.0000      1.331459791977245E+035   10.25000    
   247.5000      1.331727243849110E+035   10.25000    
   270.0000      1.331945056824431E+035   10.25000    
   292.5000      1.328698767680752E+035   10.25000    
   315.0000      1.320394250556243E+035   10.25000    
   337.5000      1.309808790539701E+035   10.25000    
  0.0000000E+00  1.301099518720186E+035   10.25000    
 
