  0.0000000E+00   859.844879635767        6.000000    
   22.50000       826.627074959437        6.000000    
   45.00000       796.377225541153        6.000000    
   67.50000       758.189017832309        6.000000    
   90.00000       743.253347441285        6.000000    
   112.5000       744.045718699411        6.000000    
   135.0000       743.349989590107        6.000000    
   157.5000       750.455851257308        6.000000    
   180.0000       756.766307460972        6.000000    
   202.5000       758.084879786146        6.000000    
   225.0000       773.715790198633        6.000000    
   247.5000       811.421469111743        6.000000    
   270.0000       848.807304311905        6.000000    
   292.5000       873.159852774031        6.000000    
   315.0000       893.092565168314        6.000000    
   337.5000       889.305357708451        6.000000    
  0.0000000E+00   859.844879635767        6.000000    
 
  0.0000000E+00   666.878791694087        6.283333    
   22.50000       646.475790357024        6.283333    
   45.00000       629.672930820663        6.283333    
   67.50000       604.973351287048        6.283333    
   90.00000       591.506533589906        6.283333    
   112.5000       589.199824375950        6.283333    
   135.0000       586.473145385946        6.283333    
   157.5000       588.839346836825        6.283333    
   180.0000       590.584979403154        6.283333    
   202.5000       587.343310874953        6.283333    
   225.0000       599.165226201074        6.283333    
   247.5000       625.287952634257        6.283333    
   270.0000       652.214183062657        6.283333    
   292.5000       670.827902867046        6.283333    
   315.0000       686.528312643427        6.283333    
   337.5000       687.808439859481        6.283333    
  0.0000000E+00   666.878791694087        6.283333    
 
  0.0000000E+00   508.236158859968        6.566667    
   22.50000       493.420912608963        6.566667    
   45.00000       483.598838568377        6.566667    
   67.50000       469.426676883454        6.566667    
   90.00000       459.266833216677        6.566667    
   112.5000       455.569515309437        6.566667    
   135.0000       452.248639973688        6.566667    
   157.5000       451.301577716743        6.566667    
   180.0000       449.654591170085        6.566667    
   202.5000       447.824949649914        6.566667    
   225.0000       453.581364396855        6.566667    
   247.5000       468.329533510058        6.566667    
   270.0000       486.096669113907        6.566667    
   292.5000       500.017005544357        6.566667    
   315.0000       512.209945049504        6.566667    
   337.5000       517.483384667038        6.566667    
  0.0000000E+00   508.236158859968        6.566667    
 
  0.0000000E+00   382.848592479342        6.850000    
   22.50000       375.898848935250        6.850000    
   45.00000       367.750112261579        6.850000    
   67.50000       359.324360559803        6.850000    
   90.00000       352.486499312471        6.850000    
   112.5000       348.720246714304        6.850000    
   135.0000       345.521479670336        6.850000    
   157.5000       342.817523057121        6.850000    
   180.0000       341.036537687397        6.850000    
   202.5000       339.704823344108        6.850000    
   225.0000       341.124217407631        6.850000    
   247.5000       347.545727596701        6.850000    
   270.0000       358.049099381837        6.850000    
   292.5000       367.924014775187        6.850000    
   315.0000       377.007810143141        6.850000    
   337.5000       383.712184757284        6.850000    
  0.0000000E+00   382.848592479342        6.850000    
 
  0.0000000E+00   288.067411215502        7.133333    
   22.50000       285.645500254864        7.133333    
   45.00000       281.310594924299        7.133333    
   67.50000       275.453940343672        7.133333    
   90.00000       270.163605328564        7.133333    
   112.5000       266.675604134454        7.133333    
   135.0000       263.947319389988        7.133333    
   157.5000       261.655701128719        7.133333    
   180.0000       260.171225781535        7.133333    
   202.5000       259.201709443870        7.133333    
   225.0000       259.389136003821        7.133333    
   247.5000       262.082229205356        7.133333    
   270.0000       268.051104680739        7.133333    
   292.5000       274.543169242408        7.133333    
   315.0000       280.701252671282        7.133333    
   337.5000       286.086707140006        7.133333    
  0.0000000E+00   288.067411215502        7.133333    
 
  0.0000000E+00   220.626328226836        7.416667    
   22.50000       219.334224568885        7.416667    
   45.00000       216.674423127075        7.416667    
   67.50000       212.633928795224        7.416667    
   90.00000       208.742023226031        7.416667    
   112.5000       205.961052902899        7.416667    
   135.0000       203.860015435724        7.416667    
   157.5000       202.253237050161        7.416667    
   180.0000       201.522175527323        7.416667    
   202.5000       201.292149507778        7.416667    
   225.0000       201.796550978200        7.416667    
   247.5000       203.707215516987        7.416667    
   270.0000       207.578079790711        7.416667    
   292.5000       211.703045669147        7.416667    
   315.0000       215.608957345645        7.416667    
   337.5000       219.047210156307        7.416667    
  0.0000000E+00   220.626328226836        7.416667    
 
  0.0000000E+00   170.975715340837        7.700000    
   22.50000       169.624802445345        7.700000    
   45.00000       167.410618586964        7.700000    
   67.50000       164.240943777127        7.700000    
   90.00000       161.450052872574        7.700000    
   112.5000       159.634093003191        7.700000    
   135.0000       158.500544049210        7.700000    
   157.5000       157.958190111250        7.700000    
   180.0000       158.102819236766        7.700000    
   202.5000       158.516438465584        7.700000    
   225.0000       159.400873989009        7.700000    
   247.5000       161.038140246662        7.700000    
   270.0000       163.596219433694        7.700000    
   292.5000       166.101587848963        7.700000    
   315.0000       168.514393482574        7.700000    
   337.5000       170.441868341314        7.700000    
  0.0000000E+00   170.975715340837        7.700000    
 
  0.0000000E+00   132.074028134820        7.983334    
   22.50000       130.699215428425        7.983334    
   45.00000       128.787386553999        7.983334    
   67.50000       126.348809051810        7.983334    
   90.00000       124.532668665079        7.983334    
   112.5000       123.577798808689        7.983334    
   135.0000       123.256091479371        7.983334    
   157.5000       123.471025451225        7.983334    
   180.0000       124.088011701141        7.983334    
   202.5000       124.765905697496        7.983334    
   225.0000       125.668707398297        7.983334    
   247.5000       126.857963351285        7.983334    
   270.0000       128.399912130622        7.983334    
   292.5000       129.860684370858        7.983334    
   315.0000       131.313381698249        7.983334    
   337.5000       132.240596671042        7.983334    
  0.0000000E+00   132.074028134820        7.983334    
 
  0.0000000E+00   101.505194192755        8.266666    
   22.50000       100.308808486608        8.266666    
   45.00000       98.7803010358503        8.266666    
   67.50000       97.0247192730399        8.266666    
   90.00000       95.9294401718337        8.266666    
   112.5000       95.5161022913925        8.266666    
   135.0000       95.6435464012496        8.266666    
   157.5000       96.1936626660008        8.266666    
   180.0000       96.9369883736028        8.266666    
   202.5000       97.6304359141517        8.266666    
   225.0000       98.3653951914380        8.266666    
   247.5000       99.1083947796110        8.266666    
   270.0000       99.9536655082094        8.266666    
   292.5000       100.769176342496        8.266666    
   315.0000       101.600970103924        8.266666    
   337.5000       101.949638965743        8.266666    
  0.0000000E+00   101.505194192755        8.266666    
 
  0.0000000E+00   77.7120360871505        8.550000    
   22.50000       76.7663632520273        8.550000    
   45.00000       75.6193950175154        8.550000    
   67.50000       74.4160883370086        8.550000    
   90.00000       73.7878606585065        8.550000    
   112.5000       73.6632287493198        8.550000    
   135.0000       73.9768972942910        8.550000    
   157.5000       74.5996798790781        8.550000    
   180.0000       75.2937087822929        8.550000    
   202.5000       75.8944176006602        8.550000    
   225.0000       76.4303320853880        8.550000    
   247.5000       76.8446062085945        8.550000    
   270.0000       77.2666014772415        8.550000    
   292.5000       77.6996789721126        8.550000    
   315.0000       78.1465170362785        8.550000    
   337.5000       78.1984058328754        8.550000    
  0.0000000E+00   77.7120360871505        8.550000    
 
  0.0000000E+00   59.1418488645520        8.833333    
   22.50000       58.4343583590497        8.833333    
   45.00000       57.6114424909906        8.833333    
   67.50000       56.8171787120283        8.833333    
   90.00000       56.4755935340470        8.833333    
   112.5000       56.4899987782884        8.833333    
   135.0000       56.8428676108775        8.833333    
   157.5000       57.4081603767022        8.833333    
   180.0000       57.9806247819364        8.833333    
   202.5000       58.4534921239181        8.833333    
   225.0000       58.8187774641430        8.833333    
   247.5000       59.0270798552315        8.833333    
   270.0000       59.2168705071287        8.833333    
   292.5000       59.4351131546894        8.833333    
   315.0000       59.6556668625753        8.833333    
   337.5000       59.5736650126847        8.833333    
  0.0000000E+00   59.1418488645520        8.833333    
 
  0.0000000E+00   44.5490972373937        9.116667    
   22.50000       44.0402556785676        9.116667    
   45.00000       43.4727168288058        9.116667    
   67.50000       42.9682265325163        9.116667    
   90.00000       42.7972697602621        9.116667    
   112.5000       42.8679958776334        9.116667    
   135.0000       43.1859219982710        9.116667    
   157.5000       43.6400952182980        9.116667    
   180.0000       44.0723660696248        9.116667    
   202.5000       44.4180527505942        9.116667    
   225.0000       44.6552122591872        9.116667    
   247.5000       44.7501106698552        9.116667    
   270.0000       44.8261859055212        9.116667    
   292.5000       44.9308658191045        9.116667    
   315.0000       45.0255040329359        9.116667    
   337.5000       44.8973024680579        9.116667    
  0.0000000E+00   44.5490972373937        9.116667    
 
  0.0000000E+00   32.9910062073531        9.400000    
   22.50000       32.6400098334766        9.400000    
   45.00000       32.2670894425778        9.400000    
   67.50000       31.9642933938327        9.400000    
   90.00000       31.8920587012035        9.400000    
   112.5000       31.9750541610453        9.400000    
   135.0000       32.2255584498321        9.400000    
   157.5000       32.5552905837050        9.400000    
   180.0000       32.8540461587046        9.400000    
   202.5000       33.0876686544995        9.400000    
   225.0000       33.2350347861873        9.400000    
   247.5000       33.2759452703165        9.400000    
   270.0000       33.3049747345267        9.400000    
   292.5000       33.3539205468978        9.400000    
   315.0000       33.3832207722073        9.400000    
   337.5000       33.2538626605777        9.400000    
  0.0000000E+00   32.9910062073531        9.400000    
 
  0.0000000E+00   23.7797543457406        9.683333    
   22.50000       23.5528675159046        9.683333    
   45.00000       23.3249557802491        9.683333    
   67.50000       23.1569413956028        9.683333    
   90.00000       23.1379397367761        9.683333    
   112.5000       23.2103877674509        9.683333    
   135.0000       23.3846864520156        9.683333    
   157.5000       23.5986957602468        9.683333    
   180.0000       23.7846983870098        9.683333    
   202.5000       23.9281931860093        9.683333    
   225.0000       24.0141906147840        9.683333    
   247.5000       24.0332891139130        9.683333    
   270.0000       24.0477047402504        9.683333    
   292.5000       24.0714121828730        9.683333    
   315.0000       24.0710238672161        9.683333    
   337.5000       23.9635416691962        9.683333    
  0.0000000E+00   23.7797543457406        9.683333    
 
  0.0000000E+00   16.4122609140251        9.966667    
   22.50000       16.2833176317576        9.966667    
   45.00000       16.1621840853960        9.966667    
   67.50000       16.0828464901487        9.966667    
   90.00000       16.0871744835733        9.966667    
   112.5000       16.1375060547058        9.966667    
   135.0000       16.2395596109999        9.966667    
   157.5000       16.3566552248408        9.966667    
   180.0000       16.4541944698475        9.966667    
   202.5000       16.5291348644905        9.966667    
   225.0000       16.5741521018574        9.966667    
   247.5000       16.5855313007791        9.966667    
   270.0000       16.5961481944428        9.966667    
   292.5000       16.6081847862811        9.966667    
   315.0000       16.5985770957596        9.966667    
   337.5000       16.5247758215846        9.966667    
  0.0000000E+00   16.4122609140251        9.966667    
 
  0.0000000E+00   10.5290069308734        10.25000    
   22.50000       10.4786049274731        10.25000    
   45.00000       10.4336087090656        10.25000    
   67.50000       10.4068355718920        10.25000    
   90.00000       10.4123436345393        10.25000    
   112.5000       10.4343223652485        10.25000    
   135.0000       10.4750084708748        10.25000    
   157.5000       10.5194940181967        10.25000    
   180.0000       10.5551514688805        10.25000    
   202.5000       10.5823359312603        10.25000    
   225.0000       10.5988858381574        10.25000    
   247.5000       10.6038900651798        10.25000    
   270.0000       10.6091726661650        10.25000    
   292.5000       10.6137284002257        10.25000    
   315.0000       10.6075341238950        10.25000    
   337.5000       10.5752418140431        10.25000    
  0.0000000E+00   10.5290069308734        10.25000    
 
