  0.0000000E+00   667.944097282208     
   22.50000       677.905459711523     
   45.00000       692.719974724524     
   67.50000       708.921554760340     
   90.00000       740.110436756375     
   112.5000       777.222568729519     
   135.0000       799.205309615045     
   157.5000       806.515502420673     
   180.0000       795.367090274439     
   202.5000       761.995241931321     
   225.0000       734.080010495902     
   247.5000       710.232393935975     
   270.0000       684.214482309812     
   292.5000       669.842712311880     
   315.0000       664.083511984272     
   337.5000       663.266167667984     
   360.0000       667.944097282208     
   360.0000       519.818983121565     
   382.5000       525.286459703444     
   405.0000       534.377467899896     
   427.5000       545.758610804355     
   450.0000       566.367304792082     
   472.5000       592.098902104849     
   495.0000       609.335028339890     
   517.5000       616.546693969149     
   540.0000       613.776374134006     
   562.5000       596.323738280639     
   585.0000       577.848850891172     
   607.5000       561.805412943574     
   630.0000       543.442801093944     
   652.5000       529.134873624765     
   675.0000       521.150400407934     
   697.5000       518.309786350338     
   720.0000       519.818983121565     
   720.0000       401.529246974079     
   742.5000       403.052168426480     
   765.0000       407.327554323249     
   787.5000       412.975121136593     
   810.0000       424.833385459606     
   832.5000       441.338629417070     
   855.0000       454.209648739048     
   877.5000       461.124757607803     
   900.0000       461.972433773004     
   922.5000       453.238713588928     
   945.0000       442.682138396231     
   967.5000       433.459369644912     
   990.0000       422.024592409983     
   1012.500       412.701573206830     
   1035.000       406.810886548549     
   1057.500       402.862660694376     
   1080.000       401.529246974079     
   1080.000       309.375508759549     
   1102.500       308.214236658508     
   1125.000       309.347143294692     
   1147.500       311.657964709053     
   1170.000       317.364822252359     
   1192.500       326.778168858844     
   1215.000       335.849909113054     
   1237.500       341.763583098586     
   1260.000       344.906102256080     
   1282.500       342.055537657579     
   1305.000       337.062346869801     
   1327.500       332.452787808377     
   1350.000       325.892025450617     
   1372.500       320.383605688360     
   1395.000       316.114552301138     
   1417.500       312.216187663752     
   1440.000       309.375508759549     
   1440.000       238.714803645565     
   1462.500       237.002504765079     
   1485.000       236.948905139358     
   1507.500       237.909372112946     
   1530.000       240.705631827669     
   1552.500       245.946634946982     
   1575.000       251.825392820072     
   1597.500       256.107173886252     
   1620.000       259.294192306255     
   1642.500       258.817771864318     
   1665.000       256.591404282886     
   1687.500       254.304957693748     
   1710.000       250.689698493089     
   1732.500       247.258322268051     
   1755.000       244.328777147567     
   1777.500       241.331798281892     
   1800.000       238.714803645565     
   1800.000       185.651019716640     
   1822.500       184.737524316680     
   1845.000       184.926395463512     
   1867.500       185.780463223895     
   1890.000       187.668155175724     
   1912.500       191.015762209162     
   1935.000       194.730107798864     
   1957.500       197.513147960394     
   1980.000       199.712622346093     
   2002.500       199.435300375091     
   2025.000       198.047742531480     
   2047.500       196.364351185338     
   2070.000       193.787174854227     
   2092.500       191.283890762758     
   2115.000       189.194482297496     
   2137.500       187.220125829015     
   2160.000       185.651019716640     
   2160.000       145.576531762844     
   2182.500       145.550372860723     
   2205.000       146.115450459643     
   2227.500       146.959438445604     
   2250.000       148.438950376567     
   2272.500       150.774123692996     
   2295.000       153.155305359327     
   2317.500       154.916680266810     
   2340.000       156.043612112030     
   2362.500       155.319470704993     
   2385.000       153.948081030630     
   2407.500       152.177912976807     
   2430.000       149.980272571384     
   2452.500       148.162740861426     
   2475.000       146.922795085785     
   2497.500       146.027183043592     
   2520.000       145.576531762844     
   2520.000       114.126041502362     
   2542.500       114.541671080442     
   2565.000       115.172493188408     
   2587.500       115.848130476180     
   2610.000       116.964713551547     
   2632.500       118.585377218604     
   2655.000       120.104316358049     
   2677.500       121.142805225011     
   2700.000       121.461880790355     
   2722.500       120.446797718889     
   2745.000       119.061379380087     
   2767.500       117.331788634372     
   2790.000       115.603176930733     
   2812.500       114.479087761622     
   2835.000       113.990836554119     
   2857.500       113.891653361463     
   2880.000       114.126041502362     
   2880.000       89.1210387199205     
   2902.500       89.6560389981239     
   2925.000       90.1964688750759     
   2947.500       90.6781837314917     
   2970.000       91.4688668317750     
   2992.500       92.5403880209995     
   3015.000       93.4781130966177     
   3037.500       94.0237649256844     
   3060.000       93.8987088535844     
   3082.500       92.8743886262400     
   3105.000       91.6338461951195     
   3127.500       90.1640056559889     
   3150.000       88.9304483196908     
   3172.500       88.3239506776458     
   3195.000       88.2957788524135     
   3217.500       88.6055076582279     
   3240.000       89.1210387199205     
   3240.000       69.2606986019361     
   3262.500       69.7639136860933     
   3285.000       70.1804338581798     
   3307.500       70.5072048566730     
   3330.000       71.0435714866260     
   3352.500       71.7228035589195     
   3375.000       72.2794802459669     
   3397.500       72.5171024459308     
   3420.000       72.2055235875957     
   3442.500       71.3174795037387     
   3465.000       70.3020167331430     
   3487.500       69.1620798132176     
   3510.000       68.3351188340538     
   3532.500       68.0516090304753     
   3555.000       68.2431211028348     
   3577.500       68.6961750775989     
   3600.000       69.2606986019361     
   3600.000       53.4149918839099     
   3622.500       53.8278662601592     
   3645.000       54.1308377444454     
   3667.500       54.3499925068803     
   3690.000       54.7078458456342     
   3712.500       55.1271413511260     
   3735.000       55.4434884741335     
   3757.500       55.5034169090976     
   3780.000       55.1474334965460     
   3802.500       54.4367467204490     
   3825.000       53.6551195454184     
   3847.500       52.8249505126351     
   3870.000       52.2979350028204     
   3892.500       52.1986019891871     
   3915.000       52.4628423656510     
   3937.500       52.9134895297000     
   3960.000       53.4149918839099     
   3960.000       40.7104137749504     
   3982.500       41.0198710654706     
   4005.000       41.2315206405291     
   4027.500       41.3807338611294     
   4050.000       41.6202896667312     
   4072.500       41.8755024124407     
   4095.000       42.0452521690999     
   4117.500       42.0129986009834     
   4140.000       41.6831452192194     
   4162.500       41.1447254804325     
   4185.000       40.5735526580262     
   4207.500       40.0010339758895     
   4230.000       39.6832902163463     
   4252.500       39.6792704302519     
   4275.000       39.9360221625584     
   4297.500       40.3153444293803     
   4320.000       40.7104137749504     
   4320.000       30.4800828601819     
   4342.500       30.6925952550381     
   4365.000       30.8346940609342     
   4387.500       30.9387574780610     
   4410.000       31.1007968611013     
   4432.500       31.2548781802691     
   4455.000       31.3380836282159     
   4477.500       31.2675439402652     
   4500.000       30.9956740858898     
   4522.500       30.6090574866514     
   4545.000       30.2152681124566     
   4567.500       29.8447826390841     
   4590.000       29.6684060190480     
   4612.500       29.7056435279588     
   4635.000       29.9160467632544     
   4657.500       30.1991495949254     
   4680.000       30.4800828601819     
   4680.000       22.2220455312997     
   4702.500       22.3550773367630     
   4725.000       22.4447720554025     
   4747.500       22.5168478272177     
   4770.000       22.6249140382725     
   4792.500       22.7157229440561     
   4815.000       22.7503292282989     
   4837.500       22.6753747076403     
   4860.000       22.4743982005265     
   4882.500       22.2170215762844     
   4905.000       21.9666663309044     
   4927.500       21.7466632637623     
   4950.000       21.6597574204339     
   4972.500       21.7062534453821     
   4995.000       21.8561761598497     
   5017.500       22.0432740683814     
   5040.000       22.2220455312997     
   5040.000       15.5579230377441     
   5062.500       15.6286807838060     
   5085.000       15.6787837244471     
   5107.500       15.7243120736939     
   5130.000       15.7901828492157     
   5152.500       15.8396587754806     
   5175.000       15.8496395586103     
   5197.500       15.7916552713338     
   5220.000       15.6649973045940     
   5242.500       15.5156995709286     
   5265.000       15.3782143350622     
   5287.500       15.2662511455190     
   5310.000       15.2323116500757     
   5332.500       15.2693961140710     
   5355.000       15.3584051656904     
   5377.500       15.4620799105393     
   5400.000       15.5579230377441     
   5400.000       10.2028964864345     
   5422.500       10.2290867584903     
   5445.000       10.2483760134988     
   5467.500       10.2673718334717     
   5490.000       10.2942963679050     
   5512.500       10.3131466142284     
   5535.000       10.3146197381084     
   5557.500       10.2880786441573     
   5580.000       10.2355959463072     
   5602.500       10.1767603625289     
   5625.000       10.1245792505981     
   5647.500       10.0842605078298     
   5670.000       10.0746201999617     
   5692.500       10.0915397959859     
   5715.000       10.1272544014761     
   5737.500       10.1671237233217     
   5760.000       10.2028964864345     
