  0.0000000E+00   547.759455174117     
   22.50000       564.367440659870     
   45.00000       574.067998681085     
   67.50000       582.608514711486     
   90.00000       587.004623211148     
   112.5000       579.008174510579     
   135.0000       556.891125399671     
   157.5000       528.511117709392     
   180.0000       502.020268025616     
   202.5000       482.206884476257     
   225.0000       470.040545232077     
   247.5000       464.952174241268     
   270.0000       468.346428652163     
   292.5000       482.696359585004     
   315.0000       505.479590005682     
   337.5000       527.910259434227     
   360.0000       547.759455174117     
   360.0000       428.668293189042     
   382.5000       442.574755736451     
   405.0000       451.827483319597     
   427.5000       457.002014283531     
   450.0000       462.593433855263     
   472.5000       461.310263683581     
   495.0000       449.410792494951     
   517.5000       430.678642867107     
   540.0000       411.142507416741     
   562.5000       395.388357701641     
   585.0000       383.788934083433     
   607.5000       375.103834476263     
   630.0000       374.416135155911     
   652.5000       382.633416444146     
   675.0000       397.483364133663     
   697.5000       413.359622808918     
   720.0000       428.668293189042     
   720.0000       326.696094231709     
   742.5000       336.652623953032     
   765.0000       344.692951455237     
   787.5000       349.876256071472     
   810.0000       353.624993692874     
   832.5000       355.101363126808     
   855.0000       350.627785391378     
   877.5000       340.379630548504     
   900.0000       327.769423353921     
   922.5000       316.386970551261     
   945.0000       306.580088505124     
   967.5000       298.465532477611     
   990.0000       296.352086651240     
   1012.500       299.463184085178     
   1035.000       307.274746525972     
   1057.500       316.797532238661     
   1080.000       326.696094231709     
   1080.000       246.196884854841     
   1102.500       252.338655428213     
   1125.000       258.559317380688     
   1147.500       263.741196653257     
   1170.000       267.793491027002     
   1192.500       269.476410281049     
   1215.000       268.100810562204     
   1237.500       263.283711861732     
   1260.000       256.017466841395     
   1282.500       248.369680055333     
   1305.000       241.260888938994     
   1327.500       236.094015454169     
   1350.000       233.439826608694     
   1372.500       233.369459352894     
   1395.000       236.206609655921     
   1417.500       240.830788437382     
   1440.000       246.196884854841     
   1440.000       188.213805429492     
   1462.500       191.834263023795     
   1485.000       196.123510494513     
   1507.500       200.431347423426     
   1530.000       204.058146315420     
   1552.500       205.958289097843     
   1575.000       205.693431481862     
   1597.500       202.990977596757     
   1620.000       198.693473180227     
   1642.500       193.791594002272     
   1665.000       189.031963115079     
   1687.500       185.477077371849     
   1710.000       183.350760158243     
   1732.500       182.487956065303     
   1755.000       183.235027496345     
   1777.500       185.353799350030     
   1800.000       188.213805429492     
   1800.000       148.301312859273     
   1822.500       150.916655165596     
   1845.000       153.959735826995     
   1867.500       156.973707350000     
   1890.000       159.296168533851     
   1912.500       160.246412307106     
   1935.000       159.623591533646     
   1957.500       157.446491388922     
   1980.000       154.461200226281     
   2002.500       151.142816272592     
   2025.000       148.048523043400     
   2047.500       145.817903360250     
   2070.000       144.551144871954     
   2092.500       144.078685773235     
   2115.000       144.631794271370     
   2137.500       146.174332115286     
   2160.000       148.301312859273     
   2160.000       119.078042966084     
   2182.500       121.105676127109     
   2205.000       123.101517725232     
   2227.500       124.694639165842     
   2250.000       125.521359339957     
   2272.500       125.369016266924     
   2295.000       124.257109431322     
   2317.500       122.373448234285     
   2340.000       120.245396511925     
   2362.500       118.056667670105     
   2385.000       116.196907266599     
   2407.500       114.969202342025     
   2430.000       114.451360294743     
   2452.500       114.593191142249     
   2475.000       115.545640119918     
   2497.500       117.161707434624     
   2520.000       119.078042966084     
   2520.000       95.3119360692781     
   2542.500       96.7031989331832     
   2565.000       97.7568532389195     
   2587.500       98.2452530099514     
   2610.000       98.1047292621983     
   2632.500       97.3909042694629     
   2655.000       96.2241758161638     
   2677.500       94.8024449956881     
   2700.000       93.4008966666916     
   2722.500       92.0682369975922     
   2745.000       91.0570412148745     
   2767.500       90.4943951287987     
   2790.000       90.4784034158117     
   2812.500       91.0262113024873     
   2835.000       92.1981772884444     
   2857.500       93.7395660717219     
   2880.000       95.3119360692781     
   2880.000       75.5312458155416     
   2902.500       76.3771952093061     
   2925.000       76.7858958510558     
   2947.500       76.6612181880842     
   2970.000       76.1024578098046     
   2992.500       75.2619069019723     
   3015.000       74.2873630347281     
   3037.500       73.3216942083222     
   3060.000       72.4680578606913     
   3082.500       71.7250708934251     
   3105.000       71.2399985749305     
   3127.500       71.0623350651481     
   3150.000       71.2935806871872     
   3172.500       71.9683033573593     
   3195.000       73.0879796232719     
   3217.500       74.3711172249863     
   3240.000       75.5312458155416     
   3240.000       59.3151207901543     
   3262.500       59.7777455292069     
   3285.000       59.8247733742620     
   3307.500       59.4444143975480     
   3330.000       58.7908581215617     
   3352.500       58.0294097994339     
   3375.000       57.2991720330035     
   3397.500       56.6828458680784     
   3420.000       56.1944572068364     
   3442.500       55.8177238958158     
   3465.000       55.6296215028794     
   3487.500       55.6481925890573     
   3510.000       55.9608843941541     
   3532.500       56.5995717790359     
   3555.000       57.5373769533607     
   3577.500       58.5171159266516     
   3600.000       59.3151207901543     
   3600.000       46.1302715395184     
   3622.500       46.3514615181652     
   3645.000       46.2303601682864     
   3667.500       45.7972387585994     
   3690.000       45.2035671855192     
   3712.500       44.5927302968980     
   3735.000       44.0788064913672     
   3757.500       43.7001448521250     
   3780.000       43.4352739240457     
   3802.500       43.2667856155368     
   3825.000       43.2308669568097     
   3847.500       43.3338524095988     
   3870.000       43.6422950826853     
   3892.500       44.1787357682657     
   3915.000       44.9055480639967     
   3937.500       45.6104929323030     
   3960.000       46.1302715395184     
   3960.000       35.4509868650538     
   3982.500       35.5336069834869     
   4005.000       35.3599588313864     
   4027.500       34.9740294195343     
   4050.000       34.4999782347124     
   4072.500       34.0477622070941     
   4095.000       33.7021720749060     
   4117.500       33.4755140129988     
   4140.000       33.3391595841426     
   4162.500       33.2789568783999     
   4185.000       33.3101813547756     
   4207.500       33.4354522300224     
   4230.000       33.7005128593492     
   4252.500       34.1174877319428     
   4275.000       34.6482472177513     
   4297.500       35.1301257422091     
   4320.000       35.4509868650538     
   4320.000       26.8094891996259     
   4342.500       26.8214226351489     
   4365.000       26.6574568500909     
   4387.500       26.3591958764149     
   4410.000       26.0166236583602     
   4432.500       25.7054925674647     
   4455.000       25.4830647486276     
   4477.500       25.3493798072843     
   4500.000       25.2810496552058     
   4522.500       25.2698053789994     
   4545.000       25.3215220203474     
   4567.500       25.4372475246414     
   4590.000       25.6452077715754     
   4612.500       25.9491151149260     
   4635.000       26.3140464287089     
   4657.500       26.6243199646442     
   4680.000       26.8094891996259     
   4680.000       19.8241130071701     
   4702.500       19.8073244852652     
   4725.000       19.6820571181632     
   4747.500       19.4796320663652     
   4770.000       19.2571038976091     
   4792.500       19.0607933873133     
   4815.000       18.9260146270566     
   4837.500       18.8495613865990     
   4860.000       18.8162968262594     
   4882.500       18.8225091327033     
   4905.000       18.8704887670308     
   4927.500       18.9607919795115     
   4950.000       19.1085787878914     
   4972.500       19.3120535734107     
   4995.000       19.5435956654138     
   5017.500       19.7277056595942     
   5040.000       19.8241130071701     
   5040.000       14.1898834593562     
   5062.500       14.1696474880830     
   5085.000       14.0920548169247     
   5107.500       13.9763585413489     
   5130.000       13.8535155536753     
   5152.500       13.7468515047698     
   5175.000       13.6749790143314     
   5197.500       13.6352153666901     
   5220.000       13.6199126364181     
   5242.500       13.6281141814540     
   5265.000       13.6609073440597     
   5287.500       13.7185880327614     
   5310.000       13.8078719975031     
   5332.500       13.9251943184050     
   5355.000       14.0524227971960     
   5377.500       14.1471025308606     
   5400.000       14.1898834593562     
   5400.000       9.66869619463740     
   5422.500       9.65856879544539     
   5445.000       9.62703663516149     
   5467.500       9.58176811237524     
   5490.000       9.53439006664198     
   5512.500       9.49376323187028     
   5535.000       9.46721287018055     
   5557.500       9.45329285620391     
   5580.000       9.44874542436971     
   5602.500       9.45315970712263     
   5625.000       9.46685350171440     
   5647.500       9.48999373455266     
   5670.000       9.52506275512092     
   5692.500       9.57069592655263     
   5715.000       9.61943326200413     
   5737.500       9.65447202333824     
   5760.000       9.66869619463740     
