  0.0000000E+00   82.6579299205527     
   22.50000       81.6021049469226     
   45.00000       84.4522870259678     
   67.50000       90.3941600087733     
   90.00000       98.8838816692513     
   112.5000       107.828373989008     
   135.0000       113.498669038725     
   157.5000       115.675176633069     
   180.0000       112.617792978177     
   202.5000       109.004806659025     
   225.0000       100.172758511015     
   247.5000       94.2165754376476     
   270.0000       93.8586023773426     
   292.5000       93.7058724501911     
   315.0000       92.3422578517877     
   337.5000       86.9054399227301     
   360.0000       82.6579299205527     
   360.0000       61.1644788287377     
   382.5000       59.1848867057557     
   405.0000       60.8298119328968     
   427.5000       64.6485749484071     
   450.0000       70.2440283241520     
   472.5000       76.2289071051668     
   495.0000       79.9949224044073     
   517.5000       81.5110405279988     
   540.0000       79.0603456158010     
   562.5000       75.4912163037117     
   585.0000       70.8665906616193     
   607.5000       68.3499147214730     
   630.0000       68.4861069053075     
   652.5000       68.6896273494980     
   675.0000       67.9735018592060     
   697.5000       64.9241255727702     
   720.0000       61.1644788287377     
   720.0000       46.4633335402689     
   742.5000       44.3618020347309     
   765.0000       44.0861278295072     
   787.5000       45.8996637971120     
   810.0000       48.9670368643954     
   832.5000       52.5394081281195     
   855.0000       54.8332426896465     
   877.5000       55.7668619561112     
   900.0000       54.0752645190447     
   922.5000       52.2757275097223     
   945.0000       50.5616343193523     
   967.5000       49.5980283448806     
   990.0000       49.9577025716333     
   1012.500       50.4198713967837     
   1035.000       50.2619159685013     
   1057.500       48.7368971176933     
   1080.000       46.4633335402689     
   1080.000       35.4120823663132     
   1102.500       33.9965212909343     
   1125.000       33.1617289041682     
   1147.500       33.3081953233272     
   1170.000       34.5131965752998     
   1192.500       36.4128388024685     
   1215.000       37.6601339532025     
   1237.500       38.3309536585037     
   1260.000       37.9151288904418     
   1282.500       37.1487039955490     
   1305.000       36.4760151056380     
   1327.500       36.1468156095880     
   1350.000       36.5095184063239     
   1372.500       37.0284179356203     
   1395.000       37.2111682438250     
   1417.500       36.5841643410869     
   1440.000       35.4120823663132     
   1440.000       26.9343729334314     
   1462.500       26.1140951353873     
   1485.000       25.4336460807607     
   1507.500       25.2361338355634     
   1530.000       25.5580033519559     
   1552.500       26.4076166560998     
   1575.000       27.0754523944272     
   1597.500       27.4699426159409     
   1620.000       27.3828233742610     
   1642.500       27.0386373533109     
   1665.000       26.7437913357322     
   1687.500       26.6696368642059     
   1710.000       26.9972778063865     
   1732.500       27.4677653637573     
   1755.000       27.7485266578773     
   1777.500       27.5256691664934     
   1800.000       26.9343729334314     
   1800.000       20.6453160541730     
   1822.500       20.1547706939289     
   1845.000       19.7052163537851     
   1867.500       19.5335639393108     
   1890.000       19.6462353856848     
   1912.500       20.0698525195918     
   1935.000       20.4090599183909     
   1957.500       20.5821130322583     
   1980.000       20.5150520414013     
   2002.500       20.3180381182978     
   2025.000       20.1602803023307     
   2047.500       20.1734204770529     
   2070.000       20.4444452376542     
   2092.500       20.8304737443561     
   2115.000       21.0783815102927     
   2137.500       20.9875096912093     
   2160.000       20.6453160541730     
   2160.000       15.9665093264830     
   2182.500       15.6269372318244     
   2205.000       15.3075027451943     
   2227.500       15.1760745402974     
   2250.000       15.2559781395185     
   2272.500       15.5401152125852     
   2295.000       15.7491629887499     
   2317.500       15.8204945008766     
   2340.000       15.7372628599522     
   2362.500       15.5864443144757     
   2385.000       15.4640284870424     
   2407.500       15.4853157858895     
   2430.000       15.7097189002586     
   2452.500       16.0437292891480     
   2475.000       16.2511783349921     
   2497.500       16.2036452118701     
   2520.000       15.9665093264830     
   2520.000       12.3267174180574     
   2542.500       12.0624890664992     
   2565.000       11.8121645342026     
   2587.500       11.7115470850207     
   2610.000       11.7981456848370     
   2632.500       12.0280130475075     
   2655.000       12.1767073556582     
   2677.500       12.1992480709361     
   2700.000       12.1072575447216     
   2722.500       11.9727879589273     
   2745.000       11.8594401574112     
   2767.500       11.8787165067894     
   2790.000       12.0797881617982     
   2812.500       12.3773049136330     
   2835.000       12.5476602667484     
   2857.500       12.5138739019179     
   2880.000       12.3267174180574     
   2880.000       9.46524079565408     
   2902.500       9.25566500560779     
   2925.000       9.05750959219915     
   2947.500       8.98370673978400     
   2970.000       9.07092708692697     
   2992.500       9.25789413709944     
   3015.000       9.36566963904670     
   3037.500       9.36399636386894     
   3060.000       9.27658365243865     
   3082.500       9.15964159011033     
   3105.000       9.06065913115559     
   3127.500       9.08086122044485     
   3150.000       9.25769280374443     
   3172.500       9.51031519158180     
   3195.000       9.64431785773717     
   3217.500       9.61661216669532     
   3240.000       9.46524079565408     
   3240.000       7.22366707101051     
   3262.500       7.06047907196454     
   3285.000       6.90620186072512     
   3307.500       6.85221178804358     
   3330.000       6.92956053055777     
   3352.500       7.07695481564430     
   3375.000       7.15486040287889     
   3397.500       7.14322342730703     
   3420.000       7.06832250979832     
   3442.500       6.97291519282659     
   3465.000       6.89235448433487     
   3487.500       6.91158865631377     
   3510.000       7.05866859491451     
   3532.500       7.26305659942927     
   3555.000       7.36553286361156     
   3577.500       7.34292659204937     
   3600.000       7.22366707101051     
   3600.000       5.45939272627386     
   3622.500       5.33559650326797     
   3645.000       5.21776377139762     
   3667.500       5.17796671992063     
   3690.000       5.24132545392132     
   3712.500       5.35404956738665     
   3735.000       5.41023919682314     
   3757.500       5.39641343922825     
   3780.000       5.33649694366168     
   3802.500       5.26189778683491     
   3825.000       5.19919838011022     
   3847.500       5.21581857633034     
   3870.000       5.33250893957030     
   3892.500       5.49155875114121     
   3915.000       5.56840012616807     
   3937.500       5.55079602011762     
   3960.000       5.45939272627386     
   3960.000       4.06206354646942     
   3982.500       3.97069723784456     
   4005.000       3.88311826516853     
   4027.500       3.85401171712385     
   4050.000       3.90259160754540     
   4072.500       3.98599125280402     
   4095.000       4.02624369791941     
   4117.500       4.01405368542497     
   4140.000       3.96880074446800     
   4162.500       3.91282157863463     
   4185.000       3.86579074425159     
   4207.500       3.87881522454606     
   4230.000       3.96710885161954     
   4252.500       4.08621598170643     
   4275.000       4.14261548149589     
   4297.500       4.12977015575109     
   4320.000       4.06206354646942     
   4320.000       2.94763031627176     
   4342.500       2.88294297555589     
   4365.000       2.82037616397523     
   4387.500       2.79943382079493     
   4410.000       2.83418112815065     
   4432.500       2.89320035152855     
   4455.000       2.92147683947566     
   4477.500       2.91245814426115     
   4500.000       2.88034677958392     
   4522.500       2.84036364991511     
   4545.000       2.80657074517322     
   4567.500       2.81576525547340     
   4590.000       2.87890835504423     
   4612.500       2.96395157042705     
   4635.000       3.00403202078249     
   4657.500       2.99544377210301     
   4680.000       2.94763031627176     
   4680.000       2.05337408448215     
   4702.500       2.01059593180962     
   4725.000       1.96868498570559     
   4747.500       1.95413081872337     
   4770.000       1.97667873289279     
   4792.500       2.01558979135736     
   4815.000       2.03462062790888     
   4837.500       2.02911298500038     
   4860.000       2.00827072940707     
   4882.500       1.98175365449146     
   4905.000       1.95897578816363     
   4927.500       1.96456479629269     
   4950.000       2.00613103747999     
   4972.500       2.06263639271977     
   4995.000       2.08959790051823     
   5017.500       2.08465167939750     
   5040.000       2.05337408448215     
   5040.000       1.33192599903145     
   5062.500       1.30713583352864     
   5085.000       1.28226715409364     
   5107.500       1.27280866449791     
   5130.000       1.28495135682793     
   5152.500       1.30733411728326     
   5175.000       1.31903641532487     
   5197.500       1.31679986726517     
   5220.000       1.30539147761565     
   5242.500       1.29009795229459     
   5265.000       1.27643995593359     
   5287.500       1.27887147419592     
   5310.000       1.30230849813391     
   5332.500       1.33515440477906     
   5355.000       1.35147665186866     
   5377.500       1.34954819644222     
   5400.000       1.33192599903145     
   5400.000      0.747646499321146     
   5422.500      0.737633593509712     
   5445.000      0.726734261034093     
   5467.500      0.721383293396105     
   5490.000      0.724856315031765     
   5512.500      0.733676941280660     
   5535.000      0.739423795898374     
   5557.500      0.739988546871657     
   5580.000      0.736418672649756     
   5602.500      0.730474296671436     
   5625.000      0.724344700073737     
   5647.500      0.724109055510881     
   5670.000      0.732499013032521     
   5692.500      0.745840133446361     
   5715.000      0.753465070184734     
   5737.500      0.754004973360600     
   5760.000      0.747646499321146     
