  0.0000000E+00   700.450702488651        6.000000    
   22.50000       697.994383553989        6.000000    
   45.00000       696.645356652731        6.000000    
   67.50000       696.765721484439        6.000000    
   90.00000       703.919999191991        6.000000    
   112.5000       712.145330707194        6.000000    
   135.0000       719.986162511953        6.000000    
   157.5000       720.450360919344        6.000000    
   180.0000       712.224212016720        6.000000    
   202.5000       702.788064393130        6.000000    
   225.0000       693.119530245153        6.000000    
   247.5000       689.311091445829        6.000000    
   270.0000       692.485234256091        6.000000    
   292.5000       696.052464491008        6.000000    
   315.0000       700.385570284821        6.000000    
   337.5000       703.743530643880        6.000000    
  0.0000000E+00   700.450702488651        6.000000    
 
  0.0000000E+00   582.437870425284        6.283333    
   22.50000       580.109695492416        6.283333    
   45.00000       583.086568451904        6.283333    
   67.50000       584.463500964463        6.283333    
   90.00000       589.596379154235        6.283333    
   112.5000       596.476943230591        6.283333    
   135.0000       602.739054508558        6.283333    
   157.5000       605.434007965842        6.283333    
   180.0000       602.034774126843        6.283333    
   202.5000       594.569642968337        6.283333    
   225.0000       585.497788512049        6.283333    
   247.5000       579.604822459097        6.283333    
   270.0000       581.034143930918        6.283333    
   292.5000       581.690302430304        6.283333    
   315.0000       583.054337427070        6.283333    
   337.5000       585.366725381390        6.283333    
  0.0000000E+00   582.437870425284        6.283333    
 
  0.0000000E+00   468.121897383192        6.566667    
   22.50000       465.678293750381        6.566667    
   45.00000       464.458554517704        6.566667    
   67.50000       464.601027571109        6.566667    
   90.00000       467.222037977269        6.566667    
   112.5000       471.541874459605        6.566667    
   135.0000       475.100447359841        6.566667    
   157.5000       476.491522039812        6.566667    
   180.0000       474.242491420159        6.566667    
   202.5000       470.665020102832        6.566667    
   225.0000       466.606087352399        6.566667    
   247.5000       463.611755989126        6.566667    
   270.0000       465.177799680692        6.566667    
   292.5000       466.575157564897        6.566667    
   315.0000       467.748874083266        6.566667    
   337.5000       468.991421688874        6.566667    
  0.0000000E+00   468.121897383192        6.566667    
 
  0.0000000E+00   367.292696885006        6.850000    
   22.50000       365.656758825069        6.850000    
   45.00000       364.364566370973        6.850000    
   67.50000       363.024775402372        6.850000    
   90.00000       363.568897710000        6.850000    
   112.5000       365.524817903871        6.850000    
   135.0000       367.697260379860        6.850000    
   157.5000       368.475409472011        6.850000    
   180.0000       366.966185158625        6.850000    
   202.5000       364.650165827983        6.850000    
   225.0000       362.120514231982        6.850000    
   247.5000       360.365394620219        6.850000    
   270.0000       362.055088867935        6.850000    
   292.5000       364.592658455766        6.850000    
   315.0000       366.648475205884        6.850000    
   337.5000       367.571276704467        6.850000    
  0.0000000E+00   367.292696885006        6.850000    
 
  0.0000000E+00   285.466703741858        7.133333    
   22.50000       284.769083099804        7.133333    
   45.00000       283.875143013183        7.133333    
   67.50000       283.056175348841        7.133333    
   90.00000       283.246365036745        7.133333    
   112.5000       284.025303980348        7.133333    
   135.0000       284.829679614425        7.133333    
   157.5000       284.603031614834        7.133333    
   180.0000       282.843006033761        7.133333    
   202.5000       280.955789979977        7.133333    
   225.0000       279.181747168377        7.133333    
   247.5000       277.840042311299        7.133333    
   270.0000       278.933749887382        7.133333    
   292.5000       281.382396542710        7.133333    
   315.0000       283.824069186994        7.133333    
   337.5000       285.101574998733        7.133333    
  0.0000000E+00   285.466703741858        7.133333    
 
  0.0000000E+00   223.106288010000        7.416667    
   22.50000       223.398116192217        7.416667    
   45.00000       223.211424039422        7.416667    
   67.50000       222.823146158057        7.416667    
   90.00000       222.774271501956        7.416667    
   112.5000       222.671819478331        7.416667    
   135.0000       222.501938963797        7.416667    
   157.5000       221.781853650110        7.416667    
   180.0000       220.195305208756        7.416667    
   202.5000       218.807244558130        7.416667    
   225.0000       217.567389984167        7.416667    
   247.5000       216.469194887349        7.416667    
   270.0000       216.895683351631        7.416667    
   292.5000       218.466565062987        7.416667    
   315.0000       220.479207073740        7.416667    
   337.5000       222.058438370987        7.416667    
  0.0000000E+00   223.106288010000        7.416667    
 
  0.0000000E+00   175.163920031684        7.700000    
   22.50000       175.927142721665        7.700000    
   45.00000       175.922721757824        7.700000    
   67.50000       175.441885699447        7.700000    
   90.00000       174.889645700410        7.700000    
   112.5000       174.166585051283        7.700000    
   135.0000       173.647913114174        7.700000    
   157.5000       172.972416235003        7.700000    
   180.0000       171.819603613024        7.700000    
   202.5000       170.893462168651        7.700000    
   225.0000       169.869371094733        7.700000    
   247.5000       168.809289860138        7.700000    
   270.0000       168.813459449028        7.700000    
   292.5000       169.860230863571        7.700000    
   315.0000       171.750105114348        7.700000    
   337.5000       173.684263596713        7.700000    
  0.0000000E+00   175.163920031684        7.700000    
 
  0.0000000E+00   136.240946217442        7.983334    
   22.50000       136.960918075822        7.983334    
   45.00000       136.800801150357        7.983334    
   67.50000       136.068287774567        7.983334    
   90.00000       135.163117456861        7.983334    
   112.5000       134.287240085744        7.983334    
   135.0000       133.808405713832        7.983334    
   157.5000       133.315908966449        7.983334    
   180.0000       132.615408705225        7.983334    
   202.5000       131.933118524483        7.983334    
   225.0000       130.994048780685        7.983334    
   247.5000       130.048499900366        7.983334    
   270.0000       130.013532749093        7.983334    
   292.5000       130.983176157366        7.983334    
   315.0000       132.823264487502        7.983334    
   337.5000       134.766922270823        7.983334    
  0.0000000E+00   136.240946217442        7.983334    
 
  0.0000000E+00   104.498287789371        8.266666    
   22.50000       104.997026951909        8.266666    
   45.00000       104.681232384097        8.266666    
   67.50000       103.892569933017        8.266666    
   90.00000       102.951789503447        8.266666    
   112.5000       102.162110942613        8.266666    
   135.0000       101.771390914218        8.266666    
   157.5000       101.401931050020        8.266666    
   180.0000       100.934775901877        8.266666    
   202.5000       100.401025796657        8.266666    
   225.0000       99.6141887359865        8.266666    
   247.5000       98.9132120412206        8.266666    
   270.0000       98.9951118901713        8.266666    
   292.5000       99.9359303412316        8.266666    
   315.0000       101.598989499914        8.266666    
   337.5000       103.282527401706        8.266666    
  0.0000000E+00   104.498287789371        8.266666    
 
  0.0000000E+00   78.9372407021875        8.550000    
   22.50000       79.2200923010477        8.550000    
   45.00000       78.8502131686322        8.550000    
   67.50000       78.1471505085057        8.550000    
   90.00000       77.3353951229715        8.550000    
   112.5000       76.7074853940716        8.550000    
   135.0000       76.3893753065806        8.550000    
   157.5000       76.0924993329823        8.550000    
   180.0000       75.7593279182094        8.550000    
   202.5000       75.3404124977516        8.550000    
   225.0000       74.7416209799641        8.550000    
   247.5000       74.2964861098090        8.550000    
   270.0000       74.4897423762120        8.550000    
   292.5000       75.3466131703485        8.550000    
   315.0000       76.7223692263490        8.550000    
   337.5000       78.0374616932485        8.550000    
  0.0000000E+00   78.9372407021875        8.550000    
 
  0.0000000E+00   58.4939468938680        8.833333    
   22.50000       58.6134718375011        8.833333    
   45.00000       58.2618927334648        8.833333    
   67.50000       57.7047832017773        8.833333    
   90.00000       57.0830016666106        8.833333    
   112.5000       56.6266482743524        8.833333    
   135.0000       56.3693495388016        8.833333    
   157.5000       56.1069761052905        8.833333    
   180.0000       55.8524816135385        8.833333    
   202.5000       55.5264765946718        8.833333    
   225.0000       55.1036195017338        8.833333    
   247.5000       54.8765882260603        8.833333    
   270.0000       55.1336551190115        8.833333    
   292.5000       55.8670603472643        8.833333    
   315.0000       56.9319969205483        8.833333    
   337.5000       57.8840246600287        8.833333    
  0.0000000E+00   58.4939468938680        8.833333    
 
  0.0000000E+00   42.2225176052309        9.116667    
   22.50000       42.2406210939768        9.116667    
   45.00000       41.9478236751315        9.116667    
   67.50000       41.5453296368834        9.116667    
   90.00000       41.1118224924025        9.116667    
   112.5000       40.8050168583771        9.116667    
   135.0000       40.6053256610907        9.116667    
   157.5000       40.3967403681229        9.116667    
   180.0000       40.1948419996448        9.116667    
   202.5000       39.9453641486003        9.116667    
   225.0000       39.6607469004749        9.116667    
   247.5000       39.5591177552897        9.116667    
   270.0000       39.8292100880683        9.116667    
   292.5000       40.4205664255990        9.116667    
   315.0000       41.1984640437868        9.116667    
   337.5000       41.8429538399817        9.116667    
  0.0000000E+00   42.2225176052309        9.116667    
 
  0.0000000E+00   29.3255976904501        9.400000    
   22.50000       29.2907813731422        9.400000    
   45.00000       29.0704420566418        9.400000    
   67.50000       28.8056161370527        9.400000    
   90.00000       28.5334927190023        9.400000    
   112.5000       28.3458597290259        9.400000    
   135.0000       28.1972298500401        9.400000    
   157.5000       28.0271726418516        9.400000    
   180.0000       27.8666070900164        9.400000    
   202.5000       27.6820036096857        9.400000    
   225.0000       27.5026713809315        9.400000    
   247.5000       27.4839108249029        9.400000    
   270.0000       27.7299002043094        9.400000    
   292.5000       28.1775528161699        9.400000    
   315.0000       28.7106237607316        9.400000    
   337.5000       29.1142969692156        9.400000    
  0.0000000E+00   29.3255976904501        9.400000    
 
  0.0000000E+00   19.1771258497754        9.683333    
   22.50000       19.1249250379428        9.683333    
   45.00000       18.9764832301564        9.683333    
   67.50000       18.8216657738606        9.683333    
   90.00000       18.6726413646197        9.683333    
   112.5000       18.5718891735789        9.683333    
   135.0000       18.4693987023228        9.683333    
   157.5000       18.3404847494858        9.683333    
   180.0000       18.2196680145228        9.683333    
   202.5000       18.0924766244507        9.683333    
   225.0000       17.9896477429150        9.683333    
   247.5000       18.0111881899944        9.683333    
   270.0000       18.2076253012274        9.683333    
   292.5000       18.5183099988421        9.683333    
   315.0000       18.8523324606161        9.683333    
   337.5000       19.0786652398626        9.683333    
  0.0000000E+00   19.1771258497754        9.683333    
 
  0.0000000E+00   11.2996183985035        9.966667    
   22.50000       11.2545588214181        9.966667    
   45.00000       11.1698048237589        9.966667    
   67.50000       11.0941369393071        9.966667    
   90.00000       11.0288676691896        9.966667    
   112.5000       10.9855527422365        9.966667    
   135.0000       10.9247621879383        9.966667    
   157.5000       10.8410036686568        9.966667    
   180.0000       10.7624758732450        9.966667    
   202.5000       10.6870796854301        9.966667    
   225.0000       10.6374886724633        9.966667    
   247.5000       10.6680783749044        9.966667    
   270.0000       10.7987056501523        9.966667    
   292.5000       10.9835604507233        9.966667    
   315.0000       11.1622994864593        9.966667    
   337.5000       11.2672155988875        9.966667    
  0.0000000E+00   11.2996183985035        9.966667    
 
  0.0000000E+00   5.37723369375273        10.25000    
   22.50000       5.35395955693450        10.25000    
   45.00000       5.32102390236798        10.25000    
   67.50000       5.29650709309555        10.25000    
   90.00000       5.27901091167866        10.25000    
   112.5000       5.26775853657727        10.25000    
   135.0000       5.24326573427197        10.25000    
   157.5000       5.20656931775949        10.25000    
   180.0000       5.17203608263135        10.25000    
   202.5000       5.14150933849134        10.25000    
   225.0000       5.12529008892552        10.25000    
   247.5000       5.14388362384701        10.25000    
   270.0000       5.20192222624829        10.25000    
   292.5000       5.27712940691383        10.25000    
   315.0000       5.34239723967388        10.25000    
   337.5000       5.37388856101943        10.25000    
  0.0000000E+00   5.37723369375273        10.25000    
 
