  0.0000000E+00   666.508755063430     
   22.50000       658.220182850144     
   45.00000       652.452195995300     
   67.50000       650.559468617861     
   90.00000       653.729407876924     
   112.5000       661.913948977173     
   135.0000       668.674011974632     
   157.5000       674.339958357682     
   180.0000       675.028370356405     
   202.5000       673.301302725067     
   225.0000       670.950463210534     
   247.5000       668.392335095050     
   270.0000       670.452288986132     
   292.5000       673.156162253448     
   315.0000       675.664566569471     
   337.5000       671.892472199807     
   360.0000       666.508755063430     
   360.0000       547.983910958506     
   382.5000       543.983351682948     
   405.0000       541.958926075509     
   427.5000       542.567832933670     
   450.0000       545.627833610875     
   472.5000       551.715740318296     
   495.0000       556.376719549632     
   517.5000       560.387888974081     
   540.0000       560.092463854811     
   562.5000       556.167585859355     
   585.0000       554.706352521744     
   607.5000       553.800411242223     
   630.0000       554.806662957417     
   652.5000       555.799336842559     
   675.0000       556.212863986589     
   697.5000       554.815294613912     
   720.0000       547.983910958506     
   720.0000       438.625308900624     
   742.5000       433.319865232886     
   765.0000       430.036064557051     
   787.5000       430.387593724442     
   810.0000       431.988938307180     
   832.5000       435.966797091913     
   855.0000       438.803208325008     
   877.5000       440.236972785220     
   900.0000       439.671785670226     
   922.5000       438.637523747555     
   945.0000       438.380016603114     
   967.5000       438.660196945417     
   990.0000       440.220102815914     
   1012.500       441.841002287160     
   1035.000       442.334967441543     
   1057.500       441.984963902468     
   1080.000       438.625308900624     
   1080.000       343.135357792230     
   1102.500       340.244825583627     
   1125.000       336.799123404205     
   1147.500       334.443062268067     
   1170.000       334.448713015890     
   1192.500       336.636768994106     
   1215.000       337.936622239154     
   1237.500       339.488559416100     
   1260.000       339.701768201813     
   1282.500       338.960646573291     
   1305.000       338.553526303194     
   1327.500       338.890223866455     
   1350.000       340.545325581008     
   1372.500       342.845686914915     
   1395.000       344.154921988172     
   1417.500       344.526889649868     
   1440.000       343.135357792230     
   1440.000       265.966243313476     
   1462.500       264.717335925103     
   1485.000       262.899515936998     
   1507.500       261.332928981268     
   1530.000       260.309570225594     
   1552.500       260.897354847280     
   1575.000       261.528079340642     
   1597.500       262.088524272110     
   1620.000       261.933331326147     
   1642.500       261.261613759554     
   1665.000       260.741251727280     
   1687.500       260.772709779179     
   1710.000       261.904895959475     
   1732.500       263.918919815384     
   1755.000       265.476430860360     
   1777.500       266.240745038631     
   1800.000       265.966243313476     
   1800.000       207.457012416891     
   1822.500       207.242878408317     
   1845.000       206.615750675651     
   1867.500       205.817445055369     
   1890.000       204.984909180472     
   1912.500       204.764658616834     
   1935.000       204.594323958104     
   1957.500       204.629307225562     
   1980.000       204.388199950519     
   2002.500       203.976074377468     
   2025.000       203.606982208287     
   2047.500       203.426256777437     
   2070.000       203.904827877757     
   2092.500       205.039634998708     
   2115.000       206.188264774172     
   2137.500       207.028649860236     
   2160.000       207.457012416891     
   2160.000       162.556665739296     
   2182.500       162.839488397694     
   2205.000       162.687888260828     
   2227.500       162.044277434953     
   2250.000       161.192994574825     
   2272.500       160.628310230286     
   2295.000       160.310074174160     
   2317.500       160.381360579955     
   2340.000       160.298610203770     
   2362.500       160.089761107285     
   2385.000       159.703522382001     
   2407.500       159.204048699222     
   2430.000       159.124127792415     
   2452.500       159.654644093687     
   2475.000       160.624665966410     
   2497.500       161.668069108879     
   2520.000       162.556665739296     
   2520.000       126.266841086816     
   2542.500       126.634043847361     
   2565.000       126.543821032440     
   2587.500       125.861105495860     
   2610.000       125.039261197982     
   2632.500       124.474300064952     
   2655.000       124.297513312881     
   2677.500       124.467560170726     
   2700.000       124.451977978259     
   2722.500       124.242023101078     
   2745.000       123.705543221063     
   2767.500       123.008597786526     
   2790.000       122.742087924754     
   2812.500       123.116325889015     
   2835.000       124.107293087512     
   2857.500       125.265139835638     
   2880.000       126.266841086816     
   2880.000       96.7858283126527     
   2902.500       97.1007355328453     
   2925.000       96.9900699785304     
   2947.500       96.3452283620836     
   2970.000       95.6853581752741     
   2992.500       95.2284473419468     
   3015.000       95.1581397424924     
   3037.500       95.3089152970802     
   3060.000       95.2564225810505     
   3082.500       95.0356345959949     
   3105.000       94.4833066821176     
   3127.500       93.7947603273633     
   3150.000       93.5122952168333     
   3172.500       93.8759800143241     
   3195.000       94.8246455806007     
   3217.500       95.8920340482705     
   3240.000       96.7858283126527     
   3240.000       73.1880646865684     
   3262.500       73.4119556928312     
   3285.000       73.2958325631223     
   3307.500       72.7781174480567     
   3330.000       72.2645321438633     
   3352.500       71.9252753930167     
   3375.000       71.8982350577638     
   3397.500       71.9961917634509     
   3420.000       71.9003230575211     
   3442.500       71.6684801505895     
   3465.000       71.1648061209100     
   3487.500       70.6021972544328     
   3510.000       70.4213851726248     
   3532.500       70.7812459152629     
   3555.000       71.5982316718257     
   3577.500       72.4949133603233     
   3600.000       73.1880646865684     
   3600.000       54.3546302423568     
   3622.500       54.4978859005089     
   3645.000       54.3911989416983     
   3667.500       53.9902169182022     
   3690.000       53.6331710436278     
   3712.500       53.3996844747276     
   3735.000       53.3841125376731     
   3757.500       53.4178096641304     
   3780.000       53.3056567552969     
   3802.500       53.0827199086072     
   3825.000       52.6684539967793     
   3847.500       52.2593637566791     
   3870.000       52.1716513129633     
   3892.500       52.4961189208898     
   3915.000       53.1537149611126     
   3937.500       53.8400591275744     
   3960.000       54.3546302423568     
   3960.000       39.3635117405742     
   3982.500       39.4412761178293     
   4005.000       39.3527841958478     
   4027.500       39.0757287807194     
   4050.000       38.8529574497978     
   4072.500       38.7055278829654     
   4095.000       38.6901289360000     
   4117.500       38.6739397560083     
   4140.000       38.5461787645165     
   4162.500       38.3486490414059     
   4185.000       38.0333642683122     
   4207.500       37.7628137372872     
   4230.000       37.7510826336813     
   4252.500       38.0347651077418     
   4275.000       38.5316323272129     
   4297.500       39.0189713018838     
   4320.000       39.3635117405742     
   4320.000       27.4594234865492     
   4342.500       27.4913762859322     
   4365.000       27.4247544084312     
   4387.500       27.2510533363236     
   4410.000       27.1301977989753     
   4432.500       27.0479792214824     
   4455.000       27.0308311145611     
   4477.500       26.9855558395167     
   4500.000       26.8605028950059     
   4522.500       26.6985750885449     
   4545.000       26.4759676795819     
   4567.500       26.3152299442004     
   4590.000       26.3498504834779     
   4612.500       26.5807053252559     
   4635.000       26.9311226276733     
   4657.500       27.2500356528197     
   4680.000       27.4594234865492     
   4680.000       18.0611705835101     
   4702.500       18.0656854944407     
   4725.000       18.0208467832968     
   4747.500       17.9255039867126     
   4770.000       17.8740006471041     
   4792.500       17.8367083105096     
   4815.000       17.8196216550334     
   4837.500       17.7653707210173     
   4860.000       17.6591420297940     
   4882.500       17.5388328482637     
   4905.000       17.3961872584730     
   4927.500       17.3143220531737     
   4950.000       17.3675366994400     
   4972.500       17.5385048182088     
   4995.000       17.7636467570634     
   5017.500       17.9504281262283     
   5040.000       18.0611705835101     
   5040.000       10.7299665309086     
   5062.500       10.7225672713433     
   5085.000       10.6969562068024     
   5107.500       10.6549570222694     
   5130.000       10.6429872295976     
   5152.500       10.6321514364419     
   5175.000       10.6184528601056     
   5197.500       10.5727848733042     
   5220.000       10.4983205726214     
   5242.500       10.4224888397447     
   5265.000       10.3449823589815     
   5287.500       10.3135262757315     
   5310.000       10.3619270653566     
   5332.500       10.4699539279614     
   5355.000       10.5932921427515     
   5377.500       10.6841106460798     
   5400.000       10.7299665309086     
   5400.000       5.17966107068354     
   5422.500       5.17291432952554     
   5445.000       5.16305740850460     
   5467.500       5.15160823481562     
   5490.000       5.15389145602267     
   5512.500       5.15393230294295     
   5535.000       5.14678851548889     
   5557.500       5.12295776030504     
   5580.000       5.08838033782720     
   5602.500       5.05602420475941     
   5625.000       5.02734177015115     
   5647.500       5.02087973392125     
   5670.000       5.04701448668792     
   5692.500       5.09350112069634     
   5715.000       5.13956731051859     
   5737.500       5.16862920908670     
   5760.000       5.17966107068354     
