  0.0000000E+00   64.9317697308138        6.000000    
   15.00000       69.8359890157692        6.000000    
   30.00000       77.8856121434397        6.000000    
   45.00000       86.5966544938830        6.000000    
   60.00000       93.0249026148909        6.000000    
   75.00000       94.3696606650144        6.000000    
   90.00000       90.0671212331053        6.000000    
   105.0000       82.0333863822842        6.000000    
   120.0000       72.7693342397056        6.000000    
   135.0000       64.1363790850551        6.000000    
   150.0000       57.2675009093089        6.000000    
   165.0000       52.4159155327453        6.000000    
   180.0000       49.5118743434959        6.000000    
   195.0000       47.9098360783484        6.000000    
   210.0000       47.7283884130559        6.000000    
   225.0000       48.5866449868912        6.000000    
   240.0000       49.2852747142079        6.000000    
   255.0000       50.7020200167496        6.000000    
   270.0000       52.8986383718096        6.000000    
   285.0000       54.3233790500767        6.000000    
   300.0000       55.4902267613348        6.000000    
   315.0000       58.4411481151166        6.000000    
   330.0000       61.4614616599293        6.000000    
   345.0000       62.9774305026765        6.000000    
  0.0000000E+00   64.9317697308138        6.000000    
 
  0.0000000E+00   61.5209305829751        6.121428    
   15.00000       66.2160472142434        6.121428    
   30.00000       73.7212008958056        6.121428    
   45.00000       81.6957084141725        6.121428    
   60.00000       87.4454749785009        6.121428    
   75.00000       88.4512624251559        6.121428    
   90.00000       84.2894857263240        6.121428    
   105.0000       76.7612847080096        6.121428    
   120.0000       68.1714741816127        6.121428    
   135.0000       60.1897682705369        6.121428    
   150.0000       53.8902892293133        6.121428    
   165.0000       49.4821177255590        6.121428    
   180.0000       46.8880527033838        6.121428    
   195.0000       45.5231553804090        6.121428    
   210.0000       45.4827152364822        6.121428    
   225.0000       46.3716905501705        6.121428    
   240.0000       47.1225294437677        6.121428    
   255.0000       48.5207557754030        6.121428    
   270.0000       50.5499559504413        6.121428    
   285.0000       51.8297852815541        6.121428    
   300.0000       52.8924061078464        6.121428    
   315.0000       55.5428103464868        6.121428    
   330.0000       58.1913345512250        6.121428    
   345.0000       59.5717697877221        6.121428    
  0.0000000E+00   61.5209305829751        6.121428    
 
  0.0000000E+00   59.1027533754290        6.242857    
   15.00000       63.6472648348280        6.242857    
   30.00000       70.5653016992935        6.242857    
   45.00000       77.6512123529525        6.242857    
   60.00000       82.4866854788890        6.242857    
   75.00000       82.8891835983255        6.242857    
   90.00000       78.6379900881215        6.242857    
   105.0000       71.5016549235134        6.242857    
   120.0000       63.5493128354305        6.242857    
   135.0000       56.2930147603219        6.242857    
   150.0000       50.6347045156050        6.242857    
   165.0000       46.7542301390345        6.242857    
   180.0000       44.5556200125139        6.242857    
   195.0000       43.5107363186741        6.242857    
   210.0000       43.6890002383125        6.242857    
   225.0000       44.6765884696192        6.242857    
   240.0000       45.5444044614704        6.242857    
   255.0000       47.0019010136323        6.242857    
   270.0000       48.9072180761785        6.242857    
   285.0000       50.0773522151834        6.242857    
   300.0000       51.1145512230992        6.242857    
   315.0000       53.5238815679210        6.242857    
   330.0000       55.8246856778419        6.242857    
   345.0000       57.1008107972807        6.242857    
  0.0000000E+00   59.1027533754290        6.242857    
 
  0.0000000E+00   57.2153091985640        6.364286    
   15.00000       61.6218184815352        6.364286    
   30.00000       67.8838614970829        6.364286    
   45.00000       73.9568876833785        6.364286    
   60.00000       77.7439337613870        6.364286    
   75.00000       77.4197963558280        6.364286    
   90.00000       73.0215633510346        6.364286    
   105.0000       66.2231803135054        6.364286    
   120.0000       58.9220054498076        6.364286    
   135.0000       52.4195930586365        6.364286    
   150.0000       47.4733948679377        6.364286    
   165.0000       44.1855132791812        6.364286    
   180.0000       42.4323811475307        6.364286    
   195.0000       41.7485551058712        6.364286    
   210.0000       42.1735856100322        6.364286    
   225.0000       43.2534447800768        6.364286    
   240.0000       44.2465768067941        6.364286    
   255.0000       45.7638293410264        6.364286    
   270.0000       47.5371499012142        6.364286    
   285.0000       48.6189018639328        6.364286    
   300.0000       49.6693141690240        6.364286    
   315.0000       51.8615550650663        6.364286    
   330.0000       53.8515631281740        6.364286    
   345.0000       55.0952451838222        6.364286    
  0.0000000E+00   57.2153091985640        6.364286    
 
  0.0000000E+00   55.4562043077015        6.485714    
   15.00000       59.6836706454035        6.485714    
   30.00000       65.2300112090736        6.485714    
   45.00000       70.2520473224146        6.485714    
   60.00000       72.9677712875897        6.485714    
   75.00000       71.9234813116563        6.485714    
   90.00000       67.3824183583820        6.485714    
   105.0000       60.9627619332712        6.485714    
   120.0000       54.3333852292151        6.485714    
   135.0000       48.6108996892227        6.485714    
   150.0000       44.3954483528410        6.485714    
   165.0000       41.7147657352622        6.485714    
   180.0000       40.4206185406567        6.485714    
   195.0000       40.1004404023348        6.485714    
   210.0000       40.7579226659077        6.485714    
   225.0000       41.9219691118811        6.485714    
   240.0000       43.0161720722839        6.485714    
   255.0000       44.5527957131479        6.485714    
   270.0000       46.1686779528031        6.485714    
   285.0000       47.1577342754818        6.485714    
   300.0000       48.2001375339182        6.485714    
   315.0000       50.1710923137586        6.485714    
   330.0000       51.9031366403022        6.485714    
   345.0000       53.1922804380764        6.485714    
  0.0000000E+00   55.4562043077015        6.485714    
 
  0.0000000E+00   53.5747964198584        6.607143    
   15.00000       57.5546365862884        6.607143    
   30.00000       62.3472720633613        6.607143    
   45.00000       66.3373110491896        6.607143    
   60.00000       68.0480594880906        6.607143    
   75.00000       66.3859859379091        6.607143    
   90.00000       61.7894873163644        6.607143    
   105.0000       55.7958897461214        6.607143    
   120.0000       49.8639171773042        6.607143    
   135.0000       44.9234416919709        6.607143    
   150.0000       41.4257234245254        6.607143    
   165.0000       39.3338438465676        6.607143    
   180.0000       38.4773704721028        6.607143    
   195.0000       38.4912402854317        6.607143    
   210.0000       39.3397730505878        6.607143    
   225.0000       40.5532172250529        6.607143    
   240.0000       41.7121976922865        6.607143    
   255.0000       43.2020973332972        6.607143    
   270.0000       44.6132150603953        6.607143    
   285.0000       45.4977730322453        6.607143    
   300.0000       46.5129712253641        6.607143    
   315.0000       48.2605482641980        6.607143    
   330.0000       49.7972937692776        6.607143    
   345.0000       51.1871696409038        6.607143    
  0.0000000E+00   53.5747964198584        6.607143    
 
  0.0000000E+00   51.4292408807475        6.728571    
   15.00000       55.0894363747247        6.728571    
   30.00000       59.1189903960716        6.728571    
   45.00000       62.1500511688153        6.728571    
   60.00000       63.0026802461153        6.728571    
   75.00000       60.8722345096704        6.728571    
   90.00000       56.3399000507266        6.728571    
   105.0000       50.8271085386437        6.728571    
   120.0000       45.6020508316984        6.728571    
   135.0000       41.4136086240954        6.728571    
   150.0000       38.5896063495560        6.728571    
   165.0000       37.0373185131470        6.728571    
   180.0000       36.5708369774042        6.728571    
   195.0000       36.8659099901424        6.728571    
   210.0000       37.8553158810346        6.728571    
   225.0000       39.0763477019083        6.728571    
   240.0000       40.2330395764269        6.728571    
   255.0000       41.6114093335669        6.728571    
   270.0000       42.7938303753837        6.728571    
   285.0000       43.5682152925008        6.728571    
   300.0000       44.5487417958768        6.728571    
   315.0000       46.1019528994099        6.728571    
   330.0000       47.4952606310149        6.728571    
   345.0000       48.9733288406031        6.728571    
  0.0000000E+00   51.4292408807475        6.728571    
 
  0.0000000E+00   49.0331574983661        6.850000    
   15.00000       52.3187745465092        6.850000    
   30.00000       55.6231362988416        6.850000    
   45.00000       57.8053570828972        6.850000    
   60.00000       57.9230248294509        6.850000    
   75.00000       55.4793083446923        6.850000    
   90.00000       51.1327219649773        6.850000    
   105.0000       46.1435229153986        6.850000    
   120.0000       41.6104245762756        6.850000    
   135.0000       38.1206200572841        6.850000    
   150.0000       35.9023979579353        6.850000    
   165.0000       34.8202214058296        6.850000    
   180.0000       34.6843281108080        6.850000    
   195.0000       35.1971968275021        6.850000    
   210.0000       36.2538540648955        6.850000    
   225.0000       37.4360177426468        6.850000    
   240.0000       38.5430259321445        6.850000    
   255.0000       39.7627430886415        6.850000    
   270.0000       40.7571555178205        6.850000    
   285.0000       41.4424645510001        6.850000    
   300.0000       42.3559125132378        6.850000    
   315.0000       43.7157726288889        6.850000    
   330.0000       45.0194051558489        6.850000    
   345.0000       46.5992121053229        6.850000    
  0.0000000E+00   49.0331574983661        6.850000    
 
  0.0000000E+00   46.3835742439913        6.971429    
   15.00000       49.2619274912289        6.971429    
   30.00000       51.8937420346496        6.971429    
   45.00000       53.3660886995407        6.971429    
   60.00000       52.9492754283484        6.971429    
   75.00000       50.3205656874117        6.971429    
   90.00000       46.2474461289849        6.971429    
   105.0000       41.8034347711601        6.971429    
   120.0000       37.9231789795554        6.971429    
   135.0000       35.0673398691581        6.971429    
   150.0000       33.3731999437432        6.971429    
   165.0000       32.6824178877121        6.971429    
   180.0000       32.7982291227645        6.971429    
   195.0000       33.4564544927916        6.971429    
   210.0000       34.5268681188141        6.971429    
   225.0000       35.6297884548231        6.971429    
   240.0000       36.6704167012294        6.971429    
   255.0000       37.7497239286854        6.971429    
   270.0000       38.5340767472047        6.971429    
   285.0000       39.1182278253570        6.971429    
   300.0000       39.9528206475371        6.971429    
   315.0000       41.1562064348137        6.971429    
   330.0000       42.4014301070489        6.971429    
   345.0000       44.0312454754692        6.971429    
  0.0000000E+00   46.3835742439913        6.971429    
 
  0.0000000E+00   43.5372436792906        7.092857    
   15.00000       46.0020524789997        7.092857    
   30.00000       48.0460374733057        7.092857    
   45.00000       48.9475268808650        7.092857    
   60.00000       48.1453396445624        7.092857    
   75.00000       45.4977763097044        7.092857    
   90.00000       41.7294855777046        7.092857    
   105.0000       37.8302559532116        7.092857    
   120.0000       34.5483635595324        7.092857    
   135.0000       32.2425897085208        7.092857    
   150.0000       30.9858585268295        7.092857    
   165.0000       30.6043728396370        7.092857    
   180.0000       30.9053285921126        7.092857    
   195.0000       31.6454590188552        7.092857    
   210.0000       32.6822102247317        7.092857    
   225.0000       33.7298279302005        7.092857    
   240.0000       34.6783847900190        7.092857    
   255.0000       35.5638970249970        7.092857    
   270.0000       36.1756202744675        7.092857    
   285.0000       36.6759894926616        7.092857    
   300.0000       37.4334462772215        7.092857    
   315.0000       38.5104886495985        7.092857    
   330.0000       39.7109790096440        7.092857    
   345.0000       41.3387437824279        7.092857    
  0.0000000E+00   43.5372436792906        7.092857    
 
  0.0000000E+00   40.5846742513375        7.214286    
   15.00000       42.6559580647068        7.214286    
   30.00000       44.2028096795843        7.214286    
   45.00000       44.6601899379811        7.214286    
   60.00000       43.6124212599680        7.214286    
   75.00000       41.0346050849566        7.214286    
   90.00000       37.6105237232852        7.214286    
   105.0000       34.2192681690711        7.214286    
   120.0000       31.4722244916596        7.214286    
   135.0000       29.6331908126871        7.214286    
   150.0000       28.7299087388393        7.214286    
   165.0000       28.5829192130960        7.214286    
   180.0000       29.0047403022796        7.214286    
   195.0000       29.7886586707084        7.214286    
   210.0000       30.8024292067759        7.214286    
   225.0000       31.7438422082961        7.214286    
   240.0000       32.5737193599682        7.214286    
   255.0000       33.2886854489936        7.214286    
   270.0000       33.7559470584216        7.214286    
   285.0000       34.1898809783042        7.214286    
   300.0000       34.8739263446767        7.214286    
   315.0000       35.8474236017577        7.214286    
   330.0000       37.0042198434434        7.214286    
   345.0000       38.5840920963902        7.214286    
  0.0000000E+00   40.5846742513375        7.214286    
 
  0.0000000E+00   37.6045397683207        7.335714    
   15.00000       39.3153576477277        7.335714    
   30.00000       40.4608369463778        7.335714    
   45.00000       40.5929125542899        7.335714    
   60.00000       39.4011519832421        7.335714    
   75.00000       36.9532025100510        7.335714    
   90.00000       33.8921516028184        7.335714    
   105.0000       30.9510019612456        7.335714    
   120.0000       28.6692280342157        7.335714    
   135.0000       27.2178125774864        7.335714    
   150.0000       26.5915502045589        7.335714    
   165.0000       26.6128824442669        7.335714    
   180.0000       27.1294193017214        7.335714    
   195.0000       27.9321271258782        7.335714    
   210.0000       28.8663058282165        7.335714    
   225.0000       29.7037135232266        7.335714    
   240.0000       30.4184345130079        7.335714    
   255.0000       30.9861308544999        7.335714    
   270.0000       31.3434825256627        7.335714    
   285.0000       31.7142877005218        7.335714    
   300.0000       32.3331235033566        7.335714    
   315.0000       33.2191772561966        7.335714    
   330.0000       34.3261804968325        7.335714    
   345.0000       35.8224104205077        7.335714    
  0.0000000E+00   37.6045397683207        7.335714    
 
  0.0000000E+00   34.6601572816704        7.457143    
   15.00000       36.0631642758667        7.457143    
   30.00000       36.8883814614220        7.457143    
   45.00000       36.7865987997126        7.457143    
   60.00000       35.5321309340843        7.457143    
   75.00000       33.2529561557167        7.457143    
   90.00000       30.5420908018498        7.457143    
   105.0000       28.0174004700033        7.457143    
   120.0000       26.1162865150059        7.457143    
   135.0000       24.9771422340543        7.457143    
   150.0000       24.5708092807038        7.457143    
   165.0000       24.7310872332041        7.457143    
   180.0000       25.2906920957328        7.457143    
   195.0000       26.0658356410511        7.457143    
   210.0000       26.9163057403086        7.457143    
   225.0000       27.6551727481524        7.457143    
   240.0000       28.2630218497382        7.457143    
   255.0000       28.7075457365535        7.457143    
   270.0000       28.9797120706221        7.457143    
   285.0000       29.2995597323185        7.457143    
   300.0000       29.8515180010924        7.457143    
   315.0000       30.6607557563102        7.457143    
   330.0000       31.7090678433439        7.457143    
   345.0000       33.0972231463508        7.457143    
  0.0000000E+00   34.6601572816704        7.457143    
 
  0.0000000E+00   31.8082967713507        7.578571    
   15.00000       32.9465801268618        7.578571    
   30.00000       33.5234858520149        7.578571    
   45.00000       33.2635667497254        7.578571    
   60.00000       32.0059010266521        7.578571    
   75.00000       29.9159716142042        7.578571    
   90.00000       27.5314936628612        7.578571    
   105.0000       25.3755580141792        7.578571    
   120.0000       23.8058205835767        7.578571    
   135.0000       22.9205298461170        7.578571    
   150.0000       22.6786386683698        7.578571    
   165.0000       22.9165611740454        7.578571    
   180.0000       23.4863596006259        7.578571    
   195.0000       24.2197549534503        7.578571    
   210.0000       24.9869296747228        7.578571    
   225.0000       25.6347535995429        7.578571    
   240.0000       26.1466970241616        7.578571    
   255.0000       26.4906845712813        7.578571    
   270.0000       26.6972292828171        7.578571    
   285.0000       26.9727589788332        7.578571    
   300.0000       27.4666379751189        7.578571    
   315.0000       28.2063076965905        7.578571    
   330.0000       29.1878890629465        7.578571    
   345.0000       30.4545498694070        7.578571    
  0.0000000E+00   31.8082967713507        7.578571    
 
  0.0000000E+00   29.0815290513221        7.700000    
   15.00000       29.9996713423657        7.700000    
   30.00000       30.3881046774405        7.700000    
   45.00000       30.0284825421152        7.700000    
   60.00000       28.8088392977224        7.700000    
   75.00000       26.9150794620974        7.700000    
   90.00000       24.8280329148863        7.700000    
   105.0000       22.9906640283867        7.700000    
   120.0000       21.6965240003255        7.700000    
   135.0000       21.0113467447309        7.700000    
   150.0000       20.8879053217692        7.700000    
   165.0000       21.1734860806605        7.700000    
   180.0000       21.7345574862786        7.700000    
   195.0000       22.4177877335562        7.700000    
   210.0000       23.1050034955614        7.700000    
   225.0000       23.6703363238123        7.700000    
   240.0000       24.0983939816849        7.700000    
   255.0000       24.3618770290101        7.700000    
   270.0000       24.5180169313246        7.700000    
   285.0000       24.7547915573853        7.700000    
   300.0000       25.1956074698192        7.700000    
   315.0000       25.8705380928777        7.700000    
   330.0000       26.7791919715745        7.700000    
   345.0000       27.9194583584897        7.700000    
  0.0000000E+00   29.0815290513221        7.700000    
 
  0.0000000E+00   26.5036183003172        7.821429    
   15.00000       27.2415136659292        7.821429    
   30.00000       27.4896916344584        7.821429    
   45.00000       27.0740130416393        7.821429    
   60.00000       25.9192622589085        7.821429    
   75.00000       24.2191313617259        7.821429    
   90.00000       22.3990356164292        7.821429    
   105.0000       20.8341557300321        7.821429    
   120.0000       19.7661351419291        7.821429    
   135.0000       19.2375861450438        7.821429    
   150.0000       19.1991607036394        7.821429    
   165.0000       19.5098364313414        7.821429    
   180.0000       20.0491491281520        7.821429    
   195.0000       20.6780438825446        7.821429    
   210.0000       21.2903254203952        7.821429    
   225.0000       21.7819750219796        7.821429    
   240.0000       22.1380878516075        7.821429    
   255.0000       22.3381050108633        7.821429    
   270.0000       22.4555809121599        7.821429    
   285.0000       22.6584418210637        7.821429    
   300.0000       23.0509314821640        7.821429    
   315.0000       23.6647984506260        7.821429    
   330.0000       24.4970678016264        7.821429    
   345.0000       25.5124618406053        7.821429    
  0.0000000E+00   26.5036183003172        7.821429    
 
  0.0000000E+00   24.0879333379803        7.942857    
   15.00000       24.6798363975560        7.942857    
   30.00000       24.8256569830426        7.942857    
   45.00000       24.3855755888738        7.942857    
   60.00000       23.3116609777799        7.942857    
   75.00000       21.7965666306904        7.942857    
   90.00000       20.2135114441039        7.942857    
   105.0000       18.8806840539829        7.942857    
   120.0000       17.9976487249810        7.942857    
   135.0000       17.5909768893144        7.942857    
   150.0000       17.6117949195846        7.942857    
   165.0000       17.9310138549270        7.942857    
   180.0000       18.4400721799615        7.942857    
   195.0000       19.0134535160157        7.942857    
   210.0000       19.5566620545345        7.942857    
   225.0000       19.9831597267363        7.942857    
   240.0000       20.2784505493982        7.942857    
   255.0000       20.4290598288428        7.942857    
   270.0000       20.5169351533592        7.942857    
   285.0000       20.6902157360368        7.942857    
   300.0000       21.0388341056742        7.942857    
   315.0000       21.5948074456153        7.942857    
   330.0000       22.3498979716248        7.942857    
   345.0000       23.2463119721180        7.942857    
  0.0000000E+00   24.0879333379803        7.942857    
 
  0.0000000E+00   21.8397517024262        8.064285    
   15.00000       22.3142593768324        8.064285    
   30.00000       22.3868858263097        8.064285    
   45.00000       21.9446247874585        8.064285    
   60.00000       20.9596012874075        8.064285    
   75.00000       19.6173992085415        8.064285    
   90.00000       18.2433533268589        8.064285    
   105.0000       17.1076899192330        8.064285    
   120.0000       16.3759160311084        8.064285    
   135.0000       16.0636813032896        8.064285    
   150.0000       16.1241816607155        8.064285    
   165.0000       16.4401138147652        8.064285    
   180.0000       16.9138163105923        8.064285    
   195.0000       17.4325121187920        8.064285    
   210.0000       17.9127556906268        8.064285    
   225.0000       18.2820624403732        8.064285    
   240.0000       18.5264889132181        8.064285    
   255.0000       18.6390452832212        8.064285    
   270.0000       18.7042983922389        8.064285    
   285.0000       18.8519172920386        8.064285    
   300.0000       19.1608423712074        8.064285    
   315.0000       19.6620205287630        8.064285    
   330.0000       20.3413246989570        8.064285    
   345.0000       21.1272366788476        8.064285    
  0.0000000E+00   21.8397517024262        8.064285    
 
  0.0000000E+00   19.7583841546666        8.185715    
   15.00000       20.1388808881101        8.185715    
   30.00000       20.1603950028679        8.185715    
   45.00000       19.7310300653395        8.185715    
   60.00000       18.8374121886220        8.185715    
   75.00000       17.6542714331777        8.185715    
   90.00000       16.4636685286639        8.185715    
   105.0000       15.4954843334294        8.185715    
   120.0000       14.8875653779840        8.185715    
   135.0000       14.6482811309622        8.185715    
   150.0000       14.7338262546275        8.185715    
   165.0000       15.0382766743572        8.185715    
   180.0000       15.4739822754267        8.185715    
   195.0000       15.9400856707795        8.185715    
   210.0000       16.3633559316326        8.185715    
   225.0000       16.6826984093524        8.185715    
   240.0000       16.8849194639724        8.185715    
   255.0000       16.9684663720536        8.185715    
   270.0000       17.0165196664242        8.185715    
   285.0000       17.1419962114001        8.185715    
   300.0000       17.4150780790840        8.185715    
   315.0000       17.8646556819578        8.185715    
   330.0000       18.4712413692921        8.185715    
   345.0000       19.1563847198626        8.185715    
  0.0000000E+00   19.7583841546666        8.185715    
 
  0.0000000E+00   17.8390928070884        8.307143    
   15.00000       18.1444321539653        8.307143    
   30.00000       18.1313010272050        8.307143    
   45.00000       17.7245840953986        8.307143    
   60.00000       16.9212190799116        8.307143    
   75.00000       15.8827999408619        8.307143    
   90.00000       14.8528006378881        8.307143    
   105.0000       14.0270425484025        8.307143    
   120.0000       13.5208108427193        8.307143    
   135.0000       13.3377509460294        8.307143    
   150.0000       13.4375424057123        8.307143    
   165.0000       13.7250640921310        8.307143    
   180.0000       14.1218949254500        8.307143    
   195.0000       14.5382527199036        8.307143    
   210.0000       14.9102108001756        8.307143    
   225.0000       15.1860116526227        8.307143    
   240.0000       15.3533890996796        8.307143    
   255.0000       15.4150464843038        8.307143    
   270.0000       15.4501212524623        8.307143    
   285.0000       15.5566222599812        8.307143    
   300.0000       15.7974224018768        8.307143    
   315.0000       16.1986836813550        8.307143    
   330.0000       16.7367284473387        8.307143    
   345.0000       17.3311948942271        8.307143    
  0.0000000E+00   17.8390928070884        8.307143    
 
  0.0000000E+00   16.0744610889322        8.428572    
   15.00000       16.3196990470241        8.428572    
   30.00000       16.2840634321862        8.428572    
   45.00000       15.9059146365752        8.428572    
   60.00000       15.1892894267081        8.428572    
   75.00000       14.2815373287038        8.428572    
   90.00000       13.3919851452278        8.428572    
   105.0000       12.6876210845340        8.428572    
   120.0000       12.2652059147807        8.428572    
   135.0000       12.1254065519956        8.428572    
   150.0000       12.2315834607550        8.428572    
   165.0000       12.4987661154980        8.428572    
   180.0000       12.8570606782483        8.428572    
   195.0000       13.2269204086054        8.428572    
   210.0000       13.5528093190963        8.428572    
   225.0000       13.7907111212193        8.428572    
   240.0000       13.9294145737448        8.428572    
   255.0000       13.9747203245783        8.428572    
   270.0000       14.0001045023362        8.428572    
   285.0000       14.0904329854473        8.428572    
   300.0000       14.3022157433601        8.428572    
   315.0000       14.6585420097428        8.428572    
   330.0000       15.1328651333608        8.428572    
   345.0000       15.6464744327235        8.428572    
  0.0000000E+00   16.0744610889322        8.428572    
 
  0.0000000E+00   14.4555406199873        8.550000    
   15.00000       14.6526312008176        8.550000    
   30.00000       14.6033323522860        8.550000    
   45.00000       14.2569284971522        8.550000    
   60.00000       13.6221459910186        8.550000    
   75.00000       12.8317358309711        8.550000    
   90.00000       12.0650260750345        8.550000    
   105.0000       11.4644526078681        8.550000    
   120.0000       11.1114404745895        8.550000    
   135.0000       11.0048810017533        8.550000    
   150.0000       11.1118226286632        8.550000    
   165.0000       11.3567539015793        8.550000    
   180.0000       11.6776596552052        8.550000    
   195.0000       12.0044171642706        8.550000    
   210.0000       12.2890090842954        8.550000    
   225.0000       12.4939210317301        8.550000    
   240.0000       12.6090590000050        8.550000    
   255.0000       12.6422884288399        8.550000    
   270.0000       12.6605501640882        8.550000    
   285.0000       12.7371580028233        8.550000    
   300.0000       12.9228857364910        8.550000    
   315.0000       13.2376645003405        8.550000    
   330.0000       13.6533880464397        8.550000    
   345.0000       14.0953683949278        8.550000    
  0.0000000E+00   14.4555406199873        8.550000    
 
  0.0000000E+00   12.9726343128928        8.671429    
   15.00000       13.1310427769066        8.671429    
   30.00000       13.0744475899586        8.671429    
   45.00000       12.7610655029602        8.671429    
   60.00000       12.2024972169317        8.671429    
   75.00000       11.5171068950871        8.671429    
   90.00000       10.8579322684227        8.671429    
   105.0000       10.3464065248749        8.671429    
   120.0000       10.0511617006830        8.671429    
   135.0000       9.97011178039331        8.671429    
   150.0000       10.0738867281232        8.671429    
   165.0000       10.2957427843172        8.671429    
   180.0000       10.5809392583533        8.671429    
   195.0000       10.8679946809941        8.671429    
   210.0000       11.1155961813672        8.671429    
   225.0000       11.2917579055751        8.671429    
   240.0000       11.3875149372447        8.671429    
   255.0000       11.4119317140396        8.671429    
   270.0000       11.4250514917722        8.671429    
   285.0000       11.4900555900711        8.671429    
   300.0000       11.6524113680500        8.671429    
   315.0000       11.9289816594827        8.671429    
   330.0000       12.2912518036670        8.671429    
   345.0000       12.6700481251068        8.671429    
  0.0000000E+00   12.9726343128928        8.671429    
 
  0.0000000E+00   11.6158345443366        8.792857    
   15.00000       11.7430514534452        8.792857    
   30.00000       11.6836806975078        8.792857    
   45.00000       11.4033105247345        8.792857    
   60.00000       10.9150692664412        8.792857    
   75.00000       10.3234583574049        8.792857    
   90.00000       9.75855594805036        8.792857    
   105.0000       9.32372526613637        8.792857    
   120.0000       9.07682980992890        8.792857    
   135.0000       9.01533445987034        8.792857    
   150.0000       9.11327505453680        8.792857    
   165.0000       9.31200224837601        8.792857    
   180.0000       9.56348554934658        8.792857    
   195.0000       9.81414229757590        8.792857    
   210.0000       10.0286211945645        8.792857    
   225.0000       10.1796837352995        8.792857    
   240.0000       10.2594655452930        8.792857    
   255.0000       10.2775379078467        8.792857    
   270.0000       10.2870350755416        8.792857    
   285.0000       10.3422304880019        8.792857    
   300.0000       10.4836118038588        8.792857    
   315.0000       10.7251956409738        8.792857    
   330.0000       11.0390126452275        8.792857    
   345.0000       11.3622296707283        8.792857    
  0.0000000E+00   11.6158345443366        8.792857    
 
  0.0000000E+00   10.3754102802698        8.914286    
   15.00000       10.4773774200179        8.914286    
   30.00000       10.4184017358530        8.914286    
   45.00000       10.1701922961342        8.914286    
   60.00000       9.74640932630921        8.914286    
   75.00000       9.23843965206643        8.914286    
   90.00000       8.75632188401373        8.914286    
   105.0000       8.38780315214734        8.914286    
   120.0000       8.18160873135979        8.914286    
   135.0000       8.13508578669633        8.914286    
   150.0000       8.22546909953830        8.914286    
   165.0000       8.40155905418382        8.914286    
   180.0000       8.62150271207422        8.914286    
   195.0000       8.83891438188237        8.914286    
   210.0000       9.02373039746181        8.914286    
   225.0000       9.15282465922900        8.914286    
   240.0000       9.21938102968770        8.914286    
   255.0000       9.23294428391039        8.914286    
   270.0000       9.23996198059937        8.914286    
   285.0000       9.28685573832045        8.914286    
   300.0000       9.40940778953506        8.914286    
   315.0000       9.61907145782733        8.914286    
   330.0000       9.88916661507367        8.914286    
   345.0000       10.1635633459771        8.914286    
  0.0000000E+00   10.3754102802698        8.914286    
 
  0.0000000E+00   9.24204014422341        9.035714    
   15.00000       9.32348534257977        9.035714    
   30.00000       9.26708167736330        9.035714    
   45.00000       9.04965011885590        9.035714    
   60.00000       8.68465603455688        9.035714    
   75.00000       8.25123904730930        9.035714    
   90.00000       7.84196811380044        9.035714    
   105.0000       7.53101073362754        9.035714    
   120.0000       7.35927813282292        9.035714    
   135.0000       7.32420512360406        9.035714    
   150.0000       7.40600195729941        9.035714    
   165.0000       7.56031285210071        9.035714    
   180.0000       7.75095876096284        9.035714    
   195.0000       7.93809600607887        9.035714    
   210.0000       8.09634335454863        9.035714    
   225.0000       8.20614436368273        9.035714    
   240.0000       8.26168532650287        9.035714    
   255.0000       8.27208516821826        9.035714    
   270.0000       8.27746489747787        9.035714    
   285.0000       8.31730467896500        9.035714    
   300.0000       8.42293490848319        9.035714    
   315.0000       8.60355839605038        9.035714    
   330.0000       8.83433905451838        9.035714    
   345.0000       9.06588460066122        9.035714    
  0.0000000E+00   9.24204014422341        9.035714    
 
  0.0000000E+00   8.20345737833615        9.157143    
   15.00000       8.26808266175918        9.157143    
   30.00000       8.21569155718985        9.157143    
   45.00000       8.02741045443372        9.157143    
   60.00000       7.71599384284814        9.157143    
   75.00000       7.34921100241995        9.157143    
   90.00000       7.00435024238822        9.157143    
   105.0000       6.74368673488843        9.157143    
   120.0000       6.60137875114121        9.157143    
   135.0000       6.57506354385810        9.157143    
   150.0000       6.64771018672229        9.157143    
   165.0000       6.78125614942450        9.157143    
   180.0000       6.94474565702323        9.157143    
   195.0000       7.10428682914827        9.157143    
   210.0000       7.23864005370984        9.157143    
   225.0000       7.33142202041442        9.157143    
   240.0000       7.37772515697964        9.157143    
   255.0000       7.38596570334141        9.157143    
   270.0000       7.39035365302495        9.157143    
   285.0000       7.42418708013218        9.157143    
   300.0000       7.51457291347538        9.157143    
   315.0000       7.66877606109239        9.157143    
   330.0000       7.86419111769512        9.157143    
   345.0000       8.05800480682181        9.157143    
  0.0000000E+00   8.20345737833615        9.157143    
 
  0.0000000E+00   7.25579916068676        9.278572    
   15.00000       7.30667785194165        9.278572    
   30.00000       7.25924068107203        9.278572    
   45.00000       7.09823535572681        9.278572    
   60.00000       6.83535341958224        9.278572    
   75.00000       6.52792814996057        9.278572    
   90.00000       6.23992130515360        9.278572    
   105.0000       6.02319777528036        9.278572    
   120.0000       5.90606972597351        9.278572    
   135.0000       5.88643689449521        9.278572    
   150.0000       5.94980583809623        9.278572    
   165.0000       6.06386638357494        9.278572    
   180.0000       6.20242715220247        9.278572    
   195.0000       6.33697395119997        9.278572    
   210.0000       6.44992614634082        9.278572    
   225.0000       6.52767865251234        9.278572    
   240.0000       6.56614650132053        9.278572    
   255.0000       6.57287328353154        9.278572    
   270.0000       6.57664768238806        9.278572    
   285.0000       6.60528224470560        9.278572    
   300.0000       6.68192191579770        9.278572    
   315.0000       6.81219877826918        9.278572    
   330.0000       6.97597685368949        9.278572    
   345.0000       7.13669832125119        9.278572    
  0.0000000E+00   7.25579916068676        9.278572    
 
  0.0000000E+00   6.39149509121014        9.400000    
   15.00000       6.43112069112360        9.400000    
   30.00000       6.38920083059207        9.400000    
   45.00000       6.25353614512327        9.400000    
   60.00000       6.03452479748812        9.400000    
   75.00000       5.77998139144439        9.400000    
   90.00000       5.54224296091942        9.400000    
   105.0000       5.36402424427616        9.400000    
   120.0000       5.26855207011065        9.400000    
   135.0000       5.25401397681147        9.400000    
   150.0000       5.30824191370782        9.400000    
   165.0000       5.40417402810108        9.400000    
   180.0000       5.51995434032700        9.400000    
   195.0000       5.63191365012949        9.400000    
   210.0000       5.72568907424489        9.400000    
   225.0000       5.79012289935267        9.400000    
   240.0000       5.82186831893920        9.400000    
   255.0000       5.82750307823229        9.400000    
   270.0000       5.83088866694494        9.400000    
   285.0000       5.85496675777353        9.400000    
   300.0000       5.91918783389759        9.400000    
   315.0000       6.02783249141566        9.400000    
   330.0000       6.16335581667551        9.400000    
   345.0000       6.29505247471013        9.400000    
  0.0000000E+00   6.39149509121014        9.400000    
 
  0.0000000E+00   5.60351886835099        9.521429    
   15.00000       5.63392718362385        9.521429    
   30.00000       5.59781527283201        9.521429    
   45.00000       5.48556099207108        9.521429    
   60.00000       5.30613966892871        9.521429    
   75.00000       5.09872103647604        9.521429    
   90.00000       4.90548881991942        9.521429    
   105.0000       4.76109992380250        9.521429    
   120.0000       4.68433913636551        9.521429    
   135.0000       4.67368450985061        9.521429    
   150.0000       4.71909298217284        9.521429    
   165.0000       4.79828134262389        9.521429    
   180.0000       4.89332671049113        9.521429    
   195.0000       4.98491393884136        9.521429    
   210.0000       5.06150439734815        9.521429    
   225.0000       5.11409809268291        9.521429    
   240.0000       5.14000634216045        9.521429    
   255.0000       5.14480303273615        9.521429    
   270.0000       5.14790875480462        9.521429    
   285.0000       5.16793694240492        9.521429    
   300.0000       5.22091704515487        9.521429    
   315.0000       5.31002845719372        9.521429    
   330.0000       5.42035021517091        9.521429    
   345.0000       5.52658654680264        9.521429    
  0.0000000E+00   5.60351886835099        9.521429    
 
  0.0000000E+00   4.88548389681841        9.642858    
   15.00000       4.90834742304535        9.642858    
   30.00000       4.87813619736763        9.642858    
   45.00000       4.78740694892239        9.642858    
   60.00000       4.64382786413394        9.642858    
   75.00000       4.47857557064355        9.642858    
   90.00000       4.32480680701639        9.642858    
   105.0000       4.21017967355303        9.642858    
   120.0000       4.14961301310272        9.642858    
   135.0000       4.14185914234889        9.642858    
   150.0000       4.17880048349954        9.642858    
   165.0000       4.24248863238931        9.642858    
   180.0000       4.31871085037493        9.642858    
   195.0000       4.39196314143316        9.642858    
   210.0000       4.45315903257124        9.642858    
   225.0000       4.49519967425566        9.642858    
   240.0000       4.51597806443388        9.642858    
   255.0000       4.52007119635055        9.642858    
   270.0000       4.52292173188109        9.642858    
   285.0000       4.53930671422368        9.642858    
   300.0000       4.58212759287914        9.642858    
   315.0000       4.65363454396387        9.642858    
   330.0000       4.74149219527593        9.642858    
   345.0000       4.82536533597644        9.642858    
  0.0000000E+00   4.88548389681841        9.642858    
 
  0.0000000E+00   4.23207963822681        9.764286    
   15.00000       4.24878306493403        9.764286    
   30.00000       4.22442154420556        9.764286    
   45.00000       4.15339466072485        9.764286    
   60.00000       4.04170535858860        9.764286    
   75.00000       3.91367399512763        9.764286    
   90.00000       3.79485109199543        9.764286    
   105.0000       3.70649360282948        9.764286    
   120.0000       3.66007765642109        9.764286    
   135.0000       3.65462451607370        9.764286    
   150.0000       3.68378915290372        9.764286    
   165.0000       3.73356612619983        9.764286    
   180.0000       3.79279259387459        9.764286    
   195.0000       3.84955937741434        9.764286    
   210.0000       3.89696444502887        9.764286    
   225.0000       3.92959395854182        9.764286    
   240.0000       3.94586569623521        9.764286    
   255.0000       3.94940732727670        9.764286    
   270.0000       3.95197354356643        9.764286    
   285.0000       3.96501820332394        9.764286    
   300.0000       3.99856254619863        9.764286    
   315.0000       4.05420606915890        9.764286    
   330.0000       4.12211455949361        9.764286    
   345.0000       4.18644807427911        9.764286    
  0.0000000E+00   4.23207963822681        9.764286    
 
  0.0000000E+00   3.63704857161819        9.885715    
   15.00000       3.64873949454383        9.885715    
   30.00000       3.63006609807583        9.885715    
   45.00000       3.57698803233225        9.885715    
   60.00000       3.49406387929659        9.885715    
   75.00000       3.39931046031033        9.885715    
   90.00000       3.31149166657266        9.885715    
   105.0000       3.24630552377848        9.885715    
   120.0000       3.21222220020233        9.885715    
   135.0000       3.20850899703997        9.885715    
   150.0000       3.23042193344515        9.885715    
   165.0000       3.26751315138635        9.885715    
   180.0000       3.31149147316023        9.885715    
   195.0000       3.35355335820805        9.885715    
   210.0000       3.38866640064612        9.885715    
   225.0000       3.41286925272853        9.885715    
   240.0000       3.42500934659631        9.885715    
   255.0000       3.42780114052828        9.885715    
   270.0000       3.43000243381650        9.885715    
   285.0000       3.43996650484484        9.885715    
   300.0000       3.46511711076168        9.885715    
   315.0000       3.50651390837047        9.885715    
   330.0000       3.55669713620691        9.885715    
   345.0000       3.60389209833999        9.885715    
  0.0000000E+00   3.63704857161819        9.885715    
 
  0.0000000E+00   3.09586295160188        10.00714    
   15.00000       3.10348593102348        10.00714    
   30.00000       3.09024887843018        10.00714    
   45.00000       3.05343578133321        10.00714    
   60.00000       2.99623856101186        10.00714    
   75.00000       2.93104959485778        10.00714    
   90.00000       2.87069290033898        10.00714    
   105.0000       2.82595299329882        10.00714    
   120.0000       2.80264936913771        10.00714    
   135.0000       2.80027162360054        10.00714    
   150.0000       2.81552253505016        10.00714    
   165.0000       2.84116068568872        10.00714    
   180.0000       2.87146617010160        10.00714    
   195.0000       2.90039706634792        10.00714    
   210.0000       2.92454728923076        10.00714    
   225.0000       2.94123286197003        10.00714    
   240.0000       2.94968397421755        10.00714    
   255.0000       2.95178468026465        10.00714    
   270.0000       2.95352379174084        10.00714    
   285.0000       2.96060640090312        10.00714    
   300.0000       2.97813332330411        10.00714    
   315.0000       3.00675463569146        10.00714    
   330.0000       3.04123271752868        10.00714    
   345.0000       3.07343992276465        10.00714    
  0.0000000E+00   3.09586295160188        10.00714    
 
  0.0000000E+00   2.60403109410628        10.12857    
   15.00000       2.60838510868879        10.12857    
   30.00000       2.60027526272460        10.12857    
   45.00000       2.57810857237227        10.12857    
   60.00000       2.54381470353840        10.12857    
   75.00000       2.50480038979417        10.12857    
   90.00000       2.46870047281396        10.12857    
   105.0000       2.44196628452686        10.12857    
   120.0000       2.42808246822424        10.12857    
   135.0000       2.42674100892478        10.12857    
   150.0000       2.43594925652941        10.12857    
   165.0000       2.45134347508090        10.12857    
   180.0000       2.46949142799037        10.12857    
   195.0000       2.48678631042777        10.12857    
   210.0000       2.50122090584630        10.12857    
   225.0000       2.51121441317816        10.12857    
   240.0000       2.51632135036663        10.12857    
   255.0000       2.51767535023225        10.12857    
   270.0000       2.51884067284128        10.12857    
   285.0000       2.52320847093385        10.12857    
   300.0000       2.53382277374519        10.12857    
   315.0000       2.55103236134616        10.12857    
   330.0000       2.57165161096087        10.12857    
   345.0000       2.59080253925560        10.12857    
  0.0000000E+00   2.60403109410628        10.12857    
 
  0.0000000E+00   2.15653044261829        10.25000    
   15.00000       2.15830396778827        10.25000    
   30.00000       2.15496983270304        10.25000    
   45.00000       2.14588503207959        10.25000    
   60.00000       2.13184437539450        10.25000    
   75.00000       2.11587662466742        10.25000    
   90.00000       2.10110176716339        10.25000    
   105.0000       2.09016553914535        10.25000    
   120.0000       2.08450110234196        10.25000    
   135.0000       2.08398427838928        10.25000    
   150.0000       2.08779284736337        10.25000    
   165.0000       2.09412943316656        10.25000    
   180.0000       2.10157971263966        10.25000    
   195.0000       2.10866340906937        10.25000    
   210.0000       2.11456071766677        10.25000    
   225.0000       2.11862763982651        10.25000    
   240.0000       2.12068565327831        10.25000    
   255.0000       2.12120380938206        10.25000    
   270.0000       2.12164604376166        10.25000    
   285.0000       2.12340857430991        10.25000    
   300.0000       2.12774782560825        10.25000    
   315.0000       2.13480534921706        10.25000    
   330.0000       2.14326385385450        10.25000    
   345.0000       2.15111467179759        10.25000    
  0.0000000E+00   2.15653044261829        10.25000    
 
