  0.0000000E+00   5.96396073664617     
   22.50000       5.32006795941614     
   45.00000       4.77241589548905     
   67.50000       4.45569965082886     
   90.00000       4.35729177702113     
   112.5000       4.37883998210070     
   135.0000       4.46832796948147     
   157.5000       4.58303340085778     
   180.0000       4.72420447804550     
   202.5000       5.07945722114698     
   225.0000       5.89610443955295     
   247.5000       5.94192522878102     
   270.0000       5.95933852126728     
   292.5000       5.96348313435340     
   315.0000       5.96366263301035     
   337.5000       5.96849056711218     
   360.0000       5.96396073664617     
   360.0000       5.94141277506863     
   382.5000       5.64529649840446     
   405.0000       4.94063211822270     
   427.5000       4.57853408393269     
   450.0000       4.49147553621628     
   472.5000       4.55515237174604     
   495.0000       4.66298425306848     
   517.5000       4.83300604892046     
   540.0000       5.06605234927912     
   562.5000       5.57716864567482     
   585.0000       5.90719248983698     
   607.5000       5.94190094213922     
   630.0000       5.95497758652778     
   652.5000       5.95942174028100     
   675.0000       5.95919584825019     
   697.5000       5.95891545445098     
   720.0000       5.94141277506863     
   720.0000       5.87860281075069     
   742.5000       5.82888954763648     
   765.0000       5.29144056512007     
   787.5000       4.84315917209762     
   810.0000       4.71628885348282     
   832.5000       4.76101593807125     
   855.0000       4.90756889001892     
   877.5000       5.11196468601561     
   900.0000       5.40829768782301     
   922.5000       5.81073455691538     
   945.0000       5.85889364176938     
   967.5000       5.88692790665047     
   990.0000       5.89762065008974     
   1012.500       5.90048966116138     
   1035.000       5.90123204481904     
   1057.500       5.89717565564281     
   1080.000       5.87860281075069     
   1080.000       5.79880434672676     
   1102.500       5.76180274561506     
   1125.000       5.71157999833177     
   1147.500       5.44201904772197     
   1170.000       5.17396557540762     
   1192.500       5.13372669470844     
   1215.000       5.25609877694112     
   1237.500       5.47276662645055     
   1260.000       5.69735730100591     
   1282.500       5.74069733997441     
   1305.000       5.77569329510758     
   1327.500       5.80121952600665     
   1350.000       5.81312798885784     
   1372.500       5.81596236409324     
   1395.000       5.81817066101700     
   1417.500       5.81457195893052     
   1440.000       5.79880434672676     
   1440.000       5.70501910964082     
   1462.500       5.67044733335468     
   1485.000       5.63195480701159     
   1507.500       5.59342581379033     
   1530.000       5.57075006930248     
   1552.500       5.57053246026728     
   1575.000       5.58878052522754     
   1597.500       5.60580469704684     
   1620.000       5.63405829700787     
   1642.500       5.66246752517583     
   1665.000       5.68661223246781     
   1687.500       5.70809548309267     
   1710.000       5.72046452842284     
   1732.500       5.72353431445779     
   1755.000       5.72529349115914     
   1777.500       5.72144304338997     
   1800.000       5.70501910964082     
   1800.000       5.59483439372648     
   1822.500       5.55757232401465     
   1845.000       5.52226127274713     
   1867.500       5.49607376191446     
   1890.000       5.48948741667015     
   1912.500       5.50480453898049     
   1935.000       5.52893638559412     
   1957.500       5.54814486239523     
   1980.000       5.57158124040288     
   2002.500       5.59013875753671     
   2025.000       5.60573918280867     
   2047.500       5.62157849772474     
   2070.000       5.63056374305819     
   2092.500       5.63177962538153     
   2115.000       5.62958243705456     
   2137.500       5.61939090692760     
   2160.000       5.59483439372648     
   2160.000       5.48005241477072     
   2182.500       5.44826166044281     
   2205.000       5.42007011205440     
   2227.500       5.41195668330985     
   2250.000       5.42887740240471     
   2272.500       5.46199067549016     
   2295.000       5.47841894743693     
   2317.500       5.49753157669108     
   2340.000       5.51393242599622     
   2362.500       5.52299500098401     
   2385.000       5.53158255580569     
   2407.500       5.54057213361812     
   2430.000       5.54396275209221     
   2452.500       5.54082478465614     
   2475.000       5.53043853943733     
   2497.500       5.50907472204911     
   2520.000       5.48005241477072     
   2520.000       5.36918848200105     
   2542.500       5.33644008257768     
   2565.000       5.32304045517277     
   2587.500       5.33786461305062     
   2610.000       5.37717905579000     
   2632.500       5.42212460795197     
   2655.000       5.45120546809001     
   2677.500       5.46638961883762     
   2700.000       5.47346949574660     
   2722.500       5.47470828173151     
   2745.000       5.47618956140012     
   2767.500       5.47676987026251     
   2790.000       5.47428490143013     
   2812.500       5.46480334552115     
   2835.000       5.44418325694858     
   2857.500       5.41074205925857     
   2880.000       5.36918848200105     
   2880.000       5.27148392386255     
   2902.500       5.25000450143922     
   2925.000       5.25461998148181     
   2947.500       5.29124821133606     
   2970.000       5.34668161972112     
   2992.500       5.39646207565415     
   3015.000       5.42377751942515     
   3037.500       5.43405085353639     
   3060.000       5.43100470983016     
   3082.500       5.42248818412482     
   3105.000       5.41526024740801     
   3127.500       5.40722666634946     
   3150.000       5.39753663078513     
   3172.500       5.38138833200581     
   3195.000       5.35230145077768     
   3217.500       5.31196921076864     
   3240.000       5.27148392386255     
   3240.000       5.20081152965149     
   3262.500       5.19424871953430     
   3285.000       5.21782077617733     
   3307.500       5.27278973220580     
   3330.000       5.33797970022715     
   3352.500       5.38879007602102     
   3375.000       5.41321123056703     
   3397.500       5.41671925404996     
   3420.000       5.40394721831687     
   3442.500       5.38657083779917     
   3465.000       5.36890067735604     
   3487.500       5.35078257242683     
   3510.000       5.33399607575488     
   3532.500       5.31112534997191     
   3555.000       5.27605618357615     
   3577.500       5.23397325031862     
   3600.000       5.20081152965149     
   3600.000       5.16341755853797     
   3622.500       5.17443306875880     
   3645.000       5.21656292567579     
   3667.500       5.28564341788694     
   3690.000       5.35538836031032     
   3712.500       5.40488456183991     
   3735.000       5.42545793302984     
   3757.500       5.42125377977555     
   3780.000       5.39879747228956     
   3802.500       5.37150982409941     
   3825.000       5.34157880189857     
   3847.500       5.31266092175166     
   3870.000       5.28833423190530     
   3892.500       5.25936701856780     
   3915.000       5.22183178787851     
   3937.500       5.18370719923116     
   3960.000       5.16341755853797     
   3960.000       5.16884746585370     
   3982.500       5.19899720187381     
   4005.000       5.25799862603544     
   4027.500       5.33644665711281     
   4050.000       5.40632347417552     
   4072.500       5.45226542229260     
   4095.000       5.46715582440319     
   4117.500       5.45383205987723     
   4140.000       5.42091300385410     
   4162.500       5.38193892954760     
   4185.000       5.33839914797778     
   4207.500       5.29874313488056     
   4230.000       5.26732564520963     
   4252.500       5.23450116507531     
   4275.000       5.19944780059040     
   4297.500       5.17150615072352     
   4320.000       5.16884746585370     
   4320.000       5.29582732345777     
   4342.500       5.34415344047745     
   4365.000       5.41395628833821     
   4387.500       5.49061880223413     
   4410.000       5.55540596381653     
   4432.500       5.59446283493718     
   4455.000       5.60162869346042     
   4477.500       5.57936930170437     
   4500.000       5.53816771042858     
   4522.500       5.49139945771235     
   4545.000       5.43591740935828     
   4567.500       5.38645872380634     
   4590.000       5.34953177914712     
   4612.500       5.31657199797813     
   4635.000       5.28972485277468     
   4657.500       5.27773472742655     
   4680.000       5.29582732345777     
   4680.000       5.49672228767080     
   4702.500       5.56102346351222     
   4725.000       5.64000502173043     
   4747.500       5.71770871405325     
   4770.000       5.77176335685489     
   4792.500       5.79874734942291     
   4815.000       5.79289427934058     
   4837.500       5.75717649632366     
   4860.000       5.70222380948364     
   4882.500       5.64026802101487     
   4905.000       5.57579343184433     
   4927.500       5.52466290645113     
   4950.000       5.49036360280877     
   4972.500       5.46539854433308     
   4995.000       5.45210929556825     
   5017.500       5.45891672319096     
   5040.000       5.49672228767080     
   5040.000       5.83202375441311     
   5062.500       5.89902394183181     
   5085.000       5.97008071929189     
   5107.500       6.03225472581485     
   5130.000       6.06826820528341     
   5152.500       6.07916585566050     
   5175.000       6.06091084534446     
   5197.500       6.01704254831358     
   5220.000       5.95797621746976     
   5242.500       5.89235481916614     
   5265.000       5.82885841029237     
   5287.500       5.78353617972910     
   5310.000       5.75749758166995     
   5332.500       5.74619402538477     
   5355.000       5.75261822048485     
   5377.500       5.77979633337987     
   5400.000       5.83202375441311     
   5400.000       6.40253253322869     
   5422.500       6.45133649199176     
   5445.000       6.49740183335033     
   5467.500       6.53144255737358     
   5490.000       6.54526046575940     
   5512.500       6.54179805682849     
   5535.000       6.51949907198783     
   5557.500       6.48145749828570     
   5580.000       6.43487840636190     
   5602.500       6.38841736310474     
   5625.000       6.34704053368730     
   5647.500       6.32156325191121     
   5670.000       6.31097635430529     
   5692.500       6.31286668642163     
   5715.000       6.32861188415049     
   5737.500       6.35858887944276     
   5760.000       6.40253253322869     
