  0.0000000E+00   11276.6929036563     
   22.50000       10729.6902600539     
   45.00000       10746.5665626300     
   67.50000       11360.2460975092     
   90.00000       12422.6568475675     
   112.5000       13408.8056910291     
   135.0000       13779.1172419137     
   157.5000       13374.5296696230     
   180.0000       12582.7736983686     
   202.5000       12050.6044030825     
   225.0000       11941.5443658878     
   247.5000       12402.3910908064     
   270.0000       13103.0445069646     
   292.5000       13472.5409883330     
   315.0000       13013.5641314277     
   337.5000       12143.4726191636     
   360.0000       11276.6929036563     
   360.0000       9365.25258304996     
   382.5000       8857.77295575572     
   405.0000       8788.51834650492     
   427.5000       9224.61198887016     
   450.0000       10077.5402744706     
   472.5000       10892.0182504902     
   495.0000       11183.2187102254     
   517.5000       10801.4981239816     
   540.0000       10048.9296013125     
   562.5000       9489.20395320992     
   585.0000       9410.11025116987     
   607.5000       9853.05305129472     
   630.0000       10565.7919926113     
   652.5000       11016.5325406630     
   675.0000       10835.9325051780     
   697.5000       10126.3837306752     
   720.0000       9365.25258304996     
   720.0000       7578.63049638035     
   742.5000       7128.46267582772     
   765.0000       6984.18410941765     
   787.5000       7219.50976024531     
   810.0000       7794.96702901586     
   832.5000       8400.66376977806     
   855.0000       8662.23696649282     
   877.5000       8393.77705571561     
   900.0000       7847.49172306749     
   922.5000       7378.86980060870     
   945.0000       7234.27776059875     
   967.5000       7502.72184866725     
   990.0000       8063.27595301931     
   1012.500       8524.02301308473     
   1035.000       8556.14181621990     
   1057.500       8149.22576636217     
   1080.000       7578.63049638035     
   1080.000       6174.06011351076     
   1102.500       5806.13870335551     
   1125.000       5609.04201893774     
   1147.500       5672.15497538596     
   1170.000       6016.27291591440     
   1192.500       6462.80618831470     
   1215.000       6712.03840490891     
   1237.500       6615.53639305528     
   1260.000       6265.45947488929     
   1282.500       5883.31318930779     
   1305.000       5674.11823593064     
   1327.500       5755.13614273284     
   1350.000       6120.29466884627     
   1372.500       6532.61706832829     
   1395.000       6700.73906877003     
   1417.500       6540.46413577664     
   1440.000       6174.06011351076     
   1440.000       4994.27072876421     
   1462.500       4703.97383077210     
   1485.000       4520.89099821811     
   1507.500       4527.74584703304     
   1530.000       4763.67951879581     
   1552.500       5106.17700542420     
   1575.000       5318.32343185797     
   1597.500       5277.62801678537     
   1620.000       5027.61899144470     
   1642.500       4715.87960664353     
   1665.000       4505.86653180848     
   1687.500       4507.64246696993     
   1710.000       4756.99339961404     
   1732.500       5104.28902421519     
   1755.000       5298.93203199143     
   1777.500       5242.82857712455     
   1800.000       4994.27072876421     
   1800.000       3999.11755349727     
   1822.500       3760.82047324959     
   1845.000       3628.90320724875     
   1867.500       3671.17850422430     
   1890.000       3904.08305663722     
   1912.500       4192.77713478150     
   1935.000       4329.70000106116     
   1957.500       4243.19058004657     
   1980.000       4002.91124677821     
   2002.500       3740.08364519627     
   2025.000       3582.78345759829     
   2047.500       3614.49097375580     
   2070.000       3853.64581380333     
   2092.500       4155.59614995629     
   2115.000       4300.51827346578     
   2137.500       4224.00275271201     
   2160.000       3999.11755349727     
   2160.000       3164.03816080696     
   2182.500       2972.05970704086     
   2205.000       2900.44260964471     
   2227.500       2997.01116912481     
   2250.000       3243.32151196768     
   2272.500       3481.50313702339     
   2295.000       3534.32843960308     
   2317.500       3387.22912477439     
   2340.000       3146.32944297116     
   2362.500       2934.72028158616     
   2385.000       2847.01978715941     
   2407.500       2937.39761635203     
   2430.000       3190.32352701983     
   2452.500       3444.69466632449     
   2475.000       3514.84016658004     
   2497.500       3386.32514111701     
   2520.000       3164.03816080696     
   2520.000       2472.75459373405     
   2542.500       2324.04208019533     
   2565.000       2296.17099149196     
   2587.500       2419.62488728876     
   2610.000       2654.24816516935     
   2632.500       2840.79766566334     
   2655.000       2836.52241401411     
   2677.500       2665.25604218220     
   2700.000       2446.12304018549     
   2722.500       2284.87661509438     
   2745.000       2248.50977062690     
   2767.500       2369.73860979639     
   2790.000       2611.49290528481     
   2812.500       2814.13693303880     
   2835.000       2828.92799927209     
   2857.500       2676.31380508752     
   2880.000       2472.75459373405     
   2880.000       1914.37889514787     
   2902.500       1800.95009536673     
   2925.000       1796.03573663155     
   2947.500       1918.46720708637     
   2970.000       2122.62441921291     
   2992.500       2265.83996569988     
   3015.000       2235.96474107401     
   3037.500       2072.52999272632     
   3060.000       1887.71355938765     
   3082.500       1767.01971729573     
   3105.000       1757.88712655395     
   3127.500       1880.10780257644     
   3150.000       2090.70681999888     
   3172.500       2247.92407692000     
   3195.000       2235.39561852886     
   3217.500       2087.81061327600     
   3240.000       1914.37889514787     
   3240.000       1467.64926780186     
   3262.500       1381.97001140747     
   3285.000       1386.89319626745     
   3307.500       1494.09016642796     
   3330.000       1661.45944730197     
   3352.500       1770.13888310053     
   3375.000       1733.52384994319     
   3397.500       1593.03625131330     
   3420.000       1444.59533071668     
   3442.500       1354.91671170742     
   3465.000       1357.86033763509     
   3487.500       1465.69137948751     
   3510.000       1638.30682100306     
   3532.500       1758.36944688970     
   3555.000       1736.21551928450     
   3577.500       1608.23381515697     
   3600.000       1467.64926780186     
   3600.000       1109.78649246860     
   3622.500       1046.06449924971     
   3645.000       1054.13033621071     
   3667.500       1141.26670487932     
   3690.000       1272.38265021572     
   3712.500       1353.44075831017     
   3735.000       1319.03061976391     
   3757.500       1205.98390058089     
   3780.000       1091.26218468222     
   3802.500       1025.44619507882     
   3825.000       1032.69581856611     
   3847.500       1120.75873190583     
   3870.000       1255.95903052810     
   3892.500       1345.89905279159     
   3915.000       1322.90079629001     
   3937.500       1219.25888788228     
   3960.000       1109.78649246860     
   3960.000       822.813509071204     
   3982.500       776.552181842927     
   4005.000       784.586503897289     
   4027.500       851.465941460134     
   4050.000       949.877098129913     
   4072.500       1008.78438272104     
   4095.000       980.230874806750     
   4117.500       893.987695797837     
   4140.000       808.669243238790     
   4162.500       761.404690192027     
   4185.000       769.213944627921     
   4207.500       837.039983057496     
   4230.000       938.552141589805     
   4252.500       1004.15170943245     
   4275.000       984.199244836556     
   4297.500       904.742448988569     
   4320.000       822.813509071204     
   4320.000       592.828803848853     
   4342.500       560.452134564052     
   4365.000       567.083848953475     
   4387.500       615.542324563239     
   4410.000       685.854770869129     
   4432.500       727.048268282792     
   4455.000       705.382746680087     
   4477.500       643.119717847486     
   4500.000       582.514242128085     
   4522.500       549.733223950515     
   4545.000       556.436018374985     
   4567.500       605.749672391775     
   4590.000       678.364276786578     
   4612.500       724.395369113506     
   4635.000       708.897831997580     
   4657.500       651.315114117176     
   4680.000       592.828803848853     
   4680.000       408.933379221229     
   4702.500       387.562001669506     
   4725.000       392.333276356636     
   4747.500       424.954872305210     
   4770.000       471.887817995662     
   4792.500       499.003138820899     
   4815.000       484.000829989471     
   4837.500       442.159977708325     
   4860.000       401.845242164116     
   4882.500       380.387346543374     
   4905.000       385.361848957716     
   4927.500       418.692367762679     
   4950.000       467.254279570018     
   4972.500       497.659989301838     
   4995.000       486.797472023280     
   5017.500       447.992651953369     
   5040.000       408.933379221229     
   5040.000       262.362794591098     
   5062.500       249.668477194859     
   5085.000       252.571865722302     
   5107.500       272.059362212586     
   5130.000       299.997230685881     
   5152.500       316.012405916808     
   5175.000       306.898137277281     
   5197.500       281.892546961434     
   5220.000       257.936450546880     
   5242.500       245.309278810469     
   5265.000       248.451742131078     
   5287.500       268.473482990144     
   5310.000       297.466237808205     
   5332.500       315.496983437932     
   5355.000       308.876485598457     
   5377.500       285.647700067837     
   5400.000       262.362794591098     
   5400.000       146.074621105383     
   5422.500       140.172906687399     
   5445.000       141.406130593434     
   5467.500       150.283902085674     
   5490.000       163.083109351273     
   5512.500       170.425467530391     
   5535.000       166.242348310136     
   5557.500       154.782911209465     
   5580.000       143.812282341219     
   5602.500       138.037318549478     
   5625.000       139.488992804163     
   5647.500       148.717683426090     
   5670.000       162.085567838164     
   5692.500       170.411949313184     
   5715.000       167.415391507948     
   5737.500       156.775324338162     
   5760.000       146.074621105383     
