  0.0000000E+00  1.344839344094324E+035
   15.00000      1.273489919884323E+035
   30.00000      1.207880579504830E+035
   45.00000      1.152881371832006E+035
   60.00000      1.107628847686125E+035
   75.00000      1.068880156827695E+035
   90.00000      1.031302834780940E+035
   105.0000      9.948928001916952E+034
   120.0000      9.643612904298302E+034
   135.0000      9.434371599456156E+034
   150.0000      9.360991562066086E+034
   165.0000      9.499838570133730E+034
   180.0000      9.778105723124731E+034
   195.0000      1.030337177807026E+035
   210.0000      1.096603528278250E+035
   225.0000      1.174614929064773E+035
   240.0000      1.260259150130713E+035
   255.0000      1.343242685814225E+035
   270.0000      1.412423363885844E+035
   285.0000      1.472993370303690E+035
   300.0000      1.506773706537949E+035
   315.0000      1.496499546684651E+035
   330.0000      1.463751978741654E+035
   345.0000      1.410768396718047E+035
   360.0000      1.344839344094324E+035
   360.0000      1.364297002365460E+035
   375.0000      1.292317192258737E+035
   390.0000      1.226502716826845E+035
   405.0000      1.171257011170308E+035
   420.0000      1.125976955970222E+035
   435.0000      1.087255987102009E+035
   450.0000      1.050198515034921E+035
   465.0000      1.014367023039849E+035
   480.0000      9.841610801224427E+034
   495.0000      9.633019600219914E+034
   510.0000      9.556216021855465E+034
   525.0000      9.691157703570861E+034
   540.0000      9.964166607931332E+034
   555.0000      1.048754257998142E+035
   570.0000      1.115364143989437E+035
   585.0000      1.194795595487240E+035
   600.0000      1.281885469638788E+035
   615.0000      1.365690071555083E+035
   630.0000      1.433747665264410E+035
   645.0000      1.487271416168698E+035
   660.0000      1.518097349349232E+035
   675.0000      1.513725073587768E+035
   690.0000      1.483386585669949E+035
   705.0000      1.430363395794196E+035
   720.0000      1.364297002365460E+035
   720.0000      1.391154379721739E+035
   735.0000      1.319640511958612E+035
   750.0000      1.253932455824732E+035
   765.0000      1.198570315845057E+035
   780.0000      1.153129859290778E+035
   795.0000      1.114430087497769E+035
   810.0000      1.077945327026068E+035
   825.0000      1.043007957214092E+035
   840.0000      1.013428633962986E+035
   855.0000      9.927765703217652E+034
   870.0000      9.846753720347020E+034
   885.0000      9.971387316054712E+034
   900.0000      1.023221125675920E+035
   915.0000      1.074276727127735E+035
   930.0000      1.140566100777956E+035
   945.0000      1.220663625244472E+035
   960.0000      1.308135096840137E+035
   975.0000      1.390066937875193E+035
   990.0000      1.452811690739993E+035
   1005.000      1.498673958109780E+035
   1020.000      1.527127058272616E+035
   1035.000      1.527890593384565E+035
   1050.000      1.505627354077452E+035
   1065.000      1.455741139895897E+035
   1080.000      1.391154379721739E+035
   1080.000      1.417203307691657E+035
   1095.000      1.348416169875005E+035
   1110.000      1.283812127802511E+035
   1125.000      1.228595896418251E+035
   1140.000      1.182951518915081E+035
   1155.000      1.144141479271120E+035
   1170.000      1.108160968902254E+035
   1185.000      1.074229857682727E+035
   1200.000      1.045421669338024E+035
   1215.000      1.025055253598208E+035
   1230.000      1.016314311089432E+035
   1245.000      1.027063651296855E+035
   1260.000      1.051108659695704E+035
   1275.000      1.099424393633129E+035
   1290.000      1.163717795919449E+035
   1305.000      1.242421110783723E+035
   1320.000      1.327038692362815E+035
   1335.000      1.402640888939698E+035
   1350.000      1.458871716751373E+035
   1365.000      1.499800596947432E+035
   1380.000      1.526779415393393E+035
   1395.000      1.531618893173824E+035
   1410.000      1.518874501864864E+035
   1425.000      1.477259849493066E+035
   1440.000      1.417203307691657E+035
   1440.000      1.437056058550373E+035
   1455.000      1.373628818995931E+035
   1470.000      1.311708541634383E+035
   1485.000      1.257272572843737E+035
   1500.000      1.211428047082930E+035
   1515.000      1.172436487516727E+035
   1530.000      1.136867407789387E+035
   1545.000      1.103924772677284E+035
   1560.000      1.075881932106328E+035
   1575.000      1.055797250864011E+035
   1590.000      1.046057368408235E+035
   1605.000      1.054500114047505E+035
   1620.000      1.075516166960425E+035
   1635.000      1.119458314731190E+035
   1650.000      1.179738650031153E+035
   1665.000      1.253938434439184E+035
   1680.000      1.331414462285750E+035
   1695.000      1.398496320866184E+035
   1710.000      1.450129649622261E+035
   1725.000      1.487997812059226E+035
   1740.000      1.514520582764303E+035
   1755.000      1.522982557349374E+035
   1770.000      1.517896900958517E+035
   1785.000      1.488714028919381E+035
   1800.000      1.437056058550373E+035
   1800.000      1.446618978358226E+035
   1815.000      1.391296542389715E+035
   1830.000      1.333997893782181E+035
   1845.000      1.281398752628651E+035
   1860.000      1.235755040255068E+035
   1875.000      1.196615013760278E+035
   1890.000      1.161400148785734E+035
   1905.000      1.129378284741624E+035
   1920.000      1.102030285310200E+035
   1935.000      1.082188653001993E+035
   1950.000      1.071226886074658E+035
   1965.000      1.076823958741011E+035
   1980.000      1.094056176397200E+035
   1995.000      1.132207479489748E+035
   2010.000      1.186301049135474E+035
   2025.000      1.252599691116217E+035
   2040.000      1.319742165752874E+035
   2055.000      1.379560327220048E+035
   2070.000      1.427631334059475E+035
   2085.000      1.463624112558995E+035
   2100.000      1.490395052642223E+035
   2115.000      1.502233471215233E+035
   2130.000      1.503322180030204E+035
   2145.000      1.485757661711374E+035
   2160.000      1.446618978358226E+035
   2160.000      1.442593608222908E+035
   2175.000      1.398037143558488E+035
   2190.000      1.347281882702759E+035
   2205.000      1.297960031626917E+035
   2220.000      1.253329996741288E+035
   2235.000      1.214363548866820E+035
   2250.000      1.179576129534229E+035
   2265.000      1.148444479661366E+035
   2280.000      1.121754353479529E+035
   2295.000      1.102187122792666E+035
   2310.000      1.090049621482152E+035
   2325.000      1.092658764799558E+035
   2340.000      1.105786640229379E+035
   2355.000      1.137310157907977E+035
   2370.000      1.183411655373535E+035
   2385.000      1.239049716006139E+035
   2400.000      1.296278810206163E+035
   2415.000      1.349402898100779E+035
   2430.000      1.394275931153142E+035
   2445.000      1.428868959910218E+035
   2460.000      1.456028203874292E+035
   2475.000      1.470788268685563E+035
   2490.000      1.476660299102968E+035
   2505.000      1.468296579855287E+035
   2520.000      1.442593608222908E+035
   2520.000      1.423129975277734E+035
   2535.000      1.391180909718944E+035
   2550.000      1.348645381910163E+035
   2565.000      1.304064727143793E+035
   2580.000      1.261639248673460E+035
   2595.000      1.223523339253056E+035
   2610.000      1.189464142897070E+035
   2625.000      1.159317423971194E+035
   2640.000      1.133370202730145E+035
   2655.000      1.114246642096724E+035
   2670.000      1.101303430455068E+035
   2685.000      1.101289432672521E+035
   2700.000      1.110651087638197E+035
   2715.000      1.135358387456670E+035
   2730.000      1.172591810206319E+035
   2745.000      1.217348782777255E+035
   2760.000      1.265680818810588E+035
   2775.000      1.312396420698449E+035
   2790.000      1.353912260108074E+035
   2805.000      1.386943617561785E+035
   2820.000      1.414036313332472E+035
   2835.000      1.430859435273640E+035
   2850.000      1.440110096470997E+035
   2865.000      1.438295830618011E+035
   2880.000      1.423129975277734E+035
   2880.000      1.390601632941087E+035
   2895.000      1.368989385683884E+035
   2910.000      1.336175352281734E+035
   2925.000      1.297571849788170E+035
   2940.000      1.258552916386933E+035
   2955.000      1.222276982783672E+035
   2970.000      1.189494369645922E+035
   2985.000      1.160599972707198E+035
   3000.000      1.135646728807733E+035
   3015.000      1.117275459520762E+035
   3030.000      1.104166293597684E+035
   3045.000      1.102330261014217E+035
   3060.000      1.108601044630506E+035
   3075.000      1.127064035194421E+035
   3090.000      1.155656252240646E+035
   3105.000      1.191542855461740E+035
   3120.000      1.232028676599798E+035
   3135.000      1.272624838468464E+035
   3150.000      1.310370275890253E+035
   3165.000      1.341248756284115E+035
   3180.000      1.367389840534048E+035
   3195.000      1.385054924339178E+035
   3210.000      1.396193618357050E+035
   3225.000      1.398472121128129E+035
   3240.000      1.390601632941087E+035
   3240.000      1.348135056251375E+035
   3255.000      1.333717851791459E+035
   3270.000      1.309142991830768E+035
   3285.000      1.277696962803704E+035
   3300.000      1.243129774139993E+035
   3315.000      1.209643681508050E+035
   3330.000      1.178797878235540E+035
   3345.000      1.151599720660406E+035
   3360.000      1.128037105386234E+035
   3375.000      1.110828114940003E+035
   3390.000      1.098290429312218E+035
   3405.000      1.095508954167392E+035
   3420.000      1.099512900712154E+035
   3435.000      1.112917675256748E+035
   3450.000      1.135014679252734E+035
   3465.000      1.164075729433183E+035
   3480.000      1.197995181631219E+035
   3495.000      1.232934451123398E+035
   3510.000      1.266514362734474E+035
   3525.000      1.294496798691494E+035
   3540.000      1.318648930450023E+035
   3555.000      1.335794143748736E+035
   3570.000      1.347348456258358E+035
   3585.000      1.351624438393010E+035
   3600.000      1.348135056251375E+035
   3600.000      1.298782830305362E+035
   3615.000      1.288772958997925E+035
   3630.000      1.270102282998097E+035
   3645.000      1.244911056233945E+035
   3660.000      1.215844888523560E+035
   3675.000      1.185946476754954E+035
   3690.000      1.157691752230832E+035
   3705.000      1.132625102733329E+035
   3720.000      1.110886599737882E+035
   3735.000      1.095248045848505E+035
   3750.000      1.083880361168596E+035
   3765.000      1.080914095577663E+035
   3780.000      1.083566003400801E+035
   3795.000      1.093818597019631E+035
   3810.000      1.111775962880612E+035
   3825.000      1.135937228555915E+035
   3840.000      1.164613360481154E+035
   3855.000      1.194495550722436E+035
   3870.000      1.223670581705896E+035
   3885.000      1.248095683370197E+035
   3900.000      1.269338053917330E+035
   3915.000      1.284747722029617E+035
   3930.000      1.295463166808947E+035
   3945.000      1.300125416748636E+035
   3960.000      1.298782830305362E+035
   3960.000      1.245028154779747E+035
   3975.000      1.237440208576607E+035
   3990.000      1.222701110451241E+035
   4005.000      1.202265742660867E+035
   4020.000      1.178182621456800E+035
   4035.000      1.152695308005273E+035
   4050.000      1.127508666650029E+035
   4065.000      1.104921357814728E+035
   4080.000      1.085371228721617E+035
   4095.000      1.071617477803314E+035
   4110.000      1.061790732703732E+035
   4125.000      1.059271050756062E+035
   4140.000      1.061681004834211E+035
   4155.000      1.070689896919389E+035
   4170.000      1.086272209156045E+035
   4185.000      1.107084845738126E+035
   4200.000      1.131630915704426E+035
   4215.000      1.157024725562812E+035
   4230.000      1.181706565819347E+035
   4245.000      1.202128359363916E+035
   4260.000      1.219833641447632E+035
   4275.000      1.232670525384226E+035
   4290.000      1.241671434868835E+035
   4305.000      1.245682635877115E+035
   4320.000      1.245028154779747E+035
   4320.000      1.188735768781077E+035
   4335.000      1.182379904508838E+035
   4350.000      1.170253702159548E+035
   4365.000      1.153373737057427E+035
   4380.000      1.133377481887262E+035
   4395.000      1.111917462335477E+035
   4410.000      1.090255681442797E+035
   4425.000      1.070343593188798E+035
   4440.000      1.053198927875294E+035
   4455.000      1.041478659317519E+035
   4470.000      1.033436357940837E+035
   4485.000      1.032114632958285E+035
   4500.000      1.035277240360248E+035
   4515.000      1.044174372072134E+035
   4530.000      1.058496464012127E+035
   4545.000      1.076962019766994E+035
   4560.000      1.098114096862503E+035
   4575.000      1.119440728075045E+035
   4590.000      1.139657294669191E+035
   4605.000      1.155903533500981E+035
   4620.000      1.169824036332332E+035
   4635.000      1.179714166039733E+035
   4650.000      1.186618958160490E+035
   4665.000      1.189482197286487E+035
   4680.000      1.188735768781077E+035
   4680.000      1.131300947663353E+035
   4695.000      1.125608328629814E+035
   4710.000      1.115352283898500E+035
   4725.000      1.101241686402618E+035
   4740.000      1.084594976255811E+035
   4755.000      1.066543634951185E+035
   4770.000      1.048081957770092E+035
   4785.000      1.030856141101383E+035
   4800.000      1.016189889745166E+035
   4815.000      1.006596978317809E+035
   4830.000      1.000741487111110E+035
   4845.000      1.001079649697118E+035
   4860.000      1.005434145571957E+035
   4875.000      1.014744913570252E+035
   4890.000      1.028331626091114E+035
   4905.000      1.044940152085733E+035
   4920.000      1.063092606887356E+035
   4935.000      1.080633921498739E+035
   4950.000      1.096531907677157E+035
   4965.000      1.108706605678455E+035
   4980.000      1.118946019452682E+035
   4995.000      1.125937707671123E+035
   5010.000      1.130771707445238E+035
   5025.000      1.132416157787914E+035
   5040.000      1.131300947663353E+035
   5040.000      1.073796070551176E+035
   5055.000      1.068592611399765E+035
   5070.000      1.059850588376717E+035
   5085.000      1.048028088335164E+035
   5100.000      1.034178791079874E+035
   5115.000      1.018987734421284E+035
   5130.000      1.003278440842229E+035
   5145.000      9.885186677084347E+034
   5160.000      9.762738112816329E+034
   5175.000      9.688485997691374E+034
   5190.000      9.652438711663022E+034
   5205.000      9.673250555511014E+034
   5220.000      9.729260610617748E+034
   5235.000      9.827322252604568E+034
   5250.000      9.956955619043584E+034
   5265.000      1.010601234557419E+035
   5280.000      1.025950396235315E+035
   5295.000      1.039943789120837E+035
   5310.000      1.051809241799341E+035
   5325.000      1.060247909662462E+035
   5340.000      1.067168422776388E+035
   5355.000      1.071597066410551E+035
   5370.000      1.074643649756481E+035
   5385.000      1.075254108257287E+035
   5400.000      1.073796070551176E+035
   5400.000      1.017029621853465E+035
   5415.000      1.012335322601865E+035
   5430.000      1.004950939888168E+035
   5445.000      9.951074411300422E+034
   5460.000      9.836311331502737E+034
   5475.000      9.708413967381834E+034
   5490.000      9.574676305901370E+034
   5505.000      9.448973630835729E+034
   5520.000      9.348844413182884E+034
   5535.000      9.294979321122724E+034
   5550.000      9.279752235767531E+034
   5565.000      9.316240469085256E+034
   5580.000      9.382867618844988E+034
   5595.000      9.484172630071300E+034
   5610.000      9.606626162478177E+034
   5625.000      9.738769380756349E+034
   5640.000      9.865685905676981E+034
   5655.000      9.972907688048123E+034
   5670.000      1.005539067951192E+035
   5685.000      1.010725780267524E+035
   5700.000      1.014827530296152E+035
   5715.000      1.017160418076111E+035
   5730.000      1.018807412925637E+035
   5745.000      1.018669860514077E+035
   5760.000      1.017029621853465E+035
   5760.000      9.615689169467619E+034
   5775.000      9.574608537646076E+034
   5790.000      9.513479679211692E+034
   5805.000      9.432512950164408E+034
   5820.000      9.338019184324381E+034
   5835.000      9.230319176368829E+034
   5850.000      9.116314774638630E+034
   5865.000      9.009663604601964E+034
   5880.000      8.929214758836060E+034
   5895.000      8.893327829231205E+034
   5910.000      8.895909221272405E+034
   5925.000      8.945012539045300E+034
   5940.000      9.019332783245334E+034
   5955.000      9.121251502682118E+034
   5970.000      9.235075484116326E+034
   5985.000      9.350307940357212E+034
   6000.000      9.452439680866973E+034
   6015.000      9.530373217224934E+034
   6030.000      9.581660130998927E+034
   6045.000      9.606432196559575E+034
   6060.000      9.624593284123977E+034
   6075.000      9.631766370166269E+034
   6090.000      9.638076418511020E+034
   6105.000      9.632069221514251E+034
   6120.000      9.615689169467619E+034
   6120.000      9.077732470776455E+034
   6135.000      9.043135867651397E+034
   6150.000      8.993899305411076E+034
   6165.000      8.928351911014852E+034
   6180.000      8.851159986642056E+034
   6195.000      8.760472999395981E+034
   6210.000      8.663133495175415E+034
   6225.000      8.572833269329239E+034
   6240.000      8.509186255725066E+034
   6255.000      8.488394835429102E+034
   6270.000      8.505290347111031E+034
   6285.000      8.563608288439634E+034
   6300.000      8.642548283785920E+034
   6315.000      8.742528463795040E+034
   6330.000      8.846589942825373E+034
   6345.000      8.945362274630521E+034
   6360.000      9.025020703365459E+034
   6375.000      9.077556087376092E+034
   6390.000      9.102864688520713E+034
   6405.000      9.105862880006936E+034
   6420.000      9.106163345948635E+034
   6435.000      9.101459193948063E+034
   6450.000      9.100865279231082E+034
   6465.000      9.092571737731191E+034
   6480.000      9.077732470776455E+034
   6480.000      8.558420907313787E+034
   6495.000      8.530527750333980E+034
   6510.000      8.492176338626911E+034
   6525.000      8.440091829975399E+034
   6540.000      8.377589277280925E+034
   6555.000      8.301241355378802E+034
   6570.000      8.217993891955571E+034
   6585.000      8.141605611497198E+034
   6600.000      8.091982045118228E+034
   6615.000      8.083391536104794E+034
   6630.000      8.111186279495498E+034
   6645.000      8.175540918056124E+034
   6660.000      8.256366393798404E+034
   6675.000      8.352369144851106E+034
   6690.000      8.446102382340199E+034
   6705.000      8.529373868044458E+034
   6720.000      8.589233076724306E+034
   6735.000      8.620390376359744E+034
   6750.000      8.624729645988095E+034
   6765.000      8.610788809268611E+034
   6780.000      8.597590816306549E+034
   6795.000      8.584539844818186E+034
   6810.000      8.579575676055628E+034
   6825.000      8.570710046472043E+034
   6840.000      8.558420907313787E+034
   6840.000      8.058640464099036E+034
   6855.000      8.037267226179279E+034
   6870.000      8.008609425792596E+034
   6885.000      7.968100228719796E+034
   6900.000      7.917971499894692E+034
   6915.000      7.853707581872823E+034
   6930.000      7.782403394810256E+034
   6945.000      7.717797432135297E+034
   6960.000      7.679696970597359E+034
   6975.000      7.680655884630231E+034
   6990.000      7.716298642873426E+034
   7005.000      7.783971929477129E+034
   7020.000      7.864459365067256E+034
   7035.000      7.955046670791756E+034
   7050.000      8.038410985886365E+034
   7065.000      8.107506668812959E+034
   7080.000      8.150368004199264E+034
   7095.000      8.164019074024799E+034
   7110.000      8.151936017838423E+034
   7125.000      8.125260456892254E+034
   7140.000      8.102228712360226E+034
   7155.000      8.083623722291997E+034
   7170.000      8.076157750996657E+034
   7185.000      8.067857734049309E+034
   7200.000      8.058640464099036E+034
   7200.000      7.578553561485250E+034
   7215.000      7.563210463319193E+034
   7230.000      7.542948828984350E+034
   7245.000      7.512226916226894E+034
   7260.000      7.472429095161201E+034
   7275.000      7.418344618396296E+034
   7290.000      7.357191193914231E+034
   7305.000      7.302546404116616E+034
   7320.000      7.273806113976171E+034
   7335.000      7.282005325132573E+034
   7350.000      7.322901827662612E+034
   7365.000      7.391681859657779E+034
   7380.000      7.470120705947399E+034
   7395.000      7.554387122036273E+034
   7410.000      7.627731252719957E+034
   7425.000      7.684171927669531E+034
   7440.000      7.712778167144046E+034
   7455.000      7.712482103215603E+034
   7470.000      7.687965115988770E+034
   7485.000      7.652120036822791E+034
   7500.000      7.622267790931782E+034
   7515.000      7.600264536279931E+034
   7530.000      7.591622016772885E+034
   7545.000      7.584564767009598E+034
   7560.000      7.578553561485250E+034
   7560.000      7.117866232269133E+034
   7575.000      7.107869023373140E+034
   7590.000      7.094684781049301E+034
   7605.000      7.072097460869087E+034
   7620.000      7.040844871081691E+034
   7635.000      6.995332838668200E+034
   7650.000      6.942834502522067E+034
   7665.000      6.896610986274409E+034
   7680.000      6.875398435286478E+034
   7695.000      6.888881751621443E+034
   7710.000      6.932887394122584E+034
   7725.000      7.001027661812267E+034
   7740.000      7.076154828493417E+034
   7755.000      7.153615103515731E+034
   7770.000      7.217541953628889E+034
   7785.000      7.262911095149339E+034
   7800.000      7.279833066579040E+034
   7815.000      7.268764412447065E+034
   7830.000      7.235238134360787E+034
   7845.000      7.193200455848975E+034
   7860.000      7.158971769818674E+034
   7875.000      7.135205580137283E+034
   7890.000      7.126292178246150E+034
   7905.000      7.120812690701801E+034
   7920.000      7.117866232269133E+034
   7920.000      6.676000162567681E+034
   7935.000      6.670564596108465E+034
   7950.000      6.663183323699380E+034
   7965.000      6.647237607360419E+034
   7980.000      6.622985716295719E+034
   7995.000      6.584693649635233E+034
   8010.000      6.539601272143765E+034
   8025.000      6.500503942669452E+034
   8040.000      6.485282908192501E+034
   8055.000      6.502418633637004E+034
   8070.000      6.547790657292602E+034
   8085.000      6.613941498776332E+034
   8100.000      6.684859662368618E+034
   8115.000      6.755340013277798E+034
   8130.000      6.810599151883404E+034
   8145.000      6.846453496611768E+034
   8160.000      6.854032196748336E+034
   8175.000      6.834965823337287E+034
   8190.000      6.795328862083902E+034
   8205.000      6.749556919294845E+034
   8220.000      6.712912967011538E+034
   8235.000      6.688604339231367E+034
   8250.000      6.680010842167440E+034
   8265.000      6.676202080778317E+034
   8280.000      6.676000162567681E+034
   8280.000      6.252206163325779E+034
   8295.000      6.250518205829039E+034
   8310.000      6.247753070743655E+034
   8325.000      6.237126207200570E+034
   8340.000      6.218552430411070E+034
   8355.000      6.186345493406985E+034
   8370.000      6.147614938562625E+034
   8385.000      6.114557260926024E+034
   8400.000      6.104047162885338E+034
   8415.000      6.123487738768581E+034
   8430.000      6.168827393274038E+034
   8445.000      6.231965636397009E+034
   8460.000      6.298066347216967E+034
   8475.000      6.361613648307885E+034
   8490.000      6.409022778862195E+034
   8505.000      6.436836424774472E+034
   8520.000      6.437159870642694E+034
   8535.000      6.412485263026627E+034
   8550.000      6.369163823432247E+034
   8565.000      6.321668479712237E+034
   8580.000      6.284166938183970E+034
   8595.000      6.260210307028939E+034
   8610.000      6.252295926195343E+034
   8625.000      6.250087429285798E+034
   8640.000      6.252206163325779E+034
   8640.000      5.845638585585920E+034
   8655.000      5.846902824322860E+034
   8670.000      5.847679284294701E+034
   8685.000      5.841218502732138E+034
   8700.000      5.827200811824210E+034
   8715.000      5.800129869082068E+034
   8730.000      5.766887888656069E+034
   8745.000      5.738959815196785E+034
   8760.000      5.732097613142714E+034
   8775.000      5.752739176641053E+034
   8790.000      5.796936233829969E+034
   8805.000      5.856302204686809E+034
   8820.000      5.917199807992186E+034
   8835.000      5.974009714266795E+034
   8850.000      6.014399458295243E+034
   8865.000      6.035530953637133E+034
   8880.000      6.030431133075920E+034
   8895.000      6.002180337664918E+034
   8910.000      5.957184957481818E+034
   8925.000      5.909595626529821E+034
   8940.000      5.872460381606722E+034
   8955.000      5.849496743111204E+034
   8970.000      5.842454007230341E+034
   8985.000      5.841671425701357E+034
   9000.000      5.845638585585920E+034
   9000.000      5.455405565971047E+034
   9015.000      5.458876569518172E+034
   9030.000      5.462243594800049E+034
   9045.000      5.458958624054156E+034
   9060.000      5.448553430184125E+034
   9075.000      5.425827298487794E+034
   9090.000      5.397343696978837E+034
   9105.000      5.373784428833122E+034
   9120.000      5.369691475653908E+034
   9135.000      5.390637241048476E+034
   9150.000      5.432820911695755E+034
   9165.000      5.487864950854784E+034
   9180.000      5.543342158082855E+034
   9195.000      5.593703944557280E+034
   9210.000      5.627879971494134E+034
   9225.000      5.643554752848937E+034
   9240.000      5.634616027102146E+034
   9255.000      5.604497020616663E+034
   9270.000      5.559477028234157E+034
   9285.000      5.513100526038150E+034
   9300.000      5.477281548680817E+034
   9315.000      5.455757198900433E+034
   9330.000      5.449661858925281E+034
   9345.000      5.450071260458543E+034
   9360.000      5.455405565971047E+034
   9360.000      5.080598891997788E+034
   9375.000      5.085600058070359E+034
   9390.000      5.090732243661551E+034
   9405.000      5.089783537004441E+034
   9420.000      5.082203979663326E+034
   9435.000      5.063165349482567E+034
   9450.000      5.038830025558926E+034
   9465.000      5.019005073186615E+034
   9480.000      5.016958979147293E+034
   9495.000      5.037487451594828E+034
   9510.000      5.076984519799556E+034
   9525.000      5.127322879940016E+034
   9540.000      5.177286998485150E+034
   9555.000      5.221542152346127E+034
   9570.000      5.250260281270828E+034
   9585.000      5.261563493755459E+034
   9600.000      5.250137246840641E+034
   9615.000      5.219568409884824E+034
   9630.000      5.175861628218213E+034
   9645.000      5.131733475837965E+034
   9660.000      5.097957555038987E+034
   9675.000      5.078171257999500E+034
   9690.000      5.073020436995821E+034
   9705.000      5.074360787882802E+034
   9720.000      5.080598891997788E+034
   9720.000      4.720304566304116E+034
   9735.000      4.726238102670177E+034
   9750.000      4.732431849993257E+034
   9765.000      4.733116493536191E+034
   9780.000      4.727711607995471E+034
   9795.000      4.711815850787168E+034
   9810.000      4.691119269801270E+034
   9825.000      4.674500902271172E+034
   9840.000      4.673911812973033E+034
   9855.000      4.693449818493301E+034
   9870.000      4.729749933164358E+034
   9885.000      4.775129309816500E+034
   9900.000      4.819577982018037E+034
   9915.000      4.858090046725223E+034
   9930.000      4.882040984643870E+034
   9945.000      4.889917182074117E+034
   9960.000      4.877139510418709E+034
   9975.000      4.847282635242047E+034
   9990.000      4.805959279171835E+034
   10005.00      4.764887616392523E+034
   10020.00      4.733700899641582E+034
   10035.00      4.715841727997117E+034
   10050.00      4.711583237379316E+034
   10065.00      4.713590070652470E+034
   10080.00      4.720304566304116E+034
   10080.00      4.373639754142655E+034
   10095.00      4.379990329630798E+034
   10110.00      4.386656854111332E+034
   10125.00      4.388394608362122E+034
   10140.00      4.384631450051974E+034
   10155.00      4.371429821859630E+034
   10170.00      4.353948010753346E+034
   10185.00      4.340099540655418E+034
   10200.00      4.340490174885623E+034
   10215.00      4.358589307916893E+034
   10230.00      4.391315174272177E+034
   10245.00      4.431583202452883E+034
   10260.00      4.470576965440485E+034
   10275.00      4.503709510132263E+034
   10290.00      4.523510343452818E+034
   10305.00      4.528767968753368E+034
   10320.00      4.515579288355945E+034
   10335.00      4.487371250167579E+034
   10350.00      4.449273226383329E+034
   10365.00      4.411876526688773E+034
   10380.00      4.383679465052265E+034
   10395.00      4.367855704555886E+034
   10410.00      4.364408836484131E+034
   10425.00      4.366829835216818E+034
   10440.00      4.373639754142655E+034
   10440.00      4.039765137602002E+034
   10455.00      4.046099346204295E+034
   10470.00      4.052755892992656E+034
   10485.00      4.055075711420295E+034
   10500.00      4.052523702384231E+034
   10515.00      4.041649484954216E+034
   10530.00      4.027031873530981E+034
   10545.00      4.015594605783222E+034
   10560.00      4.016583386484349E+034
   10575.00      4.032899849869946E+034
   10590.00      4.061782253246324E+034
   10605.00      4.096863632099327E+034
   10620.00      4.130504582042423E+034
   10635.00      4.158605781970338E+034
   10650.00      4.174796393745127E+034
   10665.00      4.178115188523836E+034
   10680.00      4.165280079995670E+034
   10695.00      4.139461963161230E+034
   10710.00      4.105237176770881E+034
   10725.00      4.071976203722855E+034
   10740.00      4.047052157460327E+034
   10755.00      4.033313504242220E+034
   10770.00      4.030583869671229E+034
   10785.00      4.033188919265565E+034
   10800.00      4.039765137602002E+034
   10800.00      3.717888118651728E+034
   10815.00      3.723851245858673E+034
   10830.00      3.730111464341395E+034
   10845.00      3.732639460706707E+034
   10860.00      3.730956711971358E+034
   10875.00      3.722113620482320E+034
   10890.00      3.710072942417297E+034
   10905.00      3.700755192109396E+034
   10920.00      3.702041960231784E+034
   10935.00      3.716319501603838E+034
   10950.00      3.741176726560067E+034
   10965.00      3.771053519972558E+034
   10980.00      3.799469097460310E+034
   10995.00      3.822861494664667E+034
   11010.00      3.835904494267269E+034
   11025.00      3.837844598470768E+034
   11040.00      3.825970992507766E+034
   11055.00      3.803114217995807E+034
   11070.00      3.773246126786783E+034
   11085.00      3.744450751740195E+034
   11100.00      3.722989255144223E+034
   11115.00      3.711343750798593E+034
   11130.00      3.709233731420596E+034
   11145.00      3.711820999838692E+034
   11160.00      3.717888118651728E+034
   11160.00      3.407263046942538E+034
   11175.00      3.412574199602094E+034
   11190.00      3.418138429954717E+034
   11205.00      3.420586859592836E+034
   11220.00      3.419508342443701E+034
   11235.00      3.412460824985305E+034
   11250.00      3.402764670086112E+034
   11265.00      3.395332470984881E+034
   11280.00      3.396686339268106E+034
   11295.00      3.408741784406401E+034
   11310.00      3.429462655737869E+034
   11325.00      3.454158637705658E+034
   11340.00      3.477489526607620E+034
   11355.00      3.496463714400465E+034
   11370.00      3.506746776220606E+034
   11385.00      3.507758696915944E+034
   11400.00      3.497315972120792E+034
   11415.00      3.477844890505365E+034
   11430.00      3.452678387050880E+034
   11445.00      3.428570036093695E+034
   11460.00      3.410685612449814E+034
   11475.00      3.401112394084556E+034
   11490.00      3.399528211730334E+034
   11505.00      3.401927276659986E+034
   11520.00      3.407263046942538E+034
   11520.00      3.107192321820865E+034
   11535.00      3.111638712599024E+034
   11550.00      3.116284809142990E+034
   11565.00      3.118439039043405E+034
   11580.00      3.117766191012160E+034
   11595.00      3.112331103178446E+034
   11610.00      3.104794617469004E+034
   11625.00      3.099063658347023E+034
   11640.00      3.100312513167614E+034
   11655.00      3.110023375650700E+034
   11670.00      3.126553122198360E+034
   11685.00      3.146124700136857E+034
   11700.00      3.164515993376761E+034
   11715.00      3.179327248535808E+034
   11730.00      3.187167047580065E+034
   11745.00      3.187601925139670E+034
   11760.00      3.178937748239330E+034
   11775.00      3.163149887517370E+034
   11790.00      3.142913455857943E+034
   11805.00      3.123623951768902E+034
   11820.00      3.109371338974960E+034
   11835.00      3.101830145019009E+034
   11850.00      3.100686400308615E+034
   11865.00      3.102759240522562E+034
   11880.00      3.107192321820865E+034
   11880.00      2.817022604895640E+034
   11895.00      2.820453218117705E+034
   11910.00      2.824027558319388E+034
   11925.00      2.825737300090915E+034
   11940.00      2.825329131604387E+034
   11955.00      2.821368769610264E+034
   11970.00      2.815848549405704E+034
   11985.00      2.811677358778538E+034
   12000.00      2.812699047488955E+034
   12015.00      2.819993310966050E+034
   12030.00      2.832322303410366E+034
   12045.00      2.846848651353610E+034
   12060.00      2.860443599870556E+034
   12075.00      2.871310688687804E+034
   12090.00      2.876957846380660E+034
   12105.00      2.877077649661463E+034
   12120.00      2.870433421555522E+034
   12135.00      2.858519681209464E+034
   12150.00      2.843342193380053E+034
   12165.00      2.828929263782608E+034
   12180.00      2.818315447047345E+034
   12195.00      2.812753423802269E+034
   12210.00      2.811975650031960E+034
   12225.00      2.813616038089163E+034
   12240.00      2.817022604895640E+034
   12240.00      2.536143792923568E+034
   12255.00      2.538462999217900E+034
   12270.00      2.540872200853388E+034
   12285.00      2.542043820385674E+034
   12300.00      2.541809284741125E+034
   12315.00      2.539225478191018E+034
   12330.00      2.535614305800167E+034
   12345.00      2.532898424587146E+034
   12360.00      2.533613248294826E+034
   12375.00      2.538460789900154E+034
   12390.00      2.546615460208164E+034
   12405.00      2.556190986061254E+034
   12420.00      2.565126921106199E+034
   12435.00      2.572232620454738E+034
   12450.00      2.575877323014918E+034
   12465.00      2.575864746750658E+034
   12480.00      2.571389530506143E+034
   12495.00      2.563449357036791E+034
   12510.00      2.553376130314870E+034
   12525.00      2.543836226311618E+034
   12540.00      2.536829950849228E+034
   12555.00      2.533186418897697E+034
   12570.00      2.532712212797655E+034
   12585.00      2.533844062370015E+034
   12600.00      2.536143792923568E+034
   12600.00      2.263987699279323E+034
   12615.00      2.265149029738294E+034
   12630.00      2.266352441277401E+034
   12645.00      2.266941619336140E+034
   12660.00      2.266833019861551E+034
   12675.00      2.265562071338828E+034
   12690.00      2.263784353246260E+034
   12705.00      2.262451309303655E+034
   12720.00      2.262815600130474E+034
   12735.00      2.265220985525238E+034
   12750.00      2.269256471396791E+034
   12765.00      2.273985707353689E+034
   12780.00      2.278391545097751E+034
   12795.00      2.281884289346722E+034
   12810.00      2.283662163592440E+034
   12825.00      2.283630006166899E+034
   12840.00      2.281393032786601E+034
   12855.00      2.277447434684113E+034
   12870.00      2.272454020181080E+034
   12885.00      2.267732905715556E+034
   12900.00      2.264272164154589E+034
   12915.00      2.262481824457275E+034
   12930.00      2.262260948298974E+034
   12945.00      2.262835962091686E+034
   12960.00      2.263987699279323E+034
