  0.0000000E+00  9.946788826771011E+034   6.000000    
   15.00000      1.025244237318190E+035   6.000000    
   30.00000      1.043738417100870E+035   6.000000    
   45.00000      1.044682196419924E+035   6.000000    
   60.00000      1.032137652242600E+035   6.000000    
   75.00000      1.010637426921849E+035   6.000000    
   90.00000      9.858805983368952E+034   6.000000    
   105.0000      9.645753306860507E+034   6.000000    
   120.0000      9.524724933936341E+034   6.000000    
   135.0000      9.478258340263349E+034   6.000000    
   150.0000      9.531015244506929E+034   6.000000    
   165.0000      9.623743358033607E+034   6.000000    
   180.0000      9.715026504657729E+034   6.000000    
   195.0000      9.784196795229727E+034   6.000000    
   210.0000      9.772425183286724E+034   6.000000    
   225.0000      9.675083970645264E+034   6.000000    
   240.0000      9.519460248432201E+034   6.000000    
   255.0000      9.312272977668514E+034   6.000000    
   270.0000      9.068683459678278E+034   6.000000    
   285.0000      8.934924172167924E+034   6.000000    
   300.0000      8.863105202975403E+034   6.000000    
   315.0000      8.934948651670136E+034   6.000000    
   330.0000      9.179879824553044E+034   6.000000    
   345.0000      9.557701471290775E+034   6.000000    
  0.0000000E+00  9.946788826771011E+034   6.000000    
 
  0.0000000E+00  1.014657593281378E+035   6.121428    
   15.00000      1.043476148983361E+035   6.121428    
   30.00000      1.060771836838590E+035   6.121428    
   45.00000      1.061617684067327E+035   6.121428    
   60.00000      1.049678036055402E+035   6.121428    
   75.00000      1.029130327755419E+035   6.121428    
   90.00000      1.005600778379043E+035   6.121428    
   105.0000      9.853058988546974E+034   6.121428    
   120.0000      9.738847317269474E+034   6.121428    
   135.0000      9.695468322833330E+034   6.121428    
   150.0000      9.748407936686257E+034   6.121428    
   165.0000      9.840360168789169E+034   6.121428    
   180.0000      9.931408540209089E+034   6.121428    
   195.0000      1.000210177521789E+035   6.121428    
   210.0000      9.993744602041052E+034   6.121428    
   225.0000      9.902917156316907E+034   6.121428    
   240.0000      9.757590809063428E+034   6.121428    
   255.0000      9.562143413373172E+034   6.121428    
   270.0000      9.329077577028238E+034   6.121428    
   285.0000      9.200897949449449E+034   6.121428    
   300.0000      9.131099176639477E+034   6.121428    
   315.0000      9.193572387470179E+034   6.121428    
   330.0000      9.422250047814093E+034   6.121428    
   345.0000      9.778564910615803E+034   6.121428    
  0.0000000E+00  1.014657593281378E+035   6.121428    
 
  0.0000000E+00  1.042315941534545E+035   6.242857    
   15.00000      1.068434205736775E+035   6.242857    
   30.00000      1.084037748858961E+035   6.242857    
   45.00000      1.084700098040854E+035   6.242857    
   60.00000      1.073636588842919E+035   6.242857    
   75.00000      1.054714025922507E+035   6.242857    
   90.00000      1.033162945431896E+035   6.242857    
   105.0000      1.014494041367009E+035   6.242857    
   120.0000      1.004235162319123E+035   6.242857    
   135.0000      1.000520660591630E+035   6.242857    
   150.0000      1.006012600819838E+035   6.242857    
   165.0000      1.015303000190113E+035   6.242857    
   180.0000      1.024564678308335E+035   6.242857    
   195.0000      1.031985233220273E+035   6.242857    
   210.0000      1.031994294012774E+035   6.242857    
   225.0000      1.024085654125861E+035   6.242857    
   240.0000      1.010921187934839E+035   6.242857    
   255.0000      9.930315609884799E+034   6.242857    
   270.0000      9.712473043163211E+034   6.242857    
   285.0000      9.590673285641230E+034   6.242857    
   300.0000      9.520932766591112E+034   6.242857    
   315.0000      9.567231988070762E+034   6.242857    
   330.0000      9.768114929223668E+034   6.242857    
   345.0000      1.008870838445944E+035   6.242857    
  0.0000000E+00  1.042315941534545E+035   6.242857    
 
  0.0000000E+00  1.068911904852877E+035   6.364286    
   15.00000      1.092092933975648E+035   6.364286    
   30.00000      1.106086535223309E+035   6.364286    
   45.00000      1.106855629507250E+035   6.364286    
   60.00000      1.097110799932782E+035   6.364286    
   75.00000      1.080260668543193E+035   6.364286    
   90.00000      1.061036453018109E+035   6.364286    
   105.0000      1.044353824673647E+035   6.364286    
   120.0000      1.035442431149617E+035   6.364286    
   135.0000      1.032683519992892E+035   6.364286    
   150.0000      1.038486031657469E+035   6.364286    
   165.0000      1.048113073377032E+035   6.364286    
   180.0000      1.057817418784039E+035   6.364286    
   195.0000      1.065860840889116E+035   6.364286    
   210.0000      1.066997905224740E+035   6.364286    
   225.0000      1.060597243204766E+035   6.364286    
   240.0000      1.049026813255997E+035   6.364286    
   255.0000      1.032939355831452E+035   6.364286    
   270.0000      1.012681694847843E+035   6.364286    
   285.0000      1.000808146135899E+035   6.364286    
   300.0000      9.933762679330233E+034   6.364286    
   315.0000      9.958486814613932E+034   6.364286    
   330.0000      1.012189476725268E+035   6.364286    
   345.0000      1.039662351698075E+035   6.364286    
  0.0000000E+00  1.068911904852877E+035   6.364286    
 
  0.0000000E+00  1.089244992673541E+035   6.485714    
   15.00000      1.109567756103000E+035   6.485714    
   30.00000      1.122277231814272E+035   6.485714    
   45.00000      1.123718993317832E+035   6.485714    
   60.00000      1.115828860609473E+035   6.485714    
   75.00000      1.101482241913368E+035   6.485714    
   90.00000      1.084881805610859E+035   6.485714    
   105.0000      1.070292728873031E+035   6.485714    
   120.0000      1.062724428656290E+035   6.485714    
   135.0000      1.060917516486564E+035   6.485714    
   150.0000      1.067022236440929E+035   6.485714    
   165.0000      1.077131501724075E+035   6.485714    
   180.0000      1.087523622714840E+035   6.485714    
   195.0000      1.096419612102414E+035   6.485714    
   210.0000      1.098953596917789E+035   6.485714    
   225.0000      1.094186642784358E+035   6.485714    
   240.0000      1.084301063897594E+035   6.485714    
   255.0000      1.069957871098905E+035   6.485714    
   270.0000      1.051124344227940E+035   6.485714    
   285.0000      1.038957238819156E+035   6.485714    
   300.0000      1.030433421903254E+035   6.485714    
   315.0000      1.030183233604205E+035   6.485714    
   330.0000      1.042120742144922E+035   6.485714    
   345.0000      1.064387150934828E+035   6.485714    
  0.0000000E+00  1.089244992673541E+035   6.485714    
 
  0.0000000E+00  1.100613200026971E+035   6.607143    
   15.00000      1.118411034739446E+035   6.607143    
   30.00000      1.130327318916265E+035   6.607143    
   45.00000      1.132924868239548E+035   6.607143    
   60.00000      1.127417234424142E+035   6.607143    
   75.00000      1.115926133924991E+035   6.607143    
   90.00000      1.102154560609700E+035   6.607143    
   105.0000      1.089658526572362E+035   6.607143    
   120.0000      1.083309077521111E+035   6.607143    
   135.0000      1.082302969867657E+035   6.607143    
   150.0000      1.088572418988519E+035   6.607143    
   165.0000      1.099130448380499E+035   6.607143    
   180.0000      1.110302605319558E+035   6.607143    
   195.0000      1.120079178598002E+035   6.607143    
   210.0000      1.124059665309115E+035   6.607143    
   225.0000      1.121006918008107E+035   6.607143    
   240.0000      1.112657184215424E+035   6.607143    
   255.0000      1.099725014138004E+035   6.607143    
   270.0000      1.081954748696431E+035   6.607143    
   285.0000      1.068928412905465E+035   6.607143    
   300.0000      1.058800608484341E+035   6.607143    
   315.0000      1.055620941049976E+035   6.607143    
   330.0000      1.062979312133819E+035   6.607143    
   345.0000      1.079896465508690E+035   6.607143    
  0.0000000E+00  1.100613200026971E+035   6.607143    
 
  0.0000000E+00  1.102259485406266E+035   6.728571    
   15.00000      1.118024773870651E+035   6.728571    
   30.00000      1.129628939745919E+035   6.728571    
   45.00000      1.133745599875344E+035   6.728571    
   60.00000      1.130884383426967E+035   6.728571    
   75.00000      1.122474961877385E+035   6.728571    
   90.00000      1.111629761848984E+035   6.728571    
   105.0000      1.101192156877351E+035   6.728571    
   120.0000      1.095916335117046E+035   6.728571    
   135.0000      1.095518173006977E+035   6.728571    
   150.0000      1.101771398784220E+035   6.728571    
   165.0000      1.112693784200060E+035   6.728571    
   180.0000      1.124442617391792E+035   6.728571    
   195.0000      1.134758904478231E+035   6.728571    
   210.0000      1.139795495501800E+035   6.728571    
   225.0000      1.138072583862887E+035   6.728571    
   240.0000      1.130830563252476E+035   6.728571    
   255.0000      1.118755004862594E+035   6.728571    
   270.0000      1.101680352618842E+035   6.728571    
   285.0000      1.087485768216594E+035   6.728571    
   300.0000      1.075915419623692E+035   6.728571    
   315.0000      1.069984399373620E+035   6.728571    
   330.0000      1.072936144975449E+035   6.728571    
   345.0000      1.085052338802762E+035   6.728571    
  0.0000000E+00  1.102259485406266E+035   6.728571    
 
  0.0000000E+00  1.094388306459293E+035   6.850000    
   15.00000      1.108999733464265E+035   6.850000    
   30.00000      1.120742740254106E+035   6.850000    
   45.00000      1.126562331664794E+035   6.850000    
   60.00000      1.126390699494387E+035   6.850000    
   75.00000      1.121010439243666E+035   6.850000    
   90.00000      1.113066967720121E+035   6.850000    
   105.0000      1.104628041459073E+035   6.850000    
   120.0000      1.100319837960214E+035   6.850000    
   135.0000      1.100402546631817E+035   6.850000    
   150.0000      1.106544474268309E+035   6.850000    
   165.0000      1.117459291746981E+035   6.850000    
   180.0000      1.129263744298359E+035   6.850000    
   195.0000      1.139344487984721E+035   6.850000    
   210.0000      1.144537827870549E+035   6.850000    
   225.0000      1.143376798896676E+035   6.850000    
   240.0000      1.136767217787497E+035   6.850000    
   255.0000      1.125838705108414E+035   6.850000    
   270.0000      1.109828929842567E+035   6.850000    
   285.0000      1.095030041234264E+035   6.850000    
   300.0000      1.082341760203099E+035   6.850000    
   315.0000      1.074169206482058E+035   6.850000    
   330.0000      1.073285406265023E+035   6.850000    
   345.0000      1.080813248361646E+035   6.850000    
  0.0000000E+00  1.094388306459293E+035   6.850000    
 
  0.0000000E+00  1.079264275870815E+035   6.971429    
   15.00000      1.092318794262907E+035   6.971429    
   30.00000      1.104830514411222E+035   6.971429    
   45.00000      1.112457192868787E+035   6.971429    
   60.00000      1.114833652953804E+035   6.971429    
   75.00000      1.112232622223678E+035   6.971429    
   90.00000      1.106911392556970E+035   6.971429    
   105.0000      1.100380589316131E+035   6.971429    
   120.0000      1.096969254090245E+035   6.971429    
   135.0000      1.097485242315493E+035   6.971429    
   150.0000      1.103394911249006E+035   6.971429    
   165.0000      1.113817676933968E+035   6.971429    
   180.0000      1.124782672552857E+035   6.971429    
   195.0000      1.133565558708805E+035   6.971429    
   210.0000      1.138477539320176E+035   6.971429    
   225.0000      1.137867565142151E+035   6.971429    
   240.0000      1.131852224075945E+035   6.971429    
   255.0000      1.121889652852631E+035   6.971429    
   270.0000      1.106998014761702E+035   6.971429    
   285.0000      1.092067935008067E+035   6.971429    
   300.0000      1.078695646105334E+035   6.971429    
   315.0000      1.068993925057362E+035   6.971429    
   330.0000      1.065287497490843E+035   6.971429    
   345.0000      1.069095212811893E+035   6.971429    
  0.0000000E+00  1.079264275870815E+035   6.971429    
 
  0.0000000E+00  1.058862748311783E+035   7.092857    
   15.00000      1.070332882077700E+035   7.092857    
   30.00000      1.083053528830139E+035   7.092857    
   45.00000      1.092795380563266E+035   7.092857    
   60.00000      1.097483621904555E+035   7.092857    
   75.00000      1.097276001886506E+035   7.092857    
   90.00000      1.094161244709669E+035   7.092857    
   105.0000      1.089271432979923E+035   7.092857    
   120.0000      1.086669540079627E+035   7.092857    
   135.0000      1.087525749420900E+035   7.092857    
   150.0000      1.093055901990712E+035   7.092857    
   165.0000      1.102349154644958E+035   7.092857    
   180.0000      1.111633656405036E+035   7.092857    
   195.0000      1.119281164127110E+035   7.092857    
   210.0000      1.123650867934543E+035   7.092857    
   225.0000      1.123203555864071E+035   7.092857    
   240.0000      1.117520372248336E+035   7.092857    
   255.0000      1.108129565047936E+035   7.092857    
   270.0000      1.094129213408726E+035   7.092857    
   285.0000      1.079339845626346E+035   7.092857    
   300.0000      1.065705577426428E+035   7.092857    
   315.0000      1.055230492667856E+035   7.092857    
   330.0000      1.049880479531216E+035   7.092857    
   345.0000      1.051240636002275E+035   7.092857    
  0.0000000E+00  1.058862748311783E+035   7.092857    
 
  0.0000000E+00  1.034498276921180E+035   7.214286    
   15.00000      1.044889067902105E+035   7.214286    
   30.00000      1.057451727936845E+035   7.214286    
   45.00000      1.068622355758166E+035   7.214286    
   60.00000      1.075608647992528E+035   7.214286    
   75.00000      1.077306540247081E+035   7.214286    
   90.00000      1.075861170946152E+035   7.214286    
   105.0000      1.072210853752832E+035   7.214286    
   120.0000      1.070259230686516E+035   7.214286    
   135.0000      1.071282914311150E+035   7.214286    
   150.0000      1.076153942975790E+035   7.214286    
   165.0000      1.083911695649776E+035   7.214286    
   180.0000      1.091774677448451E+035   7.214286    
   195.0000      1.098270870328711E+035   7.214286    
   210.0000      1.101794667933292E+035   7.214286    
   225.0000      1.101011499604201E+035   7.214286    
   240.0000      1.095255156007627E+035   7.214286    
   255.0000      1.085971804816492E+035   7.214286    
   270.0000      1.072492812108738E+035   7.214286    
   285.0000      1.057946432131936E+035   7.214286    
   300.0000      1.044414570755840E+035   7.214286    
   315.0000      1.033872655504705E+035   7.214286    
   330.0000      1.028012082586484E+035   7.214286    
   345.0000      1.028276634465407E+035   7.214286    
  0.0000000E+00  1.034498276921180E+035   7.214286    
 
  0.0000000E+00  1.007125810297373E+035   7.335714    
   15.00000      1.017108308071751E+035   7.335714    
   30.00000      1.029508570529120E+035   7.335714    
   45.00000      1.041356377509906E+035   7.335714    
   60.00000      1.049924774775291E+035   7.335714    
   75.00000      1.053224928850552E+035   7.335714    
   90.00000      1.052876423827150E+035   7.335714    
   105.0000      1.050002657176903E+035   7.335714    
   120.0000      1.048460200864105E+035   7.335714    
   135.0000      1.049369823379885E+035   7.335714    
   150.0000      1.053442977934576E+035   7.335714    
   165.0000      1.059946819060130E+035   7.335714    
   180.0000      1.066585314822834E+035   7.335714    
   195.0000      1.071874568812383E+035   7.335714    
   210.0000      1.074295233148393E+035   7.335714    
   225.0000      1.072731806607338E+035   7.335714    
   240.0000      1.066502075730656E+035   7.335714    
   255.0000      1.056924214672746E+035   7.335714    
   270.0000      1.043623843472486E+035   7.335714    
   285.0000      1.029363839425780E+035   7.335714    
   300.0000      1.016263104472603E+035   7.335714    
   315.0000      1.006281209641299E+035   7.335714    
   330.0000      1.000874879485769E+035   7.335714    
   345.0000      1.001220605112816E+035   7.335714    
  0.0000000E+00  1.007125810297373E+035   7.335714    
 
  0.0000000E+00  9.775036995449354E+034   7.457143    
   15.00000      9.876100382467178E+034   7.457143    
   30.00000      9.999464964602622E+034   7.457143    
   45.00000      1.011953511332010E+035   7.457143    
   60.00000      1.021174193482212E+035   7.457143    
   75.00000      1.025425991947771E+035   7.457143    
   90.00000      1.025788762970888E+035   7.457143    
   105.0000      1.023270045829328E+035   7.457143    
   120.0000      1.021860371503168E+035   7.457143    
   135.0000      1.022485791759438E+035   7.457143    
   150.0000      1.025967086396779E+035   7.457143    
   165.0000      1.031541183707661E+035   7.457143    
   180.0000      1.037053861520356E+035   7.457143    
   195.0000      1.041095113676952E+035   7.457143    
   210.0000      1.042248175087094E+035   7.457143    
   225.0000      1.039614605511825E+035   7.457143    
   240.0000      1.032639046969555E+035   7.457143    
   255.0000      1.022525731675984E+035   7.457143    
   270.0000      1.009213783303430E+035   7.457143    
   285.0000      9.953267048830565E+034   7.457143    
   300.0000      9.829760144913895E+034   7.457143    
   315.0000      9.740795287464024E+034   7.457143    
   330.0000      9.698529784305976E+034   7.457143    
   345.0000      9.711270232360135E+034   7.457143    
  0.0000000E+00  9.775036995449354E+034   7.457143    
 
  0.0000000E+00  9.461927332984810E+034   7.578571    
   15.00000      9.566859513755690E+034   7.578571    
   30.00000      9.689819163865217E+034   7.578571    
   45.00000      9.808054093563668E+034   7.578571    
   60.00000      9.899822611218779E+034   7.578571    
   75.00000      9.944123313521191E+034   7.578571    
   90.00000      9.949125528273577E+034   7.578571    
   105.0000      9.925510099372268E+034   7.578571    
   120.0000      9.911278850060341E+034   7.578571    
   135.0000      9.915978351360828E+034   7.578571    
   150.0000      9.947060571187708E+034   7.578571    
   165.0000      9.995084206469941E+034   7.578571    
   180.0000      1.003965956379702E+035   7.578571    
   195.0000      1.006758414552121E+035   7.578571    
   210.0000      1.006598805181207E+035   7.578571    
   225.0000      1.002798932222184E+035   7.578571    
   240.0000      9.949909221666231E+034   7.578571    
   255.0000      9.842987226971396E+034   7.578571    
   270.0000      9.709723980815056E+034   7.578571    
   285.0000      9.576159491940865E+034   7.578571    
   300.0000      9.463060772695984E+034   7.578571    
   315.0000      9.388757338818060E+034   7.578571    
   330.0000      9.362704073747801E+034   7.578571    
   345.0000      9.389350182758378E+034   7.578571    
  0.0000000E+00  9.461927332984810E+034   7.578571    
 
  0.0000000E+00  9.135462584311612E+034   7.700000    
   15.00000      9.244429899680585E+034   7.700000    
   30.00000      9.366196217638616E+034   7.700000    
   45.00000      9.480173691239866E+034   7.700000    
   60.00000      9.567229851985343E+034   7.700000    
   75.00000      9.608384507082623E+034   7.700000    
   90.00000      9.610900933363062E+034   7.700000    
   105.0000      9.586943559408042E+034   7.700000    
   120.0000      9.572387998697261E+034   7.700000    
   135.0000      9.576247297659553E+034   7.700000    
   150.0000      9.604584376196427E+034   7.700000    
   165.0000      9.645645089419783E+034   7.700000    
   180.0000      9.680332961454222E+034   7.700000    
   195.0000      9.696370299950594E+034   7.700000    
   210.0000      9.682431173763775E+034   7.700000    
   225.0000      9.633586188273345E+034   7.700000    
   240.0000      9.548056268476208E+034   7.700000    
   255.0000      9.436584094233479E+034   7.700000    
   270.0000      9.304548381719029E+034   7.700000    
   285.0000      9.178160149031248E+034   7.700000    
   300.0000      9.077591176671591E+034   7.700000    
   315.0000      9.019899442073708E+034   7.700000    
   330.0000      9.011601810049328E+034   7.700000    
   345.0000      9.053292104384613E+034   7.700000    
  0.0000000E+00  9.135462584311612E+034   7.700000    
 
  0.0000000E+00  8.797780405335346E+034   7.821429    
   15.00000      8.909442661172022E+034   7.821429    
   30.00000      9.028702379037111E+034   7.821429    
   45.00000      9.136813371504966E+034   7.821429    
   60.00000      9.216972024294542E+034   7.821429    
   75.00000      9.252565948454538E+034   7.821429    
   90.00000      9.250826232723185E+034   7.821429    
   105.0000      9.225561260502927E+034   7.821429    
   120.0000      9.210485319944962E+034   7.821429    
   135.0000      9.213595945979830E+034   7.821429    
   150.0000      9.239347422202926E+034   7.821429    
   165.0000      9.273836807464412E+034   7.821429    
   180.0000      9.299472175436110E+034   7.821429    
   195.0000      9.304860468786787E+034   7.821429    
   210.0000      9.280349329276849E+034   7.821429    
   225.0000      9.222705837607454E+034   7.821429    
   240.0000      9.131757978009510E+034   7.821429    
   255.0000      9.017942956883022E+034   7.821429    
   270.0000      8.889083085482145E+034   7.821429    
   285.0000      8.771432802609584E+034   7.821429    
   300.0000      8.684359028429861E+034   7.821429    
   315.0000      8.643360483200102E+034   7.821429    
   330.0000      8.652008057317435E+034   7.821429    
   345.0000      8.707398836813617E+034   7.821429    
  0.0000000E+00  8.797780405335346E+034   7.821429    
 
  0.0000000E+00  8.450652648636056E+034   7.942857    
   15.00000      8.563108475294970E+034   7.942857    
   30.00000      8.678552261215461E+034   7.942857    
   45.00000      8.779916046401790E+034   7.942857    
   60.00000      8.852434294040778E+034   7.942857    
   75.00000      8.881759011070978E+034   7.942857    
   90.00000      8.875396836456284E+034   7.942857    
   105.0000      8.848531339261605E+034   7.942857    
   120.0000      8.832702658032376E+034   7.942857    
   135.0000      8.834820031937798E+034   7.942857    
   150.0000      8.857784997987960E+034   7.942857    
   165.0000      8.886066055884086E+034   7.942857    
   180.0000      8.903718022379091E+034   7.942857    
   195.0000      8.900151351756542E+034   7.942857    
   210.0000      8.867385511899687E+034   7.942857    
   225.0000      8.803551947858961E+034   7.942857    
   240.0000      8.709680853042721E+034   7.942857    
   255.0000      8.595976807612493E+034   7.942857    
   270.0000      8.472137665502330E+034   7.942857    
   285.0000      8.364133907570615E+034   7.942857    
   300.0000      8.290388797832654E+034   7.942857    
   315.0000      8.264730473836088E+034   7.942857    
   330.0000      8.288019112343545E+034   7.942857    
   345.0000      8.354441476731068E+034   7.942857    
  0.0000000E+00  8.450652648636056E+034   7.942857    
 
  0.0000000E+00  8.096104842868106E+034   8.064285    
   15.00000      8.207487552736717E+034   8.064285    
   30.00000      8.318078569675998E+034   8.064285    
   45.00000      8.412374087689399E+034   8.064285    
   60.00000      8.477361598044909E+034   8.064285    
   75.00000      8.500665287520648E+034   8.064285    
   90.00000      8.490063120560884E+034   8.064285    
   105.0000      8.461667656189395E+034   8.064285    
   120.0000      8.444890641477597E+034   8.064285    
   135.0000      8.445691489583960E+034   8.064285    
   150.0000      8.465636809491206E+034   8.064285    
   165.0000      8.488190206914557E+034   8.064285    
   180.0000      8.499080938482256E+034   8.064285    
   195.0000      8.488431480385845E+034   8.064285    
   210.0000      8.449830102744028E+034   8.064285    
   225.0000      8.382422464189309E+034   8.064285    
   240.0000      8.288047387456248E+034   8.064285    
   255.0000      8.176666002203017E+034   8.064285    
   270.0000      8.059250093768636E+034   8.064285    
   285.0000      7.961140926858979E+034   8.064285    
   300.0000      7.899750756318140E+034   8.064285    
   315.0000      7.887270976121519E+034   8.064285    
   330.0000      7.922249055832579E+034   8.064285    
   345.0000      7.996629217415766E+034   8.064285    
  0.0000000E+00  8.096104842868106E+034   8.064285    
 
  0.0000000E+00  7.736475356241989E+034   8.185715    
   15.00000      7.845207414843115E+034   8.185715    
   30.00000      7.950225621016199E+034   8.185715    
   45.00000      8.037483358249917E+034   8.185715    
   60.00000      8.095457847137846E+034   8.185715    
   75.00000      8.113414820523398E+034   8.185715    
   90.00000      8.099268809375977E+034   8.185715    
   105.0000      8.069598985601543E+034   8.185715    
   120.0000      8.051779326334208E+034   8.185715    
   135.0000      8.051025599398382E+034   8.185715    
   150.0000      8.067843486157499E+034   8.185715    
   165.0000      8.085271757144919E+034   8.185715    
   180.0000      8.090646616838270E+034   8.185715    
   195.0000      8.074724610280270E+034   8.185715    
   210.0000      8.032499733208511E+034   8.185715    
   225.0000      7.963812565466941E+034   8.185715    
   240.0000      7.870983246986912E+034   8.185715    
   255.0000      7.763678068869369E+034   8.185715    
   270.0000      7.653587719372812E+034   8.185715    
   285.0000      7.565139403664546E+034   8.185715    
   300.0000      7.514714184069668E+034   8.185715    
   315.0000      7.512986957305637E+034   8.185715    
   330.0000      7.556654963041215E+034   8.185715    
   345.0000      7.636063471813533E+034   8.185715    
  0.0000000E+00  7.736475356241989E+034   8.185715    
 
  0.0000000E+00  7.374185676690480E+034   8.307143    
   15.00000      7.479028808544943E+034   8.307143    
   30.00000      7.578014767793837E+034   8.307143    
   45.00000      7.658445762160171E+034   8.307143    
   60.00000      7.710060127548322E+034   8.307143    
   75.00000      7.723467423215583E+034   8.307143    
   90.00000      7.706555362070415E+034   8.307143    
   105.0000      7.675964731271844E+034   8.307143    
   120.0000      7.657138186437535E+034   8.307143    
   135.0000      7.654741544334920E+034   8.307143    
   150.0000      7.668484357977605E+034   8.307143    
   165.0000      7.681458355973998E+034   8.307143    
   180.0000      7.682483066607552E+034   8.307143    
   195.0000      7.662896725267425E+034   8.307143    
   210.0000      7.618907659817214E+034   8.307143    
   225.0000      7.550787956723427E+034   8.307143    
   240.0000      7.461090549418142E+034   8.307143    
   255.0000      7.359128959154142E+034   8.307143    
   270.0000      7.256846209138143E+034   8.307143    
   285.0000      7.177545429113049E+034   8.307143    
   300.0000      7.136578435819023E+034   8.307143    
   315.0000      7.143259044530251E+034   8.307143    
   330.0000      7.192889651688406E+034   8.307143    
   345.0000      7.274782176078279E+034   8.307143    
  0.0000000E+00  7.374185676690480E+034   8.307143    
 
  0.0000000E+00  7.011498983676753E+034   8.428572    
   15.00000      7.111519541191346E+034   8.428572    
   30.00000      7.204202039106227E+034   8.428572    
   45.00000      7.278090602841632E+034   8.428572    
   60.00000      7.323996119866882E+034   8.428572    
   75.00000      7.333630759305157E+034   8.428572    
   90.00000      7.314708234350816E+034   8.428572    
   105.0000      7.283603228977065E+034   8.428572    
   120.0000      7.263927465922788E+034   8.428572    
   135.0000      7.259946557812542E+034   8.428572    
   150.0000      7.270801737722412E+034   8.428572    
   165.0000      7.280004395255119E+034   8.428572    
   180.0000      7.277712477790258E+034   8.428572    
   195.0000      7.255819833649561E+034   8.428572    
   210.0000      7.211541135327605E+034   8.428572    
   225.0000      7.145391519233047E+034   8.428572    
   240.0000      7.059976743102717E+034   8.428572    
   255.0000      6.964196365234897E+034   8.428572    
   270.0000      6.869893606982474E+034   8.428572    
   285.0000      6.799097506312492E+034   8.428572    
   300.0000      6.766138431142263E+034   8.428572    
   315.0000      6.779128018923341E+034   8.428572    
   330.0000      6.832384602886398E+034   8.428572    
   345.0000      6.914658315085890E+034   8.428572    
  0.0000000E+00  7.011498983676753E+034   8.428572    
 
  0.0000000E+00  6.650383610646275E+034   8.550000    
   15.00000      6.744897049993106E+034   8.550000    
   30.00000      6.831135582439411E+034   8.550000    
   45.00000      6.898783764321944E+034   8.550000    
   60.00000      6.939575518362279E+034   8.550000    
   75.00000      6.946140851871900E+034   8.550000    
   90.00000      6.925902032630412E+034   8.550000    
   105.0000      6.894712811638262E+034   8.550000    
   120.0000      6.874438317063293E+034   8.550000    
   135.0000      6.869045679043218E+034   8.550000    
   150.0000      6.877293310117723E+034   8.550000    
   165.0000      6.883380267786806E+034   8.550000    
   180.0000      6.878660268125865E+034   8.550000    
   195.0000      6.855566241861906E+034   8.550000    
   210.0000      6.812084463577517E+034   8.550000    
   225.0000      6.748923821483833E+034   8.550000    
   240.0000      6.668624200231259E+034   8.550000    
   255.0000      6.579516640340043E+034   8.550000    
   270.0000      6.493150355112999E+034   8.550000    
   285.0000      6.430176971885538E+034   8.550000    
   300.0000      6.403909716198828E+034   8.550000    
   315.0000      6.421405423109250E+034   8.550000    
   330.0000      6.476351220937472E+034   8.550000    
   345.0000      6.557316381340213E+034   8.550000    
  0.0000000E+00  6.650383610646275E+034   8.550000    
 
  0.0000000E+00  6.292473065740057E+034   8.671429    
   15.00000      6.380991887687162E+034   8.671429    
   30.00000      6.460736779345955E+034   8.671429    
   45.00000      6.522439435033415E+034   8.671429    
   60.00000      6.558641879077372E+034   8.671429    
   75.00000      6.562754552704151E+034   8.671429    
   90.00000      6.541820427989832E+034   8.671429    
   105.0000      6.510978544305250E+034   8.671429    
   120.0000      6.490414247118525E+034   8.671429    
   135.0000      6.483857077437627E+034   8.671429    
   150.0000      6.489829461769525E+034   8.671429    
   165.0000      6.493407051984858E+034   8.671429    
   180.0000      6.487002193558402E+034   8.671429    
   195.0000      6.463541840141192E+034   8.671429    
   210.0000      6.421692351405730E+034   8.671429    
   225.0000      6.362229051564258E+034   8.671429    
   240.0000      6.287549532922094E+034   8.671429    
   255.0000      6.205405617631412E+034   8.671429    
   270.0000      6.126786573695305E+034   8.671429    
   285.0000      6.070963474294397E+034   8.671429    
   300.0000      6.050230089039066E+034   8.671429    
   315.0000      6.070718910195271E+034   8.671429    
   330.0000      6.125780178814693E+034   8.671429    
   345.0000      6.204103722932271E+034   8.671429    
  0.0000000E+00  6.292473065740057E+034   8.671429    
 
  0.0000000E+00  5.939083197928661E+034   8.792857    
   15.00000      6.021274003548218E+034   8.792857    
   30.00000      6.094539452511414E+034   8.792857    
   45.00000      6.150574551145608E+034   8.792857    
   60.00000      6.182643046084810E+034   8.792857    
   75.00000      6.184835415811328E+034   8.792857    
   90.00000      6.163752489572740E+034   8.792857    
   105.0000      6.133673671358791E+034   8.792857    
   120.0000      6.113155981007796E+034   8.792857    
   135.0000      6.105721500417228E+034   8.792857    
   150.0000      6.109769954604499E+034   8.792857    
   165.0000      6.111380194299028E+034   8.792857    
   180.0000      6.103869640737530E+034   8.792857    
   195.0000      6.080719927155254E+034   8.792857    
   210.0000      6.041111208972952E+034   8.792857    
   225.0000      5.985812803994452E+034   8.792857    
   240.0000      5.917034934510564E+034   8.792857    
   255.0000      5.841938846030477E+034   8.792857    
   270.0000      5.770821369906218E+034   8.792857    
   285.0000      5.721510756854047E+034   8.792857    
   300.0000      5.705310387453231E+034   8.792857    
   315.0000      5.727541252481074E+034   8.792857    
   330.0000      5.781457357991143E+034   8.792857    
   345.0000      5.856103600570836E+034   8.792857    
  0.0000000E+00  5.939083197928661E+034   8.792857    
 
  0.0000000E+00  5.591250782088336E+034   8.914286    
   15.00000      5.666900067895571E+034   8.914286    
   30.00000      5.733745398785660E+034   8.914286    
   45.00000      5.784371103092919E+034   8.914286    
   60.00000      5.812698676591145E+034   8.914286    
   75.00000      5.813426000654496E+034   8.914286    
   90.00000      5.792668732744812E+034   8.914286    
   105.0000      5.763740109657366E+034   8.914286    
   120.0000      5.743608536580687E+034   8.914286    
   135.0000      5.735597214298398E+034   8.914286    
   150.0000      5.738066610265834E+034   8.914286    
   165.0000      5.738161503838694E+034   8.914286    
   180.0000      5.730039746974444E+034   8.914286    
   195.0000      5.707724329806398E+034   8.914286    
   210.0000      5.670781879769290E+034   8.914286    
   225.0000      5.619933791103893E+034   8.914286    
   240.0000      5.557179991628821E+034   8.914286    
   255.0000      5.489083560459067E+034   8.914286    
   270.0000      5.425174043795875E+034   8.914286    
   285.0000      5.381786139593863E+034   8.914286    
   300.0000      5.369264102165149E+034   8.914286    
   315.0000      5.392214360205636E+034   8.914286    
   330.0000      5.443988511341428E+034   8.914286    
   345.0000      5.514165796083923E+034   8.914286    
  0.0000000E+00  5.591250782088336E+034   8.914286    
 
  0.0000000E+00  5.249776360035877E+034   9.035714    
   15.00000      5.318763563966442E+034   9.035714    
   30.00000      5.379279922405815E+034   9.035714    
   45.00000      5.424734458874215E+034   9.035714    
   60.00000      5.449659592929154E+034   9.035714    
   75.00000      5.449308113947291E+034   9.035714    
   90.00000      5.429282728784498E+034   9.035714    
   105.0000      5.401854109428418E+034   9.035714    
   120.0000      5.382433563145039E+034   9.035714    
   135.0000      5.374139847882783E+034   9.035714    
   150.0000      5.375351375820996E+034   9.035714    
   165.0000      5.374325695282628E+034   9.035714    
   180.0000      5.365997613758247E+034   9.035714    
   195.0000      5.344910628431169E+034   9.035714    
   210.0000      5.310918824279219E+034   9.035714    
   225.0000      5.264671364902691E+034   9.035714    
   240.0000      5.207949944986666E+034   9.035714    
   255.0000      5.146718259301781E+034   9.035714    
   270.0000      5.089694714980981E+034   9.035714    
   285.0000      5.051694635326953E+034   9.035714    
   300.0000      5.042128202220886E+034   9.035714    
   315.0000      5.064971025717942E+034   9.035714    
   330.0000      5.113826097834917E+034   9.035714    
   345.0000      5.178941399880806E+034   9.035714    
  0.0000000E+00  5.249776360035877E+034   9.035714    
 
  0.0000000E+00  4.915260830454698E+034   9.157143    
   15.00000      4.977537174337427E+034   9.157143    
   30.00000      5.031837835027449E+034   9.157143    
   45.00000      5.072340490471034E+034   9.157143    
   60.00000      5.094154285204639E+034   9.157143    
   75.00000      5.093048790866433E+034   9.157143    
   90.00000      5.074097577569194E+034   9.157143    
   105.0000      5.048476001565269E+034   9.157143    
   120.0000      5.030064785080206E+034   9.157143    
   135.0000      5.021764234765509E+034   9.157143    
   150.0000      5.022003476095829E+034   9.157143    
   165.0000      5.020210458062988E+034   9.157143    
   180.0000      5.011997813685797E+034   9.157143    
   195.0000      4.992430041519507E+034   9.157143    
   210.0000      4.961566057263224E+034   9.157143    
   225.0000      4.919971312132015E+034   9.157143    
   240.0000      4.869212298708078E+034   9.157143    
   255.0000      4.814654376202110E+034   9.157143    
   270.0000      4.764182798973079E+034   9.157143    
   285.0000      4.731092061169421E+034   9.157143    
   300.0000      4.723875582316543E+034   9.157143    
   315.0000      4.745950425395649E+034   9.157143    
   330.0000      4.791291003127697E+034   9.157143    
   345.0000      4.850912298717124E+034   9.157143    
  0.0000000E+00  4.915260830454698E+034   9.157143    
 
  0.0000000E+00  4.588130072364389E+034   9.278572    
   15.00000      4.643702038845699E+034   9.278572    
   30.00000      4.691915234888428E+034   9.278572    
   45.00000      4.727667589374279E+034   9.278572    
   60.00000      4.746619747122432E+034   9.278572    
   75.00000      4.745030049654230E+034   9.278572    
   90.00000      4.727435547660428E+034   9.278572    
   105.0000      4.703882362680754E+034   9.278572    
   120.0000      4.686744610764889E+034   9.278572    
   135.0000      4.678685999191069E+034   9.278572    
   150.0000      4.678222526042056E+034   9.278572    
   165.0000      4.675962148250691E+034   9.278572    
   180.0000      4.668111659049876E+034   9.278572    
   195.0000      4.650272441769109E+034   9.278572    
   210.0000      4.622633264390139E+034   9.278572    
   225.0000      4.585673489793647E+034   9.278572    
   240.0000      4.540757547734888E+034   9.278572    
   255.0000      4.492648403455974E+034   9.278572    
   270.0000      4.448391970241384E+034   9.278572    
   285.0000      4.419786536755564E+034   9.278572    
   300.0000      4.414416992639322E+034   9.278572    
   315.0000      4.435203720673405E+034   9.278572    
   330.0000      4.476584243794515E+034   9.278572    
   345.0000      4.530409754454983E+034   9.278572    
  0.0000000E+00  4.588130072364389E+034   9.278572    
 
  0.0000000E+00  4.268684439829172E+034   9.400000    
   15.00000      4.317600997225376E+034   9.400000    
   30.00000      4.359865023185690E+034   9.400000    
   45.00000      4.391052817741620E+034   9.400000    
   60.00000      4.407357432317280E+034   9.400000    
   75.00000      4.405504974736577E+034   9.400000    
   90.00000      4.389495126168022E+034   9.400000    
   105.0000      4.368225674172616E+034   9.400000    
   120.0000      4.352587362715082E+034   9.400000    
   135.0000      4.344988191074671E+034   9.400000    
   150.0000      4.344061889839735E+034   9.400000    
   165.0000      4.341581271137442E+034   9.400000    
   180.0000      4.334290631572773E+034   9.400000    
   195.0000      4.318324891587697E+034   9.400000    
   210.0000      4.293948332383622E+034   9.400000    
   225.0000      4.261557860406276E+034   9.400000    
   240.0000      4.222327329709989E+034   9.400000    
   255.0000      4.180426729615256E+034   9.400000    
   270.0000      4.142061804042951E+034   9.400000    
   285.0000      4.117568882886223E+034   9.400000    
   300.0000      4.113632481636336E+034   9.400000    
   315.0000      4.132728670980593E+034   9.400000    
   330.0000      4.169826386051693E+034   9.400000    
   345.0000      4.217659163693588E+034   9.400000    
  0.0000000E+00  4.268684439829172E+034   9.400000    
 
  0.0000000E+00  3.957125106381196E+034   9.521429    
   15.00000      3.999467555456840E+034   9.521429    
   30.00000      4.035927199665418E+034   9.521429    
   45.00000      4.062722261935654E+034   9.521429    
   60.00000      4.076563028981167E+034   9.521429    
   75.00000      4.074627115822981E+034   9.521429    
   90.00000      4.060380745431707E+034   9.521429    
   105.0000      4.041565871468468E+034   9.521429    
   120.0000      4.027613564862520E+034   9.521429    
   135.0000      4.020658185085049E+034   9.521429    
   150.0000      4.019474208171019E+034   9.521429    
   165.0000      4.016973878569383E+034   9.521429    
   180.0000      4.010395502829481E+034   9.521429    
   195.0000      3.996397922428446E+034   9.521429    
   210.0000      3.975279516067835E+034   9.521429    
   225.0000      3.947361800408111E+034   9.521429    
   240.0000      3.913639370361499E+034   9.521429    
   255.0000      3.877704081737876E+034   9.521429    
   270.0000      3.844927512159772E+034   9.521429    
   285.0000      3.824222163363575E+034   9.521429    
   300.0000      3.821382400896003E+034   9.521429    
   315.0000      3.838483838025081E+034   9.521429    
   330.0000      3.871075840667306E+034   9.521429    
   345.0000      3.912802753977240E+034   9.521429    
  0.0000000E+00  3.957125106381196E+034   9.521429    
 
  0.0000000E+00  3.653572593878605E+034   9.642858    
   15.00000      3.689446750958116E+034   9.642858    
   30.00000      3.720250509243149E+034   9.642858    
   45.00000      3.742812491735688E+034   9.642858    
   60.00000      3.754347490462236E+034   9.642858    
   75.00000      3.752471042082470E+034   9.642858    
   90.00000      3.740122986430664E+034   9.642858    
   105.0000      3.723891205456122E+034   9.642858    
   120.0000      3.711772044561442E+034   9.642858    
   135.0000      3.705610919582673E+034   9.642858    
   150.0000      3.704339519139430E+034   9.642858    
   165.0000      3.701978603107294E+034   9.642858    
   180.0000      3.696225008734821E+034   9.642858    
   195.0000      3.684250843909340E+034   9.642858    
   210.0000      3.666356350971113E+034   9.642858    
   225.0000      3.642796267995449E+034   9.642858    
   240.0000      3.614397291060578E+034   9.642858    
   255.0000      3.584189491669486E+034   9.642858    
   270.0000      3.556722146281077E+034   9.642858    
   285.0000      3.539523791213353E+034   9.642858    
   300.0000      3.537510921543798E+034   9.642858    
   315.0000      3.552395204397789E+034   9.642858    
   330.0000      3.580339865860628E+034   9.642858    
   345.0000      3.615914760298948E+034   9.642858    
  0.0000000E+00  3.653572593878605E+034   9.642858    
 
  0.0000000E+00  3.358080579636938E+034   9.764286    
   15.00000      3.387609972995536E+034   9.764286    
   30.00000      3.412908160129395E+034   9.764286    
   45.00000      3.431386121381351E+034   9.764286    
   60.00000      3.440751640814459E+034   9.764286    
   75.00000      3.439046107600697E+034   9.764286    
   90.00000      3.428692167348340E+034   9.764286    
   105.0000      3.415132544590699E+034   9.764286    
   120.0000      3.404955429158000E+034   9.764286    
   135.0000      3.399705466483867E+034   9.764286    
   150.0000      3.398482803769288E+034   9.764286    
   165.0000      3.396383326210072E+034   9.764286    
   180.0000      3.391533459276179E+034   9.764286    
   195.0000      3.381607093077323E+034   9.764286    
   210.0000      3.366881999123371E+034   9.764286    
   225.0000      3.347554936265217E+034   9.764286    
   240.0000      3.324295382034466E+034   9.764286    
   255.0000      3.299588613942091E+034   9.764286    
   270.0000      3.277177836807162E+034   9.764286    
   285.0000      3.263246718324671E+034   9.764286    
   300.0000      3.261848531704483E+034   9.764286    
   315.0000      3.274361195343852E+034   9.764286    
   330.0000      3.297582728892574E+034   9.764286    
   345.0000      3.327012755239512E+034   9.764286    
  0.0000000E+00  3.358080579636938E+034   9.764286    
 
  0.0000000E+00  3.070648518121321E+034   9.885715    
   15.00000      3.093969064585161E+034   9.885715    
   30.00000      3.113912346409764E+034   9.885715    
   45.00000      3.128446060931922E+034   9.885715    
   60.00000      3.135759852670137E+034   9.885715    
   75.00000      3.134309620417758E+034   9.885715    
   90.00000      3.126011287384490E+034   9.885715    
   105.0000      3.115176787041014E+034   9.885715    
   120.0000      3.107014429585558E+034   9.885715    
   135.0000      3.102760167399542E+034   9.885715    
   150.0000      3.101689796546258E+034   9.885715    
   165.0000      3.099940606125392E+034   9.885715    
   180.0000      3.096045054295622E+034   9.885715    
   195.0000      3.088166779948437E+034   9.885715    
   210.0000      3.076543441849740E+034   9.885715    
   225.0000      3.061321903289506E+034   9.885715    
   240.0000      3.043023992799111E+034   9.885715    
   255.0000      3.023607124139761E+034   9.885715    
   270.0000      3.006027795659161E+034   9.885715    
   285.0000      2.995161483827345E+034   9.885715    
   300.0000      2.994215279571526E+034   9.885715    
   315.0000      3.004258134946648E+034   9.885715    
   330.0000      3.022733844416392E+034   9.885715    
   345.0000      3.046068313322627E+034   9.885715    
  0.0000000E+00  3.070648518121321E+034   9.885715    
 
  0.0000000E+00  2.791228800387295E+034   10.00714    
   15.00000      2.808486658877971E+034   10.00714    
   30.00000      2.823224855131486E+034   10.00714    
   45.00000      2.833945858955649E+034   10.00714    
   60.00000      2.839309925910907E+034   10.00714    
   75.00000      2.838176280824689E+034   10.00714    
   90.00000      2.831965202510565E+034   10.00714    
   105.0000      2.823876303546721E+034   10.00714    
   120.0000      2.817767870589604E+034   10.00714    
   135.0000      2.814563266258951E+034   10.00714    
   150.0000      2.813718082910277E+034   10.00714    
   165.0000      2.812378445757247E+034   10.00714    
   180.0000      2.809463763704508E+034   10.00714    
   195.0000      2.803615126610089E+034   10.00714    
   210.0000      2.795018057813196E+034   10.00714    
   225.0000      2.783776366401359E+034   10.00714    
   240.0000      2.770272493361144E+034   10.00714    
   255.0000      2.755952391439870E+034   10.00714    
   270.0000      2.743005223981895E+034   10.00714    
   285.0000      2.735035386984495E+034   10.00714    
   300.0000      2.734421009555202E+034   10.00714    
   315.0000      2.741942399757823E+034   10.00714    
   330.0000      2.755692075417545E+034   10.00714    
   345.0000      2.773012942736472E+034   10.00714    
  0.0000000E+00  2.791228800387295E+034   10.00714    
 
  0.0000000E+00  2.519735801810909E+034   10.12857    
   15.00000      2.531083806134590E+034   10.12857    
   30.00000      2.540764958383585E+034   10.12857    
   45.00000      2.547797393957679E+034   10.12857    
   60.00000      2.551300350967915E+034   10.12857    
   75.00000      2.550524987745205E+034   10.12857    
   90.00000      2.546407116944534E+034   10.12857    
   105.0000      2.541055484100707E+034   10.12857    
   120.0000      2.537009557993642E+034   10.12857    
   135.0000      2.534880153783124E+034   10.12857    
   150.0000      2.534304604083608E+034   10.12857    
   165.0000      2.533407437955102E+034   10.12857    
   180.0000      2.531479700313681E+034   10.12857    
   195.0000      2.527627631703879E+034   10.12857    
   210.0000      2.521977256471850E+034   10.12857    
   225.0000      2.514594653777135E+034   10.12857    
   240.0000      2.505729734036422E+034   10.12857    
   255.0000      2.496332464542693E+034   10.12857    
   270.0000      2.487843655901475E+034   10.12857    
   285.0000      2.482632923367123E+034   10.12857    
   300.0000      2.482266780102369E+034   10.12857    
   315.0000      2.487253463881446E+034   10.12857    
   330.0000      2.496330809253891E+034   10.12857    
   345.0000      2.507745410605288E+034   10.12857    
  0.0000000E+00  2.519735801810909E+034   10.12857    
 
  0.0000000E+00  2.256052071156390E+034   10.25000    
   15.00000      2.261646632085229E+034   10.25000    
   30.00000      2.266416224955723E+034   10.25000    
   45.00000      2.269877576246642E+034   10.25000    
   60.00000      2.271596654942343E+034   10.25000    
   75.00000      2.271204820774479E+034   10.25000    
   90.00000      2.269164300411462E+034   10.25000    
   105.0000      2.266516451650171E+034   10.25000    
   120.0000      2.264514154489548E+034   10.25000    
   135.0000      2.263459439307681E+034   10.25000    
   150.0000      2.263171812594480E+034   10.25000    
   165.0000      2.262726552743155E+034   10.25000    
   180.0000      2.261774270010327E+034   10.25000    
   195.0000      2.259874206237695E+034   10.25000    
   210.0000      2.257089497288045E+034   10.25000    
   225.0000      2.253452140020460E+034   10.25000    
   240.0000      2.249084951358244E+034   10.25000    
   255.0000      2.244456180921730E+034   10.25000    
   270.0000      2.240276837239212E+034   10.25000    
   285.0000      2.237715481741679E+034   10.25000    
   300.0000      2.237545403126769E+034   10.25000    
   315.0000      2.240015777500630E+034   10.25000    
   330.0000      2.244501783744919E+034   10.25000    
   345.0000      2.250136931873714E+034   10.25000    
  0.0000000E+00  2.256052071156390E+034   10.25000    
 
