  0.0000000E+00   68.7935582670537     
   15.00000       68.2732966854902     
   30.00000       67.8298678798493     
   45.00000       67.4535511921923     
   60.00000       67.1492228802835     
   75.00000       66.9962894872589     
   90.00000       66.9711360809383     
   105.0000       67.0504220121418     
   120.0000       67.2413891283641     
   135.0000       67.4427409240593     
   150.0000       67.6407491271137     
   165.0000       67.9069542956894     
   180.0000       68.1441240903252     
   195.0000       68.3690580641779     
   210.0000       68.7097795166462     
   225.0000       69.0844222504011     
   240.0000       69.4434607985466     
   255.0000       69.9046885375822     
   270.0000       70.3978974823070     
   285.0000       70.6226589295259     
   300.0000       70.6179790380523     
   315.0000       70.4435654489313     
   330.0000       70.0692694027498     
   345.0000       69.4498754519063     
   360.0000       68.7935582670537     
   360.0000       70.3076239495920     
   375.0000       69.4734113486493     
   390.0000       68.7688571917581     
   405.0000       68.1492001581375     
   420.0000       67.6350342204544     
   435.0000       67.3307270675012     
   450.0000       67.2617565703516     
   465.0000       67.3684680604871     
   480.0000       67.6617879783505     
   495.0000       67.9978478503840     
   510.0000       68.3500022742778     
   525.0000       68.7935860809930     
   540.0000       69.1832943019443     
   555.0000       69.5779307119332     
   570.0000       70.1527083390868     
   585.0000       70.7258498606505     
   600.0000       71.2569064118529     
   615.0000       71.9099133111659     
   630.0000       72.5003806667091     
   645.0000       72.7898275619979     
   660.0000       72.8932385312961     
   675.0000       72.7312059902692     
   690.0000       72.2092208469029     
   705.0000       71.3081788205966     
   720.0000       70.3076239495920     
   720.0000       72.4678021602830     
   735.0000       71.4963839662863     
   750.0000       70.6475611837372     
   765.0000       69.8964465057992     
   780.0000       69.2550360957057     
   795.0000       68.8411122792288     
   810.0000       68.7151538157347     
   825.0000       68.8075216281872     
   840.0000       69.1321982167417     
   855.0000       69.5384735946907     
   870.0000       69.9790246062256     
   885.0000       70.5249306803258     
   900.0000       71.0348304019772     
   915.0000       71.5643469190171     
   930.0000       72.2781152548938     
   945.0000       72.9442820226309     
   960.0000       73.5011257554957     
   975.0000       74.0923230229955     
   990.0000       74.5455943516444     
   1005.000       74.8384351043618     
   1020.000       75.0417092626805     
   1035.000       75.0338595914786     
   1050.000       74.5523695575694     
   1065.000       73.5817190516886     
   1080.000       72.4678021602830     
   1080.000       74.5305365158664     
   1095.000       73.5452116622715     
   1110.000       72.6537276549184     
   1125.000       71.8379150867998     
   1140.000       71.1359535218809     
   1155.000       70.6483749900548     
   1170.000       70.4587803064608     
   1185.000       70.5058156182272     
   1200.000       70.8079453394968     
   1215.000       71.2283271900291     
   1230.000       71.7025020422725     
   1245.000       72.3121287382636     
   1260.000       72.9013838537464     
   1275.000       73.5313632530961     
   1290.000       74.3315495592128     
   1305.000       74.9904664787442     
   1320.000       75.4414020505786     
   1335.000       75.8298727968079     
   1350.000       76.1647419285613     
   1365.000       76.4241288646014     
   1380.000       76.6547925932816     
   1395.000       76.7800022429101     
   1410.000       76.4888356035208     
   1425.000       75.6130570818781     
   1440.000       74.5305365158664     
   1440.000       76.2460970875503     
   1455.000       75.3350434973737     
   1470.000       74.4751810336575     
   1485.000       73.6608644180731     
   1500.000       72.9350937823448     
   1515.000       72.4053398382490     
   1530.000       72.1518870710098     
   1545.000       72.1341300446540     
   1560.000       72.3765290012900     
   1575.000       72.7668881648210     
   1590.000       73.2469765897867     
   1605.000       73.8727052849511     
   1620.000       74.5042657548379     
   1635.000       75.2123154098312     
   1650.000       76.0358336688277     
   1665.000       76.5975140026475     
   1680.000       76.8730592151731     
   1695.000       77.1095631200012     
   1710.000       77.3363445108033     
   1725.000       77.5395716306202     
   1740.000       77.7519393615628     
   1755.000       77.9235474176422     
   1770.000       77.8480431617086     
   1785.000       77.1967139402957     
   1800.000       76.2460970875503     
   1800.000       77.5463733987265     
   1815.000       76.7639744363669     
   1830.000       75.9926570075148     
   1845.000       75.2314264866604     
   1860.000       74.5260089533392     
   1875.000       73.9699501407947     
   1890.000       73.6607153592442     
   1905.000       73.5720807750428     
   1920.000       73.7369419556938     
   1935.000       74.0783924552193     
   1950.000       74.5321125149999     
   1965.000       75.1353743383166     
   1980.000       75.7856223287322     
   1995.000       76.5329125538078     
   2010.000       77.3113356423826     
   2025.000       77.7194789404299     
   2040.000       77.8841061286325     
   2055.000       78.0039314871672     
   2070.000       78.1305529302615     
   2085.000       78.2633169559593     
   2100.000       78.4287517374606     
   2115.000       78.5951769911872     
   2130.000       78.6339171731018     
   2145.000       78.2804173020233     
   2160.000       77.5463733987265     
   2160.000       78.4045231404887     
   2175.000       77.8010023075246     
   2190.000       77.1539835044612     
   2205.000       76.4875598841434     
   2220.000       75.8403449822025     
   2235.000       75.2902381158715     
   2250.000       74.9430387631438     
   2265.000       74.7918812509857     
   2280.000       74.8770632548945     
   2295.000       75.1548208470421     
   2310.000       75.5620388938135     
   2325.000       76.1193987690488     
   2340.000       76.7637639643394     
   2355.000       77.5053653892297     
   2370.000       78.1672628125224     
   2385.000       78.4720400025492     
   2400.000       78.5635368727193     
   2415.000       78.5929441856111     
   2430.000       78.6280686739856     
   2445.000       78.6835337612362     
   2460.000       78.7852763881567     
   2475.000       78.9164983523107     
   2490.000       78.9985075335530     
   2505.000       78.8596067853401     
   2520.000       78.4045231404887     
   2520.000       78.8192209459719     
   2535.000       78.4316590302589     
   2550.000       77.9435607669830     
   2565.000       77.3976931086706     
   2580.000       76.8417806943001     
   2595.000       76.3313394283212     
   2610.000       75.9738186847843     
   2625.000       75.7821267356226     
   2640.000       75.8019235660661     
   2655.000       76.0176299886698     
   2670.000       76.3720058794202     
   2685.000       76.8771261419037     
   2700.000       77.4912402350503     
   2715.000       78.1783919200737     
   2730.000       78.7055660014669     
   2745.000       78.9420020430758     
   2760.000       78.9808312520214     
   2775.000       78.9391127637409     
   2790.000       78.8937187379961     
   2805.000       78.8728778477576     
   2820.000       78.9049883522875     
   2835.000       78.9859875468686     
   2850.000       79.0686573302167     
   2865.000       79.0407026923551     
   2880.000       78.8192209459719     
   2880.000       78.8649049854223     
   2895.000       78.6666898183498     
   2910.000       78.3623899901488     
   2925.000       77.9622859654531     
   2940.000       77.5181837910128     
   2955.000       77.0798119551120     
   2970.000       76.7449756344405     
   2985.000       76.5439601367826     
   3000.000       76.5252954937904     
   3015.000       76.6942624420141     
   3030.000       77.0039889314703     
   3045.000       77.4583765989650     
   3060.000       78.0221340800476     
   3075.000       78.6045423555459     
   3090.000       79.0137409328546     
   3105.000       79.1901082653438     
   3120.000       79.1826241023844     
   3135.000       79.0825780612334     
   3150.000       78.9696942447610     
   3165.000       78.8812589129069     
   3180.000       78.8484039025008     
   3195.000       78.8771414664978     
   3210.000       78.9388083932245     
   3225.000       78.9591458976401     
   3240.000       78.8649049854223     
   3240.000       78.6818605135832     
   3255.000       78.5918239561826     
   3270.000       78.4394074003510     
   3285.000       78.2032543349446     
   3300.000       77.8909231383671     
   3315.000       77.5460549301303     
   3330.000       77.2663290605945     
   3345.000       77.0896455715882     
   3360.000       77.0649832104290     
   3375.000       77.2105549569884     
   3390.000       77.4921282654904     
   3405.000       77.8993272589354     
   3420.000       78.3909927292143     
   3435.000       78.8401454401205     
   3450.000       79.1434385164344     
   3465.000       79.2542310964072     
   3480.000       79.1971519290709     
   3495.000       79.0463989366397     
   3510.000       78.8803838796062     
   3525.000       78.7394747463722     
   3540.000       78.6555718081525     
   3555.000       78.6410934957924     
   3570.000       78.6766628710486     
   3585.000       78.7117316766637     
   3600.000       78.6818605135832     
   3600.000       78.3655274454299     
   3615.000       78.3354759031219     
   3630.000       78.2746378542157     
   3645.000       78.1677212410517     
   3660.000       78.0013675774216     
   3675.000       77.7701999313759     
   3690.000       77.5721781123638     
   3705.000       77.4449876802732     
   3720.000       77.4460595807396     
   3735.000       77.5921873211397     
   3750.000       77.8560080496374     
   3765.000       78.2149999871987     
   3780.000       78.6080339080803     
   3795.000       78.9247667920951     
   3810.000       79.1213512684203     
   3825.000       79.1560199051739     
   3840.000       79.0429898372844     
   3855.000       78.8474905881347     
   3870.000       78.6439331439879     
   3885.000       78.4698993797623     
   3900.000       78.3550866538709     
   3915.000       78.3138134910438     
   3930.000       78.3295324446596     
   3945.000       78.3652491927537     
   3960.000       78.3655274454299     
   3960.000       77.9782292853604     
   3975.000       77.9840874089494     
   3990.000       77.9810577407582     
   4005.000       77.9589718609711     
   4020.000       77.9059487720944     
   4035.000       77.8034556769640     
   4050.000       77.7060254463522     
   4065.000       77.6494688927508     
   4080.000       77.6969629767949     
   4095.000       77.8563672977869     
   4110.000       78.1036798412317     
   4125.000       78.4015272348251     
   4140.000       78.6792926174708     
   4155.000       78.8725220837034     
   4170.000       78.9604400910060     
   4185.000       78.9112920472818     
   4200.000       78.7397203713630     
   4215.000       78.5078656322660     
   4230.000       78.2838697345944     
   4245.000       78.0976883350110     
   4260.000       77.9738410236041     
   4275.000       77.9235965483709     
   4290.000       77.9297152944466     
   4305.000       77.9634038724482     
   4320.000       77.9782292853604     
   4320.000       77.5636383059205     
   4335.000       77.5943065567948     
   4350.000       77.6310333217726     
   4365.000       77.6681756917701     
   4380.000       77.6955006993127     
   4395.000       77.6986161723427     
   4410.000       77.7136590848373     
   4425.000       77.7391001824502     
   4440.000       77.8415009245552     
   4455.000       78.0139514535295     
   4470.000       78.2336603539678     
   4485.000       78.4478036969377     
   4500.000       78.6170205535965     
   4515.000       78.6926473577636     
   4530.000       78.6739218271227     
   4545.000       78.5409438250705     
   4560.000       78.3158657074079     
   4575.000       78.0599598230188     
   4590.000       77.8321200924479     
   4605.000       77.6536073065248     
   4620.000       77.5408204426070     
   4635.000       77.4982184313632     
   4650.000       77.5058091933759     
   4665.000       77.5396300810923     
   4680.000       77.5636383059205     
   4680.000       77.1517316779784     
   4695.000       77.2024309780279     
   4710.000       77.2691477017769     
   4725.000       77.3507922522888     
   4740.000       77.4388601090001     
   4755.000       77.5254213126186     
   4770.000       77.6328526247034     
   4785.000       77.7417253124918     
   4800.000       77.8959181150491     
   4815.000       78.0694831544124     
   4830.000       78.2427907991767     
   4845.000       78.3742842342011     
   4860.000       78.4371859904486     
   4875.000       78.4013015659526     
   4890.000       78.2834040193608     
   4905.000       78.0750170805469     
   4920.000       77.8087216809114     
   4935.000       77.5442618424704     
   4950.000       77.3294104029265     
   4965.000       77.1751131596917     
   4980.000       77.0884914215318     
   4995.000       77.0651786115262     
   5010.000       77.0820288517700     
   5025.000       77.1190980708695     
   5040.000       77.1517316779784     
   5040.000       76.7636738783727     
   5055.000       76.8318035753652     
   5070.000       76.9224254060839     
   5085.000       77.0393034181246     
   5100.000       77.1758904130311     
   5115.000       77.3304238806300     
   5130.000       77.5111376420403     
   5145.000       77.6850759232395     
   5160.000       77.8748784667645     
   5175.000       78.0377239179587     
   5190.000       78.1584542448789     
   5205.000       78.2053448167432     
   5220.000       78.1656412167451     
   5235.000       78.0280680815659     
   5250.000       77.8236172516598     
   5265.000       77.5540400596144     
   5280.000       77.2622367342873     
   5295.000       77.0042034478528     
   5310.000       76.8157641575495     
   5325.000       76.6972419064806     
   5340.000       76.6460455514670     
   5355.000       76.6483509933054     
   5370.000       76.6786633960938     
   5385.000       76.7214937590606     
   5400.000       76.7636738783727     
   5400.000       76.4150912820856     
   5415.000       76.4982237865880     
   5430.000       76.6079966965277     
   5445.000       76.7532417020573     
   5460.000       76.9295155386660     
   5475.000       77.1395912685655     
   5490.000       77.3770812112042     
   5505.000       77.5982233724283     
   5520.000       77.8061979014910     
   5535.000       77.9459282764065     
   5550.000       78.0083461041245     
   5565.000       77.9709877141967     
   5580.000       77.8361276926674     
   5595.000       77.6099660944658     
   5610.000       77.3342739380008     
   5625.000       77.0196541893438     
   5640.000       76.7174672609840     
   5655.000       76.4777140824629     
   5670.000       76.3246150966046     
   5685.000       76.2484330415593     
   5700.000       76.2368753648134     
   5715.000       76.2670481849116     
   5730.000       76.3124527469215     
   5745.000       76.3626581473871     
   5760.000       76.4150912820856     
   5760.000       76.1185738896975     
   5775.000       76.2138860944576     
   5790.000       76.3384934128978     
   5805.000       76.5062159413548     
   5820.000       76.7146713693098     
   5835.000       76.9691678030932     
   5850.000       77.2489382598049     
   5865.000       77.5015132330099     
   5880.000       77.7126898253727     
   5895.000       77.8200962184578     
   5910.000       77.8218660198181     
   5925.000       77.7043383277375     
   5940.000       77.4849413042010     
   5955.000       77.1847033971001     
   5970.000       76.8532214060138     
   5985.000       76.5086003202962     
   6000.000       76.2082069053544     
   6015.000       75.9945761315991     
   6030.000       75.8815524952702     
   6045.000       75.8502663059121     
   6060.000       75.8790420171666     
   6075.000       75.9368746975648     
   6090.000       75.9975771437044     
   6105.000       76.0559868539618     
   6120.000       76.1185738896975     
   6120.000       75.8853845162388     
   6135.000       75.9897864495757     
   6150.000       76.1251868669480     
   6165.000       76.3099883549231     
   6180.000       76.5436718884600     
   6195.000       76.8323076607639     
   6210.000       77.1417981346760     
   6225.000       77.4127772537034     
   6240.000       77.6159666920363     
   6255.000       77.6859796478508     
   6270.000       77.6283630750435     
   6285.000       77.4377311331627     
   6300.000       77.1459392325747     
   6315.000       76.7858062344508     
   6330.000       76.4125064810449     
   6345.000       76.0503837103593     
   6360.000       75.7604765076519     
   6375.000       75.5772843362772     
   6390.000       75.5059224863697     
   6405.000       75.5193661042501     
   6420.000       75.5870944692245     
   6435.000       75.6711654757535     
   6450.000       75.7466959901954     
   6465.000       75.8135204061246     
   6480.000       75.8853845162388     
   6480.000       75.7265020495800     
   6495.000       75.8369286157771     
   6510.000       75.9794236280661     
   6525.000       76.1763251820372     
   6540.000       76.4287108422027     
   6555.000       76.7420968179343     
   6570.000       77.0706665995159     
   6585.000       77.3497719106866     
   6600.000       77.5374109859220     
   6615.000       77.5684244713932     
   6630.000       77.4552705323720     
   6645.000       77.2002226894408     
   6660.000       76.8482582742959     
   6675.000       76.4410975173250     
   6690.000       76.0378835237440     
   6705.000       75.6680375263245     
   6720.000       75.3943470211857     
   6735.000       75.2433911296547     
   6750.000       75.2132481045731     
   6765.000       75.2696241989655     
   6780.000       75.3738491624941     
   6795.000       75.4822220491678     
   6810.000       75.5717852949018     
   6825.000       75.6467587321862     
   6840.000       75.7265020495800     
   6840.000       75.6532224258252     
   6855.000       75.7668457587358     
   6870.000       75.9131515935177     
   6885.000       76.1176391112285     
   6900.000       76.3827134830673     
   6915.000       76.7124797704658     
   6930.000       77.0512882782885     
   6945.000       77.3306361467599     
   6960.000       77.4980411119556     
   6975.000       77.4908158230717     
   6990.000       77.3274313901734     
   7005.000       77.0171563742081     
   7020.000       76.6164842008650     
   7035.000       76.1735425501029     
   7050.000       75.7503036510540     
   7065.000       75.3802083605591     
   7080.000       75.1263232330387     
   7095.000       75.0078262429276     
   7110.000       75.0172840601574     
   7125.000       75.1139010384267     
   7140.000       75.2516587229173     
   7155.000       75.3821866934656     
   7170.000       75.4847762720457     
   7185.000       75.5672652773391     
   7200.000       75.6532224258252     
   7200.000       75.6773241525885     
   7215.000       75.7916476537117     
   7230.000       75.9389095131581     
   7245.000       76.1469615052274     
   7260.000       76.4193013839634     
   7275.000       76.7581433685344     
   7290.000       77.0999474231636     
   7305.000       77.3735965182178     
   7320.000       77.5181761610459     
   7335.000       77.4749110141037     
   7350.000       77.2672410214708     
   7365.000       76.9107553865864     
   7380.000       76.4717538879381     
   7395.000       76.0027258714366     
   7410.000       75.5676443938525     
   7425.000       75.2030115202174     
   7440.000       74.9710910434163     
   7455.000       74.8843668725396     
   7470.000       74.9311711436123     
   7485.000       75.0648714596149     
   7500.000       75.2329680122663     
   7515.000       75.3833956395179     
   7530.000       75.4978194788129     
   7545.000       75.5869085821868     
   7560.000       75.6773241525885     
   7560.000       75.8113324332302     
   7575.000       75.9242022359724     
   7590.000       76.0699630455482     
   7605.000       76.2780404451988     
   7620.000       76.5528386759941     
   7635.000       76.8944816803591     
   7650.000       77.2334098529881     
   7665.000       77.4969518432053     
   7680.000       77.6175863054333     
   7695.000       77.5412908064249     
   7710.000       77.2954361534858     
   7725.000       76.9012692753313     
   7740.000       76.4331990726549     
   7755.000       75.9464413354975     
   7770.000       75.5063335290007     
   7785.000       75.1515747600789     
   7800.000       74.9428472600086     
   7815.000       74.8867014511864     
   7830.000       74.9682571212399     
   7845.000       75.1356404312192     
   7860.000       75.3307719340502     
   7875.000       75.4987571890007     
   7890.000       75.6236425622875     
   7905.000       75.7182017203508     
   7920.000       75.8113324332302     
   7920.000       76.0688005403526     
   7935.000       76.1783794118168     
   7950.000       76.3205314832443     
   7965.000       76.5255436634162     
   7980.000       76.7985891442874     
   7995.000       77.1377016515291     
   8010.000       77.4690367433002     
   8025.000       77.7192653451086     
   8040.000       77.8158681513317     
   8055.000       77.7099875925228     
   8070.000       77.4319670271941     
   8085.000       77.0080642799823     
   8100.000       76.5191727598440     
   8115.000       76.0219457378360     
   8130.000       75.5825583591661     
   8145.000       75.2411299801336     
   8160.000       75.0562071793580     
   8175.000       75.0291496128758     
   8190.000       75.1426603986563     
   8205.000       75.3401836092972     
   8220.000       75.5589764520600     
   8235.000       75.7420873234806     
   8250.000       75.8758896124704     
   8265.000       75.9746308039987     
   8280.000       76.0688005403526     
   8280.000       76.4646527195859     
   8295.000       76.5693840530670     
   8310.000       76.7061215765076     
   8325.000       76.9053847592468     
   8340.000       77.1730190784286     
   8355.000       77.5051046223800     
   8370.000       77.8250870306680     
   8385.000       78.0597386258961     
   8400.000       78.1329596833275     
   8415.000       78.0011696423008     
   8430.000       77.6968326681115     
   8445.000       77.2505815674977     
   8460.000       76.7482637178052     
   8475.000       76.2469577579908     
   8490.000       75.8132071496762     
   8505.000       75.4878543762734     
   8520.000       75.3269182690536     
   8535.000       75.3272595481281     
   8550.000       75.4697741707478     
   8565.000       75.6937782087204     
   8580.000       75.9327854776319     
   8595.000       76.1284869907589     
   8610.000       76.2695014141584     
   8625.000       76.3710249307781     
   8640.000       76.4646527195859     
   8640.000       77.0157031753654     
   8655.000       77.1142801331417     
   8670.000       77.2440624232421     
   8685.000       77.4352607960004     
   8700.000       77.6943247258634     
   8715.000       78.0156071148080     
   8730.000       78.3212605080965     
   8745.000       78.5388108293898     
   8760.000       78.5898398323699     
   8775.000       78.4359509894869     
   8790.000       78.1109828511940     
   8805.000       77.6493074219407     
   8820.000       77.1402882586988     
   8835.000       76.6406298718634     
   8850.000       76.2167950209432     
   8865.000       75.9097237516565     
   8880.000       75.7726276954037     
   8895.000       75.7985002846606     
   8910.000       75.9668959414244     
   8925.000       76.2135807405749     
   8940.000       76.4692476481735     
   8955.000       76.6748810324867     
   8970.000       76.8212541147023     
   8985.000       76.9240871772374     
   9000.000       77.0157031753654     
   9000.000       77.7412571144676     
   9015.000       77.8326025949245     
   9030.000       77.9541302207377     
   9045.000       78.1352832041157     
   9060.000       78.3830605214191     
   9075.000       78.6903702236730     
   9090.000       78.9793467906879     
   9105.000       79.1788501605439     
   9120.000       79.2092922658462     
   9135.000       79.0372312056025     
   9150.000       78.6972234477661     
   9165.000       78.2267275038117     
   9180.000       77.7172582063627     
   9195.000       77.2245017983441     
   9210.000       76.8143848844566     
   9225.000       76.5273815443738     
   9240.000       76.4136904845246     
   9255.000       76.4630147689716     
   9270.000       76.6539297929149     
   9285.000       76.9192844411293     
   9300.000       77.1878845155366     
   9315.000       77.4006351980336     
   9330.000       77.5503715901511     
   9345.000       77.6530003628064     
   9360.000       77.7412571144676     
   9360.000       78.6639872677403     
   9375.000       78.7472472786585     
   9390.000       78.8594511159264     
   9405.000       79.0288874264284     
   9420.000       79.2630480335825     
   9435.000       79.5537108601356     
   9450.000       79.8241526773981     
   9465.000       80.0051152084628     
   9480.000       80.0169246506777     
   9495.000       79.8307761792688     
   9510.000       79.4813525632842     
   9525.000       79.0085059240731     
   9540.000       78.5045768793821     
   9555.000       78.0236934167992     
   9570.000       77.6307600056665     
   9585.000       77.3652724604293     
   9600.000       77.2742538520719     
   9615.000       77.3446548618848     
   9630.000       77.5543708925743     
   9645.000       77.8340571093695     
   9660.000       78.1115959163836     
   9675.000       78.3284456854151     
   9690.000       78.4794069633817     
   9705.000       78.5803030212390     
   9720.000       78.6639872677403     
   9720.000       79.8104255798903     
   9735.000       79.8849784434527     
   9750.000       79.9870239326076     
   9765.000       80.1433668813914     
   9780.000       80.3619151649470     
   9795.000       80.6336482196197     
   9810.000       80.8840653094549     
   9825.000       81.0463473750661     
   9840.000       81.0418098520803     
   9855.000       80.8459130407323     
   9870.000       80.4929090480599     
   9885.000       80.0242795023814     
   9900.000       79.5318577106549     
   9915.000       79.0677303542386     
   9930.000       78.6952384790638     
   9945.000       78.4524267460055     
   9960.000       78.3829974848474     
   9975.000       78.4716717804794     
   9990.000       78.6959388505090     
   10005.00       78.9851193852082     
   10020.00       79.2671959122074     
   10035.00       79.4848494303864     
   10050.00       79.6347376912186     
   10065.00       79.7323779713764     
   10080.00       79.8104255798903     
   10080.00       81.2133317645556     
   10095.00       81.2788125671268     
   10110.00       81.3701141392114     
   10125.00       81.5122695800016     
   10140.00       81.7134864424447     
   10155.00       81.9642869453739     
   10170.00       82.1934383256407     
   10185.00       82.3371795163752     
   10200.00       82.3189489362344     
   10215.00       82.1180668683560     
   10230.00       81.7677941939410     
   10245.00       81.3103612771528     
   10260.00       80.8356864815894     
   10275.00       80.3933414616423     
   10290.00       80.0444754609280     
   10305.00       79.8252346084101     
   10320.00       79.7758511570674     
   10335.00       79.8793589332681     
   10350.00       80.1131327756842     
   10365.00       80.4062181032259     
   10380.00       80.6878261386228     
   10395.00       80.9026045935136     
   10410.00       81.0489306871364     
   10425.00       81.1418146932617     
   10440.00       81.2133317645556     
   10440.00       82.9136082385352     
   10455.00       82.9699528911978     
   10470.00       83.0502029347421     
   10485.00       83.1773543172465     
   10500.00       83.3597352046322     
   10515.00       83.5877609578825     
   10530.00       83.7945351085552     
   10545.00       83.9200996172178     
   10560.00       83.8912950694466     
   10575.00       83.6908752544194     
   10590.00       83.3504984361650     
   10605.00       82.9120813742205     
   10620.00       82.4620526016605     
   10635.00       82.0469516494220     
   10650.00       81.7249754398233     
   10665.00       81.5299330754312     
   10680.00       81.4984122535417     
   10695.00       81.6123698681762     
   10710.00       81.8494278730520     
   10725.00       82.1397074042308     
   10740.00       82.4149478319870     
   10755.00       82.6226294438315     
   10770.00       82.7626542514961     
   10785.00       82.8493159509844     
   10800.00       82.9136082385352     
   10800.00       84.9633490073011     
   10815.00       85.0108653003697     
   10830.00       85.0800831725632     
   10845.00       85.1916969084143     
   10860.00       85.3538836613428     
   10875.00       85.5573403016639     
   10890.00       85.7406311421605     
   10905.00       85.8485663996005     
   10920.00       85.8129326759319     
   10935.00       85.6194948233663     
   10950.00       85.2975765209981     
   10965.00       84.8874393297339     
   10980.00       84.4701479303901     
   10995.00       84.0885840622682     
   11010.00       83.7970327096542     
   11025.00       83.6265150912463     
   11040.00       83.6097527811206     
   11055.00       83.7283736487737     
   11070.00       83.9607458915096     
   11085.00       84.2398448062318     
   11100.00       84.5015032876686     
   11115.00       84.6970837713525     
   11130.00       84.8277201299781     
   11145.00       84.9067339995004     
   11160.00       84.9633490073011     
   11160.00       87.4299559102947     
   11175.00       87.4694431019661     
   11190.00       87.5280494461692     
   11205.00       87.6238916878621     
   11220.00       87.7645890105985     
   11235.00       87.9415181108561     
   11250.00       88.1000531819231     
   11265.00       88.1910859631308     
   11280.00       88.1533065050246     
   11295.00       87.9750404123960     
   11310.00       87.6823397424167     
   11325.00       87.3120767028264     
   11340.00       86.9375844677725     
   11355.00       86.5972551347635     
   11370.00       86.3401988869039     
   11385.00       86.1941568792968     
   11400.00       86.1876901337682     
   11415.00       86.3030883434857     
   11430.00       86.5202001226653     
   11445.00       86.7772666680368     
   11460.00       87.0161852114867     
   11475.00       87.1935181153273     
   11490.00       87.3111772344860     
   11505.00       87.3811615685317     
   11520.00       87.4299559102947     
   11520.00       90.4022644410598     
   11535.00       90.4351688666461     
   11550.00       90.4841055451750     
   11565.00       90.5642883275919     
   11580.00       90.6821667559173     
   11595.00       90.8302507885343     
   11610.00       90.9624163722232     
   11625.00       91.0374716636668     
   11640.00       91.0036371588812     
   11655.00       90.8513259267486     
   11670.00       90.6020694006920     
   11685.00       90.2869896970609     
   11700.00       89.9685059525065     
   11715.00       89.6793728605470     
   11730.00       89.4617996299783     
   11745.00       89.3396666636181     
   11760.00       89.3369697694558     
   11775.00       89.4380601834655     
   11790.00       89.6253873573646     
   11805.00       89.8458165795962     
   11820.00       90.0499023076420     
   11835.00       90.2011215351518     
   11850.00       90.3014488353431     
   11865.00       90.3610447000588     
   11880.00       90.4022644410598     
   11880.00       93.9999656563586     
   11895.00       94.0286671321677     
   11910.00       94.0696035643055     
   11925.00       94.1346649357485     
   11940.00       94.2282221281453     
   11955.00       94.3444669918244     
   11970.00       94.4480323715045     
   11985.00       94.5082830238111     
   12000.00       94.4866506831074     
   12015.00       94.3751333640120     
   12030.00       94.1890069316939     
   12045.00       93.9503230117517     
   12060.00       93.7061187931399     
   12075.00       93.4818145661235     
   12090.00       93.3102418190715     
   12105.00       93.2106664877699     
   12120.00       93.2019737607211     
   12135.00       93.2726627199158     
   12150.00       93.4095366290028     
   12165.00       93.5729250912527     
   12180.00       93.7255946344538     
   12195.00       93.8402135597512     
   12210.00       93.9176830710071     
   12225.00       93.9655339377781     
   12240.00       93.9999656563586     
   12240.00       98.3885558516251     
   12255.00       98.4168232250849     
   12270.00       98.4524903993382     
   12285.00       98.5035413245035     
   12300.00       98.5709004685955     
   12315.00       98.6511506052902     
   12330.00       98.7228546910111     
   12345.00       98.7698371903353     
   12360.00       98.7720993540295     
   12375.00       98.7226868093648     
   12390.00       98.6281370397485     
   12405.00       98.4966091648055     
   12420.00       98.3531907608272     
   12435.00       98.2133449052989     
   12450.00       98.0968070844257     
   12465.00       98.0171878455656     
   12480.00       97.9874989697198     
   12495.00       98.0036497647079     
   12510.00       98.0596146546646     
   12525.00       98.1363895896417     
   12540.00       98.2139948985191     
   12555.00       98.2774174526533     
   12570.00       98.3246497441246     
   12585.00       98.3593517379619     
   12600.00       98.3885558516251     
   12600.00       103.803753081812     
   12615.00       103.837526645428     
   12630.00       103.872296749545     
   12645.00       103.911289393652     
   12660.00       103.949877966596     
   12675.00       103.988015106273     
   12690.00       104.022886031276     
   12705.00       104.058720108980     
   12720.00       104.102196959153     
   12735.00       104.146852133820     
   12750.00       104.186839021487     
   12765.00       104.209181874243     
   12780.00       104.206911598376     
   12795.00       104.181289494199     
   12810.00       104.133085430152     
   12825.00       104.068691745542     
   12840.00       103.994165421317     
   12855.00       103.918177888334     
   12870.00       103.846555426789     
   12885.00       103.792085953243     
   12900.00       103.759472460633     
   12915.00       103.750438340237     
   12930.00       103.757031249223     
   12945.00       103.777044919960     
   12960.00       103.803753081812     
