  0.0000000E+00   66.9464292610763        6.000000    
   15.00000       66.2580045861485        6.000000    
   30.00000       65.5769032761634        6.000000    
   45.00000       65.0458845013858        6.000000    
   60.00000       64.7980194555083        6.000000    
   75.00000       64.8670277017170        6.000000    
   90.00000       65.1818109012088        6.000000    
   105.0000       65.6519362598773        6.000000    
   120.0000       66.1388368356516        6.000000    
   135.0000       66.6062829002584        6.000000    
   150.0000       67.0162529698866        6.000000    
   165.0000       67.3441801503937        6.000000    
   180.0000       67.6383921862110        6.000000    
   195.0000       67.9438307391608        6.000000    
   210.0000       68.1758660625286        6.000000    
   225.0000       68.3754120042219        6.000000    
   240.0000       68.6588369271637        6.000000    
   255.0000       68.8941180318601        6.000000    
   270.0000       68.9289724882110        6.000000    
   285.0000       69.0190446059050        6.000000    
   300.0000       69.1327803388016        6.000000    
   315.0000       68.8676265621294        6.000000    
   330.0000       68.2810963063738        6.000000    
   345.0000       67.5877949912845        6.000000    
  0.0000000E+00   66.9464292610763        6.000000    
 
  0.0000000E+00   67.1528735461433        6.121428    
   15.00000       66.0671473768334        6.121428    
   30.00000       64.9616886713929        6.121428    
   45.00000       64.0640389859874        6.121428    
   60.00000       63.6210079440405        6.121428    
   75.00000       63.6814328586006        6.121428    
   90.00000       64.1425292043875        6.121428    
   105.0000       64.8737909451638        6.121428    
   120.0000       65.6504149365509        6.121428    
   135.0000       66.4582251502795        6.121428    
   150.0000       67.1639571452080        6.121428    
   165.0000       67.7366572002628        6.121428    
   180.0000       68.2937741719261        6.121428    
   195.0000       68.8249709771361        6.121428    
   210.0000       69.1951910126120        6.121428    
   225.0000       69.4685257431301        6.121428    
   240.0000       69.7608664470010        6.121428    
   255.0000       69.9275365222432        6.121428    
   270.0000       69.9714238135105        6.121428    
   285.0000       70.1471521847790        6.121428    
   300.0000       70.3650323002809        6.121428    
   315.0000       70.0791153058052        6.121428    
   330.0000       69.2060809741857        6.121428    
   345.0000       68.1741895413214        6.121428    
  0.0000000E+00   67.1528735461433        6.121428    
 
  0.0000000E+00   68.4273781509039        6.242857    
   15.00000       67.1494836109519        6.242857    
   30.00000       65.8294084418547        6.242857    
   45.00000       64.7074514180814        6.242857    
   60.00000       64.1350716282247        6.242857    
   75.00000       64.1413356709067        6.242857    
   90.00000       64.6239166176553        6.242857    
   105.0000       65.4452698012364        6.242857    
   120.0000       66.3717042547587        6.242857    
   135.0000       67.3705748914476        6.242857    
   150.0000       68.2603675723987        6.242857    
   165.0000       69.0258507149402        6.242857    
   180.0000       69.7911664572134        6.242857    
   195.0000       70.5066993957039        6.242857    
   210.0000       70.9454325522748        6.242857    
   225.0000       71.1561100599577        6.242857    
   240.0000       71.2558830127860        6.242857    
   255.0000       71.2884576969987        6.242857    
   270.0000       71.3023861349097        6.242857    
   285.0000       71.4860735584726        6.242857    
   300.0000       71.7664279285336        6.242857    
   315.0000       71.6434528352666        6.242857    
   330.0000       70.7468226470459        6.242857    
   345.0000       69.6079896410549        6.242857    
  0.0000000E+00   68.4273781509039        6.242857    
 
  0.0000000E+00   69.9148702920386        6.364286    
   15.00000       68.5891693365735        6.364286    
   30.00000       67.2141790687486        6.364286    
   45.00000       65.9877340331228        6.364286    
   60.00000       65.3181371326251        6.364286    
   75.00000       65.2351353202551        6.364286    
   90.00000       65.6471130207489        6.364286    
   105.0000       66.4554691966587        6.364286    
   120.0000       67.4061108941792        6.364286    
   135.0000       68.4784398492153        6.364286    
   150.0000       69.4814665502855        6.364286    
   165.0000       70.3733572766346        6.364286    
   180.0000       71.3167896716892        6.364286    
   195.0000       72.1645655575233        6.364286    
   210.0000       72.5926503090953        6.364286    
   225.0000       72.6314116897202        6.364286    
   240.0000       72.5663421397172        6.364286    
   255.0000       72.4868808817282        6.364286    
   270.0000       72.4456453023003        6.364286    
   285.0000       72.5850793507376        6.364286    
   300.0000       72.8493735116134        6.364286    
   315.0000       72.8744418385310        6.364286    
   330.0000       72.1746309863095        6.364286    
   345.0000       71.0893505808085        6.364286    
  0.0000000E+00   69.9148702920386        6.364286    
 
  0.0000000E+00   71.2840956636661        6.485714    
   15.00000       70.0339386750275        6.485714    
   30.00000       68.7072239352386        6.485714    
   45.00000       67.4692606607092        6.485714    
   60.00000       66.7181160411849        6.485714    
   75.00000       66.5233884978709        6.485714    
   90.00000       66.8178230910980        6.485714    
   105.0000       67.5288067401269        6.485714    
   120.0000       68.4122132046827        6.485714    
   135.0000       69.4819556228045        6.485714    
   150.0000       70.5258408438462        6.485714    
   165.0000       71.4898306694324        6.485714    
   180.0000       72.5718269682468        6.485714    
   195.0000       73.4896863734165        6.485714    
   210.0000       73.8247075544399        6.485714    
   225.0000       73.7600590849019        6.485714    
   240.0000       73.5913895725055        6.485714    
   255.0000       73.4199422016418        6.485714    
   270.0000       73.3083928690621        6.485714    
   285.0000       73.3691802277849        6.485714    
   300.0000       73.5690034581332        6.485714    
   315.0000       73.6535075862470        6.485714    
   330.0000       73.2401313466174        6.485714    
   345.0000       72.3433389126891        6.485714    
  0.0000000E+00   71.2840956636661        6.485714    
 
  0.0000000E+00   72.3901161266269        6.607143    
   15.00000       71.3081885715059        6.607143    
   30.00000       70.1049810519295        6.607143    
   45.00000       68.9297028748093        6.607143    
   60.00000       68.1325091896904        6.607143    
   75.00000       67.8220177701831        6.607143    
   90.00000       67.9661101875459        6.607143    
   105.0000       68.5280032356815        6.607143    
   120.0000       69.2877582357528        6.607143    
   135.0000       70.2960546311078        6.607143    
   150.0000       71.3221466526734        6.607143    
   165.0000       72.3115258856604        6.607143    
   180.0000       73.4784688503145        6.607143    
   195.0000       74.3965674183266        6.607143    
   210.0000       74.6739882353877        6.607143    
   225.0000       74.5754905388246        6.607143    
   240.0000       74.3454636665061        6.607143    
   255.0000       74.0988179727768        6.607143    
   270.0000       73.9092863457190        6.607143    
   285.0000       73.8718186897481        6.607143    
   300.0000       73.9792468307696        6.607143    
   315.0000       74.0643617711859        6.607143    
   330.0000       73.8512428112167        6.607143    
   345.0000       73.2541569526152        6.607143    
  0.0000000E+00   72.3901161266269        6.607143    
 
  0.0000000E+00   73.1635035154389        6.728571    
   15.00000       72.3043933922987        6.728571    
   30.00000       71.2906763428810        6.728571    
   45.00000       70.2273614010956        6.728571    
   60.00000       69.4278956105767        6.728571    
   75.00000       69.0229770784515        6.728571    
   90.00000       69.0176282522512        6.728571    
   105.0000       69.4150740375776        6.728571    
   120.0000       70.0333480456300        6.728571    
   135.0000       70.9374604456401        6.728571    
   150.0000       71.9053326652836        6.728571    
   165.0000       72.8744406661845        6.728571    
   180.0000       74.0692260581266        6.728571    
   195.0000       74.9415905950708        6.728571    
   210.0000       75.2216383650570        6.728571    
   225.0000       75.1279385018857        6.728571    
   240.0000       74.8648754368932        6.728571    
   255.0000       74.5572174725326        6.728571    
   270.0000       74.2891852506373        6.728571    
   285.0000       74.1476252823765        6.728571    
   300.0000       74.1500155554905        6.728571    
   315.0000       74.1991633144708        6.728571    
   330.0000       74.0912987853793        6.728571    
   345.0000       73.7635446747589        6.728571    
  0.0000000E+00   73.1635035154389        6.728571    
 
  0.0000000E+00   73.5569941785258        6.850000    
   15.00000       72.9588295474579        6.850000    
   30.00000       72.1718786879112        6.850000    
   45.00000       71.2685273423654        6.850000    
   60.00000       70.5105537000284        6.850000    
   75.00000       70.0559018320405        6.850000    
   90.00000       69.9339396833624        6.850000    
   105.0000       70.1869984364792        6.850000    
   120.0000       70.6741552518024        6.850000    
   135.0000       71.4603108952600        6.850000    
   150.0000       72.3483992922206        6.850000    
   165.0000       73.2629825967156        6.850000    
   180.0000       74.4251612826580        6.850000    
   195.0000       75.2412815376424        6.850000    
   210.0000       75.5358485714703        6.850000    
   225.0000       75.4585363355725        6.850000    
   240.0000       75.1772415284248        6.850000    
   255.0000       74.8202189443283        6.850000    
   270.0000       74.4798290986940        6.850000    
   285.0000       74.2407798022537        6.850000    
   300.0000       74.1399830964491        6.850000    
   315.0000       74.1337454600168        6.850000    
   330.0000       74.0687562529868        6.850000    
   345.0000       73.8874647696403        6.850000    
  0.0000000E+00   73.5569941785258        6.850000    
 
  0.0000000E+00   73.5794895802965        6.971429    
   15.00000       73.2425588637212        6.971429    
   30.00000       72.7008624207092        6.971429    
   45.00000       71.9907256172358        6.971429    
   60.00000       71.3274191287595        6.971429    
   75.00000       70.8741060682463        6.971429    
   90.00000       70.6918031368050        6.971429    
   105.0000       70.8498830052294        6.971429    
   120.0000       71.2367174653158        6.971429    
   135.0000       71.9181754292720        6.971429    
   150.0000       72.7217249695868        6.971429    
   165.0000       73.5655971925016        6.971429    
   180.0000       74.6398039901971        6.971429    
   195.0000       75.3809702063758        6.971429    
   210.0000       75.6681146464754        6.971429    
   225.0000       75.5941990920813        6.971429    
   240.0000       75.2953570367376        6.971429    
   255.0000       74.8972207225926        6.971429    
   270.0000       74.4959333737831        6.971429    
   285.0000       74.1763610202917        6.971429    
   300.0000       73.9882798418111        6.971429    
   315.0000       73.9241986654757        6.971429    
   330.0000       73.8665175096930        6.971429    
   345.0000       73.7577000308846        6.971429    
  0.0000000E+00   73.5794895802965        6.971429    
 
  0.0000000E+00   73.3741757129977        7.092857    
   15.00000       73.1889346821716        7.092857    
   30.00000       72.8797311625091        7.092857    
   45.00000       72.3812335161735        7.092857    
   60.00000       71.8563271038835        7.092857    
   75.00000       71.4647996249140        7.092857    
   90.00000       71.2861093441379        7.092857    
   105.0000       71.4054457523471        7.092857    
   120.0000       71.7380468656348        7.092857    
   135.0000       72.3451720601101        7.092857    
   150.0000       73.0719456552590        7.092857    
   165.0000       73.8401982666167        7.092857    
   180.0000       74.7812871288545        7.092857    
   195.0000       75.4130422878681        7.092857    
   210.0000       75.6505031515414        7.092857    
   225.0000       75.5496233387065        7.092857    
   240.0000       75.2226086328094        7.092857    
   255.0000       74.7882931262180        7.092857    
   270.0000       74.3415193204943        7.092857    
   285.0000       73.9661849067471        7.092857    
   300.0000       73.7181366622663        7.092857    
   315.0000       73.6092730110905        7.092857    
   330.0000       73.5450152749733        7.092857    
   345.0000       73.4698287475678        7.092857    
  0.0000000E+00   73.3741757129977        7.092857    
 
  0.0000000E+00   73.0390850167908        7.214286    
   15.00000       72.9427234854027        7.214286    
   30.00000       72.7779070065574        7.214286    
   45.00000       72.4747893263415        7.214286    
   60.00000       72.1231496244774        7.214286    
   75.00000       71.8429086785929        7.214286    
   90.00000       71.7280143594147        7.214286    
   105.0000       71.8635482161896        7.214286    
   120.0000       72.1880728307301        7.214286    
   135.0000       72.7531834028923        7.214286    
   150.0000       73.4122775165794        7.214286    
   165.0000       74.0980372142950        7.214286    
   180.0000       74.8687666725691        7.214286    
   195.0000       75.3529231222019        7.214286    
   210.0000       75.4948284250956        7.214286    
   225.0000       75.3325469906985        7.214286    
   240.0000       74.9635654545021        7.214286    
   255.0000       74.4977601102470        7.214286    
   270.0000       74.0243633113419        7.214286    
   285.0000       73.6228624057652        7.214286    
   300.0000       73.3484799512563        7.214286    
   315.0000       73.2178882099556        7.214286    
   330.0000       73.1483278985465        7.214286    
   345.0000       73.0899408077629        7.214286    
  0.0000000E+00   73.0390850167908        7.214286    
 
  0.0000000E+00   72.6435261123179        7.335714    
   15.00000       72.6036844332190        7.335714    
   30.00000       72.5313298324231        7.335714    
   45.00000       72.3633715596468        7.335714    
   60.00000       72.1834977075869        7.335714    
   75.00000       72.0564950189378        7.335714    
   90.00000       72.0490038755736        7.335714    
   105.0000       72.2425910058024        7.335714    
   120.0000       72.5921868100218        7.335714    
   135.0000       73.1355550209613        7.335714    
   150.0000       73.7255952531323        7.335714    
   165.0000       74.3096821149048        7.335714    
   180.0000       74.8797684764638        7.335714    
   195.0000       75.1888650055440        7.335714    
   210.0000       75.2014222961691        7.335714    
   225.0000       74.9533913835878        7.335714    
   240.0000       74.5353058174474        7.335714    
   255.0000       74.0467690055032        7.335714    
   270.0000       73.5686778250679        7.335714    
   285.0000       73.1717637294233        7.335714    
   300.0000       72.9040659269305        7.335714    
   315.0000       72.7749553932400        7.335714    
   330.0000       72.7090813335261        7.335714    
   345.0000       72.6649517551350        7.335714    
  0.0000000E+00   72.6435261123179        7.335714    
 
  0.0000000E+00   72.2348796526610        7.457143    
   15.00000       72.2367311290623        7.457143    
   30.00000       72.2297624112990        7.457143    
   45.00000       72.1639775259554        7.457143    
   60.00000       72.1253291235707        7.457143    
   75.00000       72.1594947685817        7.457143    
   90.00000       72.2897357710986        7.457143    
   105.0000       72.5635779802004        7.457143    
   120.0000       72.9505392764268        7.457143    
   135.0000       73.4694423214076        7.457143    
   150.0000       73.9756538047370        7.457143    
   165.0000       74.4272053182998        7.457143    
   180.0000       74.7838816527682        7.457143    
   195.0000       74.9059937832175        7.457143    
   210.0000       74.7760907812003        7.457143    
   225.0000       74.4359650599548        7.457143    
   240.0000       73.9734608639855        7.457143    
   255.0000       73.4764858694353        7.457143    
   270.0000       73.0152243794540        7.457143    
   285.0000       72.6509359760063        7.457143    
   300.0000       72.4174835536746        7.457143    
   315.0000       72.3103353748343        7.457143    
   330.0000       72.2582655171670        7.457143    
   345.0000       72.2316577831664        7.457143    
  0.0000000E+00   72.2348796526610        7.457143    
 
  0.0000000E+00   71.8455050269808        7.578571    
   15.00000       71.8832403955920        7.578571    
   30.00000       71.9291463238045        7.578571    
   45.00000       71.9497852888113        7.578571    
   60.00000       72.0335549431992        7.578571    
   75.00000       72.2077953799241        7.578571    
   90.00000       72.4770746972683        7.578571    
   105.0000       72.8339926705190        7.578571    
   120.0000       73.2506452426013        7.578571    
   135.0000       73.7259938663283        7.578571    
   150.0000       74.1243137049365        7.578571    
   165.0000       74.4129014281474        7.578571    
   180.0000       74.5663042803386        7.578571    
   195.0000       74.5078692928879        7.578571    
   210.0000       74.2426897281740        7.578571    
   225.0000       73.8204077896139        7.578571    
   240.0000       73.3270197499353        7.578571    
   255.0000       72.8397132105901        7.578571    
   270.0000       72.4168283588933        7.578571    
   285.0000       72.1067450480120        7.578571    
   300.0000       71.9256489785860        7.578571    
   315.0000       71.8531111368370        7.578571    
   330.0000       71.8226209095819        7.578571    
   345.0000       71.8179320567623        7.578571    
  0.0000000E+00   71.8455050269808        7.578571    
 
  0.0000000E+00   71.4971305192567        7.700000    
   15.00000       71.5688158644011        7.700000    
   30.00000       71.6624091705390        7.700000    
   45.00000       71.7615961477340        7.700000    
   60.00000       71.9533729374625        7.700000    
   75.00000       72.2449942854508        7.700000    
   90.00000       72.6253982742015        7.700000    
   105.0000       73.0499526481004        7.700000    
   120.0000       73.4759744666921        7.700000    
   135.0000       73.8820108169712        7.700000    
   150.0000       74.1486397584298        7.700000    
   165.0000       74.2695214040327        7.700000    
   180.0000       74.2392359574096        7.700000    
   195.0000       74.0205189009806        7.700000    
   210.0000       73.6408233613762        7.700000    
   225.0000       73.1565800612431        7.700000    
   240.0000       72.6513645077126        7.700000    
   255.0000       72.1910895076948        7.700000    
   270.0000       71.8230035385618        7.700000    
   285.0000       71.5803026643681        7.700000    
   300.0000       71.4601760635307        7.700000    
   315.0000       71.4278204844544        7.700000    
   330.0000       71.4237227030964        7.700000    
   345.0000       71.4443471796781        7.700000    
  0.0000000E+00   71.4971305192567        7.700000    
 
  0.0000000E+00   71.2042241922679        7.821429    
   15.00000       71.3089945251274        7.821429    
   30.00000       71.4476424685796        7.821429    
   45.00000       71.6191278222148        7.821429    
   60.00000       71.9038929788170        7.821429    
   75.00000       72.2888295059608        7.821429    
   90.00000       72.7474917870535        7.821429    
   105.0000       73.2068898783128        7.821429    
   120.0000       73.6154296240213        7.821429    
   135.0000       73.9298888119264        7.821429    
   150.0000       74.0634941944695        7.821429    
   165.0000       74.0281303762011        7.821429    
   180.0000       73.8384980643702        7.821429    
   195.0000       73.4865827687120        7.821429    
   210.0000       73.0182892517623        7.821429    
   225.0000       72.4943914340076        7.821429    
   240.0000       71.9950562666483        7.821429    
   255.0000       71.5751917932151        7.821429    
   270.0000       71.2718444939382        7.821429    
   285.0000       71.1018830527954        7.821429    
   300.0000       71.0442104790330        7.821429    
   315.0000       71.0530476602972        7.821429    
   330.0000       71.0778868999391        7.821429    
   345.0000       71.1256659665596        7.821429    
  0.0000000E+00   71.2042241922679        7.821429    
 
  0.0000000E+00   70.9770372200756        7.942857    
   15.00000       71.1137529077371        7.942857    
   30.00000       71.2947421783200        7.942857    
   45.00000       71.5309604602344        7.942857    
   60.00000       71.8918366459316        7.942857    
   75.00000       72.3455845115010        7.942857    
   90.00000       72.8517616985089        7.942857    
   105.0000       73.3164098544181        7.942857    
   120.0000       73.6838975247749        7.942857    
   135.0000       73.8983005621082        7.942857    
   150.0000       73.9050720631640        7.942857    
   165.0000       73.7303569652647        7.942857    
   180.0000       73.4076518454497        7.942857    
   195.0000       72.9504650539003        7.942857    
   210.0000       72.4185831769185        7.942857    
   225.0000       71.8746748943528        7.942857    
   240.0000       71.3947878575893        7.942857    
   255.0000       71.0236959977279        7.942857    
   270.0000       70.7891473802455        7.942857    
   285.0000       70.6915784811859        7.942857    
   300.0000       70.6937253079033        7.942857    
   315.0000       70.7425773876026        7.942857    
   330.0000       70.7974515369373        7.942857    
   345.0000       70.8728559102193        7.942857    
  0.0000000E+00   70.9770372200756        7.942857    
 
  0.0000000E+00   70.8240895273356        8.064285    
   15.00000       70.9908806758503        8.064285    
   30.00000       71.2104399530470        8.064285    
   45.00000       71.5020163613510        8.064285    
   60.00000       71.9212031763334        8.064285    
   75.00000       72.4206098084348        8.064285    
   90.00000       72.9481615431323        8.064285    
   105.0000       73.3958199270550        8.064285    
   120.0000       73.7073600665608        8.064285    
   135.0000       73.8214608275685        8.064285    
   150.0000       73.7127293842844        8.064285    
   165.0000       73.4181135618897        8.064285    
   180.0000       72.9876057440475        8.064285    
   195.0000       72.4503974909154        8.064285    
   210.0000       71.8761567393020        8.064285    
   225.0000       71.3275339030299        8.064285    
   240.0000       70.8761718962637        8.064285    
   255.0000       70.5578607417508        8.064285    
   270.0000       70.3919205937138        8.064285    
   285.0000       70.3630547059968        8.064285    
   300.0000       70.4206233374586        8.064285    
   315.0000       70.5075592621573        8.064285    
   330.0000       70.5926443238119        8.064285    
   345.0000       70.6951396719242        8.064285    
  0.0000000E+00   70.8240895273356        8.064285    
 
  0.0000000E+00   70.7538091704522        8.185715    
   15.00000       70.9480797492111        8.185715    
   30.00000       71.2013701341353        8.185715    
   45.00000       71.5378014564850        8.185715    
   60.00000       71.9980062435969        8.185715    
   75.00000       72.5226863813483        8.185715    
   90.00000       73.0509116864659        8.185715    
   105.0000       73.4664084239490        8.185715    
   120.0000       73.7145632498601        8.185715    
   135.0000       73.7337021437014        8.185715    
   150.0000       73.5232385547913        8.185715    
   165.0000       73.1281802291793        8.185715    
   180.0000       72.6124304441041        8.185715    
   195.0000       72.0164970305626        8.185715    
   210.0000       71.4167932179256        8.185715    
   225.0000       70.8746193324249        8.185715    
   240.0000       70.4572512644250        8.185715    
   255.0000       70.1926716126565        8.185715    
   270.0000       70.0925898268170        8.185715    
   285.0000       70.1271985229612        8.185715    
   300.0000       70.2353781309340        8.185715    
   315.0000       70.3583089265130        8.185715    
   330.0000       70.4731224288153        8.185715    
   345.0000       70.6014974913078        8.185715    
  0.0000000E+00   70.7538091704522        8.185715    
 
  0.0000000E+00   70.7754648859637        8.307143    
   15.00000       70.9940626025946        8.307143    
   30.00000       71.2755370848244        8.307143    
   45.00000       71.6460715747780        8.307143    
   60.00000       72.1315552060740        8.307143    
   75.00000       72.6644993228711        8.307143    
   90.00000       73.1778482518604        8.307143    
   105.0000       73.5517019572590        8.307143    
   120.0000       73.7343242406815        8.307143    
   135.0000       73.6668003728107        8.307143    
   150.0000       73.3687890100199        8.307143    
   165.0000       72.8913006737483        8.307143    
   180.0000       72.3096451289557        8.307143    
   195.0000       71.6723859362356        8.307143    
   210.0000       71.0603267358300        8.307143    
   225.0000       70.5325395717003        8.307143    
   240.0000       70.1521519147498        8.307143    
   255.0000       69.9403965831847        8.307143    
   270.0000       69.9021288074073        8.307143    
   285.0000       69.9945296021623        8.307143    
   300.0000       70.1486785869311        8.307143    
   315.0000       70.3054946959243        8.307143    
   330.0000       70.4490228234530        8.307143    
   345.0000       70.6016101840378        8.307143    
  0.0000000E+00   70.7754648859637        8.307143    
 
  0.0000000E+00   70.8994649988939        8.428572    
   15.00000       71.1388594881244        8.428572    
   30.00000       71.4426449718543        8.428572    
   45.00000       71.8369456845117        8.428572    
   60.00000       72.3340227296747        8.428572    
   75.00000       72.8615708413961        8.428572    
   90.00000       73.3488408171540        8.428572    
   105.0000       73.6757443557086        8.428572    
   120.0000       73.7940466506505        8.428572    
   135.0000       73.6493111386481        8.428572    
   150.0000       73.2772476571515        8.428572    
   165.0000       72.7333562402672        8.428572    
   180.0000       72.1020834945070        8.428572    
   195.0000       71.4375942018996        8.428572    
   210.0000       70.8233316381784        8.428572    
   225.0000       70.3155707016183        8.428572    
   240.0000       69.9735812459748        8.428572    
   255.0000       69.8127317102441        8.428572    
   270.0000       69.8317186580427        8.428572    
   285.0000       69.9763090847117        8.428572    
   300.0000       70.1721066032589        8.428572    
   315.0000       70.3606373012317        8.428572    
   330.0000       70.5314025323574        8.428572    
   345.0000       70.7062047246808        8.428572    
  0.0000000E+00   70.8994649988939        8.428572    
 
  0.0000000E+00   71.1376438418449        8.550000    
   15.00000       71.3940688430300        8.550000    
   30.00000       71.7142564782828        8.550000    
   45.00000       72.1227830637425        8.550000    
   60.00000       72.6199203536575        8.550000    
   75.00000       73.1314173999428        8.550000    
   90.00000       73.5848657267608        8.550000    
   105.0000       73.8624411082885        8.550000    
   120.0000       73.9196297851416        8.550000    
   135.0000       73.7072742309921        8.550000    
   150.0000       73.2735293786259        8.550000    
   165.0000       72.6772606804601        8.550000    
   180.0000       72.0100605434744        8.550000    
   195.0000       71.3298171712955        8.550000    
   210.0000       70.7213040804022        8.550000    
   225.0000       70.2376293750022        8.550000    
   240.0000       69.9345025236754        8.550000    
   255.0000       69.8221385492144        8.550000    
   270.0000       69.8937153456176        8.550000    
   285.0000       70.0851736091167        8.550000    
   300.0000       70.3185838818362        8.550000    
   315.0000       70.5365193834769        8.550000    
   330.0000       70.7326249141111        8.550000    
   345.0000       70.9273780390357        8.550000    
  0.0000000E+00   71.1376438418449        8.550000    
 
  0.0000000E+00   71.5035552789916        8.671429    
   15.00000       71.7731105072895        8.671429    
   30.00000       72.1039449775254        8.671429    
   45.00000       72.5181272007396        8.671429    
   60.00000       73.0058253816560        8.671429    
   75.00000       73.4931731759957        8.671429    
   90.00000       73.9077340881906        8.671429    
   105.0000       74.1356269325506        8.671429    
   120.0000       74.1360383278077        8.671429    
   135.0000       73.8653188739385        8.671429    
   150.0000       73.3810753002267        8.671429    
   165.0000       72.7446736761002        8.671429    
   180.0000       72.0531325072839        8.671429    
   195.0000       71.3665983792038        8.671429    
   210.0000       70.7701775339834        8.671429    
   225.0000       70.3135694750330        8.671429    
   240.0000       70.0491917719178        8.671429    
   255.0000       69.9826635491513        8.671429    
   270.0000       70.1022363910632        8.671429    
   285.0000       70.3355447531342        8.671429    
   300.0000       70.6027152706462        8.671429    
   315.0000       70.8475383517422        8.671429    
   330.0000       71.0667035932701        8.671429    
   345.0000       71.2789108179661        8.671429    
  0.0000000E+00   71.5035552789916        8.671429    
 
  0.0000000E+00   72.0128527343448        8.792857    
   15.00000       72.2915760193436        8.792857    
   30.00000       72.6275694177109        8.792857    
   45.00000       73.0398509988431        8.792857    
   60.00000       73.5104321427503        8.792857    
   75.00000       73.9676471094330        8.792857    
   90.00000       74.3403026293414        8.792857    
   105.0000       74.5195609492565        8.792857    
   120.0000       74.4681544774032        8.792857    
   135.0000       74.1478307410930        8.792857    
   150.0000       73.6232018946756        8.792857    
   165.0000       72.9574363723772        8.792857    
   180.0000       72.2514938255761        8.792857    
   195.0000       71.5666146546370        8.792857    
   210.0000       70.9874539927302        8.792857    
   225.0000       70.5601454872098        8.792857    
   240.0000       70.3340427636754        8.792857    
   255.0000       70.3105930276442        8.792857    
   270.0000       70.4736783962057        8.792857    
   285.0000       70.7440577300823        8.792857    
   300.0000       71.0411982522915        8.792857    
   315.0000       71.3101273135963        8.792857    
   330.0000       71.5497114433579        8.792857    
   345.0000       71.7766581847339        8.792857    
  0.0000000E+00   72.0128527343448        8.792857    
 
  0.0000000E+00   72.6838871689554        8.914286    
   15.00000       72.9678049253755        8.914286    
   30.00000       73.3037991538787        8.914286    
   45.00000       73.7076096988060        8.914286    
   60.00000       74.1549789042591        8.914286    
   75.00000       74.5778023422384        8.914286    
   90.00000       74.9071004928853        8.914286    
   105.0000       75.0397655793452        8.914286    
   120.0000       74.9418542660360        8.914286    
   135.0000       74.5802088249971        8.914286    
   150.0000       74.0244471714362        8.914286    
   165.0000       73.3389411679529        8.914286    
   180.0000       72.6272910944274        8.914286    
   195.0000       71.9508774393150        8.914286    
   210.0000       71.3932728042483        8.914286    
   225.0000       70.9969412373406        8.914286    
   240.0000       70.8083629497441        8.914286    
   255.0000       70.8252046179698        8.914286    
   270.0000       71.0274156532278        8.914286    
   285.0000       71.3302045836723        8.914286    
   300.0000       71.6534549277735        8.914286    
   315.0000       71.9433879287752        8.914286    
   330.0000       72.2003978858315        8.914286    
   345.0000       72.4391546840003        8.914286    
  0.0000000E+00   72.6838871689554        8.914286    
 
  0.0000000E+00   73.5384552537832        9.035714    
   15.00000       73.8236129836267        9.035714    
   30.00000       74.1548032606295        9.035714    
   45.00000       74.5444891764115        9.035714    
   60.00000       74.9639037712738        9.035714    
   75.00000       75.3494784284875        9.035714    
   90.00000       75.6351808061426        9.035714    
   105.0000       75.7240386879844        9.035714    
   120.0000       75.5851849816372        9.035714    
   135.0000       75.1901558355651        9.035714    
   150.0000       74.6119153671701        9.035714    
   165.0000       73.9154842841541        9.035714    
   180.0000       73.2059325009866        9.035714    
   195.0000       72.5439968206601        9.035714    
   210.0000       72.0116215495677        9.035714    
   225.0000       71.6475341611488        9.035714    
   240.0000       71.4954683294251        9.035714    
   255.0000       71.5496334264345        9.035714    
   270.0000       71.7866076375951        9.035714    
   285.0000       72.1171522662284        9.035714    
   300.0000       72.4624324313379        9.035714    
   315.0000       72.7698793311176        9.035714    
   330.0000       73.0409577971009        9.035714    
   345.0000       73.2883710971462        9.035714    
  0.0000000E+00   73.5384552537832        9.035714    
 
  0.0000000E+00   74.6028998831685        9.157143    
   15.00000       74.8853708941603        9.157143    
   30.00000       75.2072994197726        9.157143    
   45.00000       75.5780347923668        9.157143    
   60.00000       75.9658987543621        9.157143    
   75.00000       76.3125168680046        9.157143    
   90.00000       76.5553596273419        9.157143    
   105.0000       76.6038211864397        9.157143    
   120.0000       76.4298608438119        9.157143    
   135.0000       76.0092638753630        9.157143    
   150.0000       75.4169144083712        9.157143    
   165.0000       74.7179249269221        9.157143    
   180.0000       74.0177460329945        9.157143    
   195.0000       73.3757994629978        9.157143    
   210.0000       72.8719004410015        9.157143    
   225.0000       72.5410038181880        9.157143    
   240.0000       72.4241603405457        9.157143    
   255.0000       72.5124132978948        9.157143    
   270.0000       72.7795185818250        9.157143    
   285.0000       73.1329650812540        9.157143    
   300.0000       73.4957932746034        9.157143    
   315.0000       73.8167812575570        9.157143    
   330.0000       74.0981651941386        9.157143    
   345.0000       74.3508299921788        9.157143    
  0.0000000E+00   74.6028998831685        9.157143    
 
  0.0000000E+00   75.9089325644038        9.278572    
   15.00000       76.1848064709645        9.278572    
   30.00000       76.4933380030748        9.278572    
   45.00000       76.8410360205795        9.278572    
   60.00000       77.1947365571629        9.278572    
   75.00000       77.5016645805050        9.278572    
   90.00000       77.7032249889122        9.278572    
   105.0000       77.7153188150120        9.278572    
   120.0000       77.5124962447684        9.278572    
   135.0000       77.0743328714495        9.278572    
   150.0000       76.4763351101451        9.278572    
   165.0000       75.7831210200828        9.278572    
   180.0000       75.0994367920861        9.278572    
   195.0000       74.4827963365263        9.278572    
   210.0000       74.0103862908914        9.278572    
   225.0000       73.7133786411570        9.278572    
   240.0000       73.6301275812555        9.278572    
   255.0000       73.7487821807948        9.278572    
   270.0000       74.0407844409891        9.278572    
   285.0000       74.4116219271737        9.278572    
   300.0000       74.7868771660605        9.278572    
   315.0000       75.1168075827746        9.278572    
   330.0000       75.4042438275659        9.278572    
   345.0000       75.6584491778287        9.278572    
  0.0000000E+00   75.9089325644038        9.278572    
 
  0.0000000E+00   77.4965562026284        9.400000    
   15.00000       77.7618891644983        9.400000    
   30.00000       78.0531542515982        9.400000    
   45.00000       78.3743701030181        9.400000    
   60.00000       78.6921490612147        9.400000    
   75.00000       78.9595252711748        9.400000    
   90.00000       79.1221911154730        9.400000    
   105.0000       79.1026805625685        9.400000    
   120.0000       78.8779247977094        9.400000    
   135.0000       78.4308286787434        9.400000    
   150.0000       77.8362385507924        9.400000    
   165.0000       77.1575967447822        9.400000    
   180.0000       76.4977771415455        9.400000    
   195.0000       75.9118346807153        9.400000    
   210.0000       75.4737833621595        9.400000    
   225.0000       75.2110366842161        9.400000    
   240.0000       75.1591709662314        9.400000    
   255.0000       75.3037624395648        9.400000    
   270.0000       75.6144955745920        9.400000    
   285.0000       75.9962551915730        9.400000    
   300.0000       76.3778434733017        9.400000    
   315.0000       76.7112722068154        9.400000    
   330.0000       76.9998711801073        9.400000    
   345.0000       77.2515031668218        9.400000    
  0.0000000E+00   77.4965562026284        9.400000    
 
  0.0000000E+00   79.4168152136505        9.521429    
   15.00000       79.6675338443931        9.521429    
   30.00000       79.9378409443921        9.521429    
   45.00000       80.2296913200828        9.521429    
   60.00000       80.5106056526661        9.521429    
   75.00000       80.7394123397733        9.521429    
   90.00000       80.8664571065539        9.521429    
   105.0000       80.8210879270790        9.521429    
   120.0000       80.5824536184749        9.521429    
   135.0000       80.1363354623922        9.521429    
   150.0000       79.5555062402025        9.521429    
   165.0000       78.9013768253311        9.521429    
   180.0000       78.2735795148789        9.521429    
   195.0000       77.7241615429136        9.521429    
   210.0000       77.3233180297769        9.521429    
   225.0000       77.0947781927784        9.521429    
   240.0000       77.0711858990556        9.521429    
   255.0000       77.2359778804674        9.521429    
   270.0000       77.5577415537064        9.521429    
   285.0000       77.9424119417555        9.521429    
   300.0000       78.3227775299303        9.521429    
   315.0000       78.6530722620126        9.521429    
   330.0000       78.9370639697845        9.521429    
   345.0000       79.1814359797794        9.521429    
  0.0000000E+00   79.4168152136505        9.521429    
 
  0.0000000E+00   81.7361975710003        9.642858    
   15.00000       81.9679477786852        9.642858    
   30.00000       82.2136706489952        9.642858    
   45.00000       82.4737159363568        9.642858    
   60.00000       82.7175378927609        9.642858    
   75.00000       82.9096849076352        9.642858    
   90.00000       83.0055200625641        9.642858    
   105.0000       82.9415161282712        9.642858    
   120.0000       82.6989321845245        9.642858    
   135.0000       82.2659276503293        9.642858    
   150.0000       81.7115439854118        9.642858    
   165.0000       81.0939942788236        9.642858    
   180.0000       80.5079248371046        9.642858    
   195.0000       80.0017768806448        9.642858    
   210.0000       79.6410988200364        9.642858    
   225.0000       79.4460890468632        9.642858    
   240.0000       79.4462227303163        9.642858    
   255.0000       79.6234333017943        9.642858    
   270.0000       79.9460641726674        9.642858    
   285.0000       80.3232039580615        9.642858    
   300.0000       80.6925807470413        9.642858    
   315.0000       81.0113809849150        9.642858    
   330.0000       81.2837262716565        9.642858    
   345.0000       81.5153248307904        9.642858    
  0.0000000E+00   81.7361975710003        9.642858    
 
  0.0000000E+00   84.5427266598890        9.764286    
   15.00000       84.7505866884255        9.764286    
   30.00000       84.9679466433848        9.764286    
   45.00000       85.1941243827288        9.764286    
   60.00000       85.4014520162762        9.764286    
   75.00000       85.5600217406026        9.764286    
   90.00000       85.6306642359084        9.764286    
   105.0000       85.5575286520582        9.764286    
   120.0000       85.3239621636725        9.764286    
   135.0000       84.9199686551243        9.764286    
   150.0000       84.4086375349324        9.764286    
   165.0000       83.8433852639169        9.764286    
   180.0000       83.3114536058674        9.764286    
   195.0000       82.8569572595150        9.764286    
   210.0000       82.5396636073206        9.764286    
   225.0000       82.3765251928362        9.764286    
   240.0000       82.3935183312127        9.764286    
   255.0000       82.5720661093119        9.764286    
   270.0000       82.8814600607994        9.764286    
   285.0000       83.2367982640308        9.764286    
   300.0000       83.5820228607741        9.764286    
   315.0000       83.8783653311982        9.764286    
   330.0000       84.1301096588176        9.764286    
   345.0000       84.3421463136196        9.764286    
  0.0000000E+00   84.5427266598890        9.764286    
 
  0.0000000E+00   87.9556524143625        9.885715    
   15.00000       88.1337128985561        9.885715    
   30.00000       88.3185209422601        9.885715    
   45.00000       88.5090764561032        9.885715    
   60.00000       88.6815311655494        9.885715    
   75.00000       88.8112476825349        9.885715    
   90.00000       88.8651526259007        9.885715    
   105.0000       88.7960178982711        9.885715    
   120.0000       88.5893957943978        9.885715    
   135.0000       88.2365297534302        9.885715    
   150.0000       87.7914341075673        9.885715    
   165.0000       87.3003287944135        9.885715    
   180.0000       86.8395233528375        9.885715    
   195.0000       86.4478397892482        9.885715    
   210.0000       86.1776097197583        9.885715    
   225.0000       86.0430514191251        9.885715    
   240.0000       86.0662043560314        9.885715    
   255.0000       86.2295982395571        9.885715    
   270.0000       86.5052569113348        9.885715    
   285.0000       86.8183942232471        9.885715    
   300.0000       87.1209609122343        9.885715    
   315.0000       87.3798251997895        9.885715    
   330.0000       87.5990233386570        9.885715    
   345.0000       87.7826902826377        9.885715    
  0.0000000E+00   87.9556524143625        9.885715    
 
  0.0000000E+00   92.1408975649410        10.00714    
   15.00000       92.2815432761724        10.00714    
   30.00000       92.4287625308428        10.00714    
   45.00000       92.5821837048518        10.00714    
   60.00000       92.7228181521388        10.00714    
   75.00000       92.8309133694040        10.00714    
   90.00000       92.8804410966093        10.00714    
   105.0000       92.8343930709045        10.00714    
   120.0000       92.6808911046105        10.00714    
   135.0000       92.4117053416370        10.00714    
   150.0000       92.0671380791356        10.00714    
   165.0000       91.6824830077173        10.00714    
   180.0000       91.3176376917476        10.00714    
   195.0000       91.0046559076685        10.00714    
   210.0000       90.7859037566427        10.00714    
   225.0000       90.6737819566313        10.00714    
   240.0000       90.6858374633653        10.00714    
   255.0000       90.8084445724219        10.00714    
   270.0000       91.0191959786503        10.00714    
   285.0000       91.2596408012664        10.00714    
   300.0000       91.4923692078830        10.00714    
   315.0000       91.6922258345266        10.00714    
   330.0000       91.8621423013172        10.00714    
   345.0000       92.0053836882037        10.00714    
  0.0000000E+00   92.1408975649410        10.00714    
 
  0.0000000E+00   97.3367813031784        10.12857    
   15.00000       97.4294413169853        10.12857    
   30.00000       97.5324474472516        10.12857    
   45.00000       97.6474036245520        10.12857    
   60.00000       97.7614845753561        10.12857    
   75.00000       97.8592874734472        10.12857    
   90.00000       97.9233446247870        10.12857    
   105.0000       97.9295793639958        10.12857    
   120.0000       97.8695142419028        10.12857    
   135.0000       97.7346046353728        10.12857    
   150.0000       97.5442268335943        10.12857    
   165.0000       97.3166916441668        10.12857    
   180.0000       97.0864678713344        10.12857    
   195.0000       96.8763806073429        10.12857    
   210.0000       96.7146848097179        10.12857    
   225.0000       96.6136375807592        10.12857    
   240.0000       96.5856419529890        10.12857    
   255.0000       96.6257605243103        10.12857    
   270.0000       96.7219381339106        10.12857    
   285.0000       96.8419671740261        10.12857    
   300.0000       96.9630696910229        10.12857    
   315.0000       97.0715197638487        10.12857    
   330.0000       97.1674333517777        10.12857    
   345.0000       97.2527649943915        10.12857    
  0.0000000E+00   97.3367813031784        10.12857    
 
  0.0000000E+00   103.898905657471        10.25000    
   15.00000       103.927761270577        10.25000    
   30.00000       103.977008743945        10.25000    
   45.00000       104.052302071387        10.25000    
   60.00000       104.148830080383        10.25000    
   75.00000       104.254786022040        10.25000    
   90.00000       104.363809993714        10.25000    
   105.0000       104.469477436395        10.25000    
   120.0000       104.568510822375        10.25000    
   135.0000       104.651153632837        10.25000    
   150.0000       104.704107802130        10.25000    
   165.0000       104.718361951961        10.25000    
   180.0000       104.687153818691        10.25000    
   195.0000       104.619530942947        10.25000    
   210.0000       104.522339255085        10.25000    
   225.0000       104.410852562652        10.25000    
   240.0000       104.291724269470        10.25000    
   255.0000       104.177759642489        10.25000    
   270.0000       104.075863919330        10.25000    
   285.0000       103.996748988962        10.25000    
   300.0000       103.938541696171        10.25000    
   315.0000       103.904111641072        10.25000    
   330.0000       103.887355818811        10.25000    
   345.0000       103.887823323457        10.25000    
  0.0000000E+00   103.898905657471        10.25000    
 
