  0.0000000E+00   67.6709253750517     
   15.00000       66.9905848797254     
   30.00000       66.3711660621204     
   45.00000       65.8077488594461     
   60.00000       65.3883024402309     
   75.00000       65.1755154513592     
   90.00000       65.2011033571122     
   105.0000       65.4185683588048     
   120.0000       65.7620791860766     
   135.0000       66.1415814314176     
   150.0000       66.5377051759414     
   165.0000       66.9277114825105     
   180.0000       67.2597015433967     
   195.0000       67.6437988154478     
   210.0000       68.1328967279870     
   225.0000       68.5731581166345     
   240.0000       69.0572192013736     
   255.0000       69.6153066919824     
   270.0000       69.7502684280815     
   285.0000       69.8113272326262     
   300.0000       69.8153982555918     
   315.0000       69.6747551021996     
   330.0000       69.2016911445493     
   345.0000       68.4616241363939     
   360.0000       67.6709253750517     
   360.0000       68.4349489472525     
   375.0000       67.3282602925144     
   390.0000       66.3390822242486     
   405.0000       65.4099496540871     
   420.0000       64.6770710126405     
   435.0000       64.2923733464576     
   450.0000       64.2866783417970     
   465.0000       64.6008843848309     
   480.0000       65.1309530170764     
   495.0000       65.7338676545541     
   510.0000       66.4033620029291     
   525.0000       67.0724093020970     
   540.0000       67.6324400275917     
   555.0000       68.3287485639546     
   570.0000       69.1457554757461     
   585.0000       69.8302791817294     
   600.0000       70.4680916427972     
   615.0000       70.9864806094194     
   630.0000       71.1625588559314     
   645.0000       71.2601052181015     
   660.0000       71.3571722224131     
   675.0000       71.3394608099224     
   690.0000       70.7539778511523     
   705.0000       69.6418002151242     
   720.0000       68.4349489472525     
   720.0000       70.0815344065917     
   735.0000       68.7776011818265     
   750.0000       67.5895317780413     
   765.0000       66.4599090095168     
   780.0000       65.5169762237979     
   795.0000       65.0076128215726     
   810.0000       64.9390638000794     
   825.0000       65.2621669504579     
   840.0000       65.8531291518998     
   855.0000       66.5704020315640     
   870.0000       67.4045296233319     
   885.0000       68.2359510565280     
   900.0000       68.9683611254228     
   915.0000       69.8965955026242     
   930.0000       70.9264273251561     
   945.0000       71.6926149400932     
   960.0000       72.2273739685504     
   975.0000       72.5478356014344     
   990.0000       72.6937497572145     
   1005.000       72.7979629225764     
   1020.000       72.9393087743521     
   1035.000       73.0482351059029     
   1050.000       72.6246872300825     
   1065.000       71.4376589264270     
   1080.000       70.0815344065917     
   1080.000       71.7842848390341     
   1095.000       70.4542914910280     
   1110.000       69.1915061178685     
   1125.000       67.9895384185825     
   1140.000       66.9372858373567     
   1155.000       66.3174498532914     
   1170.000       66.1628355968327     
   1185.000       66.4287637503559     
   1200.000       67.0059195763752     
   1215.000       67.7463685764379     
   1230.000       68.6460213934405     
   1245.000       69.5685441493920     
   1260.000       70.4137913655395     
   1275.000       71.5079834838740     
   1290.000       72.6543186507662     
   1305.000       73.3625547531914     
   1320.000       73.6773938939671     
   1335.000       73.8552664647341     
   1350.000       73.9433880712532     
   1365.000       74.0283021952744     
   1380.000       74.1698940015083     
   1395.000       74.3215556528914     
   1410.000       74.1303617532047     
   1425.000       73.1064780850504     
   1440.000       71.7842848390341     
   1440.000       73.2532316985426     
   1455.000       72.0131416933492     
   1470.000       70.7858615055333     
   1485.000       69.5913792075527     
   1500.000       68.5080586993229     
   1515.000       67.8094667288272     
   1530.000       67.5537185477627     
   1545.000       67.7177269436192     
   1560.000       68.2157314745178     
   1575.000       68.9061885254872     
   1590.000       69.7980210885022     
   1605.000       70.7530324986465     
   1620.000       71.6560799160807     
   1635.000       72.8618416049144     
   1650.000       74.0224080242372     
   1665.000       74.5693996160312     
   1680.000       74.7590522684667     
   1695.000       74.8346036649680     
   1710.000       74.8574561432001     
   1725.000       74.9019469487951     
   1740.000       75.0108360023444     
   1755.000       75.1535722843395     
   1770.000       75.0954080822580     
   1785.000       74.3998921098438     
   1800.000       73.2532316985426     
   1800.000       74.3708762207451     
   1815.000       73.3035544495469     
   1830.000       72.1961894452871     
   1845.000       71.0745944044761     
   1860.000       70.0195997024048     
   1875.000       69.2744645517620     
   1890.000       68.9182348689175     
   1905.000       68.9588556167134     
   1920.000       69.3393497034828     
   1935.000       69.9323585117622     
   1950.000       70.7714976837434     
   1965.000       71.7032702788978     
   1980.000       72.6235827525287     
   1995.000       73.8720353326824     
   2010.000       74.9487792347026     
   2025.000       75.3943721606163     
   2040.000       75.5171367966034     
   2055.000       75.5201597666201     
   2070.000       75.4781395303638     
   2085.000       75.4667066039108     
   2100.000       75.5199883742866     
   2115.000       75.6222199623817     
   2130.000       75.6249439828135     
   2145.000       75.2284042066357     
   2160.000       74.3708762207451     
   2160.000       75.0807564335789     
   2175.000       74.2539736093007     
   2190.000       73.3196161289851     
   2205.000       72.3303928244570     
   2220.000       71.3454656720638     
   2235.000       70.5928872530553     
   2250.000       70.1561554413143     
   2265.000       70.0776780583913     
   2280.000       70.3309396909524     
   2295.000       70.8100542276579     
   2310.000       71.5664925502771     
   2325.000       72.4371527216533     
   2340.000       73.3395364987470     
   2355.000       74.5631277375435     
   2370.000       75.5167515156421     
   2385.000       75.9224887954394     
   2400.000       76.0139025955750     
   2415.000       75.9658855452729     
   2430.000       75.8627928909058     
   2445.000       75.7865624777863     
   2460.000       75.7707820604650     
   2475.000       75.8136638392196     
   2490.000       75.8304443030113     
   2505.000       75.6094358591938     
   2520.000       75.0807564335789     
   2520.000       75.3578233375389     
   2535.000       74.8171508069724     
   2550.000       74.0956712721270     
   2565.000       73.2778290481856     
   2580.000       72.4091976190785     
   2595.000       71.6836805350245     
   2610.000       71.2045407450199     
   2625.000       71.0359243106862     
   2640.000       71.1805506570563     
   2655.000       71.5585778688508     
   2670.000       72.2209021816118     
   2685.000       73.0144477283808     
   2700.000       73.8720897859165     
   2715.000       75.0100400327509     
   2730.000       75.8442908700130     
   2745.000       76.2270938400339     
   2760.000       76.3013745877696     
   2775.000       76.2151399735677     
   2790.000       76.0566702920677     
   2805.000       75.9139582679959     
   2820.000       75.8251094579514     
   2835.000       75.8007252440690     
   2850.000       75.8013589402642     
   2865.000       75.6707350350595     
   2880.000       75.3578233375389     
   2880.000       75.3167308472674     
   2895.000       74.9790933053405     
   2910.000       74.4985261087333     
   2925.000       73.8748864160205     
   2940.000       73.1569695567933     
   2955.000       72.5050587512057     
   2970.000       72.0319669369156     
   2985.000       71.8195177174889     
   3000.000       71.8938654132090     
   3015.000       72.1966958530216     
   3030.000       72.7759042891250     
   3045.000       73.4939171381913     
   3060.000       74.2919413258986     
   3075.000       75.2952946009841     
   3090.000       76.0139285264966     
   3105.000       76.3625771409712     
   3120.000       76.4143902070474     
   3135.000       76.2931183285605     
   3150.000       76.0852753718499     
   3165.000       75.8812780144593     
   3180.000       75.7247009800301     
   3195.000       75.6361626729225     
   3210.000       75.6053387264840     
   3225.000       75.5123425445239     
   3240.000       75.3167308472674     
   3240.000       75.0696045898646     
   3255.000       74.8473239326616     
   3270.000       74.5395862568559     
   3285.000       74.1268259828653     
   3300.000       73.5798657368780     
   3315.000       73.0408981911701     
   3330.000       72.6247741230639     
   3345.000       72.4219833671318     
   3360.000       72.4743586792355     
   3375.000       72.7398388869252     
   3390.000       73.2607330297702     
   3405.000       73.9140248878505     
   3420.000       74.6427593250659     
   3435.000       75.4787985816706     
   3450.000       76.0745624893409     
   3465.000       76.3614729561465     
   3480.000       76.3715182209129     
   3495.000       76.2103824532712     
   3510.000       75.9587673285473     
   3525.000       75.7045366442404     
   3540.000       75.4939710446722     
   3555.000       75.3544999104820     
   3570.000       75.2907595368429     
   3585.000       75.2068371119400     
   3600.000       75.0696045898646     
   3600.000       74.6961869070625     
   3615.000       74.5382691326352     
   3630.000       74.3355847230585     
   3645.000       74.0724039436223     
   3660.000       73.7136626947470     
   3675.000       73.3182144443543     
   3690.000       73.0011093642967     
   3705.000       72.8581349425992     
   3720.000       72.9352902613677     
   3735.000       73.2006577003785     
   3750.000       73.6914042466046     
   3765.000       74.2869013357957     
   3780.000       74.9301203770215     
   3795.000       75.5854862020692     
   3810.000       76.0416474686015     
   3825.000       76.2353565050262     
   3840.000       76.1806471576029     
   3855.000       75.9726340136993     
   3870.000       75.6838498115032     
   3885.000       75.3950158959195     
   3900.000       75.1505005152110     
   3915.000       74.9802937454332     
   3930.000       74.8922844368288     
   3945.000       74.8063130604410     
   3960.000       74.6961869070625     
   3960.000       74.2510432750632     
   3975.000       74.1322028771929     
   3990.000       73.9988667606323     
   4005.000       73.8373547116840     
   4020.000       73.6188498393728     
   4035.000       73.3912132935601     
   4050.000       73.2088965412629     
   4065.000       73.1622744903976     
   4080.000       73.2987293794605     
   4095.000       73.5928354312892     
   4110.000       74.0658450661684     
   4125.000       74.5992577713133     
   4140.000       75.1300200744161     
   4155.000       75.6051665482855     
   4170.000       75.9071693634519     
   4185.000       75.9843158689374     
   4200.000       75.8493531653397     
   4215.000       75.5926002027652     
   4230.000       75.2766390484924     
   4245.000       74.9719640720041     
   4260.000       74.7165070562519     
   4275.000       74.5376787827524     
   4290.000       74.4379413015203     
   4305.000       74.3473456621600     
   4320.000       74.2510432750632     
   4320.000       73.7773907116684     
   4335.000       73.6875598419841     
   4350.000       73.6063671913449     
   4365.000       73.5210354706106     
   4380.000       73.4128139230043     
   4395.000       73.3272386454342     
   4410.000       73.3009145737987     
   4425.000       73.3753434079882     
   4440.000       73.5899200386917     
   4455.000       73.9197731789183     
   4470.000       74.3695367685003     
   4485.000       74.8217043955077     
   4500.000       75.2131240672397     
   4515.000       75.5172580946115     
   4530.000       75.6603604902936     
   4545.000       75.6127667179451     
   4560.000       75.3959177744741     
   4575.000       75.0975450079868     
   4590.000       74.7684302843231     
   4605.000       74.4670444925247     
   4620.000       74.2211032683083     
   4635.000       74.0529358394452     
   4650.000       73.9535298375357     
   4665.000       73.8627635705370     
   4680.000       73.7773907116684     
   4680.000       73.3087227125088     
   4695.000       73.2457783378547     
   4710.000       73.2096073508360     
   4725.000       73.1883372131548     
   4740.000       73.1754851657045     
   4755.000       73.2141473723548     
   4770.000       73.3273625662677     
   4785.000       73.5264431324407     
   4800.000       73.8207506368938     
   4815.000       74.1756384879171     
   4830.000       74.5814962346994     
   4845.000       74.9247491092268     
   4860.000       75.1738129795147     
   4875.000       75.3143885558177     
   4890.000       75.3060165544240     
   4905.000       75.1409408586111     
   4920.000       74.8531084731021     
   4935.000       74.5262599784902     
   4950.000       74.2002241813230     
   4965.000       73.9199894789272     
   4980.000       73.7011137378183     
   4995.000       73.5569938472643     
   5010.000       73.4664692563631     
   5025.000       73.3811493432055     
   5040.000       73.3087227125088     
   5040.000       72.8709454336371     
   5055.000       72.8357970012471     
   5070.000       72.8419081264130     
   5085.000       72.8791776965793     
   5100.000       72.9535209694790     
   5115.000       73.1030563799914     
   5130.000       73.3362039343517     
   5145.000       73.6381541905253     
   5160.000       73.9927162546012     
   5175.000       74.3498987681042     
   5190.000       74.6886519209987     
   5205.000       74.9155966100847     
   5220.000       75.0232031372581     
   5235.000       75.0118873708656     
   5250.000       74.8679391217439     
   5265.000       74.6032541610478     
   5280.000       74.2629758514610     
   5295.000       73.9247226438435     
   5310.000       73.6168315635164     
   5325.000       73.3714587565758     
   5340.000       73.1910715290565     
   5355.000       73.0781589957945     
   5370.000       73.0016183467770     
   5385.000       72.9269501343781     
   5400.000       72.8709454336371     
   5400.000       72.4835057040596     
   5415.000       72.4773302074707     
   5430.000       72.5240604484969     
   5445.000       72.6164828768962     
   5460.000       72.7712238597711     
   5475.000       73.0182726223640     
   5490.000       73.3502557364919     
   5505.000       73.7288090301320     
   5520.000       74.1168203283869     
   5535.000       74.4518952719501     
   5550.000       74.7085604337691     
   5565.000       74.8161063472450     
   5580.000       74.7893115224982     
   5595.000       74.6429098893671     
   5610.000       74.3846893452179     
   5625.000       74.0423732444094     
   5640.000       73.6691913661044     
   5655.000       73.3347825437169     
   5670.000       73.0565683976537     
   5685.000       72.8547964981375     
   5700.000       72.7186360239283     
   5715.000       72.6394335987109     
   5730.000       72.5797462457644     
   5745.000       72.5199913287650     
   5760.000       72.4835057040596     
   5760.000       72.1609486349271     
   5775.000       72.1840360694376     
   5790.000       72.2693118335084     
   5805.000       72.4132991052552     
   5820.000       72.6405541387982     
   5835.000       72.9703900063747     
   5850.000       73.3796256094589     
   5865.000       73.8093547084996     
   5880.000       74.2063440628155     
   5895.000       74.4998227482639     
   5910.000       74.6663124953839     
   5925.000       74.6578709731513     
   5940.000       74.5091130104355     
   5955.000       74.2471778567209     
   5970.000       73.8970323829400     
   5985.000       73.4982211209947     
   6000.000       73.1088596838938     
   6015.000       72.7896815938394     
   6030.000       72.5485171506702     
   6045.000       72.3946575032319     
   6060.000       72.3043198843586     
   6075.000       72.2586857770784     
   6090.000       72.2175938427400     
   6105.000       72.1759294164608     
   6120.000       72.1609486349271     
   6120.000       71.9148138149783     
   6135.000       71.9663977031978     
   6150.000       72.0873701901651     
   6165.000       72.2783595293401     
   6180.000       72.5687702117573     
   6195.000       72.9658380117635     
   6210.000       73.4317310034514     
   6225.000       73.8904482677575     
   6240.000       74.2770769461202     
   6255.000       74.5164805759902     
   6270.000       74.5916761602779     
   6285.000       74.4757510286367     
   6300.000       74.2203182814556     
   6315.000       73.8625034600433     
   6330.000       73.4409635751644     
   6345.000       73.0035424747600     
   6360.000       72.6106891203704     
   6375.000       72.3141864820723     
   6390.000       72.1138948607590     
   6405.000       72.0090216992095     
   6420.000       71.9636020690371     
   6435.000       71.9502431142171     
   6450.000       71.9289373585921     
   6465.000       71.9074786770017     
   6480.000       71.9148138149783     
   6480.000       71.7553545389961     
   6495.000       71.8338459690263     
   6510.000       71.9870336865476     
   6525.000       72.2195751190718     
   6540.000       72.5628813600545     
   6555.000       73.0118520797502     
   6570.000       73.5159525886589     
   6585.000       73.9856367567343     
   6600.000       74.3481199574521     
   6615.000       74.5272674864315     
   6630.000       74.5150573162500     
   6645.000       74.3029217014958     
   6660.000       73.9566748538009     
   6675.000       73.5210764717930     
   6690.000       73.0456995250042     
   6705.000       72.5838444449863     
   6720.000       72.1965076477244     
   6735.000       71.9270375441287     
   6750.000       71.7689184637984     
   6765.000       71.7120510297105     
   6780.000       71.7093577829547     
   6795.000       71.7266205089334     
   6810.000       71.7259186619744     
   6825.000       71.7258360294701     
   6840.000       71.7553545389961     
   6840.000       71.6928124165580     
   6855.000       71.7960948939563     
   6870.000       71.9776444127479     
   6885.000       72.2457639357533     
   6900.000       72.6315323008236     
   6915.000       73.1181409024891     
   6930.000       73.6446572975212     
   6945.000       74.1113497191103     
   6960.000       74.4406562307038     
   6975.000       74.5579686147295     
   6990.000       74.4651226483774     
   7005.000       74.1689670082288     
   7020.000       73.7469773699713     
   7035.000       73.2495007865021     
   7050.000       72.7348175343776     
   7065.000       72.2594821634094     
   7080.000       71.8838811409711     
   7095.000       71.6437062966450     
   7110.000       71.5274649055990     
   7125.000       71.5164492074046     
   7140.000       71.5537224098553     
   7155.000       71.5998905182884     
   7170.000       71.6202427475565     
   7185.000       71.6419133864687     
   7200.000       71.6928124165580     
   7200.000       71.7380441388883     
   7215.000       71.8636872589775     
   7230.000       72.0695805637029     
   7245.000       72.3671232270901     
   7260.000       72.7852891703523     
   7275.000       73.2967685322161     
   7290.000       73.8325838759077     
   7305.000       74.2858212169522     
   7320.000       74.5765593351392     
   7335.000       74.6334555074105     
   7350.000       74.4680778804286     
   7365.000       74.0999202182033     
   7380.000       73.6158940105078     
   7395.000       73.0702474329225     
   7410.000       72.5281829040290     
   7425.000       72.0478281206562     
   7440.000       71.6882466252897     
   7455.000       71.4783172391920     
   7470.000       71.4027210765386     
   7485.000       71.4347885713678     
   7500.000       71.5090635112442     
   7515.000       71.5824155778599     
   7530.000       71.6238758365078     
   7545.000       71.6670276609783     
   7560.000       71.7380441388883     
   7560.000       71.9030288922914     
   7575.000       72.0484145294682     
   7590.000       72.2745953215224     
   7605.000       72.5954575269210     
   7620.000       73.0366302827331     
   7635.000       73.5618381328229     
   7650.000       74.0962734192760     
   7665.000       74.5284265351218     
   7680.000       74.7778529042888     
   7695.000       74.7775775582812     
   7710.000       74.5481830538303     
   7725.000       74.1193642415031     
   7740.000       73.5855359646484     
   7755.000       73.0034934703222     
   7770.000       72.4438882285518     
   7785.000       71.9651402001556     
   7800.000       71.6245670246984     
   7815.000       71.4450393087215     
   7830.000       71.4083233725992     
   7845.000       71.4804053095830     
   7860.000       71.5886670303021     
   7875.000       71.6874447954926     
   7890.000       71.7496545831272     
   7905.000       71.8134834155883     
   7920.000       71.9030288922914     
   7920.000       72.2012789760981     
   7935.000       72.3636640366186     
   7950.000       72.6061012786572     
   7965.000       72.9443646834407     
   7980.000       73.3999575432864     
   7995.000       73.9293205282771     
   8010.000       74.4538060996970     
   8025.000       74.8594839170120     
   8040.000       75.0667487229127     
   8055.000       75.0136151404866     
   8070.000       74.7286565083896     
   8085.000       74.2496852487340     
   8100.000       73.6769366442083     
   8115.000       73.0686762953962     
   8130.000       72.4997572971119     
   8145.000       72.0279142397571     
   8160.000       71.7084764356783     
   8175.000       71.5590250628115     
   8190.000       71.5591173994184     
   8205.000       71.6680036856087     
   8220.000       71.8072337809401     
   8235.000       71.9295900283422     
   8250.000       72.0117801855105     
   8265.000       72.0950396179372     
   8280.000       72.2012789760981     
   8280.000       72.6482718788857     
   8295.000       72.8248153928830     
   8310.000       73.0795298713009     
   8325.000       73.4295263587445     
   8340.000       73.8917790312759     
   8355.000       74.4171491336196     
   8370.000       74.9248863989944     
   8385.000       75.3004453420079     
   8400.000       75.4660519400008     
   8415.000       75.3649880200263     
   8430.000       75.0326631674491     
   8445.000       74.5132524612430     
   8460.000       73.9113265126873     
   8475.000       73.2857652009945     
   8490.000       72.7145380148692     
   8505.000       72.2539437874025     
   8520.000       71.9571867288574     
   8535.000       71.8371790966655     
   8550.000       71.8718094904225     
   8565.000       72.0142072948043     
   8580.000       72.1813691234537     
   8595.000       72.3253114737540     
   8610.000       72.4263113255664     
   8625.000       72.5273773132762     
   8640.000       72.6482718788857     
   8640.000       73.2620668966984     
   8655.000       73.4498378429348     
   8670.000       73.7129083806228     
   8685.000       74.0692410416795     
   8700.000       74.5311771759753     
   8715.000       75.0456477390309     
   8730.000       75.5312921439605     
   8745.000       75.8744471791059     
   8760.000       75.9998828214944     
   8775.000       75.8561878530108     
   8790.000       75.4844175113566     
   8805.000       74.9336261449324     
   8820.000       74.3113816752951     
   8835.000       73.6764877815998     
   8850.000       73.1090582269010     
   8865.000       72.6633765737946     
   8880.000       72.3904397382558     
   8895.000       72.2990179498509     
   8910.000       72.3657451518591     
   8925.000       72.5382674029291     
   8940.000       72.7302504526478     
   8955.000       72.8935815760429     
   8970.000       73.0118256646938     
   8985.000       73.1287387342345     
   9000.000       73.2620668966984     
   9000.000       74.0640569528035     
   9015.000       74.2600272215434     
   9030.000       74.5275789609535     
   9045.000       74.8851073676089     
   9060.000       75.3404494736556     
   9075.000       75.8381549995581     
   9090.000       76.2975312433540     
   9105.000       76.6070552752724     
   9120.000       76.6945549800913     
   9135.000       76.5138078176538     
   9150.000       76.1103301346954     
   9165.000       75.5367758648071     
   9180.000       74.9024660705269     
   9195.000       74.2655561686788     
   9210.000       73.7073952348059     
   9225.000       73.2798105431308     
   9240.000       73.0315429402605     
   9255.000       72.9676375074350     
   9270.000       73.0638107025285     
   9285.000       73.2629063870967     
   9300.000       73.4764358424602     
   9315.000       73.6566846266230     
   9330.000       73.7902093733689     
   9345.000       73.9206959706733     
   9360.000       74.0640569528035     
   9360.000       75.0800643788382     
   9375.000       75.2810843382041     
   9390.000       75.5492570116566     
   9405.000       75.9030496670064     
   9420.000       76.3461018260798     
   9435.000       76.8220123025017     
   9450.000       77.2518632017163     
   9465.000       77.5273637999153     
   9480.000       77.5797857314790     
   9495.000       77.3678759768904     
   9510.000       76.9404378826930     
   9525.000       76.3525773909545     
   9540.000       75.7141602034190     
   9555.000       75.0821927118499     
   9570.000       74.5383841189809     
   9585.000       74.1317615306595     
   9600.000       73.9087637591620     
   9615.000       73.8710522534934     
   9630.000       73.9937095581968     
   9645.000       74.2155351153259     
   9660.000       74.4470416154231     
   9675.000       74.6413743925131     
   9690.000       74.7877951139167     
   9705.000       74.9292647175115     
   9720.000       75.0800643788382     
   9720.000       76.3411468136876     
   9735.000       76.5439010454756     
   9750.000       76.8087974129172     
   9765.000       77.1540571763025     
   9780.000       77.5795678972061     
   9795.000       78.0292874294808     
   9810.000       78.4270591353605     
   9825.000       78.6688256186328     
   9840.000       78.6896241288267     
   9855.000       78.4528909935527     
   9870.000       78.0095318501346     
   9885.000       77.4160144715723     
   9900.000       76.7815082454623     
   9915.000       76.1614092169185     
   9930.000       75.6369011136154     
   9945.000       75.2539246001440     
   9960.000       75.0565179458037     
   9975.000       75.0433150284687     
   9990.000       75.1890118073481     
   10005.00       75.4292336586344     
   10020.00       75.6746699418439     
   10035.00       75.8797655337929     
   10050.00       76.0362205347762     
   10065.00       76.1857318769372     
   10080.00       76.3411468136876     
   10080.00       77.8865024779925     
   10095.00       78.0874261356836     
   10110.00       78.3450164977213     
   10125.00       78.6769531199707     
   10140.00       79.0799339816349     
   10155.00       79.4994813687760     
   10170.00       79.8631271028304     
   10185.00       80.0720419076801     
   10200.00       80.0653491691990     
   10215.00       79.8108589798718     
   10230.00       79.3603360985278     
   10245.00       78.7704905743369     
   10260.00       78.1484337108840     
   10275.00       77.5474806168784     
   10290.00       77.0473353129432     
   10305.00       76.6906146396579     
   10320.00       76.5188062655347     
   10335.00       76.5278818064036     
   10350.00       76.6924147905543     
   10365.00       76.9459097686600     
   10380.00       77.2004880232609     
   10395.00       77.4123580161517     
   10410.00       77.5754081837090     
   10425.00       77.7295947814171     
   10440.00       77.8865024779925     
   10440.00       79.7661859910884     
   10455.00       79.9613252182656     
   10470.00       80.2072945596841     
   10485.00       80.5209338358707     
   10500.00       80.8964274826802     
   10515.00       81.2820089024697     
   10530.00       81.6098378323015     
   10545.00       81.7873438715295     
   10560.00       81.7581568321231     
   10575.00       81.4941395918539     
   10590.00       81.0465497110499     
   10605.00       80.4710681178650     
   10620.00       79.8711441171095     
   10635.00       79.2974776772227     
   10650.00       78.8271935566828     
   10665.00       78.4993794375034     
   10680.00       78.3527463119908     
   10695.00       78.3810298155257     
   10710.00       78.5590125383830     
   10725.00       78.8194181290100     
   10740.00       79.0772230943283     
   10755.00       79.2909395495615     
   10770.00       79.4563949244945     
   10785.00       79.6113283109930     
   10800.00       79.7661859910884     
   10800.00       82.0454299274242     
   10815.00       82.2302221173026     
   10830.00       82.4597403451318     
   10845.00       82.7496573449658     
   10860.00       83.0924381372502     
   10875.00       83.4401253272301     
   10890.00       83.7305492855375     
   10905.00       83.8787209765024     
   10920.00       83.8333052936205     
   10935.00       83.5698861375590     
   10950.00       83.1375689878440     
   10965.00       82.5895123549931     
   10980.00       82.0234525895991     
   10995.00       81.4868040967180     
   11010.00       81.0527531345895     
   11025.00       80.7566695925084     
   11040.00       80.6341531089124     
   11055.00       80.6772666755259     
   11070.00       80.8614725676859     
   11085.00       81.1205025218430     
   11100.00       81.3739089103970     
   11115.00       81.5831859162918     
   11130.00       81.7458209834395     
   11145.00       81.8967818047543     
   11160.00       82.0454299274242     
   11160.00       84.8106925133278     
   11175.00       84.9796013208660     
   11190.00       85.1869269189320     
   11205.00       85.4467831954765     
   11220.00       85.7508933416859     
   11235.00       86.0562688512665     
   11250.00       86.3076551167825     
   11265.00       86.4293664268197     
   11280.00       86.3758907444345     
   11295.00       86.1262066635586     
   11310.00       85.7252051613860     
   11325.00       85.2215396251525     
   11340.00       84.7045036232456     
   11355.00       84.2173021690133     
   11370.00       83.8273789066064     
   11385.00       83.5661960445388     
   11400.00       83.4657492842687     
   11415.00       83.5172483397942     
   11430.00       83.6975564198756     
   11445.00       83.9439139979639     
   11460.00       84.1826651813273     
   11475.00       84.3791870520881     
   11490.00       84.5322655344778     
   11505.00       84.6733587273208     
   11520.00       84.8106925133278     
   11520.00       88.1791757865900     
   11535.00       88.3250757681966     
   11550.00       88.5029439238865     
   11565.00       88.7248309776855     
   11580.00       88.9829553609272     
   11595.00       89.2405929294772     
   11610.00       89.4510394551425     
   11625.00       89.5502960651937     
   11640.00       89.4998891513894     
   11655.00       89.2818900484641     
   11670.00       88.9342412420079     
   11685.00       88.4983396621675     
   11700.00       88.0511488418703     
   11715.00       87.6302906562756     
   11730.00       87.2949414455015     
   11745.00       87.0724249757578     
   11760.00       86.9904034491042     
   11775.00       87.0405081551860     
   11790.00       87.2021615635822     
   11805.00       87.4197632345341     
   11820.00       87.6294731681753     
   11835.00       87.8017945600517     
   11850.00       87.9362658507858     
   11865.00       88.0597655078139     
   11880.00       88.1791757865900     
   11880.00       92.3139435899220     
   11895.00       92.4271259119370     
   11910.00       92.5657486835540     
   11925.00       92.7390946664259     
   11940.00       92.9415446624927     
   11955.00       93.1442181073913     
   11970.00       93.3112508715923     
   11985.00       93.3937917010392     
   12000.00       93.3623235874822     
   12015.00       93.2017791175450     
   12030.00       92.9393521872468     
   12045.00       92.6051872647917     
   12060.00       92.2581118989380     
   12075.00       91.9280095899712     
   12090.00       91.6619755559668     
   12105.00       91.4828716560230     
   12120.00       91.4129351156708     
   12135.00       91.4463057672556     
   12150.00       91.5668938915088     
   12165.00       91.7318221837605     
   12180.00       91.8914219284177     
   12195.00       92.0230903226171     
   12210.00       92.1262329556485     
   12225.00       92.2214890218278     
   12240.00       92.3139435899220     
   12240.00       97.4491343383109     
   12255.00       97.5155517983102     
   12270.00       97.6008734146664     
   12285.00       97.7105768721078     
   12300.00       97.8435941617322     
   12315.00       97.9809809605367     
   12330.00       98.1010972399892     
   12345.00       98.1754746556487     
   12360.00       98.1866557333941     
   12375.00       98.1223860916731     
   12390.00       97.9936147575740     
   12405.00       97.8131957526925     
   12420.00       97.6127233677481     
   12435.00       97.4107620758442     
   12450.00       97.2361974084145     
   12465.00       97.1068982707793     
   12480.00       97.0379711622098     
   12495.00       97.0296437304248     
   12510.00       97.0736506362216     
   12525.00       97.1487157671277     
   12540.00       97.2259403919975     
   12555.00       97.2921967363026     
   12570.00       97.3452235774783     
   12585.00       97.3967199352569     
   12600.00       97.4491343383109     
   12600.00       103.933848861778     
   12615.00       103.931892877441     
   12630.00       103.942411533762     
   12645.00       103.965474481562     
   12660.00       104.008194984580     
   12675.00       104.064601318071     
   12690.00       104.132512959710     
   12705.00       104.212097289829     
   12720.00       104.303137299670     
   12735.00       104.396623545194     
   12750.00       104.479034202645     
   12765.00       104.536452214680     
   12780.00       104.558241513817     
   12795.00       104.545321618728     
   12810.00       104.497822436399     
   12825.00       104.427584928208     
   12840.00       104.339784560325     
   12855.00       104.247205201262     
   12870.00       104.155466492438     
   12885.00       104.079821991272     
   12900.00       104.022687756049     
   12915.00       103.984286346955     
   12930.00       103.957871811968     
   12945.00       103.941621978508     
   12960.00       103.933848861778     
