  0.0000000E+00   4228.64455160092        6.000000    
   15.00000       4123.41150058158        6.000000    
   30.00000       4079.81701694341        6.000000    
   45.00000       4037.66964262241        6.000000    
   60.00000       4033.00240100994        6.000000    
   75.00000       4092.63365258003        6.000000    
   90.00000       4144.23438926051        6.000000    
   105.0000       4144.32895619206        6.000000    
   120.0000       4073.77449851208        6.000000    
   135.0000       3962.10372137757        6.000000    
   150.0000       3890.85126464602        6.000000    
   165.0000       3960.49736542310        6.000000    
   180.0000       4147.41266841452        6.000000    
   195.0000       4532.81765466677        6.000000    
   210.0000       5200.04843435710        6.000000    
   225.0000       5982.38583269609        6.000000    
   240.0000       6604.13399800750        6.000000    
   255.0000       6822.57515569859        6.000000    
   270.0000       6754.71516417581        6.000000    
   285.0000       6437.67102120617        6.000000    
   300.0000       5960.99340031502        6.000000    
   315.0000       5488.62314314996        6.000000    
   330.0000       4994.03277421630        6.000000    
   345.0000       4515.64514700396        6.000000    
  0.0000000E+00   4228.64455160092        6.000000    
 
  0.0000000E+00   4121.58047795853        6.121428    
   15.00000       4013.49046496177        6.121428    
   30.00000       3959.59349044490        6.121428    
   45.00000       3908.95037020349        6.121428    
   60.00000       3898.49136144420        6.121428    
   75.00000       3949.26585163587        6.121428    
   90.00000       3991.44199355361        6.121428    
   105.0000       3986.43808148236        6.121428    
   120.0000       3917.76984749621        6.121428    
   135.0000       3815.74278992060        6.121428    
   150.0000       3758.88780120378        6.121428    
   165.0000       3838.35327571791        6.121428    
   180.0000       4032.04005701910        6.121428    
   195.0000       4419.54235728524        6.121428    
   210.0000       5069.51911031463        6.121428    
   225.0000       5804.47959974555        6.121428    
   240.0000       6346.68328920347        6.121428    
   255.0000       6525.29548295127        6.121428    
   270.0000       6455.76259801628        6.121428    
   285.0000       6165.96147607676        6.121428    
   300.0000       5753.42057112363        6.121428    
   315.0000       5331.60383655970        6.121428    
   330.0000       4858.16787914792        6.121428    
   345.0000       4397.24297274047        6.121428    
  0.0000000E+00   4121.58047795853        6.121428    
 
  0.0000000E+00   4069.26194167230        6.242857    
   15.00000       3968.60624270951        6.242857    
   30.00000       3910.69160458915        6.242857    
   45.00000       3859.26042499649        6.242857    
   60.00000       3848.69162658048        6.242857    
   75.00000       3892.60373176039        6.242857    
   90.00000       3922.98135110318        6.242857    
   105.0000       3908.74586717236        6.242857    
   120.0000       3839.00200687329        6.242857    
   135.0000       3747.87398478103        6.242857    
   150.0000       3710.84527739586        6.242857    
   165.0000       3806.28894295316        6.242857    
   180.0000       4014.06320551001        6.242857    
   195.0000       4406.88982487902        6.242857    
   210.0000       5025.83501366791        6.242857    
   225.0000       5669.46196806585        6.242857    
   240.0000       6086.24836255675        6.242857    
   255.0000       6208.78373404682        6.242857    
   270.0000       6126.26198147137        6.242857    
   285.0000       5861.00789896815        6.242857    
   300.0000       5519.95965794531        6.242857    
   315.0000       5168.37903954013        6.242857    
   330.0000       4740.29836220180        6.242857    
   345.0000       4317.00130424794        6.242857    
  0.0000000E+00   4069.26194167230        6.242857    
 
  0.0000000E+00   4019.13859885683        6.364286    
   15.00000       3931.91960075279        6.364286    
   30.00000       3876.24968118973        6.364286    
   45.00000       3828.27607969794        6.364286    
   60.00000       3820.45407176604        6.364286    
   75.00000       3856.49600741462        6.364286    
   90.00000       3872.27516557036        6.364286    
   105.0000       3846.38052245611        6.364286    
   120.0000       3775.12628657170        6.364286    
   135.0000       3697.35014858252        6.364286    
   150.0000       3683.54454980416        6.364286    
   165.0000       3797.17253440897        6.364286    
   180.0000       4018.46185406093        6.364286    
   195.0000       4407.98027542285        6.364286    
   210.0000       4970.21263819573        6.364286    
   225.0000       5489.51239719710        6.364286    
   240.0000       5777.81578451111        6.364286    
   255.0000       5845.21822142028        6.364286    
   270.0000       5748.24551728736        6.364286    
   285.0000       5510.33536388777        6.364286    
   300.0000       5234.68843113137        6.364286    
   315.0000       4953.94605622844        6.364286    
   330.0000       4593.48608323181        6.364286    
   345.0000       4227.13653509877        6.364286    
  0.0000000E+00   4019.13859885683        6.364286    
 
  0.0000000E+00   3949.86285706668        6.485714    
   15.00000       3879.44389806909        6.485714    
   30.00000       3829.31418223310        6.485714    
   45.00000       3788.74443635071        6.485714    
   60.00000       3783.93930358684        6.485714    
   75.00000       3809.46201017511        6.485714    
   90.00000       3808.91482591612        6.485714    
   105.0000       3771.13866529786        6.485714    
   120.0000       3700.12146795369        6.485714    
   135.0000       3638.31976921592        6.485714    
   150.0000       3648.29503124835        6.485714    
   165.0000       3777.29377678211        6.485714    
   180.0000       4004.98161481751        6.485714    
   195.0000       4377.06551601230        6.485714    
   210.0000       4856.23309534306        6.485714    
   225.0000       5239.76592526572        6.485714    
   240.0000       5422.02461737169        6.485714    
   255.0000       5442.52501498595        6.485714    
   270.0000       5335.87926889869        6.485714    
   285.0000       5128.91589470350        6.485714    
   300.0000       4911.38312281928        6.485714    
   315.0000       4693.41918840161        6.485714    
   330.0000       4407.97704670825        6.485714    
   345.0000       4111.92757557165        6.485714    
  0.0000000E+00   3949.86285706668        6.485714    
 
  0.0000000E+00   3853.40003329687        6.607143    
   15.00000       3800.87674972175        6.607143    
   30.00000       3758.86230968240        6.607143    
   45.00000       3726.19734967012        6.607143    
   60.00000       3723.20643704839        6.607143    
   75.00000       3737.16580760132        6.607143    
   90.00000       3720.58314209519        6.607143    
   105.0000       3672.60519493216        6.607143    
   120.0000       3603.94786344796        6.607143    
   135.0000       3558.78891079740        6.607143    
   150.0000       3589.93556358905        6.607143    
   165.0000       3728.73215213973        6.607143    
   180.0000       3953.67534889120        6.607143    
   195.0000       4289.33394764781        6.607143    
   210.0000       4670.67969636406        6.607143    
   225.0000       4930.00004633892        6.607143    
   240.0000       5033.11766934536        6.607143    
   255.0000       5018.57182837694        6.607143    
   270.0000       4909.64965022154        6.607143    
   285.0000       4735.86928376855        6.607143    
   300.0000       4569.01497318160        6.607143    
   315.0000       4403.59977418336        6.607143    
   330.0000       4188.58861887769        6.607143    
   345.0000       3968.92326470191        6.607143    
  0.0000000E+00   3853.40003329687        6.607143    
 
  0.0000000E+00   3727.51193674718        6.728571    
   15.00000       3693.01602097548        6.728571    
   30.00000       3660.29905456157        6.728571    
   45.00000       3635.54768931272        6.728571    
   60.00000       3632.52919069954        6.728571    
   75.00000       3633.70233167304        6.728571    
   90.00000       3602.85992573944        6.728571    
   105.0000       3547.61926075700        6.728571    
   120.0000       3483.98586878875        6.728571    
   135.0000       3455.22914480462        6.728571    
   150.0000       3502.58424404406        6.728571    
   165.0000       3644.02382659364        6.728571    
   180.0000       3853.67809005549        6.728571    
   195.0000       4137.74768753735        6.728571    
   210.0000       4420.80051504614        6.728571    
   225.0000       4581.99105310653        6.728571    
   240.0000       4628.77799966338        6.728571    
   255.0000       4591.38094809828        6.728571    
   270.0000       4487.45983015158        6.728571    
   285.0000       4347.00348981621        6.728571    
   300.0000       4223.38275177993        6.728571    
   315.0000       4101.83371392896        6.728571    
   330.0000       3948.51073421279        6.728571    
   345.0000       3799.65043825120        6.728571    
  0.0000000E+00   3727.51193674718        6.728571    
 
  0.0000000E+00   3573.47827798541        6.850000    
   15.00000       3555.81854550978        6.850000    
   30.00000       3533.89777469578        6.850000    
   45.00000       3515.85882381428        6.850000    
   60.00000       3510.95919409785        6.850000    
   75.00000       3500.01296932650        6.850000    
   90.00000       3457.96620560090        6.850000    
   105.0000       3398.79858334275        6.850000    
   120.0000       3341.87692768461        6.850000    
   135.0000       3327.31332346129        6.850000    
   150.0000       3385.13007276994        6.850000    
   165.0000       3519.97636422993        6.850000    
   180.0000       3704.07218837379        6.850000    
   195.0000       3931.34486682106        6.850000    
   210.0000       4125.10442843275        6.850000    
   225.0000       4215.93861666761        6.850000    
   240.0000       4225.10767882594        6.850000    
   255.0000       4175.50200182700        6.850000    
   270.0000       4082.13337839114        6.850000    
   285.0000       3973.16788024548        6.850000    
   300.0000       3885.56407131289        6.850000    
   315.0000       3800.51914170981        6.850000    
   330.0000       3698.22018067097        6.850000    
   345.0000       3607.73336684264        6.850000    
  0.0000000E+00   3573.47827798541        6.850000    
 
  0.0000000E+00   3394.44128724677        6.971429    
   15.00000       3392.30075582178        6.971429    
   30.00000       3380.84183652442        6.971429    
   45.00000       3369.03186496790        6.971429    
   60.00000       3361.75431248399        6.971429    
   75.00000       3340.44549163319        6.971429    
   90.00000       3290.26068964195        6.971429    
   105.0000       3230.17084913186        6.971429    
   120.0000       3181.02680511894        6.971429    
   135.0000       3177.55056408538        6.971429    
   150.0000       3238.30622505819        6.971429    
   165.0000       3359.35020661925        6.971429    
   180.0000       3511.47151940361        6.971429    
   195.0000       3682.89604603951        6.971429    
   210.0000       3806.05225938747        6.971429    
   225.0000       3848.32037711401        6.971429    
   240.0000       3834.15323594390        6.971429    
   255.0000       3780.58875689435        6.971429    
   270.0000       3701.47314112632        6.971429    
   285.0000       3620.74107479799        6.971429    
   300.0000       3562.44035160164        6.971429    
   315.0000       3507.43269973143        6.971429    
   330.0000       3446.03796129984        6.971429    
   345.0000       3401.77159443666        6.971429    
  0.0000000E+00   3394.44128724677        6.971429    
 
  0.0000000E+00   3199.71476664982        7.092857    
   15.00000       3206.89946682254        7.092857    
   30.00000       3205.44621244889        7.092857    
   45.00000       3198.65282696594        7.092857    
   60.00000       3188.73766613939        7.092857    
   75.00000       3159.60322945019        7.092857    
   90.00000       3105.62428452079        7.092857    
   105.0000       3047.19651961330        7.092857    
   120.0000       3004.97365011539        7.092857    
   135.0000       3008.38957392699        7.092857    
   150.0000       3066.44747196696        7.092857    
   165.0000       3168.35234195960        7.092857    
   180.0000       3289.89820117428        7.092857    
   195.0000       3409.23636408653        7.092857    
   210.0000       3480.93834410649        7.092857    
   225.0000       3491.93804896177        7.092857    
   240.0000       3465.21003463661        7.092857    
   255.0000       3413.38035337765        7.092857    
   270.0000       3349.09006070779        7.092857    
   285.0000       3292.68875786214        7.092857    
   300.0000       3257.76784639331        7.092857    
   315.0000       3227.02697645010        7.092857    
   330.0000       3197.43660581035        7.092857    
   345.0000       3186.22735203842        7.092857    
  0.0000000E+00   3199.71476664982        7.092857    
 
  0.0000000E+00   2993.66860582282        7.214286    
   15.00000       3010.22579338378        7.214286    
   30.00000       3013.29529566986        7.214286    
   45.00000       3010.12470336283        7.214286    
   60.00000       2998.19249098482        7.214286    
   75.00000       2964.05262818079        7.214286    
   90.00000       2908.96448773292        7.214286    
   105.0000       2853.76789777211        7.214286    
   120.0000       2817.85188139301        7.214286    
   135.0000       2824.50419257868        7.214286    
   150.0000       2875.15113796242        7.214286    
   165.0000       2958.96393004081        7.214286    
   180.0000       3048.36878916866        7.214286    
   195.0000       3127.28052233461        7.214286    
   210.0000       3163.18537979156        7.214286    
   225.0000       3154.98533278624        7.214286    
   240.0000       3122.78207307087        7.214286    
   255.0000       3076.15502096072        7.214286    
   270.0000       3026.65279362026        7.214286    
   285.0000       2989.84412366789        7.214286    
   300.0000       2973.02418845985        7.214286    
   315.0000       2961.58441831351        7.214286    
   330.0000       2955.86978168935        7.214286    
   345.0000       2967.07552627588        7.214286    
  0.0000000E+00   2993.66860582282        7.214286    
 
  0.0000000E+00   2782.88408573169        7.335714    
   15.00000       2804.82649679172        7.335714    
   30.00000       2814.09007532575        7.335714    
   45.00000       2811.31603577846        7.335714    
   60.00000       2796.18996264156        7.335714    
   75.00000       2759.68218236914        7.335714    
   90.00000       2705.98563517177        7.335714    
   105.0000       2654.90855701766        7.335714    
   120.0000       2623.97692269723        7.335714    
   135.0000       2630.65800535432        7.335714    
   150.0000       2674.25127774409        7.335714    
   165.0000       2738.47465253727        7.335714    
   180.0000       2800.70082618117        7.335714    
   195.0000       2849.00274936794        7.335714    
   210.0000       2860.86605537243        7.335714    
   225.0000       2842.07588824319        7.335714    
   240.0000       2809.08860722292        7.335714    
   255.0000       2769.37605568351        7.335714    
   270.0000       2733.19963316864        7.335714    
   285.0000       2712.07783849425        7.335714    
   300.0000       2708.78509835248        7.335714    
   315.0000       2711.84719595291        7.335714    
   330.0000       2723.55222129954        7.335714    
   345.0000       2749.18365534946        7.335714    
  0.0000000E+00   2782.88408573169        7.335714    
 
  0.0000000E+00   2573.06729806205        7.457143    
   15.00000       2597.94142983810        7.457143    
   30.00000       2610.46493594487        7.457143    
   45.00000       2609.64096572735        7.457143    
   60.00000       2592.84402204852        7.457143    
   75.00000       2553.90173023524        7.457143    
   90.00000       2501.62989595968        7.457143    
   105.0000       2454.69038493347        7.457143    
   120.0000       2428.22501806133        7.457143    
   135.0000       2435.25025041787        7.457143    
   150.0000       2469.22957802296        7.457143    
   165.0000       2515.34516131104        7.457143    
   180.0000       2556.26214646806        7.457143    
   195.0000       2582.33195549677        7.457143    
   210.0000       2578.97762920531        7.457143    
   225.0000       2555.34505292871        7.457143    
   240.0000       2524.35091196673        7.457143    
   255.0000       2492.02464535294        7.457143    
   270.0000       2467.19610441184        7.457143    
   285.0000       2458.03989396772        7.457143    
   300.0000       2464.73933934540        7.457143    
   315.0000       2478.52484422171        7.457143    
   330.0000       2501.77262478880        7.457143    
   345.0000       2535.94498529815        7.457143    
  0.0000000E+00   2573.06729806205        7.457143    
 
  0.0000000E+00   2368.55096554102        7.578571    
   15.00000       2394.32600455003        7.578571    
   30.00000       2408.15975496359        7.578571    
   45.00000       2407.82352697402        7.578571    
   60.00000       2390.43547426329        7.578571    
   75.00000       2352.24969674448        7.578571    
   90.00000       2303.45111729114        7.578571    
   105.0000       2260.61998071565        7.578571    
   120.0000       2236.93510345191        7.578571    
   135.0000       2241.08109607617        7.578571    
   150.0000       2265.46470791518        7.578571    
   165.0000       2296.96088866450        7.578571    
   180.0000       2321.66394488588        7.578571    
   195.0000       2332.19957638213        7.578571    
   210.0000       2319.90941597319        7.578571    
   225.0000       2295.07554265963        7.578571    
   240.0000       2267.51508292042        7.578571    
   255.0000       2242.25913134783        7.578571    
   270.0000       2226.66533732269        7.578571    
   285.0000       2226.31225093812        7.578571    
   300.0000       2240.03092355181        7.578571    
   315.0000       2261.31029326940        7.578571    
   330.0000       2292.04416516969        7.578571    
   345.0000       2330.64908786961        7.578571    
  0.0000000E+00   2368.55096554102        7.578571    
 
  0.0000000E+00   2172.09601818938        7.700000    
   15.00000       2197.57473586688        7.700000    
   30.00000       2211.49128342491        7.700000    
   45.00000       2210.89535653075        7.700000    
   60.00000       2193.13770599964        7.700000    
   75.00000       2156.44143432594        7.700000    
   90.00000       2111.37858326477        7.700000    
   105.0000       2072.47099414203        7.700000    
   120.0000       2050.76109153043        7.700000    
   135.0000       2051.96312802828        7.700000    
   150.0000       2068.23800913019        7.700000    
   165.0000       2088.25603441595        7.700000    
   180.0000       2101.00296270142        7.700000    
   195.0000       2101.15249035926        7.700000    
   210.0000       2084.23100748130        7.700000    
   225.0000       2060.35358039552        7.700000    
   240.0000       2036.79503052416        7.700000    
   255.0000       2017.85310059696        7.700000    
   270.0000       2009.47742534249        7.700000    
   285.0000       2015.34302919744        7.700000    
   300.0000       2033.71930713521        7.700000    
   315.0000       2059.84354352213        7.700000    
   330.0000       2094.79698232130        7.700000    
   345.0000       2134.98343300716        7.700000    
  0.0000000E+00   2172.09601818938        7.700000    
 
  0.0000000E+00   1985.66116590106        7.821429    
   15.00000       2010.09683582834        7.821429    
   30.00000       2023.37044479613        7.821429    
   45.00000       2022.21149430291        7.821429    
   60.00000       2004.43500316065        7.821429    
   75.00000       1969.74215175552        7.821429    
   90.00000       1928.45000685491        7.821429    
   105.0000       1893.08131936164        7.821429    
   120.0000       1872.86368120398        7.821429    
   135.0000       1871.32752777404        7.821429    
   150.0000       1880.98811939287        7.821429    
   165.0000       1892.24498553768        7.821429    
   180.0000       1896.46879512773        7.821429    
   195.0000       1890.05634851157        7.821429    
   210.0000       1871.34035245295        7.821429    
   225.0000       1849.57635359784        7.821429    
   240.0000       1830.04220732006        7.821429    
   255.0000       1816.46369367941        7.821429    
   270.0000       1813.51839124102        7.821429    
   285.0000       1823.55433921430        7.821429    
   300.0000       1844.74895564948        7.821429    
   315.0000       1873.62883376869        7.821429    
   330.0000       1910.39632677242        7.821429    
   345.0000       1950.27654222732        7.821429    
  0.0000000E+00   1985.66116590106        7.821429    
 
  0.0000000E+00   1810.43175570192        7.942857    
   15.00000       1833.38688901797        7.942857    
   30.00000       1845.63025422770        7.942857    
   45.00000       1843.85945618592        7.942857    
   60.00000       1826.42315000614        7.942857    
   75.00000       1794.05311731167        7.942857    
   90.00000       1756.42606726213        7.942857    
   105.0000       1724.23188770227        7.942857    
   120.0000       1705.19100779134        7.942857    
   135.0000       1701.29528190937        7.942857    
   150.0000       1705.74586913248        7.942857    
   165.0000       1710.51264916051        7.942857    
   180.0000       1708.90084709315        7.942857    
   195.0000       1698.67501720666        7.942857    
   210.0000       1679.94424548691        7.942857    
   225.0000       1660.80184649537        7.942857    
   240.0000       1645.00627627224        7.942857    
   255.0000       1635.80523227846        7.942857    
   270.0000       1636.78107869973        7.942857    
   285.0000       1649.40558664479        7.942857    
   300.0000       1672.01454399080        7.942857    
   315.0000       1702.05324511210        7.942857    
   330.0000       1738.92642067788        7.942857    
   345.0000       1777.29983307011        7.942857    
  0.0000000E+00   1810.43175570192        7.942857    
 
  0.0000000E+00   1646.99555213475        8.064285    
   15.00000       1668.24051856656        8.064285    
   30.00000       1679.28651116433        8.064285    
   45.00000       1676.98665906583        8.064285    
   60.00000       1660.19873270112        8.064285    
   75.00000       1630.31543139503        8.064285    
   90.00000       1596.17078348682        8.064285    
   105.0000       1566.83560326083        8.064285    
   120.0000       1548.79499568452        8.064285    
   135.0000       1543.00350011748        8.064285    
   150.0000       1543.49638920543        8.064285    
   165.0000       1543.61652934239        8.064285    
   180.0000       1538.21497536409        8.064285    
   195.0000       1526.09014625881        8.064285    
   210.0000       1508.39174957494        8.064285    
   225.0000       1491.97867040023        8.064285    
   240.0000       1479.48121490404        8.064285    
   255.0000       1473.73185547962        8.064285    
   270.0000       1477.40459894882        8.064285    
   285.0000       1491.42540550112        8.064285    
   300.0000       1514.40060587020        8.064285    
   315.0000       1544.41279628612        8.064285    
   330.0000       1580.22386090721        8.064285    
   345.0000       1616.37142131507        8.064285    
  0.0000000E+00   1646.99555213475        8.064285    
 
  0.0000000E+00   1495.48967580884        8.185715    
   15.00000       1514.93439247753        8.185715    
   30.00000       1524.75211505130        8.185715    
   45.00000       1522.06107507276        8.185715    
   60.00000       1506.15790160725        8.185715    
   75.00000       1478.81091634239        8.185715    
   90.00000       1447.93214928835        8.185715    
   105.0000       1421.19479488734        8.185715    
   120.0000       1404.07981022456        8.185715    
   135.0000       1396.87682299467        8.185715    
   150.0000       1394.48457376708        8.185715    
   165.0000       1391.41555736186        8.185715    
   180.0000       1383.74148080092        8.185715    
   195.0000       1371.00418262667        8.185715    
   210.0000       1354.89042770701        8.185715    
   225.0000       1341.08358142194        8.185715    
   240.0000       1331.39157121949        8.185715    
   255.0000       1328.27518736584        8.185715    
   270.0000       1333.68026246766        8.185715    
   285.0000       1348.21951709647        8.185715    
   300.0000       1370.79962809744        8.185715    
   315.0000       1399.93754582035        8.185715    
   330.0000       1433.92479719494        8.185715    
   345.0000       1467.45511263861        8.185715    
  0.0000000E+00   1495.48967580884        8.185715    
 
  0.0000000E+00   1355.72728928524        8.307143    
   15.00000       1373.37331093467        8.307143    
   30.00000       1382.01268397959        8.307143    
   45.00000       1379.08045691359        8.307143    
   60.00000       1364.22574265538        8.307143    
   75.00000       1339.38401734474        8.307143    
   90.00000       1311.54412126634        8.307143    
   105.0000       1287.19256880282        8.307143    
   120.0000       1270.99435561533        8.307143    
   135.0000       1262.84034521718        8.307143    
   150.0000       1258.45133984402        8.307143    
   165.0000       1253.31910569912        8.307143    
   180.0000       1244.46815463279        8.307143    
   195.0000       1231.94767794336        8.307143    
   210.0000       1217.65133817921        8.307143    
   225.0000       1206.20713879006        8.307143    
   240.0000       1198.83254726715        8.307143    
   255.0000       1197.65506374388        8.307143    
   270.0000       1204.05363579709        8.307143    
   285.0000       1218.48164157480        8.307143    
   300.0000       1240.13100624670        8.307143    
   315.0000       1267.81474651679        8.307143    
   330.0000       1299.51679816818        8.307143    
   345.0000       1330.25747826741        8.307143    
  0.0000000E+00   1355.72728928524        8.307143    
 
  0.0000000E+00   1227.29464581682        8.428572    
   15.00000       1243.19905778913        8.428572    
   30.00000       1250.75226072694        8.428572    
   45.00000       1247.71788027424        8.428572    
   60.00000       1234.01125086314        8.428572    
   75.00000       1211.59069297518        8.428572    
   90.00000       1186.56826164602        8.428572    
   105.0000       1164.43075534384        8.428572    
   120.0000       1149.17728806685        8.428572    
   135.0000       1140.48289588931        8.428572    
   150.0000       1134.81241014539        8.428572    
   165.0000       1128.46750957069        8.428572    
   180.0000       1119.20878281519        8.428572    
   195.0000       1107.40890457454        8.428572    
   210.0000       1094.96205558914        8.428572    
   225.0000       1085.58584311052        8.428572    
   240.0000       1080.07943607398        8.428572    
   255.0000       1080.27157786905        8.428572    
   270.0000       1087.11239567980        8.428572    
   285.0000       1100.99189854640        8.428572    
   300.0000       1121.35119337942        8.428572    
   315.0000       1147.20668893647        8.428572    
   330.0000       1176.37692675061        8.428572    
   345.0000       1204.30003331459        8.428572    
  0.0000000E+00   1227.29464581682        8.428572    
 
  0.0000000E+00   1109.62832568430        8.550000    
   15.00000       1123.88210516771        8.550000    
   30.00000       1130.45929184643        8.550000    
   45.00000       1127.44030277448        8.550000    
   60.00000       1114.92971675648        8.550000    
   75.00000       1094.81449454264        8.550000    
   90.00000       1072.39938586856        8.550000    
   105.0000       1052.33315481835        8.550000    
   120.0000       1038.06677548442        8.550000    
   135.0000       1029.18063268089        8.550000    
   150.0000       1022.78933908198        8.550000    
   165.0000       1015.85925313384        8.550000    
   180.0000       1006.71416341033        8.550000    
   195.0000       995.913094103289        8.550000    
   210.0000       985.230350610168        8.550000    
   225.0000       977.618578156314        8.550000    
   240.0000       973.584650377872        8.550000    
   255.0000       974.692176614285        8.550000    
   270.0000       981.575369118328        8.550000    
   285.0000       994.615943779549        8.550000    
   300.0000       1013.46114034766        8.550000    
   315.0000       1037.27139480119        8.550000    
   330.0000       1063.81320876718        8.550000    
   345.0000       1088.98142499716        8.550000    
  0.0000000E+00   1109.62832568430        8.550000    
 
  0.0000000E+00   1002.07585802750        8.671429    
   15.00000       1014.78782789096        8.671429    
   30.00000       1020.50315082898        8.671429    
   45.00000       1017.59260466141        8.671429    
   60.00000       1006.28588539493        8.671429    
   75.00000       988.341535181887        8.671429    
   90.00000       968.337203190662        8.671429    
   105.0000       950.219774169738        8.671429    
   120.0000       936.983221698055        8.671429    
   135.0000       928.188983100277        8.671429    
   150.0000       921.505151555008        8.671429    
   165.0000       914.441203526247        8.671429    
   180.0000       905.747531894583        8.671429    
   195.0000       896.070994183262        8.671429    
   210.0000       887.003955944338        8.671429    
   225.0000       880.869162572862        8.671429    
   240.0000       877.971631591225        8.671429    
   255.0000       879.641504839485        8.671429    
   270.0000       886.287114285829        8.671429    
   285.0000       898.308498398692        8.671429    
   300.0000       915.516135944454        8.671429    
   315.0000       937.179185901456        8.671429    
   330.0000       961.099468245488        8.671429    
   345.0000       983.630599619109        8.671429    
  0.0000000E+00   1002.07585802750        8.671429    
 
  0.0000000E+00   903.938453024373        8.792857    
   15.00000       915.224243405342        8.792857    
   30.00000       920.186627839169        8.792857    
   45.00000       917.453804691881        8.792857    
   60.00000       907.329636281097        8.792857    
   75.00000       891.413426958849        8.792857    
   90.00000       873.637288582203        8.792857    
   105.0000       857.358797299017        8.792857    
   120.0000       845.185544420518        8.792857    
   135.0000       836.704445643541        8.792857    
   150.0000       830.046155115865        8.792857    
   165.0000       823.162908280290        8.792857    
   180.0000       815.125399083333        8.792857    
   195.0000       806.600567370878        8.792857    
   210.0000       798.973751399740        8.792857    
   225.0000       794.056496014346        8.792857    
   240.0000       792.016732793126        8.792857    
   255.0000       793.981178429113        8.792857    
   270.0000       800.201978524914        8.792857    
   285.0000       811.106113264643        8.792857    
   300.0000       826.628515739294        8.792857    
   315.0000       846.125626737418        8.792857    
   330.0000       867.497642651658        8.792857    
   345.0000       887.540659182639        8.792857    
  0.0000000E+00   903.938453024373        8.792857    
 
  0.0000000E+00   814.503185724850        8.914286    
   15.00000       824.478638559725        8.914286    
   30.00000       828.787378967313        8.914286    
   45.00000       826.280202658150        8.914286    
   60.00000       817.296265135710        8.914286    
   75.00000       803.263310966474        8.914286    
   90.00000       787.546082169937        8.914286    
   105.0000       773.004954086725        8.914286    
   120.0000       761.915376858295        8.914286    
   135.0000       753.912882219513        8.914286    
   150.0000       747.508873882241        8.914286    
   165.0000       741.016882602803        8.914286    
   180.0000       733.745752208582        8.914286    
   195.0000       726.338090667642        8.914286    
   210.0000       719.970607607181        8.914286    
   225.0000       716.044877595163        8.914286    
   240.0000       714.637383541953        8.914286    
   255.0000       716.699237992704        8.914286    
   270.0000       722.378710937111        8.914286    
   285.0000       732.127061616760        8.914286    
   300.0000       745.970890758673        8.914286    
   315.0000       763.341861491100        8.914286    
   330.0000       782.281789809463        8.914286    
   345.0000       799.999757783324        8.914286    
  0.0000000E+00   814.503185724850        8.914286    
 
  0.0000000E+00   733.066068609944        9.035714    
   15.00000       741.842109818785        9.035714    
   30.00000       745.584269214463        9.035714    
   45.00000       743.332519822895        9.035714    
   60.00000       735.432921234055        9.035714    
   75.00000       723.140974924506        9.035714    
   90.00000       709.325273000014        9.035714    
   105.0000       696.424287145752        9.035714    
   120.0000       686.423630607401        9.035714    
   135.0000       679.016660302414        9.035714    
   150.0000       673.024623150354        9.035714    
   165.0000       667.056482210879        9.035714    
   180.0000       660.596496429029        9.035714    
   195.0000       654.235750026360        9.035714    
   210.0000       648.954211849723        9.035714    
   225.0000       645.827988498793        9.035714    
   240.0000       644.874217234575        9.035714    
   255.0000       646.893221993935        9.035714    
   270.0000       651.967732695498        9.035714    
   285.0000       660.564650043528        9.035714    
   300.0000       672.775430035718        9.035714    
   315.0000       688.099834039536        9.035714    
   330.0000       704.748205790805        9.035714    
   345.0000       720.308666201739        9.035714    
  0.0000000E+00   733.066068609944        9.035714    
 
  0.0000000E+00   658.657210890542        9.157143    
   15.00000       666.329781422386        9.157143    
   30.00000       669.575484582367        9.157143    
   45.00000       667.594180382969        9.157143    
   60.00000       660.719127185060        9.157143    
   75.00000       650.039392060014        9.157143    
   90.00000       637.988840712493        9.157143    
   105.0000       626.642911953292        9.157143    
   120.0000       617.728693967853        9.157143    
   135.0000       610.997655116141        9.157143    
   150.0000       605.521194504104        9.157143    
   165.0000       600.151977425124        9.157143    
   180.0000       594.503339092018        9.157143    
   195.0000       589.100818318582        9.157143    
   210.0000       584.746876928974        9.157143    
   225.0000       582.261488871226        9.157143    
   240.0000       581.624948290635        9.157143    
   255.0000       583.508166579983        9.157143    
   270.0000       587.954613854688        9.157143    
   285.0000       595.434014308066        9.157143    
   300.0000       606.079889214174        9.157143    
   315.0000       619.455856208352        9.157143    
   330.0000       633.956780514162        9.157143    
   345.0000       647.515112455510        9.157143    
  0.0000000E+00   658.657210890542        9.157143    
 
  0.0000000E+00   590.973033428593        9.278572    
   15.00000       597.639466781850        9.278572    
   30.00000       600.452444692208        9.278572    
   45.00000       598.744796049924        9.278572    
   60.00000       592.823796842302        9.278572    
   75.00000       583.623151762915        9.278572    
   90.00000       573.198731842513        9.278572    
   105.0000       563.312876553262        9.278572    
   120.0000       555.461254888686        9.278572    
   135.0000       549.449197434600        9.278572    
   150.0000       544.548196637587        9.278572    
   165.0000       539.812135536753        9.278572    
   180.0000       534.947858276055        9.278572    
   195.0000       530.408945331991        9.278572    
   210.0000       526.842032687530        9.278572    
   225.0000       524.866764171607        9.278572    
   240.0000       524.442061711617        9.278572    
   255.0000       526.128598493066        9.278572    
   270.0000       529.949491894175        9.278572    
   285.0000       536.365520778724        9.278572    
   300.0000       545.535337159646        9.278572    
   315.0000       557.083733094169        9.278572    
   330.0000       569.595626663593        9.278572    
   345.0000       581.312801137134        9.278572    
  0.0000000E+00   590.973033428593        9.278572    
 
  0.0000000E+00   529.399503233698        9.400000    
   15.00000       535.147011900568        9.400000    
   30.00000       537.579061630786        9.400000    
   45.00000       536.138840260546        9.400000    
   60.00000       531.099607635986        9.400000    
   75.00000       523.252746323570        9.400000    
   90.00000       514.324781196576        9.400000    
   105.0000       505.805955514428        9.400000    
   120.0000       498.982469773841        9.400000    
   135.0000       493.706749583815        9.400000    
   150.0000       489.409509075478        9.400000    
   165.0000       485.311938621675        9.400000    
   180.0000       481.188254507372        9.400000    
   195.0000       477.419371720301        9.400000    
   210.0000       474.518043476205        9.400000    
   225.0000       472.948214565695        9.400000    
   240.0000       472.658011428129        9.400000    
   255.0000       474.114035435314        9.400000    
   270.0000       477.331469074190        9.400000    
   285.0000       482.751006892074        9.400000    
   300.0000       490.543468321335        9.400000    
   315.0000       500.392193423598        9.400000    
   330.0000       511.071122278837        9.400000    
   345.0000       521.098641081222        9.400000    
  0.0000000E+00   529.399503233698        9.400000    
 
  0.0000000E+00   473.356029542558        9.521429    
   15.00000       478.261503095379        9.521429    
   30.00000       480.353588219121        9.521429    
   45.00000       479.167448618301        9.521429    
   60.00000       474.938224418532        9.521429    
   75.00000       468.328485579209        9.521429    
   90.00000       460.776972273946        9.521429    
   105.0000       453.534910832470        9.521429    
   120.0000       447.697303272669        9.521429    
   135.0000       443.155887728890        9.521429    
   150.0000       439.467714107896        9.521429    
   165.0000       435.994378909069        9.521429    
   180.0000       432.558605063517        9.521429    
   195.0000       429.471585921826        9.521429    
   210.0000       427.132914348686        9.521429    
   225.0000       425.886114843088        9.521429    
   240.0000       425.675769473449        9.521429    
   255.0000       426.887894551175        9.521429    
   270.0000       429.537251882572        9.521429    
   285.0000       434.034560850765        9.521429    
   300.0000       440.568341008369        9.521429    
   315.0000       448.836285271488        9.521429    
   330.0000       457.825679308392        9.521429    
   345.0000       466.303600311578        9.521429    
  0.0000000E+00   473.356029542558        9.521429    
 
  0.0000000E+00   422.321844860489        9.642858    
   15.00000       426.439684309388        9.642858    
   30.00000       428.220137879478        9.642858    
   45.00000       427.269716815545        9.642858    
   60.00000       423.782424060745        9.642858    
   75.00000       418.303797489146        9.642858    
   90.00000       412.019711487601        9.642858    
   105.0000       405.969273901853        9.642858    
   120.0000       401.071290140624        9.642858    
   135.0000       397.249005296050        9.642858    
   150.0000       394.159527392724        9.642858    
   165.0000       391.283725253143        9.642858    
   180.0000       388.479687282291        9.642858    
   195.0000       385.995065621750        9.642858    
   210.0000       384.136705409593        9.642858    
   225.0000       383.156982016461        9.642858    
   240.0000       383.003186970759        9.642858    
   255.0000       383.976491516744        9.642858    
   270.0000       386.102924002825        9.642858    
   285.0000       389.756304682577        9.642858    
   300.0000       395.103635276815        9.642858    
   315.0000       401.934509868734        9.642858    
   330.0000       409.380923759769        9.642858    
   345.0000       416.429232952908        9.642858    
  0.0000000E+00   422.321844860489        9.642858    
 
  0.0000000E+00   375.800866678796        9.764286    
   15.00000       379.208996672308        9.764286    
   30.00000       380.703044455749        9.764286    
   45.00000       379.963692583041        9.764286    
   60.00000       377.147517289033        9.764286    
   75.00000       372.697494851792        9.764286    
   90.00000       367.574539182838        9.764286    
   105.0000       362.626988766300        9.764286    
   120.0000       358.611358733296        9.764286    
   135.0000       355.482524455448        9.764286    
   150.0000       352.971152648084        9.764286    
   165.0000       350.660998413807        9.764286    
   180.0000       348.437027095112        9.764286    
   195.0000       346.485225440520        9.764286    
   210.0000       345.029987313922        9.764286    
   225.0000       344.254706044240        9.764286    
   240.0000       344.110026037300        9.764286    
   255.0000       344.852049211294        9.764286    
   270.0000       346.501883171097        9.764286    
   285.0000       349.388378922999        9.764286    
   300.0000       353.667282099748        9.764286    
   315.0000       359.176632624057        9.764286    
   330.0000       365.213529625370        9.764286    
   345.0000       370.963307927698        9.764286    
  0.0000000E+00   375.800866678796        9.764286    
 
  0.0000000E+00   333.295286178184        9.885715    
   15.00000       336.036806560927        9.885715    
   30.00000       337.264249608047        9.885715    
   45.00000       336.717929346077        9.885715    
   60.00000       334.517477906710        9.885715    
   75.00000       331.012407434945        9.885715    
   90.00000       326.963697946596        9.885715    
   105.0000       323.047713590357        9.885715    
   120.0000       319.868642124859        9.885715    
   135.0000       317.393528164353        9.885715    
   150.0000       315.423954359980        9.885715    
   165.0000       313.632413058524        9.885715    
   180.0000       311.923570051191        9.885715    
   195.0000       310.434204034067        9.885715    
   210.0000       309.326868093116        9.885715    
   225.0000       308.726542401967        9.885715    
   240.0000       308.590467404410        9.885715    
   255.0000       309.121216586648        9.885715    
   270.0000       310.345616328062        9.885715    
   285.0000       312.541801167782        9.885715    
   300.0000       315.848787139146        9.885715    
   315.0000       320.147875601285        9.885715    
   330.0000       324.889475389734        9.885715    
   345.0000       329.436988004381        9.885715    
  0.0000000E+00   333.295286178184        9.885715    
 
  0.0000000E+00   294.391509816516        10.00714    
   15.00000       296.502636639202        10.00714    
   30.00000       297.470669395748        10.00714    
   45.00000       297.090968134660        10.00714    
   60.00000       295.449241574421        10.00714    
   75.00000       292.810309769662        10.00714    
   90.00000       289.752867598298        10.00714    
   105.0000       286.794383755212        10.00714    
   120.0000       284.396684369650        10.00714    
   135.0000       282.540842269073        10.00714    
   150.0000       281.081339442532        10.00714    
   165.0000       279.770155847975        10.00714    
   180.0000       278.529330694782        10.00714    
   195.0000       277.451050638944        10.00714    
   210.0000       276.645101055559        10.00714    
   225.0000       276.194559666116        10.00714    
   240.0000       276.064776729409        10.00714    
   255.0000       276.410178311367        10.00714    
   270.0000       277.260223447105        10.00714    
   285.0000       278.839564759536        10.00714    
   300.0000       281.266376218651        10.00714    
   315.0000       284.460369389057        10.00714    
   330.0000       288.013547301418        10.00714    
   345.0000       291.450068530454        10.00714    
  0.0000000E+00   294.391509816516        10.00714    
 
  0.0000000E+00   258.692705648948        10.12857    
   15.00000       260.204744324693        10.12857    
   30.00000       260.918196363095        10.12857    
   45.00000       260.681019330669        10.12857    
   60.00000       259.548429915911        10.12857    
   75.00000       257.707484651643        10.12857    
   90.00000       255.568655647100        10.12857    
   105.0000       253.501379597642        10.12857    
   120.0000       251.833595922594        10.12857    
   135.0000       250.556670442780        10.12857    
   150.0000       249.569920986704        10.12857    
   165.0000       248.697361854439        10.12857    
   180.0000       247.877063652577        10.12857    
   195.0000       247.163065339947        10.12857    
   210.0000       246.622010678696        10.12857    
   225.0000       246.304410701011        10.12857    
   240.0000       246.184535320879        10.12857    
   255.0000       246.372522808355        10.12857    
   270.0000       246.898192706345        10.12857    
   285.0000       247.930071558822        10.12857    
   300.0000       249.562010373387        10.12857    
   315.0000       251.746922822565        10.12857    
   330.0000       254.206775873280        10.12857    
   345.0000       256.611767446896        10.12857    
  0.0000000E+00   258.692705648948        10.12857    
 
  0.0000000E+00   225.719528765994        10.25000    
   15.00000       226.656645963192        10.25000    
   30.00000       227.116653979226        10.25000    
   45.00000       226.999793462181        10.25000    
   60.00000       226.334352850759        10.25000    
   75.00000       225.234430631832        10.25000    
   90.00000       223.952128240380        10.25000    
   105.0000       222.716924746548        10.25000    
   120.0000       221.730336699431        10.25000    
   135.0000       220.991611559121        10.25000    
   150.0000       220.439689394778        10.25000    
   165.0000       219.965284694756        10.25000    
   180.0000       219.522522238410        10.25000    
   195.0000       219.133291315708        10.25000    
   210.0000       218.828728557467        10.25000    
   225.0000       218.633478169691        10.25000    
   240.0000       218.531069715591        10.25000    
   255.0000       218.590063676292        10.25000    
   270.0000       218.837903655396        10.25000    
   285.0000       219.385554351482        10.25000    
   300.0000       220.299762174179        10.25000    
   315.0000       221.561334706147        10.25000    
   330.0000       223.010921144117        10.25000    
   345.0000       224.452345944247        10.25000    
  0.0000000E+00   225.719528765994        10.25000    
 
