  0.0000000E+00  6.5368506E-29
   22.50000      5.4232051E-29
   45.00000      5.1026346E-29
   67.50000      5.2229703E-29
   90.00000      5.6430283E-29
   112.5000      5.7589260E-29
   135.0000      5.6096658E-29
   157.5000      5.2589804E-29
   180.0000      5.1122571E-29
   202.5000      5.8310936E-29
   225.0000      7.5707349E-29
   247.5000      8.5512313E-29
   270.0000      9.3486066E-29
   292.5000      9.3607129E-29
   315.0000      8.6213466E-29
   337.5000      7.5961277E-29
   360.0000      6.5368506E-29
   360.0000      3.5640847E-29
   382.5000      3.0815767E-29
   405.0000      2.8315988E-29
   427.5000      2.9364335E-29
   450.0000      3.2327336E-29
   472.5000      3.3185178E-29
   495.0000      3.2028043E-29
   517.5000      2.9731240E-29
   540.0000      2.9120277E-29
   562.5000      3.3732434E-29
   585.0000      3.8377398E-29
   607.5000      4.4308585E-29
   630.0000      4.9631540E-29
   652.5000      5.0486400E-29
   675.0000      4.6562655E-29
   697.5000      4.0781988E-29
   720.0000      3.5640847E-29
   720.0000      1.9613141E-29
   742.5000      1.8321618E-29
   765.0000      1.7058070E-29
   787.5000      1.7682908E-29
   810.0000      1.9496360E-29
   832.5000      1.9974957E-29
   855.0000      1.9130182E-29
   877.5000      1.7711881E-29
   900.0000      1.7054675E-29
   922.5000      1.7897195E-29
   945.0000      1.9887183E-29
   967.5000      2.3294938E-29
   990.0000      2.6663501E-29
   1012.500      2.7589521E-29
   1035.000      2.5609424E-29
   1057.500      2.2328580E-29
   1080.000      1.9613141E-29
   1080.000      1.0928687E-29
   1102.500      1.0376691E-29
   1125.000      1.0801196E-29
   1147.500      1.1552014E-29
   1170.000      1.2350510E-29
   1192.500      1.2569835E-29
   1215.000      1.1965402E-29
   1237.500      1.0964474E-29
   1260.000      9.7272552E-30
   1282.500      9.5784305E-30
   1305.000      1.0576139E-29
   1327.500      1.2474211E-29
   1350.000      1.4495307E-29
   1372.500      1.5236254E-29
   1395.000      1.4240200E-29
   1417.500      1.2424245E-29
   1440.000      1.0928687E-29
   1440.000      6.2450927E-30
   1462.500      5.9677369E-30
   1485.000      6.3335402E-30
   1507.500      7.1650770E-30
   1530.000      8.0396275E-30
   1552.500      8.1925088E-30
   1575.000      7.4524348E-30
   1597.500      6.4020627E-30
   1620.000      5.6154178E-30
   1642.500      5.4544333E-30
   1665.000      5.9859964E-30
   1687.500      7.0766927E-30
   1710.000      8.2803477E-30
   1732.500      8.7696498E-30
   1755.000      8.2043337E-30
   1777.500      7.1199245E-30
   1800.000      6.2450927E-30
   1800.000      3.6693205E-30
   1822.500      3.4875142E-30
   1845.000      3.7374762E-30
   1867.500      4.3158815E-30
   1890.000      4.9283814E-30
   1912.500      5.0588921E-30
   1935.000      4.5831144E-30
   1957.500      3.8874268E-30
   1980.000      3.3700622E-30
   2002.500      3.2464705E-30
   2025.000      3.5638811E-30
   2047.500      4.2558034E-30
   2070.000      5.0338934E-30
   2092.500      5.3410318E-30
   2115.000      4.9573068E-30
   2137.500      4.2382962E-30
   2160.000      3.6693205E-30
   2160.000      2.1886437E-30
   2182.500      2.0671954E-30
   2205.000      2.2327152E-30
   2227.500      2.6283059E-30
   2250.000      3.0567186E-30
   2272.500      3.1668190E-30
   2295.000      2.8672038E-30
   2317.500      2.4063983E-30
   2340.000      2.0628162E-30
   2362.500      1.9761031E-30
   2385.000      2.1771442E-30
   2407.500      2.6302758E-30
   2430.000      3.1409796E-30
   2452.500      3.3328929E-30
   2475.000      3.0610226E-30
   2497.500      2.5697409E-30
   2520.000      2.1886437E-30
   2520.000      1.3339086E-30
   2542.500      1.2537001E-30
   2565.000      1.3626526E-30
   2587.500      1.6294338E-30
   2610.000      1.9243459E-30
   2632.500      2.0125310E-30
   2655.000      1.8242124E-30
   2677.500      1.5182457E-30
   2700.000      1.2889081E-30
   2722.500      1.2282139E-30
   2745.000      1.3561236E-30
   2767.500      1.6523018E-30
   2790.000      1.9866125E-30
   2812.500      2.1080503E-30
   2835.000      1.9194087E-30
   2857.500      1.5871995E-30
   2880.000      1.3339086E-30
   2880.000      8.3110291E-31
   2902.500      7.7904054E-31
   2925.000      8.5131144E-31
   2947.500      1.0303047E-30
   2970.000      1.2314669E-30
   2992.500      1.2983964E-30
   3015.000      1.1779856E-30
   3037.500      9.7372723E-31
   3060.000      8.2009210E-31
   3082.500      7.7748569E-31
   3105.000      8.5872392E-31
   3127.500      1.0514784E-30
   3150.000      1.2698539E-30
   3172.500      1.3478346E-30
   3195.000      1.2195586E-30
   3217.500      9.9776055E-31
   3240.000      8.3110291E-31
   3240.000      5.2844664E-31
   3262.500      4.9486619E-31
   3285.000      5.4325297E-31
   3307.500      6.6346834E-31
   3330.000      8.0039081E-31
   3352.500      8.4944946E-31
   3375.000      7.7082309E-31
   3397.500      6.3349159E-31
   3420.000      5.3005683E-31
   3442.500      5.0015216E-31
   3465.000      5.5195431E-31
   3487.500      6.7760610E-31
   3510.000      8.2076457E-31
   3532.500      8.7161439E-31
   3555.000      7.8522882E-31
   3577.500      6.3786494E-31
   3600.000      5.2844664E-31
   3600.000      3.4250513E-31
   3622.500      3.2084107E-31
   3645.000      3.5347073E-31
   3667.500      4.3434709E-31
   3690.000      5.2745410E-31
   3712.500      5.6257975E-31
   3735.000      5.1039542E-31
   3757.500      4.1759174E-31
   3780.000      3.4765713E-31
   3802.500      3.2670806E-31
   3825.000      3.5993780E-31
   3847.500      4.4211241E-31
   3870.000      5.3633923E-31
   3892.500      5.6993905E-31
   3915.000      5.1217648E-31
   3937.500      4.1445222E-31
   3960.000      3.4250513E-31
   3960.000      2.2622248E-31
   3982.500      2.1221524E-31
   4005.000      2.3431721E-31
   4027.500      2.8874197E-31
   4050.000      3.5184234E-31
   4072.500      3.7646410E-31
   4095.000      3.4150720E-31
   4117.500      2.7871018E-31
   4140.000      2.3132210E-31
   4162.500      2.1669373E-31
   4185.000      2.3812563E-31
   4207.500      2.9197166E-31
   4230.000      3.5408370E-31
   4252.500      3.7649377E-31
   4275.000      3.3823221E-31
   4297.500      2.7361385E-31
   4320.000      2.2622248E-31
   4320.000      1.5243096E-31
   4342.500      1.4336706E-31
   4365.000      1.5837512E-31
   4387.500      1.9490672E-31
   4410.000      2.3730894E-31
   4432.500      2.5411672E-31
   4455.000      2.3064843E-31
   4477.500      1.8831149E-31
   4500.000      1.5623928E-31
   4522.500      1.4608249E-31
   4545.000      1.5996649E-31
   4567.500      1.9523097E-31
   4590.000      2.3604735E-31
   4612.500      2.5103770E-31
   4635.000      2.2607129E-31
   4657.500      1.8362852E-31
   4680.000      1.5243096E-31
   4680.000      1.0513947E-31
   4702.500      9.9238430E-32
   4725.000      1.0935424E-31
   4747.500      1.3362253E-31
   4770.000      1.6159986E-31
   4792.500      1.7266366E-31
   4815.000      1.5706109E-31
   4837.500      1.2889204E-31
   4860.000      1.0740411E-31
   4882.500      1.0049604E-31
   4905.000      1.0959104E-31
   4927.500      1.3268383E-31
   4950.000      1.5923000E-31
   4972.500      1.6918321E-31
   4995.000      1.5322827E-31
   5017.500      1.2563554E-31
   5040.000      1.0513947E-31
   5040.000      7.4841598E-32
   5062.500      7.0959210E-32
   5085.000      7.7656695E-32
   5107.500      9.3463961E-32
   5130.000      1.1138921E-31
   5152.500      1.1833229E-31
   5175.000      1.0820460E-31
   5197.500      8.9881143E-32
   5220.000      7.5691304E-32
   5242.500      7.1079487E-32
   5265.000      7.7055300E-32
   5287.500      9.2077583E-32
   5310.000      1.0926106E-31
   5332.500      1.1585081E-31
   5355.000      1.0591652E-31
   5377.500      8.8247594E-32
   5400.000      7.4841598E-32
   5400.000      5.5165844E-32
   5422.500      5.2601591E-32
   5445.000      5.6889319E-32
   5467.500      6.6800758E-32
   5490.000      7.7672500E-32
   5512.500      8.1728984E-32
   5535.000      7.5517125E-32
   5557.500      6.4207500E-32
   5580.000      5.5261764E-32
   5602.500      5.2385001E-32
   5625.000      5.6351377E-32
   5647.500      6.5943364E-32
   5670.000      7.6596446E-32
   5692.500      8.0673731E-32
   5715.000      7.4713163E-32
   5737.500      6.3762728E-32
   5760.000      5.5165844E-32
