  0.0000000E+00   15610.4227667163        6.000000    
   15.00000       14962.7604079523        6.000000    
   30.00000       14537.3220377284        6.000000    
   45.00000       14385.3060701488        6.000000    
   60.00000       14495.0917791472        6.000000    
   75.00000       14815.0687779925        6.000000    
   90.00000       15249.0644455156        6.000000    
   105.0000       15676.9784030243        6.000000    
   120.0000       15980.4649593548        6.000000    
   135.0000       16124.2240930799        6.000000    
   150.0000       16074.8061097769        6.000000    
   165.0000       15914.6991828132        6.000000    
   180.0000       15711.6853938177        6.000000    
   195.0000       15523.3856664022        6.000000    
   210.0000       15454.2543903549        6.000000    
   225.0000       15532.9727324578        6.000000    
   240.0000       15782.2403337128        6.000000    
   255.0000       16198.6674754979        6.000000    
   270.0000       16674.4166087599        6.000000    
   285.0000       17113.3818526909        6.000000    
   300.0000       17468.8086598490        6.000000    
   315.0000       17519.1280700435        6.000000    
   330.0000       17110.4195784079        6.000000    
   345.0000       16378.0530114360        6.000000    
  0.0000000E+00   15610.4227667163        6.000000    
 
  0.0000000E+00   16041.5462684945        6.121428    
   15.00000       15391.5955847146        6.121428    
   30.00000       14949.0894714685        6.121428    
   45.00000       14775.0144413276        6.121428    
   60.00000       14863.4072889759        6.121428    
   75.00000       15161.8210904993        6.121428    
   90.00000       15575.7907629211        6.121428    
   105.0000       15981.9815575979        6.121428    
   120.0000       16264.8848897583        6.121428    
   135.0000       16381.3401222694        6.121428    
   150.0000       16306.9624897053        6.121428    
   165.0000       16118.2447929768        6.121428    
   180.0000       15888.2747563355        6.121428    
   195.0000       15680.1331878838        6.121428    
   210.0000       15595.0510488166        6.121428    
   225.0000       15669.5774444002        6.121428    
   240.0000       15923.7092312519        6.121428    
   255.0000       16357.6690065887        6.121428    
   270.0000       16872.8068047613        6.121428    
   285.0000       17348.5668847620        6.121428    
   300.0000       17737.5272410562        6.121428    
   315.0000       17836.7486035420        6.121428    
   330.0000       17480.4478971875        6.121428    
   345.0000       16791.2824156566        6.121428    
  0.0000000E+00   16041.5462684945        6.121428    
 
  0.0000000E+00   15349.9725511041        6.242857    
   15.00000       14747.3713093635        6.242857    
   30.00000       14321.2059542143        6.242857    
   45.00000       14137.1153057396        6.242857    
   60.00000       14197.7295868290        6.242857    
   75.00000       14458.1450901623        6.242857    
   90.00000       14835.1359848275        6.242857    
   105.0000       15214.5934657935        6.242857    
   120.0000       15487.4623943662        6.242857    
   135.0000       15611.0511942462        6.242857    
   150.0000       15556.0103554611        6.242857    
   165.0000       15388.3264499508        6.242857    
   180.0000       15174.7912650790        6.242857    
   195.0000       14974.6216359857        6.242857    
   210.0000       14882.1890298400        6.242857    
   225.0000       14936.5258300895        6.242857    
   240.0000       15160.2157755124        6.242857    
   255.0000       15556.2930317115        6.242857    
   270.0000       16035.5747934730        6.242857    
   285.0000       16488.3080740158        6.242857    
   300.0000       16859.6363210294        6.242857    
   315.0000       16960.0740913247        6.242857    
   330.0000       16642.3859671240        6.242857    
   345.0000       16027.8208464333        6.242857    
  0.0000000E+00   15349.9725511041        6.242857    
 
  0.0000000E+00   14246.8218975772        6.364286    
   15.00000       13714.2489956528        6.364286    
   30.00000       13318.4109476064        6.364286    
   45.00000       13128.0584704618        6.364286    
   60.00000       13155.5691868949        6.364286    
   75.00000       13367.1481977439        6.364286    
   90.00000       13692.8592790135        6.364286    
   105.0000       14035.0875562321        6.364286    
   120.0000       14292.9838615483        6.364286    
   135.0000       14426.4570963664        6.364286    
   150.0000       14400.9486677142        6.364286    
   165.0000       14268.3485141518        6.364286    
   180.0000       14085.9591843612        6.364286    
   195.0000       13904.7652293118        6.364286    
   210.0000       13810.0309178664        6.364286    
   225.0000       13840.0629873257        6.364286    
   240.0000       14020.8472585925        6.364286    
   255.0000       14357.8449582342        6.364286    
   270.0000       14773.3627467245        6.364286    
   285.0000       15178.2594195330        6.364286    
   300.0000       15513.3004704931        6.364286    
   315.0000       15605.1782683442        6.364286    
   330.0000       15340.3343329104        6.364286    
   345.0000       14826.6240033136        6.364286    
  0.0000000E+00   14246.8218975772        6.364286    
 
  0.0000000E+00   13050.5606035909        6.485714    
   15.00000       12591.5534450571        6.485714    
   30.00000       12227.9364606286        6.485714    
   45.00000       12031.0981140996        6.485714    
   60.00000       12020.3876899026        6.485714    
   75.00000       12175.3510696162        6.485714    
   90.00000       12440.2984524568        6.485714    
   105.0000       12735.2954400269        6.485714    
   120.0000       12970.1695817286        6.485714    
   135.0000       13107.2736388582        6.485714    
   150.0000       13109.3480231985        6.485714    
   165.0000       13012.3693306428        6.485714    
   180.0000       12863.6778381262        6.485714    
   195.0000       12704.8238250953        6.485714    
   210.0000       12610.0535903297        6.485714    
   225.0000       12615.9993345367        6.485714    
   240.0000       12751.2742080985        6.485714    
   255.0000       13024.6479179575        6.485714    
   270.0000       13371.0389078144        6.485714    
   285.0000       13721.4411993427        6.485714    
   300.0000       14017.3840815102        6.485714    
   315.0000       14110.3801962971        6.485714    
   330.0000       13917.2760223626        6.485714    
   345.0000       13522.7209522421        6.485714    
  0.0000000E+00   13050.5606035909        6.485714    
 
  0.0000000E+00   11879.5073178462        6.607143    
   15.00000       11497.5396324217        6.607143    
   30.00000       11169.3915052229        6.607143    
   45.00000       10963.0947008331        6.607143    
   60.00000       10913.3196099933        6.607143    
   75.00000       11009.2521420252        6.607143    
   90.00000       11209.0191551040        6.607143    
   105.0000       11451.3187670636        6.607143    
   120.0000       11655.9202412903        6.607143    
   135.0000       11788.4733719076        6.607143    
   150.0000       11811.0147243273        6.607143    
   165.0000       11743.8377714266        6.607143    
   180.0000       11625.3603376980        6.607143    
   195.0000       11488.1106614200        6.607143    
   210.0000       11395.0398008096        6.607143    
   225.0000       11380.3263320939        6.607143    
   240.0000       11473.2138566735        6.607143    
   255.0000       11687.1622404883        6.607143    
   270.0000       11969.5313915675        6.607143    
   285.0000       12267.5096665695        6.607143    
   300.0000       12529.7413757170        6.607143    
   315.0000       12636.7206856669        6.607143    
   330.0000       12528.4662151557        6.607143    
   345.0000       12248.6168214781        6.607143    
  0.0000000E+00   11879.5073178462        6.607143    
 
  0.0000000E+00   10768.9353732044        6.728571    
   15.00000       10459.2240866519        6.728571    
   30.00000       10173.2166373187        6.728571    
   45.00000       9966.06081842054        6.728571    
   60.00000       9881.36787691275        6.728571    
   75.00000       9923.21514677557        6.728571    
   90.00000       10060.8215819462        6.728571    
   105.0000       10249.8900370652        6.728571    
   120.0000       10420.6902148493        6.728571    
   135.0000       10540.5283670281        6.728571    
   150.0000       10574.2700633561        6.728571    
   165.0000       10528.4224054766        6.728571    
   180.0000       10433.4463920057        6.728571    
   195.0000       10314.8927655149        6.728571    
   210.0000       10224.6228096409        6.728571    
   225.0000       10194.7907453286        6.728571    
   240.0000       10252.4684345756        6.728571    
   255.0000       10415.0617681103        6.728571    
   270.0000       10644.0110545424        6.728571    
   285.0000       10897.3004277347        6.728571    
   300.0000       11132.4766732676        6.728571    
   315.0000       11260.5484006798        6.728571    
   330.0000       11228.9075824846        6.728571    
   345.0000       11046.1821047832        6.728571    
  0.0000000E+00   10768.9353732044        6.728571    
 
  0.0000000E+00   9730.32195524410        6.850000    
   15.00000       9483.76405972309        6.850000    
   30.00000       9239.74830464258        6.850000    
   45.00000       9045.05161262065        6.850000    
   60.00000       8937.21135472001        6.850000    
   75.00000       8937.48426577872        6.850000    
   90.00000       9023.20765914903        6.850000    
   105.0000       9164.54984067598        6.850000    
   120.0000       9301.74079462146        6.850000    
   135.0000       9403.36982837960        6.850000    
   150.0000       9438.61308170143        6.850000    
   165.0000       9404.41830212762        6.850000    
   180.0000       9324.70943732761        6.850000    
   195.0000       9220.73611132818        6.850000    
   210.0000       9134.29862314074        6.850000    
   225.0000       9094.83596098110        6.850000    
   240.0000       9127.06055223940        6.850000    
   255.0000       9250.00699905673        6.850000    
   270.0000       9438.98541667162        6.850000    
   285.0000       9659.17472669411        6.850000    
   300.0000       9872.78764985228        6.850000    
   315.0000       10016.1939461918        6.850000    
   330.0000       10038.4766496329        6.850000    
   345.0000       9931.65257686834        6.850000    
  0.0000000E+00   9730.32195524410        6.850000    
 
  0.0000000E+00   8768.71036771229        6.971429    
   15.00000       8573.00591460993        6.971429    
   30.00000       8367.23652379823        6.971429    
   45.00000       8192.09486617715        6.971429    
   60.00000       8078.88838570314        6.971429    
   75.00000       8053.87917490904        6.971429    
   90.00000       8103.22925697214        6.971429    
   105.0000       8207.33528210724        6.971429    
   120.0000       8315.26182561451        6.971429    
   135.0000       8396.03520957385        6.971429    
   150.0000       8424.64627841801        6.971429    
   165.0000       8393.11231631657        6.971429    
   180.0000       8320.81262626439        6.971429    
   195.0000       8227.19744315950        6.971429    
   210.0000       8145.50842191748        6.971429    
   225.0000       8104.08127269075        6.971429    
   240.0000       8123.09112722040        6.971429    
   255.0000       8220.11936835751        6.971429    
   270.0000       8382.08476500026        6.971429    
   285.0000       8575.15028384095        6.971429    
   300.0000       8768.43282497801        6.971429    
   315.0000       8914.47089740918        6.971429    
   330.0000       8968.39102562465        6.971429    
   345.0000       8913.39182061805        6.971429    
  0.0000000E+00   8768.71036771229        6.971429    
 
  0.0000000E+00   7888.20630494704        7.092857    
   15.00000       7729.57448738789        7.092857    
   30.00000       7555.98557669935        7.092857    
   45.00000       7403.23629282955        7.092857    
   60.00000       7298.54716127492        7.092857    
   75.00000       7264.76791239306        7.092857    
   90.00000       7294.99188144334        7.092857    
   105.0000       7374.74262227139        7.092857    
   120.0000       7460.23369237029        7.092857    
   135.0000       7521.05052151332        7.092857    
   150.0000       7538.11021055831        7.092857    
   165.0000       7502.91584045429        7.092857    
   180.0000       7433.58386272405        7.092857    
   195.0000       7348.96944693769        7.092857    
   210.0000       7274.87931598033        7.092857    
   225.0000       7235.56960283240        7.092857    
   240.0000       7248.22607746145        7.092857    
   255.0000       7328.89125589155        7.092857    
   270.0000       7471.42500639775        7.092857    
   285.0000       7644.54336313972        7.092857    
   300.0000       7819.09721707748        7.092857    
   315.0000       7957.72193177920        7.092857    
   330.0000       8023.06924625177        7.092857    
   345.0000       7996.33986524437        7.092857    
  0.0000000E+00   7888.20630494704        7.092857    
 
  0.0000000E+00   7089.85237659312        7.214286    
   15.00000       6955.54634110129        7.214286    
   30.00000       6807.54150267095        7.214286    
   45.00000       6677.39083247418        7.214286    
   60.00000       6589.05020916935        7.214286    
   75.00000       6560.44953919514        7.214286    
   90.00000       6585.84210665939        7.214286    
   105.0000       6653.04148701990        7.214286    
   120.0000       6723.10918541716        7.214286    
   135.0000       6766.97090358177        7.214286    
   150.0000       6772.01393723554        7.214286    
   165.0000       6731.82092300998        7.214286    
   180.0000       6662.09775051180        7.214286    
   195.0000       6581.69828934923        7.214286    
   210.0000       6513.06990613669        7.214286    
   225.0000       6478.00012411048        7.214286    
   240.0000       6490.98495754347        7.214286    
   255.0000       6564.76735485311        7.214286    
   270.0000       6695.80245040330        7.214286    
   285.0000       6854.52930085318        7.214286    
   300.0000       7011.85811574593        7.214286    
   315.0000       7135.95214975060        7.214286    
   330.0000       7197.00778505057        7.214286    
   345.0000       7179.08817602467        7.214286    
  0.0000000E+00   7089.85237659312        7.214286    
 
  0.0000000E+00   6369.34520504938        7.335714    
   15.00000       6249.84190415795        7.335714    
   30.00000       6122.00514577417        7.335714    
   45.00000       6013.52756609025        7.335714    
   60.00000       5945.21128210354        7.335714    
   75.00000       5930.40337576597        7.335714    
   90.00000       5960.96892288468        7.335714    
   105.0000       6024.24931971330        7.335714    
   120.0000       6084.66224829190        7.335714    
   135.0000       6115.91359372036        7.335714    
   150.0000       6108.23185063510        7.335714    
   165.0000       6059.80225249386        7.335714    
   180.0000       5987.09469704888        7.335714    
   195.0000       5909.18008059337        7.335714    
   210.0000       5846.01762607682        7.335714    
   225.0000       5817.31608241612        7.335714    
   240.0000       5835.31708801136        7.335714    
   255.0000       5909.06327559359        7.335714    
   270.0000       6034.31450475659        7.335714    
   285.0000       6182.15343141906        7.335714    
   300.0000       6322.95533200355        7.335714    
   315.0000       6428.18801455765        7.335714    
   330.0000       6474.78308358838        7.335714    
   345.0000       6452.25338564923        7.335714    
  0.0000000E+00   6369.34520504938        7.335714    
 
  0.0000000E+00   5717.70594365909        7.457143    
   15.00000       5607.51363574287        7.457143    
   30.00000       5496.36968040571        7.457143    
   45.00000       5408.32920546460        7.457143    
   60.00000       5360.92510936365        7.457143    
   75.00000       5362.96634388645        7.457143    
   90.00000       5403.91889788941        7.457143    
   105.0000       5468.11668353804        7.457143    
   120.0000       5521.78565962036        7.457143    
   135.0000       5541.82248459413        7.457143    
   150.0000       5522.00688999772        7.457143    
   165.0000       5465.15813974892        7.457143    
   180.0000       5389.30394723456        7.457143    
   195.0000       5313.69562934553        7.457143    
   210.0000       5256.56578352586        7.457143    
   225.0000       5235.69563041536        7.457143    
   240.0000       5261.24796649499        7.457143    
   255.0000       5338.66280053302        7.457143    
   270.0000       5461.13071967067        7.457143    
   285.0000       5599.54253345296        7.457143    
   300.0000       5723.83312446598        7.457143    
   315.0000       5808.03505145540        7.457143    
   330.0000       5835.28949269580        7.457143    
   345.0000       5801.29826400986        7.457143    
  0.0000000E+00   5717.70594365909        7.457143    
 
  0.0000000E+00   5125.59542319371        7.578571    
   15.00000       5022.53172789240        7.578571    
   30.00000       4925.99303907100        7.578571    
   45.00000       4856.77771530018        7.578571    
   60.00000       4829.24354572771        7.578571    
   75.00000       4847.94948221475        7.578571    
   90.00000       4899.85732781036        7.578571    
   105.0000       4965.98932933861        7.578571    
   120.0000       5013.95588665039        7.578571    
   135.0000       5024.10454929981        7.578571    
   150.0000       4993.54563802847        7.578571    
   165.0000       4929.53778133748        7.578571    
   180.0000       4851.63340740522        7.578571    
   195.0000       4778.98362550342        7.578571    
   210.0000       4728.46434358331        7.578571    
   225.0000       4715.96120397506        7.578571    
   240.0000       4749.60946660228        7.578571    
   255.0000       4831.59596961939        7.578571    
   270.0000       4951.91448913671        7.578571    
   285.0000       5080.94954408841        7.578571    
   300.0000       5188.65512469686        7.578571    
   315.0000       5251.67500288893        7.578571    
   330.0000       5258.85032489813        7.578571    
   345.0000       5211.87011382007        7.578571    
  0.0000000E+00   5125.59542319371        7.578571    
 
  0.0000000E+00   4585.57446354763        7.700000    
   15.00000       4489.38871547607        7.700000    
   30.00000       4406.23125473849        7.700000    
   45.00000       4353.88434920268        7.700000    
   60.00000       4343.69353368126        7.700000    
   75.00000       4376.59758673981        7.700000    
   90.00000       4437.54610376620        7.700000    
   105.0000       4504.68760890088        7.700000    
   120.0000       4547.18303610769        7.700000    
   135.0000       4548.66882594942        7.700000    
   150.0000       4509.33733339392        7.700000    
   165.0000       4440.22849890529        7.700000    
   180.0000       4361.89720809098        7.700000    
   195.0000       4293.04574191292        7.700000    
   210.0000       4249.32628628663        7.700000    
   225.0000       4244.73799379261        7.700000    
   240.0000       4285.49078788209        7.700000    
   255.0000       4371.01895549725        7.700000    
   270.0000       4488.34376492247        7.700000    
   285.0000       4607.51574904916        7.700000    
   300.0000       4699.09666975565        7.700000    
   315.0000       4742.56739530050        7.700000    
   330.0000       4731.83271216955        7.700000    
   345.0000       4673.68092961223        7.700000    
  0.0000000E+00   4585.57446354763        7.700000    
 
  0.0000000E+00   4093.13602168431        7.821429    
   15.00000       4004.21036527211        7.821429    
   30.00000       3933.24417698681        7.821429    
   45.00000       3895.33392110568        7.821429    
   60.00000       3899.18119428695        7.821429    
   75.00000       3942.87977750850        7.821429    
   90.00000       4009.91318512009        7.821429    
   105.0000       4076.47496021520        7.821429    
   120.0000       4113.59167019165        7.821429    
   135.0000       4107.82107620168        7.821429    
   150.0000       4062.04007518639        7.821429    
   165.0000       3990.13921289570        7.821429    
   180.0000       3913.01182934890        7.821429    
   195.0000       3848.61168486208        7.821429    
   210.0000       3811.38911714985        7.821429    
   225.0000       3813.51384759672        7.821429    
   240.0000       3859.48929211763        7.821429    
   255.0000       3946.57985558538        7.821429    
   270.0000       4059.51327872588        7.821429    
   285.0000       4168.46352764262        7.821429    
   300.0000       4245.14221725009        7.821429    
   315.0000       4271.94362733419        7.821429    
   330.0000       4247.01600606371        7.821429    
   345.0000       4181.04856875805        7.821429    
  0.0000000E+00   4093.13602168431        7.821429    
 
  0.0000000E+00   3645.49977423275        7.942857    
   15.00000       3564.15163839423        7.942857    
   30.00000       3504.03435323632        7.942857    
   45.00000       3477.91543600147        7.942857    
   60.00000       3492.30470358571        7.942857    
   75.00000       3543.23804106294        7.942857    
   90.00000       3613.32995526993        7.942857    
   105.0000       3677.81858230656        7.942857    
   120.0000       3709.82621366217        7.942857    
   135.0000       3698.37785058734        7.942857    
   150.0000       3648.51639231068        7.942857    
   165.0000       3575.98871751310        7.942857    
   180.0000       3501.43039747855        7.942857    
   195.0000       3441.83495709317        7.942857    
   210.0000       3410.44512580192        7.942857    
   225.0000       3417.72538164083        7.942857    
   240.0000       3466.77594073523        7.942857    
   255.0000       3553.28089491142        7.942857    
   270.0000       3660.50000257660        7.942857    
   285.0000       3759.26395828893        7.942857    
   300.0000       3822.83558677985        7.942857    
   315.0000       3836.37750958657        7.942857    
   330.0000       3801.35799899968        7.942857    
   345.0000       3731.13871557364        7.942857    
  0.0000000E+00   3645.49977423275        7.942857    
 
  0.0000000E+00   3240.23439904573        8.064285    
   15.00000       3166.49270922084        8.064285    
   30.00000       3115.78584546093        8.064285    
   45.00000       3098.90157119449        8.064285    
   60.00000       3120.61001351121        8.064285    
   75.00000       3175.58672272910        8.064285    
   90.00000       3246.14524943097        8.064285    
   105.0000       3307.44977345898        8.064285    
   120.0000       3334.81026134183        8.064285    
   135.0000       3319.27089999098        8.064285    
   150.0000       3267.47451171421        8.064285    
   165.0000       3196.12684892838        8.064285    
   180.0000       3125.15586291006        8.064285    
   195.0000       3070.46188075992        8.064285    
   210.0000       3044.08590737689        8.064285    
   225.0000       3054.96290440446        8.064285    
   240.0000       3105.11099580330        8.064285    
   255.0000       3189.16550563928        8.064285    
   270.0000       3289.69821241490        8.064285    
   285.0000       3378.67095170901        8.064285    
   300.0000       3431.14265069324        8.064285    
   315.0000       3434.74595507603        8.064285    
   330.0000       3393.36957956142        8.064285    
   345.0000       3321.96414998521        8.064285    
  0.0000000E+00   3240.23439904573        8.064285    
 
  0.0000000E+00   2874.51266283196        8.185715    
   15.00000       2808.14702503766        8.185715    
   30.00000       2765.45188693533        8.185715    
   45.00000       2755.55121051685        8.185715    
   60.00000       2781.87483026953        8.185715    
   75.00000       2838.30214874037        8.185715    
   90.00000       2907.33085679025        8.185715    
   105.0000       2964.73825502327        8.185715    
   120.0000       2988.00695309866        8.185715    
   135.0000       2969.81008804743        8.185715    
   150.0000       2917.85132944714        8.185715    
   165.0000       2849.07039169426        8.185715    
   180.0000       2782.38083414957        8.185715    
   195.0000       2732.51669532490        8.185715    
   210.0000       2710.34693563731        8.185715    
   225.0000       2723.47294083606        8.185715    
   240.0000       2773.11750639344        8.185715    
   255.0000       2853.30611565251        8.185715    
   270.0000       2946.56787480690        8.185715    
   285.0000       3026.35655996476        8.185715    
   300.0000       3069.64514397963        8.185715    
   315.0000       3066.18064450382        8.185715    
   330.0000       3021.48728859672        8.185715    
   345.0000       2951.23679951700        8.185715    
  0.0000000E+00   2874.51266283196        8.185715    
 
  0.0000000E+00   2545.05864376100        8.307143    
   15.00000       2485.67787282115        8.307143    
   30.00000       2449.73500137937        8.307143    
   45.00000       2444.96035894558        8.307143    
   60.00000       2473.77191126446        8.307143    
   75.00000       2529.68101918190        8.307143    
   90.00000       2595.75118706845        8.307143    
   105.0000       2648.86349773872        8.307143    
   120.0000       2668.59777023192        8.307143    
   135.0000       2648.93855307181        8.307143    
   150.0000       2598.18325422229        8.307143    
   165.0000       2532.96346887375        8.307143    
   180.0000       2470.98597560320        8.307143    
   195.0000       2425.78731069924        8.307143    
   210.0000       2407.11410558186        8.307143    
   225.0000       2421.42468390905        8.307143    
   240.0000       2469.37777368831        8.307143    
   255.0000       2544.72971960104        8.307143    
   270.0000       2630.45659215039        8.307143    
   285.0000       2701.74704161104        8.307143    
   300.0000       2737.51951894423        8.307143    
   315.0000       2729.28965142379        8.307143    
   330.0000       2683.58297268763        8.307143    
   345.0000       2616.13920989057        8.307143    
  0.0000000E+00   2545.05864376100        8.307143    
 
  0.0000000E+00   2248.41010217827        8.428572    
   15.00000       2195.54704393513        8.428572    
   30.00000       2165.27593343541        8.428572    
   45.00000       2164.15709496052        8.428572    
   60.00000       2193.85488286504        8.428572    
   75.00000       2247.82435991840        8.428572    
   90.00000       2309.97552506766        8.428572    
   105.0000       2358.61828696451        8.428572    
   120.0000       2375.32659037019        8.428572    
   135.0000       2355.14704963867        8.428572    
   150.0000       2306.59159349389        8.428572    
   165.0000       2245.60093863016        8.428572    
   180.0000       2188.56487913990        8.428572    
   195.0000       2147.82078492732        8.428572    
   210.0000       2132.05646943459        8.428572    
   225.0000       2146.75845105445        8.428572    
   240.0000       2192.19596188520        8.428572    
   255.0000       2262.10995720946        8.428572    
   270.0000       2340.27153793051        8.428572    
   285.0000       2403.74751305182        8.428572    
   300.0000       2433.37929280634        8.428572    
   315.0000       2422.14737101301        8.428572    
   330.0000       2377.09084846645        8.428572    
   345.0000       2313.54763093346        8.428572    
  0.0000000E+00   2248.41010217827        8.428572    
 
  0.0000000E+00   1981.21493623041        8.550000    
   15.00000       1934.37958080730        8.550000    
   30.00000       1908.87627827784        8.550000    
   45.00000       1910.27843690309        8.550000    
   60.00000       1939.69495687778        8.550000    
   75.00000       1990.74431591518        8.550000    
   90.00000       2048.37639155565        8.550000    
   105.0000       2092.52745002974        8.550000    
   120.0000       2106.65304404480        8.550000    
   135.0000       2086.66702781703        8.550000    
   150.0000       2041.00187497321        8.550000    
   165.0000       1984.65135518353        8.550000    
   180.0000       1932.63577032832        8.550000    
   195.0000       1896.11319334211        8.550000    
   210.0000       1882.78320123663        8.550000    
   225.0000       1897.30771276551        8.550000    
   240.0000       1939.69377861344        8.550000    
   255.0000       2003.85054194021        8.550000    
   270.0000       2074.57667582951        8.550000    
   285.0000       2130.88435243580        8.550000    
   300.0000       2155.48247413907        8.550000    
   315.0000       2142.56196117639        8.550000    
   330.0000       2099.31211447830        8.550000    
   345.0000       2040.34366589879        8.550000    
  0.0000000E+00   1981.21493623041        8.550000    
 
  0.0000000E+00   1740.40571629822        8.671429    
   15.00000       1699.11409981551        8.671429    
   30.00000       1677.63060875095        8.671429    
   45.00000       1680.69115921459        8.671429    
   60.00000       1708.99983165201        8.671429    
   75.00000       1756.48866223597        8.671429    
   90.00000       1809.27016706016        8.671429    
   105.0000       1849.01006491800        8.671429    
   120.0000       1860.93175940835        8.671429    
   135.0000       1841.66308559445        8.671429    
   150.0000       1799.33771045449        8.671429    
   165.0000       1747.84177526723        8.671429    
   180.0000       1700.81402201751        8.671429    
   195.0000       1668.26911331908        8.671429    
   210.0000       1656.99189433288        8.671429    
   225.0000       1670.94333486779        8.671429    
   240.0000       1709.95941034143        8.671429    
   255.0000       1768.24645249533        8.671429    
   270.0000       1831.77433341538        8.671429    
   285.0000       1881.51182267979        8.671429    
   300.0000       1901.95982709870        8.671429    
   315.0000       1888.31119593821        8.671429    
   330.0000       1847.64116801346        8.671429    
   345.0000       1793.61696798983        8.671429    
  0.0000000E+00   1740.40571629822        8.671429    
 
  0.0000000E+00   1523.25106019795        8.792857    
   15.00000       1487.03900757326        8.792857    
   30.00000       1468.95793556405        8.792857    
   45.00000       1473.02859562866        8.792857    
   60.00000       1499.66401033196        8.792857    
   75.00000       1543.20823574775        8.792857    
   90.00000       1591.00417838346        8.792857    
   105.0000       1626.48220197560        8.792857    
   120.0000       1636.52157297433        8.792857    
   135.0000       1618.34173322050        8.792857    
   150.0000       1579.62012727253        8.792857    
   165.0000       1533.04517091493        8.792857    
   180.0000       1490.89057861408        8.792857    
   195.0000       1462.07506762138        8.792857    
   210.0000       1452.54209164513        8.792857    
   225.0000       1465.65426481348        8.792857    
   240.0000       1501.14138108656        8.792857    
   255.0000       1553.59439187083        8.792857    
   270.0000       1610.23165388160        8.792857    
   285.0000       1653.94957314306        8.792857    
   300.0000       1670.95336372661        8.792857    
   315.0000       1657.26787431161        8.792857    
   330.0000       1619.66683280548        8.792857    
   345.0000       1570.73917043471        8.792857    
  0.0000000E+00   1523.25106019795        8.792857    
 
  0.0000000E+00   1327.34624748184        8.914286    
   15.00000       1295.77609577677        8.914286    
   30.00000       1280.58712665843        8.914286    
   45.00000       1285.18589421383        8.914286    
   60.00000       1309.78009649447        8.914286    
   75.00000       1349.18626337854        8.914286    
   90.00000       1392.00332520059        8.914286    
   105.0000       1423.41339228139        8.914286    
   120.0000       1431.84277265374        8.914286    
   135.0000       1415.00344887113        8.914286    
   150.0000       1380.00909328616        8.914286    
   165.0000       1338.31146656163        8.914286    
   180.0000       1300.85615852566        8.914286    
   195.0000       1275.52149716994        8.914286    
   210.0000       1267.48073661890        8.914286    
   225.0000       1279.58303090239        8.914286    
   240.0000       1311.49801371359        8.914286    
   255.0000       1358.25726189689        8.914286    
   270.0000       1408.35616318912        8.914286    
   285.0000       1446.56151489522        8.914286    
   300.0000       1460.68806101066        8.914286    
   315.0000       1447.45432863454        8.914286    
   330.0000       1413.20336969753        8.914286    
   345.0000       1369.37117638007        8.914286    
  0.0000000E+00   1327.34624748184        8.914286    
 
  0.0000000E+00   1150.57154038109        9.035714    
   15.00000       1123.23457657183        9.035714    
   30.00000       1110.51449402791        9.035714    
   45.00000       1115.28759598656        9.035714    
   60.00000       1137.62057068578        9.035714    
   75.00000       1172.83509723340        9.035714    
   90.00000       1210.78023795557        9.035714    
   105.0000       1238.34371778024        9.035714    
   120.0000       1245.39359117808        9.035714    
   135.0000       1230.05339670205        9.035714    
   150.0000       1198.80484536953        9.035714    
   165.0000       1161.86082708932        9.035714    
   180.0000       1128.88979804227        9.035714    
   195.0000       1106.79046007583        9.035714    
   210.0000       1100.03364439479        9.035714    
   225.0000       1111.02545471051        9.035714    
   240.0000       1139.40802987346        9.035714    
   255.0000       1180.68581646003        9.035714    
   270.0000       1224.62476705870        9.035714    
   285.0000       1257.78544367215        9.035714    
   300.0000       1269.49357195942        9.035714    
   315.0000       1257.04825050272        9.035714    
   330.0000       1226.27699207138        9.035714    
   345.0000       1187.43271510359        9.035714    
  0.0000000E+00   1150.57154038109        9.035714    
 
  0.0000000E+00   990.991931933821        9.157143    
   15.00000       967.509949279770        9.157143    
   30.00000       956.907459219762        9.157143    
   45.00000       961.600650503561        9.157143    
   60.00000       981.563089202875        9.157143    
   75.00000       1012.63396230935        9.157143    
   90.00000       1045.88331347375        9.157143    
   105.0000       1069.83613581632        9.157143    
   120.0000       1075.70076517029        9.157143    
   135.0000       1061.94564328086        9.157143    
   150.0000       1034.38317599817        9.157143    
   165.0000       1002.01109931915        9.157143    
   180.0000       973.281444776968        9.157143    
   195.0000       954.176930156585        9.157143    
   210.0000       948.529589294210        9.157143    
   225.0000       958.361172830129        9.157143    
   240.0000       983.309490558485        9.157143    
   255.0000       1019.36603940282        9.157143    
   270.0000       1057.53620735539        9.157143    
   285.0000       1086.08487600432        9.157143    
   300.0000       1095.74901665695        9.157143    
   315.0000       1084.31553612113        9.157143    
   330.0000       1057.04499741636        9.157143    
   345.0000       1023.00918439302        9.157143    
  0.0000000E+00   990.991931933821        9.157143    
 
  0.0000000E+00   847.026960642902        9.278572    
   15.00000       827.048831730564        9.278572    
   30.00000       818.268310749384        9.278572    
   45.00000       822.700901110876        9.278572    
   60.00000       840.262833752412        9.278572    
   75.00000       867.308845689001        9.278572    
   90.00000       896.084587402082        9.278572    
   105.0000       916.669473065728        9.278572    
   120.0000       921.514384955527        9.278572    
   135.0000       909.377320793458        9.278572    
   150.0000       885.387064230839        9.278572    
   165.0000       857.367783395268        9.278572    
   180.0000       832.621786914914        9.278572    
   195.0000       816.280269297140        9.278572    
   210.0000       811.595689054975        9.278572    
   225.0000       820.254757019175        9.278572    
   240.0000       841.907530269964        9.278572    
   255.0000       873.033509835498        9.278572    
   270.0000       905.829516849517        9.278572    
   285.0000       930.167344035377        9.278572    
   300.0000       938.095769669961        9.278572    
   315.0000       927.812782586368        9.278572    
   330.0000       903.985610640545        9.278572    
   345.0000       874.530010793171        9.278572    
  0.0000000E+00   847.026960642902        9.278572    
 
  0.0000000E+00   717.190367301483        9.400000    
   15.00000       700.392438511919        9.400000    
   30.00000       693.185111034816        9.400000    
   45.00000       697.233724995837        9.400000    
   60.00000       712.423576245326        9.400000    
   75.00000       735.612713970611        9.400000    
   90.00000       760.165864211370        9.400000    
   105.0000       777.625446743361        9.400000    
   120.0000       781.591163195500        9.400000    
   135.0000       771.064582154734        9.400000    
   150.0000       750.494000195818        9.400000    
   165.0000       726.583610263339        9.400000    
   180.0000       705.556180029577        9.400000    
   195.0000       691.755264754849        9.400000    
   210.0000       687.908492213574        9.400000    
   225.0000       695.409340141311        9.400000    
   240.0000       713.931835967574        9.400000    
   255.0000       740.434696969797        9.400000    
   270.0000       768.247002495425        9.400000    
   285.0000       788.745834679456        9.400000    
   300.0000       795.194161397196        9.400000    
   315.0000       786.137350699137        9.400000    
   330.0000       765.641741844230        9.400000    
   345.0000       740.508493387028        9.400000    
  0.0000000E+00   717.190367301483        9.400000    
 
  0.0000000E+00   600.142261391808        9.521429    
   15.00000       586.227030491763        9.521429    
   30.00000       580.382599439429        9.521429    
   45.00000       583.967432389461        9.521429    
   60.00000       596.855131972401        9.521429    
   75.00000       616.387854967645        9.521429    
   90.00000       636.985884844095        9.521429    
   105.0000       651.558593607253        9.521429    
   120.0000       654.764928576710        9.521429    
   135.0000       645.811697888678        9.521429    
   150.0000       628.482603023097        9.521429    
   165.0000       608.422841077836        9.521429    
   180.0000       590.847155701309        9.521429    
   195.0000       579.374523015062        9.521429    
   210.0000       576.258301580174        9.521429    
   225.0000       582.633958592800        9.521429    
   240.0000       598.210459468403        9.521429    
   255.0000       620.406455985973        9.521429    
   270.0000       643.615264007484        9.521429    
   285.0000       660.618449523302        9.521429    
   300.0000       665.798232974412        9.521429    
   315.0000       657.995502377574        9.521429    
   330.0000       640.682826445590        9.521429    
   345.0000       619.597921364987        9.521429    
  0.0000000E+00   600.142261391808        9.521429    
 
  0.0000000E+00   494.677962366357        9.642858    
   15.00000       483.372587791329        9.642858    
   30.00000       478.712635043448        9.642858    
   45.00000       481.787021236995        9.642858    
   60.00000       492.471533727181        9.642858    
   75.00000       508.568045143015        9.642858    
   90.00000       525.484578585394        9.642858    
   105.0000       537.400932648389        9.642858    
   120.0000       539.949917152105        9.642858    
   135.0000       532.511817906744        9.642858    
   150.0000       518.230964667263        9.642858    
   165.0000       501.759331709976        9.642858    
   180.0000       487.375856866140        9.642858    
   195.0000       478.032424980891        9.642858    
   210.0000       475.553771215256        9.642858    
   225.0000       480.849822498037        9.642858    
   240.0000       493.665043998831        9.642858    
   255.0000       511.863829662442        9.642858    
   270.0000       530.837447330816        9.642858    
   285.0000       544.665133571307        9.642858    
   300.0000       548.757671912601        9.642858    
   315.0000       542.204851443966        9.642858    
   330.0000       527.900922153220        9.642858    
   345.0000       510.582440413522        9.642858    
  0.0000000E+00   494.677962366357        9.642858    
 
  0.0000000E+00   399.710859737469        9.764286    
   15.00000       390.764194974016        9.764286    
   30.00000       387.135628936896        9.764286    
   45.00000       389.677283352339        9.764286    
   60.00000       398.276058401305        9.764286    
   75.00000       411.166652358982        9.764286    
   90.00000       424.675750894500        9.764286    
   105.0000       434.157044247409        9.764286    
   120.0000       436.134764381854        9.764286    
   135.0000       430.137399100598        9.764286    
   150.0000       418.701175512848        9.764286    
   165.0000       405.551961675991        9.764286    
   180.0000       394.103339676761        9.764286    
   195.0000       386.699069884615        9.764286    
   210.0000       384.777739229359        9.764286    
   225.0000       389.049096384458        9.764286    
   240.0000       399.299375615801        9.764286    
   255.0000       413.811372558474        9.764286    
   270.0000       428.901544312081        9.764286    
   285.0000       439.848513743628        9.764286    
   300.0000       443.004630190069        9.764286    
   315.0000       437.672596501903        9.764286    
   330.0000       426.192942141519        9.764286    
   345.0000       412.362626025583        9.764286    
  0.0000000E+00   399.710859737469        9.764286    
 
  0.0000000E+00   314.255333428215        9.885715    
   15.00000       307.440519357496        9.885715    
   30.00000       304.713643752798        9.885715    
   45.00000       306.717384453425        9.885715    
   60.00000       313.357970712172        9.885715    
   75.00000       323.274417940439        9.885715    
   90.00000       333.642810391694        9.885715    
   105.0000       340.897189719467        9.885715    
   120.0000       342.378842733282        9.885715    
   135.0000       337.740136406481        9.885715    
   150.0000       328.944650248821        9.885715    
   165.0000       318.859725119661        9.885715    
   180.0000       310.102312443134        9.885715    
   195.0000       304.460959121951        9.885715    
   210.0000       303.026524395038        9.885715    
   225.0000       306.332691544395        9.885715    
   240.0000       314.209439162419        9.885715    
   255.0000       325.332134509621        9.885715    
   270.0000       336.872136669548        9.885715    
   285.0000       345.210118435974        9.885715    
   300.0000       347.557755141060        9.885715    
   315.0000       343.399359809717        9.885715    
   330.0000       334.550355688793        9.885715    
   345.0000       323.934259534157        9.885715    
  0.0000000E+00   314.255333428215        9.885715    
 
  0.0000000E+00   237.418410078507        10.00714    
   15.00000       232.525731306750        10.00714    
   30.00000       230.587662586516        10.00714    
   45.00000       232.062505985639        10.00714    
   60.00000       236.879517826389        10.00714    
   75.00000       244.053140995612        10.00714    
   90.00000       251.541315056499        10.00714    
   105.0000       256.768154865252        10.00714    
   120.0000       257.818376994858        10.00714    
   135.0000       254.450727151577        10.00714    
   150.0000       248.093761014405        10.00714    
   165.0000       240.822629852631        10.00714    
   180.0000       234.523651357710        10.00714    
   195.0000       230.480357933435        10.00714    
   210.0000       229.471033018345        10.00714    
   225.0000       231.874068881484        10.00714    
   240.0000       237.564122134842        10.00714    
   255.0000       245.582370430014        10.00714    
   270.0000       253.886530051316        10.00714    
   285.0000       259.866018844385        10.00714    
   300.0000       261.514256436185        10.00714    
   315.0000       258.470637863502        10.00714    
   330.0000       252.057242059087        10.00714    
   345.0000       244.390051119261        10.00714    
  0.0000000E+00   237.418410078507        10.00714    
 
  0.0000000E+00   168.399113758819        10.12857    
   15.00000       165.238148474747        10.12857    
   30.00000       163.991190042714        10.12857    
   45.00000       164.953695828584        10.12857    
   60.00000       168.080899204887        10.12857    
   75.00000       172.734355501072        10.12857    
   90.00000       177.589233756854        10.12857    
   105.0000       180.974273617117        10.12857    
   120.0000       181.650005322747        10.12857    
   135.0000       179.465433079185        10.12857    
   150.0000       175.352122751545        10.12857    
   165.0000       170.656829837059        10.12857    
   180.0000       166.597778764991        10.12857    
   195.0000       164.000215266552        10.12857    
   210.0000       163.361887944476        10.12857    
   225.0000       164.924279186940        10.12857    
   240.0000       168.606776151510        10.12857    
   255.0000       173.789515387674        10.12857    
   270.0000       179.150947079410        10.12857    
   285.0000       183.001208389455        10.12857    
   300.0000       184.043196418881        10.12857    
   315.0000       182.048969253644        10.12857    
   330.0000       177.880436570261        10.12857    
   345.0000       172.910345574152        10.12857    
  0.0000000E+00   168.399113758819        10.12857    
 
  0.0000000E+00   106.451460796838        10.25000    
   15.00000       104.849894390848        10.25000    
   30.00000       104.207875017893        10.25000    
   45.00000       104.676737091273        10.25000    
   60.00000       106.239668027837        10.25000    
   75.00000       108.579073040045        10.25000    
   90.00000       111.028401664882        10.25000    
   105.0000       112.742917502275        10.25000    
   120.0000       113.096901789969        10.25000    
   135.0000       112.014723505759        10.25000    
   150.0000       109.966385118635        10.25000    
   165.0000       107.628901122334        10.25000    
   180.0000       105.610089855417        10.25000    
   195.0000       104.320089946797        10.25000    
   210.0000       104.005519639220        10.25000    
   225.0000       104.787298608530        10.25000    
   240.0000       106.628840408618        10.25000    
   255.0000       109.223118142801        10.25000    
   270.0000       111.908480552890        10.25000    
   285.0000       113.835258310476        10.25000    
   300.0000       114.350161100777        10.25000    
   315.0000       113.338739684088        10.25000    
   330.0000       111.234930628629        10.25000    
   345.0000       108.728478815995        10.25000    
  0.0000000E+00   106.451460796838        10.25000    
 
