  0.0000000E+00   33358.9613020720        6.000000    
   22.50000       34732.1113770359        6.000000    
   45.00000       38147.2444048652        6.000000    
   67.50000       41462.3276972521        6.000000    
   90.00000       44486.5240935986        6.000000    
   112.5000       48206.7099344469        6.000000    
   135.0000       52747.1159381431        6.000000    
   157.5000       55821.3595534849        6.000000    
   180.0000       56286.9755312853        6.000000    
   202.5000       55151.7962712389        6.000000    
   225.0000       53055.5114493151        6.000000    
   247.5000       51341.8136246966        6.000000    
   270.0000       50085.9261338231        6.000000    
   292.5000       45892.3806747325        6.000000    
   315.0000       40064.4372290420        6.000000    
   337.5000       35391.8473803648        6.000000    
  0.0000000E+00   33358.9613020720        6.000000    
 
  0.0000000E+00   30011.8693478973        6.283333    
   22.50000       31164.3864011450        6.283333    
   45.00000       33982.7530413901        6.283333    
   67.50000       36681.0497643446        6.283333    
   90.00000       39153.4917060640        6.283333    
   112.5000       42209.5783683665        6.283333    
   135.0000       45536.0419290236        6.283333    
   157.5000       47438.0433089079        6.283333    
   180.0000       47727.6313328516        6.283333    
   202.5000       46784.9965135552        6.283333    
   225.0000       45038.4328294138        6.283333    
   247.5000       43552.0761593373        6.283333    
   270.0000       42629.0561690737        6.283333    
   292.5000       39906.8636671327        6.283333    
   315.0000       35400.3360316832        6.283333    
   337.5000       31652.8526558962        6.283333    
  0.0000000E+00   30011.8693478973        6.283333    
 
  0.0000000E+00   26436.4691121074        6.566667    
   22.50000       26808.2260596039        6.566667    
   45.00000       28519.1555288116        6.566667    
   67.50000       30337.3784683398        6.566667    
   90.00000       32057.5153603665        6.566667    
   112.5000       34125.6675108682        6.566667    
   135.0000       36195.0345659146        6.566667    
   157.5000       37535.2372611981        6.566667    
   180.0000       37985.2805727767        6.566667    
   202.5000       37605.0162071327        6.566667    
   225.0000       36524.3208507083        6.566667    
   247.5000       35395.9467642659        6.566667    
   270.0000       34722.4582693093        6.566667    
   292.5000       33291.9732004993        6.566667    
   315.0000       30595.1601479661        6.566667    
   337.5000       27950.7062020190        6.566667    
  0.0000000E+00   26436.4691121074        6.566667    
 
  0.0000000E+00   22646.1949501653        6.850000    
   22.50000       22361.0096284282        6.850000    
   45.00000       23071.3730384372        6.850000    
   67.50000       24101.0748672174        6.850000    
   90.00000       25163.3206142433        6.850000    
   112.5000       26392.6159774217        6.850000    
   135.0000       27657.6291664148        6.850000    
   157.5000       28628.3275901725        6.850000    
   180.0000       29156.6119314467        6.850000    
   202.5000       29210.5485085203        6.850000    
   225.0000       28734.2192110359        6.850000    
   247.5000       27990.5298629065        6.850000    
   270.0000       27502.2422594601        6.850000    
   292.5000       26851.5716082283        6.850000    
   315.0000       25533.0760307936        6.850000    
   337.5000       23946.5373902237        6.850000    
  0.0000000E+00   22646.1949501653        6.850000    
 
  0.0000000E+00   18657.1851482003        7.133333    
   22.50000       18241.1329076440        7.133333    
   45.00000       18466.1365172668        7.133333    
   67.50000       19022.4326499823        7.133333    
   90.00000       19675.2630943346        7.133333    
   112.5000       20411.6954774177        7.133333    
   135.0000       21186.4961151368        7.133333    
   157.5000       21825.3195315717        7.133333    
   180.0000       22230.9400094607        7.133333    
   202.5000       22379.2985991308        7.133333    
   225.0000       22188.9981413079        7.133333    
   247.5000       21729.4692573366        7.133333    
   270.0000       21383.2935341352        7.133333    
   292.5000       21065.4993499804        7.133333    
   315.0000       20449.8805226573        7.133333    
   337.5000       19562.3016709223        7.133333    
  0.0000000E+00   18657.1851482003        7.133333    
 
  0.0000000E+00   14915.5241921862        7.416667    
   22.50000       14671.2173690397        7.416667    
   45.00000       14823.4620150305        7.416667    
   67.50000       15205.5488779669        7.416667    
   90.00000       15667.2389876295        7.416667    
   112.5000       16165.6772466711        7.416667    
   135.0000       16657.4613152018        7.416667    
   157.5000       17033.0656470953        7.416667    
   180.0000       17249.9369226335        7.416667    
   202.5000       17300.0560144511        7.416667    
   225.0000       17134.5715126932        7.416667    
   247.5000       16808.2166829627        7.416667    
   270.0000       16567.2007021996        7.416667    
   292.5000       16366.1611465500        7.416667    
   315.0000       16004.2912621822        7.416667    
   337.5000       15460.6572072711        7.416667    
  0.0000000E+00   14915.5241921862        7.416667    
 
  0.0000000E+00   11752.2896310627        7.700000    
   22.50000       11699.7839923186        7.700000    
   45.00000       11886.3779205049        7.700000    
   67.50000       12201.9164751543        7.700000    
   90.00000       12559.7613960279        7.700000    
   112.5000       12917.1174844409        7.700000    
   135.0000       13219.9919433413        7.700000    
   157.5000       13401.1405009238        7.700000    
   180.0000       13456.3711706169        7.700000    
   202.5000       13388.0961797394        7.700000    
   225.0000       13189.8144012948        7.700000    
   247.5000       12937.9581609933        7.700000    
   270.0000       12772.5949661021        7.700000    
   292.5000       12621.8596519595        7.700000    
   315.0000       12367.1976944162        7.700000    
   337.5000       12027.8503743622        7.700000    
  0.0000000E+00   11752.2896310627        7.700000    
 
  0.0000000E+00   9167.04951826297        7.983334    
   22.50000       9219.76439968084        7.983334    
   45.00000       9408.71804619632        7.983334    
   67.50000       9663.59709457455        7.983334    
   90.00000       9935.73892826267        7.983334    
   112.5000       10183.9599333590        7.983334    
   135.0000       10353.2539598429        7.983334    
   157.5000       10407.5803193723        7.983334    
   180.0000       10361.5858812576        7.983334    
   202.5000       10227.7116486962        7.983334    
   225.0000       10030.8448558707        7.983334    
   247.5000       9845.63708312289        7.983334    
   270.0000       9735.88182019610        7.983334    
   292.5000       9626.35059847961        7.983334    
   315.0000       9457.62834274418        7.983334    
   337.5000       9269.64441817043        7.983334    
  0.0000000E+00   9167.04951826297        7.983334    
 
  0.0000000E+00   7084.70868460374        8.266666    
   22.50000       7171.02517758088        8.266666    
   45.00000       7332.63985598804        8.266666    
   67.50000       7527.76964757562        8.266666    
   90.00000       7727.66043323248        8.266666    
   112.5000       7893.68296288192        8.266666    
   135.0000       7977.75526830898        8.266666    
   157.5000       7963.33949357244        8.266666    
   180.0000       7871.66778367765        8.266666    
   202.5000       7724.03712509724        8.266666    
   225.0000       7556.15890568739        8.266666    
   247.5000       7425.56499181103        8.266666    
   270.0000       7355.44968736960        8.266666    
   292.5000       7284.36286566743        8.266666    
   315.0000       7186.20147247949        8.266666    
   337.5000       7097.99677056466        8.266666    
  0.0000000E+00   7084.70868460374        8.266666    
 
  0.0000000E+00   5423.80055374316        8.550000    
   22.50000       5509.49825120442        8.550000    
   45.00000       5636.43743323943        8.550000    
   67.50000       5780.87721092484        8.550000    
   90.00000       5924.43761989386        8.550000    
   112.5000       6032.99735333698        8.550000    
   135.0000       6067.92385322909        8.550000    
   157.5000       6023.35892698690        8.550000    
   180.0000       5922.08368090990        8.550000    
   202.5000       5787.21609710263        8.550000    
   225.0000       5655.01809673320        8.550000    
   247.5000       5565.08345650238        8.550000    
   270.0000       5521.67150501242        8.550000    
   292.5000       5480.30604165484        8.550000    
   315.0000       5430.74025703068        8.550000    
   337.5000       5399.42856325142        8.550000    
  0.0000000E+00   5423.80055374316        8.550000    
 
  0.0000000E+00   4101.48847394855        8.833333    
   22.50000       4174.04438887719        8.833333    
   45.00000       4269.31392291340        8.833333    
   67.50000       4374.05135401200        8.833333    
   90.00000       4475.69776573394        8.833333    
   112.5000       4545.85399077673        8.833333    
   135.0000       4555.05472716522        8.833333    
   157.5000       4502.86882996590        8.833333    
   180.0000       4409.78708403488        8.833333    
   202.5000       4298.08385883580        8.833333    
   225.0000       4198.79796653049        8.833333    
   247.5000       4137.49832916443        8.833333    
   270.0000       4111.15596370886        8.833333    
   292.5000       4089.51680352108        8.833333    
   315.0000       4068.97252851320        8.833333    
   337.5000       4065.84822623488        8.833333    
  0.0000000E+00   4101.48847394855        8.833333    
 
  0.0000000E+00   3050.66185314136        9.116667    
   22.50000       3107.35552121412        9.116667    
   45.00000       3176.75214793340        9.116667    
   67.50000       3251.45926189898        9.116667    
   90.00000       3322.56113185038        9.116667    
   112.5000       3367.66805253481        9.116667    
   135.0000       3365.17551054475        9.116667    
   157.5000       3316.93843106676        9.116667    
   180.0000       3239.85332445036        9.116667    
   202.5000       3153.15553220408        9.116667    
   225.0000       3081.06022199852        9.116667    
   247.5000       3039.43874162112        9.116667    
   270.0000       3023.44929355257        9.116667    
   292.5000       3013.16881557306        9.116667    
   315.0000       3007.58994626068        9.116667    
   337.5000       3016.11976110483        9.116667    
  0.0000000E+00   3050.66185314136        9.116667    
 
  0.0000000E+00   2216.77822196881        9.400000    
   22.50000       2258.55985958809        9.400000    
   45.00000       2307.67223157684        9.400000    
   67.50000       2359.82884002835        9.400000    
   90.00000       2408.66846679281        9.400000    
   112.5000       2437.51050433537        9.400000    
   135.0000       2431.17545128362        9.400000    
   157.5000       2392.10887726465        9.400000    
   180.0000       2333.14514248098        9.400000    
   202.5000       2269.58293604638        9.400000    
   225.0000       2218.97773518229        9.400000    
   247.5000       2190.87532698683        9.400000    
   270.0000       2180.82269992456        9.400000    
   292.5000       2176.26201417292        9.400000    
   315.0000       2177.08826274090        9.400000    
   337.5000       2188.35347950151        9.400000    
  0.0000000E+00   2216.77822196881        9.400000    
 
  0.0000000E+00   1556.01306797057        9.683333    
   22.50000       1585.08263365667        9.683333    
   45.00000       1618.36710932212        9.683333    
   67.50000       1653.35660392400        9.683333    
   90.00000       1685.67346559589        9.683333    
   112.5000       1703.76363965057        9.683333    
   135.0000       1697.56374953402        9.683333    
   157.5000       1669.27122992472        9.683333    
   180.0000       1627.97914343500        9.683333    
   202.5000       1584.39793263890        9.683333    
   225.0000       1550.47738132567        9.683333    
   247.5000       1531.81929785246        9.683333    
   270.0000       1525.20078182230        9.683333    
   292.5000       1522.98096906722        9.683333    
   315.0000       1525.38450326141        9.683333    
   337.5000       1535.11887993104        9.683333    
  0.0000000E+00   1556.01306797057        9.683333    
 
  0.0000000E+00   1032.41347911428        9.966667    
   22.50000       1050.85753443938        9.966667    
   45.00000       1071.66165998635        9.966667    
   67.50000       1093.29280618320        9.966667    
   90.00000       1113.01104746596        9.966667    
   112.5000       1123.73287416690        9.966667    
   135.0000       1119.48340733424        9.966667    
   157.5000       1101.78570659064        9.966667    
   180.0000       1076.24937518243        9.966667    
   202.5000       1049.42295435990        9.966667    
   225.0000       1028.56844594889        9.966667    
   247.5000       1016.79563963278        9.966667    
   270.0000       1012.16734499263        9.966667    
   292.5000       1010.49208438750        9.966667    
   315.0000       1012.22542578746        9.966667    
   337.5000       1018.84045079757        9.966667    
  0.0000000E+00   1032.41347911428        9.966667    
 
  0.0000000E+00   615.110944146401        10.25000    
   22.50000       624.635479818012        10.25000    
   45.00000       635.240079577700        10.25000    
   67.50000       646.068963827834        10.25000    
   90.00000       655.824407730495        10.25000    
   112.5000       661.208731834906        10.25000    
   135.0000       659.463935233175        10.25000    
   157.5000       651.308955845777        10.25000    
   180.0000       639.229618636683        10.25000    
   202.5000       626.197568056506        10.25000    
   225.0000       615.711583505817        10.25000    
   247.5000       609.260932351944        10.25000    
   270.0000       606.061673212194        10.25000    
   292.5000       604.386008776112        10.25000    
   315.0000       604.805836439772        10.25000    
   337.5000       608.086131583678        10.25000    
  0.0000000E+00   615.110944146401        10.25000    
 
