  0.0000000E+00   3485.04929970514     
   22.50000       3461.58635297249     
   45.00000       3487.40901018696     
   67.50000       3514.13586521681     
   90.00000       3548.95652141595     
   112.5000       3633.03969290187     
   135.0000       3732.28575629689     
   157.5000       3849.02348530208     
   180.0000       3970.64944469184     
   202.5000       3979.47876547210     
   225.0000       3943.67286559580     
   247.5000       3865.41253057977     
   270.0000       3751.06099331185     
   292.5000       3664.23644034919     
   315.0000       3580.26207090554     
   337.5000       3520.95635598627     
   360.0000       3485.04929970514     
   360.0000       2986.56140666577     
   382.5000       2970.88961832850     
   405.0000       2991.23039531571     
   427.5000       3019.14974866664     
   450.0000       3047.28806238305     
   472.5000       3107.84957198019     
   495.0000       3178.98759407543     
   517.5000       3258.96540436577     
   540.0000       3357.05131295561     
   562.5000       3385.74739585628     
   585.0000       3378.18752815170     
   607.5000       3328.11784652780     
   630.0000       3238.22155359032     
   652.5000       3159.54061458893     
   675.0000       3078.78320453706     
   697.5000       3012.28826229018     
   720.0000       2986.56140666577     
   720.0000       2483.47876705399     
   742.5000       2456.75631473053     
   765.0000       2460.88305734200     
   787.5000       2476.67232260405     
   810.0000       2493.40577341089     
   832.5000       2530.96285604098     
   855.0000       2577.36546515150     
   877.5000       2635.62050775745     
   900.0000       2715.62351831664     
   922.5000       2748.93359289268     
   945.0000       2757.25509187462     
   967.5000       2736.72011209351     
   990.0000       2684.12500038182     
   1012.500       2630.33851647273     
   1035.000       2574.10018063103     
   1057.500       2522.31256844647     
   1080.000       2483.47876705399     
   1080.000       2029.22984570116     
   1102.500       1998.20124793930     
   1125.000       1982.97668228831     
   1147.500       1981.27861471439     
   1170.000       1989.56180033969     
   1192.500       2010.17357162387     
   1215.000       2044.32882537018     
   1237.500       2081.35153438415     
   1260.000       2132.68926335693     
   1282.500       2163.46021125034     
   1305.000       2179.02291707778     
   1327.500       2179.28209322509     
   1350.000       2158.12473835647     
   1372.500       2129.63898489059     
   1395.000       2096.11977872879     
   1417.500       2060.34935652414     
   1440.000       2029.22984570116     
   1440.000       1623.81750203076     
   1462.500       1602.55571792429     
   1485.000       1589.54748307854     
   1507.500       1584.47688836890     
   1530.000       1584.66139281083     
   1552.500       1595.04299595097     
   1575.000       1617.57503303982     
   1597.500       1639.15062391397     
   1620.000       1670.63525084124     
   1642.500       1693.60944631471     
   1665.000       1706.88765311729     
   1687.500       1712.30823945691     
   1710.000       1704.14813950658     
   1732.500       1688.11545530615     
   1755.000       1668.06593605184     
   1777.500       1644.74681020278     
   1800.000       1623.81750203076     
   1800.000       1289.65100167678     
   1822.500       1279.91580467982     
   1845.000       1275.27319480110     
   1867.500       1274.80450800108     
   1890.000       1275.52748364762     
   1912.500       1281.10112827090     
   1935.000       1295.11676795470     
   1957.500       1309.78244509906     
   1980.000       1331.55527233408     
   2002.500       1346.84589313859     
   2025.000       1354.76853670497     
   2047.500       1355.46314763989     
   2070.000       1345.45940439535     
   2092.500       1329.85407902584     
   2115.000       1314.40574603376     
   2137.500       1299.87436443566     
   2160.000       1289.65100167678     
   2160.000       1021.33605702739     
   2182.500       1020.48003667509     
   2205.000       1022.24110577289     
   2227.500       1024.07094138853     
   2250.000       1024.92200855885     
   2272.500       1029.20384496773     
   2295.000       1039.77330615102     
   2317.500       1052.04557021156     
   2340.000       1067.77430019284     
   2362.500       1075.40637896934     
   2385.000       1075.91928911711     
   2407.500       1068.76637310118     
   2430.000       1053.85797923953     
   2452.500       1038.32608025095     
   2475.000       1027.90974661727     
   2497.500       1022.18563130350     
   2520.000       1021.33605702739     
   2520.000       801.206794650012     
   2542.500       804.806277079629     
   2565.000       808.967382826237     
   2587.500       810.793886662266     
   2610.000       811.456976007431     
   2632.500       815.167756877427     
   2655.000       823.589018343007     
   2677.500       833.439193293849     
   2700.000       843.246412996983     
   2722.500       844.461079066519     
   2745.000       839.525484715487     
   2767.500       827.926205592226     
   2790.000       812.479160688042     
   2812.500       800.456113003692     
   2835.000       795.777867688086     
   2857.500       796.657081557997     
   2880.000       801.206794650012     
   2880.000       621.024638964645     
   2902.500       626.029569445330     
   2925.000       630.425144635449     
   2947.500       631.806290387326     
   2970.000       632.381271522214     
   2992.500       635.319924400943     
   3015.000       641.542493548368     
   3037.500       648.458619252398     
   3060.000       653.428944795911     
   3082.500       650.960456124569     
   3105.000       643.898310752520     
   3127.500       631.996992463638     
   3150.000       619.175770281471     
   3172.500       611.260165918600     
   3195.000       610.491996768031     
   3217.500       614.590132719560     
   3240.000       621.024638964645     
   3240.000       475.611579094443     
   3262.500       480.460389386857     
   3285.000       484.258039931050     
   3307.500       485.283213398552     
   3330.000       485.838746248615     
   3352.500       487.968020130212     
   3375.000       492.204418964274     
   3397.500       496.489419234954     
   3420.000       498.242716286642     
   3442.500       494.322612529761     
   3465.000       487.319500479737     
   3487.500       477.209148623900     
   3510.000       467.767475582489     
   3532.500       463.084179017890     
   3555.000       464.313434163826     
   3577.500       469.282672693969     
   3600.000       475.611579094443     
   3600.000       358.940783061452     
   3622.500       362.967342755136     
   3645.000       365.931596333441     
   3667.500       366.716086570638     
   3690.000       367.272363711441     
   3712.500       368.744649192767     
   3735.000       371.438333078079     
   3757.500       373.762791835101     
   3780.000       373.689014473649     
   3802.500       369.637600566171     
   3825.000       363.693772210585     
   3847.500       355.960431131201     
   3870.000       349.536772359119     
   3892.500       347.049168619012     
   3915.000       349.013109232455     
   3937.500       353.616476005805     
   3960.000       358.940783061452     
   3960.000       265.585508448891     
   3982.500       268.607002957404     
   4005.000       270.758867809557     
   4027.500       271.374856449194     
   4050.000       271.919674695488     
   4072.500       272.919151842780     
   4095.000       274.523668720062     
   4117.500       275.561923754754     
   4140.000       274.644231100574     
   4162.500       271.122669129157     
   4185.000       266.544437401586     
   4207.500       261.065057947309     
   4230.000       256.983636039835     
   4252.500       255.854085549655     
   4275.000       257.835636165685     
   4297.500       261.543555218935     
   4320.000       265.585508448891     
   4320.000       190.998073980004     
   4342.500       193.065509636192     
   4365.000       194.520980730187     
   4387.500       195.004041499012     
   4410.000       195.507246939781     
   4432.500       196.180053957902     
   4455.000       197.063412634746     
   4477.500       197.353209677446     
   4500.000       196.212679151411     
   4522.500       193.487345118066     
   4545.000       190.245658955780     
   4567.500       186.646457216424     
   4590.000       184.249474769343     
   4612.500       183.884945200894     
   4635.000       185.528356194098     
   4657.500       188.204303356258     
   4680.000       190.998073980004     
   4680.000       132.100846484940     
   4702.500       133.373331202737     
   4725.000       134.273904524853     
   4747.500       134.630142852966     
   4770.000       135.042898466095     
   4792.500       135.475714851648     
   4815.000       135.903000386462     
   4837.500       135.829409914479     
   4860.000       134.830401455645     
   4882.500       132.955714385784     
   4905.000       130.884475319293     
   4927.500       128.735832340688     
   4950.000       127.470574698654     
   4972.500       127.472394314690     
   4995.000       128.645136587244     
   5017.500       130.366117169622     
   5040.000       132.100846484940     
   5040.000       86.0892975456073     
   5062.500       86.7520754078362     
   5085.000       87.2312187783589     
   5107.500       87.4579856604781     
   5130.000       87.7396023025427     
   5152.500       87.9887820580675     
   5175.000       88.1611311300720     
   5197.500       87.9946729937292     
   5220.000       87.3160198846005     
   5242.500       86.2236426339002     
   5265.000       85.0872697426330     
   5287.500       83.9934868515893     
   5310.000       83.4378273293767     
   5332.500       83.5544781800148     
   5355.000       84.2480045635664     
   5377.500       85.1798087351231     
   5400.000       86.0892975456073     
   5400.000       50.9524956357113     
   5422.500       51.1858430749504     
   5445.000       51.3580956458003     
   5467.500       51.4517022755015     
   5490.000       51.5745399881587     
   5512.500       51.6727629842803     
   5535.000       51.7169732711321     
   5557.500       51.6141358630328     
   5580.000       51.3215801077571     
   5602.500       50.8950544814703     
   5625.000       50.4729320097901     
   5647.500       50.0919863308266     
   5670.000       49.9279379171379     
   5692.500       50.0097059780149     
   5715.000       50.2852156645142     
   5737.500       50.6280050350697     
   5760.000       50.9524956357113     
