  0.0000000E+00   2893.04878195620     
   22.50000       2597.62429720544     
   45.00000       2307.34744240722     
   67.50000       2072.85256756190     
   90.00000       1944.94993501558     
   112.5000       1924.88797467553     
   135.0000       1949.56551279317     
   157.5000       2007.52291407830     
   180.0000       2139.41292318851     
   202.5000       2336.90860850926     
   225.0000       2553.80418336672     
   247.5000       2769.90160548759     
   270.0000       2925.67942750852     
   292.5000       3025.43580123364     
   315.0000       3082.03750765880     
   337.5000       3060.33599159099     
   360.0000       2893.04878195620     
   360.0000       2335.97377004583     
   382.5000       2142.27682526255     
   405.0000       1936.32914309272     
   427.5000       1754.32486977483     
   450.0000       1639.36407438698     
   472.5000       1603.96005196211     
   495.0000       1608.00564530593     
   517.5000       1638.44910784822     
   540.0000       1723.84054479819     
   562.5000       1860.90048776910     
   585.0000       2018.70801929567     
   607.5000       2184.60124854519     
   630.0000       2311.09907788373     
   652.5000       2396.61920072456     
   675.0000       2451.48375653082     
   697.5000       2445.97705820930     
   720.0000       2335.97377004583     
   720.0000       1859.95836359667     
   742.5000       1741.17970849164     
   765.0000       1605.49369327000     
   787.5000       1473.60121073359     
   810.0000       1375.90065985934     
   832.5000       1330.97666695326     
   855.0000       1318.11536848502     
   877.5000       1324.02434750718     
   900.0000       1371.34299680540     
   922.5000       1452.80340110569     
   945.0000       1550.89092523410     
   967.5000       1664.30766896453     
   990.0000       1762.19644004305     
   1012.500       1835.78627980228     
   1035.000       1891.43947529132     
   1057.500       1910.16877656572     
   1080.000       1859.95836359667     
   1080.000       1457.15490844934     
   1102.500       1398.44963762508     
   1125.000       1310.92211441432     
   1147.500       1220.98896920778     
   1170.000       1143.87256266006     
   1192.500       1096.34428412585     
   1215.000       1073.05194571361     
   1237.500       1062.98340128324     
   1260.000       1082.34132627849     
   1282.500       1122.49032256207     
   1305.000       1175.11579741772     
   1327.500       1244.08845170763     
   1350.000       1314.54306809858     
   1372.500       1374.36781013369     
   1395.000       1426.20214773242     
   1417.500       1460.06471436508     
   1440.000       1457.15490844934     
   1440.000       1125.94188388353     
   1462.500       1103.00488831157     
   1485.000       1052.98835384958     
   1507.500       989.589533318929     
   1530.000       929.341619767599     
   1552.500       888.113968323144     
   1575.000       864.139598622873     
   1597.500       851.666721634136     
   1620.000       858.940099866445     
   1642.500       880.139247018835     
   1665.000       909.404672990859     
   1687.500       950.690457235433     
   1710.000       998.157426121098     
   1732.500       1041.75091804526     
   1755.000       1081.67928233562     
   1777.500       1113.15997473145     
   1800.000       1125.94188388353     
   1800.000       876.132603245740     
   1822.500       860.898530679551     
   1845.000       826.846871220215     
   1867.500       782.794314413532     
   1890.000       740.427306488047     
   1912.500       710.804416870966     
   1935.000       693.846009890588     
   1957.500       687.266203665461     
   1980.000       694.343234467733     
   2002.500       710.960576023571     
   2025.000       732.616724020267     
   2047.500       761.518510462183     
   2070.000       793.701186106758     
   2092.500       822.647293446895     
   2115.000       848.471768902400     
   2137.500       868.437654782774     
   2160.000       876.132603245740     
   2160.000       682.115182756125     
   2182.500       665.910968984006     
   2205.000       639.065196692688     
   2227.500       607.816232872085     
   2250.000       580.733582882091     
   2272.500       564.126042700480     
   2295.000       556.895148127363     
   2317.500       558.312667604332     
   2340.000       568.909273271891     
   2362.500       584.734225785203     
   2385.000       603.000958148489     
   2407.500       624.213904189137     
   2430.000       644.707756377793     
   2452.500       661.428638291011     
   2475.000       675.093696066343     
   2497.500       683.484647163492     
   2520.000       682.115182756125     
   2520.000       525.331369810528     
   2542.500       509.825075911628     
   2565.000       489.465602361068     
   2587.500       468.680990899669     
   2610.000       453.398060093611     
   2632.500       446.211962108544     
   2655.000       445.949995444498     
   2677.500       452.191661422348     
   2700.000       463.949501731313     
   2722.500       477.865328861966     
   2745.000       492.234931621805     
   2767.500       506.454558349678     
   2790.000       517.832815998554     
   2812.500       525.737028168530     
   2835.000       530.994373817756     
   2857.500       531.773550012928     
   2880.000       525.331369810528     
   2880.000       401.491487663008     
   2902.500       388.713058183934     
   2925.000       374.435252053274     
   2947.500       361.607080484918     
   2970.000       353.929362530204     
   2992.500       352.011075844739     
   3015.000       355.136358681079     
   3037.500       362.803563910521     
   3060.000       373.515881647396     
   3082.500       384.675497177849     
   3105.000       395.085184604185     
   3127.500       403.700067152118     
   3150.000       409.033469825903     
   3172.500       411.633734383129     
   3195.000       412.180593321185     
   3217.500       409.253805882477     
   3240.000       401.491487663008     
   3240.000       305.751475039667     
   3262.500       296.142286991009     
   3285.000       286.699718634768     
   3307.500       279.250186021446     
   3330.000       275.922284000611     
   3352.500       276.500843438420     
   3375.000       280.708284987547     
   3397.500       287.946080825656     
   3420.000       296.739638858648     
   3442.500       305.158917604721     
   3465.000       312.298125388390     
   3487.500       317.129845993750     
   3510.000       318.948821347920     
   3532.500       318.754032686781     
   3555.000       317.030536254196     
   3577.500       312.869364429898     
   3600.000       305.751475039667     
   3600.000       231.813591700814     
   3622.500       224.996462246557     
   3645.000       219.021216458740     
   3667.500       214.940621215504     
   3690.000       213.882102015488     
   3712.500       215.424080087461     
   3735.000       219.521383466696     
   3757.500       225.569917919969     
   3780.000       232.331915366901     
   3802.500       238.426464088363     
   3825.000       243.134061360044     
   3847.500       245.580345800431     
   3870.000       245.602303525444     
   3892.500       244.197843489420     
   3915.000       241.694892835064     
   3937.500       237.587773485983     
   3960.000       231.813591700814     
   3960.000       174.305107443510     
   3982.500       169.686002082558     
   4005.000       166.051255436929     
   4027.500       163.956760777809     
   4050.000       163.962324664158     
   4072.500       165.667891042895     
   4095.000       169.118980946917     
   4117.500       173.781879473029     
   4140.000       178.712867540710     
   4162.500       182.949429574545     
   4185.000       185.925721898735     
   4207.500       187.003461033884     
   4230.000       186.280257084226     
   4252.500       184.577428410176     
   4275.000       182.108068361644     
   4297.500       178.637208891319     
   4320.000       174.305107443510     
   4320.000       129.139439088682     
   4342.500       126.160638588288     
   4365.000       124.039130200277     
   4387.500       123.053079976770     
   4410.000       123.464141138548     
   4432.500       124.945837171566     
   4455.000       127.566120920574     
   4477.500       130.902139071643     
   4500.000       134.290158433749     
   4522.500       137.082518805281     
   4545.000       138.869215726709     
   4567.500       139.235453337421     
   4590.000       138.360526996903     
   4612.500       136.838844073155     
   4635.000       134.801162286341     
   4657.500       132.169274683301     
   4680.000       129.139439088682     
   4680.000       93.5470716826675     
   4702.500       91.7510572609062     
   4725.000       90.5915113207260     
   4747.500       90.1903549403105     
   4770.000       90.6552901269821     
   4792.500       91.7525352543344     
   4815.000       93.5387316833634     
   4837.500       95.7145132198302     
   4860.000       97.8540109882826     
   4882.500       99.5548674104226     
   4905.000       100.552014271372     
   4927.500       100.597347403574     
   4950.000       99.8652602488511     
   4972.500       98.7366499425327     
   4995.000       97.2822503900657     
   5017.500       95.4942015366350     
   5040.000       93.5470716826675     
   5040.000       65.4480783212809     
   5062.500       64.5029296211478     
   5085.000       63.9435515039279     
   5107.500       63.8179737351092     
   5130.000       64.1612930546727     
   5152.500       64.8358209271601     
   5175.000       65.8694889345521     
   5197.500       67.0837338243617     
   5220.000       68.2443324746439     
   5242.500       69.1368521817585     
   5265.000       69.6184267298647     
   5287.500       69.5659490343777     
   5310.000       69.0967283059129     
   5332.500       68.4143252677415     
   5355.000       67.5514243683082     
   5377.500       66.5240859333549     
   5400.000       65.4480783212809     
   5400.000       43.3931358690964     
   5422.500       43.0462874250040     
   5445.000       42.8540319235422     
   5467.500       42.8307508854902     
   5490.000       42.9848001908199     
   5512.500       43.2608423631147     
   5535.000       43.6673258510270     
   5557.500       44.1313125041391     
   5580.000       44.5636616403538     
   5602.500       44.8848747126791     
   5625.000       45.0445933357220     
   5647.500       45.0024891499735     
   5670.000       44.8090033832294     
   5692.500       44.5381513474080     
   5715.000       44.1988392295527     
   5737.500       43.8009467371235     
   5760.000       43.3931358690964     
