  0.0000000E+00   191.656105432594        6.000000    
   22.50000       190.618432447469        6.000000    
   45.00000       193.080162031004        6.000000    
   67.50000       190.088204643180        6.000000    
   90.00000       189.977535458781        6.000000    
   112.5000       192.150599766825        6.000000    
   135.0000       195.089378150460        6.000000    
   157.5000       203.085962268930        6.000000    
   180.0000       207.962626051572        6.000000    
   202.5000       207.509954021701        6.000000    
   225.0000       208.767719112102        6.000000    
   247.5000       205.168026507862        6.000000    
   270.0000       199.987907922760        6.000000    
   292.5000       196.843654084693        6.000000    
   315.0000       194.447832451919        6.000000    
   337.5000       194.522244433571        6.000000    
  0.0000000E+00   191.656105432594        6.000000    
 
  0.0000000E+00   174.648205200786        6.283333    
   22.50000       173.865108011256        6.283333    
   45.00000       176.163754363402        6.283333    
   67.50000       174.555242630997        6.283333    
   90.00000       174.931889349620        6.283333    
   112.5000       177.250546100890        6.283333    
   135.0000       180.196559195372        6.283333    
   157.5000       187.086337911016        6.283333    
   180.0000       191.876380908782        6.283333    
   202.5000       192.135879686475        6.283333    
   225.0000       192.252354549602        6.283333    
   247.5000       189.017794289897        6.283333    
   270.0000       183.943233526595        6.283333    
   292.5000       180.235033268914        6.283333    
   315.0000       176.857720392234        6.283333    
   337.5000       176.782294471286        6.283333    
  0.0000000E+00   174.648205200786        6.283333    
 
  0.0000000E+00   153.792636577230        6.566667    
   22.50000       152.363282965649        6.566667    
   45.00000       153.524338346335        6.566667    
   67.50000       152.888161861205        6.566667    
   90.00000       153.199280638584        6.566667    
   112.5000       155.278708466408        6.566667    
   135.0000       157.669619123515        6.566667    
   157.5000       162.688269244092        6.566667    
   180.0000       166.989339271995        6.566667    
   202.5000       168.167567826300        6.566667    
   225.0000       168.412246158888        6.566667    
   247.5000       166.554722169562        6.566667    
   270.0000       162.865622694458        6.566667    
   292.5000       159.737016393668        6.566667    
   315.0000       156.317236490564        6.566667    
   337.5000       155.408604291744        6.566667    
  0.0000000E+00   153.792636577230        6.566667    
 
  0.0000000E+00   131.277178728566        6.850000    
   22.50000       129.630951636066        6.850000    
   45.00000       129.683288021017        6.850000    
   67.50000       129.180851343139        6.850000    
   90.00000       129.277855024433        6.850000    
   112.5000       130.758661945585        6.850000    
   135.0000       132.587003346987        6.850000    
   157.5000       135.872413884708        6.850000    
   180.0000       139.265282128618        6.850000    
   202.5000       140.849910678991        6.850000    
   225.0000       141.539413659658        6.850000    
   247.5000       141.059745230154        6.850000    
   270.0000       139.037582004621        6.850000    
   292.5000       137.007796416173        6.850000    
   315.0000       134.299262790551        6.850000    
   337.5000       132.683812037796        6.850000    
  0.0000000E+00   131.277178728566        6.850000    
 
  0.0000000E+00   109.362105982271        7.133333    
   22.50000       107.918575834284        7.133333    
   45.00000       107.774087466794        7.133333    
   67.50000       107.667329823379        7.133333    
   90.00000       107.653439785085        7.133333    
   112.5000       108.644777213791        7.133333    
   135.0000       109.918160160136        7.133333    
   157.5000       111.879819542139        7.133333    
   180.0000       114.310062729370        7.133333    
   202.5000       115.764298544711        7.133333    
   225.0000       116.479445402289        7.133333    
   247.5000       116.487347556319        7.133333    
   270.0000       115.338037645588        7.133333    
   292.5000       114.000460488317        7.133333    
   315.0000       112.061069856699        7.133333    
   337.5000       110.477340392378        7.133333    
  0.0000000E+00   109.362105982271        7.133333    
 
  0.0000000E+00   90.0208547173381        7.416667    
   22.50000       89.2641147257878        7.416667    
   45.00000       89.4695622447736        7.416667    
   67.50000       89.6784396652907        7.416667    
   90.00000       89.8894182872839        7.416667    
   112.5000       90.6030933584382        7.416667    
   135.0000       91.5044581533544        7.416667    
   157.5000       92.8656387580890        7.416667    
   180.0000       94.5877700270957        7.416667    
   202.5000       95.5809424028505        7.416667    
   225.0000       95.9587562522260        7.416667    
   247.5000       95.7051304629110        7.416667    
   270.0000       94.5532722992921        7.416667    
   292.5000       93.2709604084043        7.416667    
   315.0000       91.7367497631820        7.416667    
   337.5000       90.6165756452948        7.416667    
  0.0000000E+00   90.0208547173381        7.416667    
 
  0.0000000E+00   73.5606252868922        7.700000    
   22.50000       73.5075100230042        7.700000    
   45.00000       74.0579486895632        7.700000    
   67.50000       74.3796651431287        7.700000    
   90.00000       74.6730522570046        7.700000    
   112.5000       75.1951190978165        7.700000    
   135.0000       75.9138452987036        7.700000    
   157.5000       76.9889549013935        7.700000    
   180.0000       78.1388902314694        7.700000    
   202.5000       78.5445794618150        7.700000    
   225.0000       78.4343715143382        7.700000    
   247.5000       77.6882140589006        7.700000    
   270.0000       76.3408836719063        7.700000    
   292.5000       75.1025364008734        7.700000    
   315.0000       74.0372867862715        7.700000    
   337.5000       73.5963404091291        7.700000    
  0.0000000E+00   73.5606252868922        7.700000    
 
  0.0000000E+00   59.3706755009009        7.983334    
   22.50000       59.7270131430157        7.983334    
   45.00000       60.3455453298233        7.983334    
   67.50000       60.6206824159694        7.983334    
   90.00000       60.8772206348843        7.983334    
   112.5000       61.2455892369326        7.983334    
   135.0000       61.8222653748470        7.983334    
   157.5000       62.6097605196499        7.983334    
   180.0000       63.2456366488034        7.983334    
   202.5000       63.2382030435578        7.983334    
   225.0000       62.7843825001879        7.983334    
   247.5000       61.7873918685383        7.983334    
   270.0000       60.5143599255565        7.983334    
   292.5000       59.5479670957634        7.983334    
   315.0000       58.9781811002559        7.983334    
   337.5000       59.0451881514768        7.983334    
  0.0000000E+00   59.3706755009009        7.983334    
 
  0.0000000E+00   47.2979577923545        8.266666    
   22.50000       47.7880868717612        8.266666    
   45.00000       48.3294632801671        8.266666    
   67.50000       48.5517923928183        8.266666    
   90.00000       48.7631486814634        8.266666    
   112.5000       49.0082644331356        8.266666    
   135.0000       49.4265630425653        8.266666    
   157.5000       49.9214913050914        8.266666    
   180.0000       50.1831054288979        8.266666    
   202.5000       49.9406033336394        8.266666    
   225.0000       49.3685964610689        8.266666    
   247.5000       48.4094293639257        8.266666    
   270.0000       47.3992928459781        8.266666    
   292.5000       46.7488002565891        8.266666    
   315.0000       46.5343239529838        8.266666    
   337.5000       46.8452282996352        8.266666    
  0.0000000E+00   47.2979577923545        8.266666    
 
  0.0000000E+00   37.3114521331422        8.550000    
   22.50000       37.7821872661570        8.550000    
   45.00000       38.2048615619289        8.550000    
   67.50000       38.3849915952897        8.550000    
   90.00000       38.5536955898742        8.550000    
   112.5000       38.7080837007392        8.550000    
   135.0000       38.9805523847872        8.550000    
   157.5000       39.2417860393116        8.550000    
   180.0000       39.2791225707873        8.550000    
   202.5000       38.9577465184320        8.550000    
   225.0000       38.4178034763877        8.550000    
   247.5000       37.6354427685413        8.550000    
   270.0000       36.9165886677296        8.550000    
   292.5000       36.5201134093969        8.550000    
   315.0000       36.5014208917153        8.550000    
   337.5000       36.8702613892993        8.550000    
  0.0000000E+00   37.3114521331422        8.550000    
 
  0.0000000E+00   29.2306228622262        8.833333    
   22.50000       29.6169098959201        8.833333    
   45.00000       29.9248581826131        8.833333    
   67.50000       30.0694178360770        8.833333    
   90.00000       30.2008653131940        8.833333    
   112.5000       30.2946965147529        8.833333    
   135.0000       30.4557408413768        8.833333    
   157.5000       30.5608579808878        8.833333    
   180.0000       30.4821783726719        8.833333    
   202.5000       30.1722510585714        8.833333    
   225.0000       29.7299187373944        8.833333    
   247.5000       29.1528591275612        8.833333    
   270.0000       28.6844159806193        8.833333    
   292.5000       28.4627739509414        8.833333    
   315.0000       28.5307071204953        8.833333    
   337.5000       28.8637577615255        8.833333    
  0.0000000E+00   29.2306228622262        8.833333    
 
  0.0000000E+00   22.8029686522289        9.116667    
   22.50000       23.0908575310663        9.116667    
   45.00000       23.3039256658011        9.116667    
   67.50000       23.4154668103002        9.116667    
   90.00000       23.5138441660595        9.116667    
   112.5000       23.5694818901278        9.116667    
   135.0000       23.6569518463396        9.116667    
   157.5000       23.6785893501948        9.116667    
   180.0000       23.5717653127144        9.116667    
   202.5000       23.3151128518154        9.116667    
   225.0000       22.9840167678863        9.116667    
   247.5000       22.5840319952337        9.116667    
   270.0000       22.2867966567908        9.116667    
   292.5000       22.1724103472823        9.116667    
   315.0000       22.2634476215583        9.116667    
   337.5000       22.5262861121469        9.116667    
  0.0000000E+00   22.8029686522289        9.116667    
 
  0.0000000E+00   17.7409581945994        9.400000    
   22.50000       17.9393246087373        9.400000    
   45.00000       18.0794086734770        9.400000    
   67.50000       18.1606740073182        9.400000    
   90.00000       18.2306852234831        9.400000    
   112.5000       18.2631635790093        9.400000    
   135.0000       18.3067493199832        9.400000    
   157.5000       18.2914709124695        9.400000    
   180.0000       18.1907734855471        9.400000    
   202.5000       18.0000695363837        9.400000    
   225.0000       17.7702149621186        9.400000    
   247.5000       17.5091574900000        9.400000    
   270.0000       17.3317422135408        9.400000    
   292.5000       17.2778246824161        9.400000    
   315.0000       17.3602497439196        9.400000    
   337.5000       17.5484437085212        9.400000    
  0.0000000E+00   17.7409581945994        9.400000    
 
  0.0000000E+00   13.7727580625954        9.683333    
   22.50000       13.8978798525904        9.683333    
   45.00000       13.9837931669635        9.683333    
   67.50000       14.0382362531154        9.683333    
   90.00000       14.0843456299741        9.683333    
   112.5000       14.1027631051228        9.683333    
   135.0000       14.1223783836608        9.683333    
   157.5000       14.0981590886803        9.683333    
   180.0000       14.0216931515043        9.683333    
   202.5000       13.8943467018913        9.683333    
   225.0000       13.7479960705701        9.683333    
   247.5000       13.5896172141203        9.683333    
   270.0000       13.4900898993573        9.683333    
   292.5000       13.4675449702035        9.683333    
   315.0000       13.5285230958179        9.683333    
   337.5000       13.6504496071346        9.683333    
  0.0000000E+00   13.7727580625954        9.683333    
 
  0.0000000E+00   10.6584991969693        9.966667    
   22.50000       10.7270173534917        9.966667    
   45.00000       10.7732751684786        9.966667    
   67.50000       10.8045782907980        9.966667    
   90.00000       10.8309108825413        9.966667    
   112.5000       10.8404824330484        9.966667    
   135.0000       10.8481566992990        9.966667    
   157.5000       10.8290700993632        9.966667    
   180.0000       10.7820267075982        9.966667    
   202.5000       10.7093884801647        9.966667    
   225.0000       10.6286416835549        9.966667    
   247.5000       10.5444465084000        9.966667    
   270.0000       10.4948479012140        9.966667    
   292.5000       10.4869415468746        9.966667    
   315.0000       10.5236897635117        9.966667    
   337.5000       10.5915095167898        9.966667    
  0.0000000E+00   10.6584991969693        9.966667    
 
  0.0000000E+00   8.20842739393468        10.25000    
   22.50000       8.23431108335550        10.25000    
   45.00000       8.25159204779592        10.25000    
   67.50000       8.26368727225590        10.25000    
   90.00000       8.27377038593404        10.25000    
   112.5000       8.27723605380138        10.25000    
   135.0000       8.27947887829393        10.25000    
   157.5000       8.27110106901128        10.25000    
   180.0000       8.25229750420156        10.25000    
   202.5000       8.22429307169128        10.25000    
   225.0000       8.19362830443003        10.25000    
   247.5000       8.16214794037291        10.25000    
   270.0000       8.14423217028140        10.25000    
   292.5000       8.14216250864372        10.25000    
   315.0000       8.15683130253450        10.25000    
   337.5000       8.18291043963312        10.25000    
  0.0000000E+00   8.20842739393468        10.25000    
 
