  0.0000000E+00   1642.95862360006     
   15.00000       1569.71168802349     
   30.00000       1480.50582753612     
   45.00000       1393.07025492353     
   60.00000       1315.77046994475     
   75.00000       1257.68921841353     
   90.00000       1218.19302469605     
   105.0000       1192.76116523041     
   120.0000       1179.19577178553     
   135.0000       1176.82778693535     
   150.0000       1186.70059382644     
   165.0000       1209.00337412841     
   180.0000       1236.46272292776     
   195.0000       1274.63935513862     
   210.0000       1329.23969827052     
   225.0000       1392.85847457096     
   240.0000       1456.46607856665     
   255.0000       1517.56518187822     
   270.0000       1575.35590247006     
   285.0000       1629.21301825749     
   300.0000       1670.55724934238     
   315.0000       1690.55883456881     
   330.0000       1692.02427409740     
   345.0000       1680.54856111800     
   360.0000       1642.95862360006     
   360.0000       1396.76894093697     
   375.0000       1339.34844327549     
   390.0000       1268.07908601043     
   405.0000       1196.79619149439     
   420.0000       1132.16807996812     
   435.0000       1082.08725704071     
   450.0000       1046.88600432529     
   465.0000       1023.30048965447     
   480.0000       1009.70944676516     
   495.0000       1005.64645142786     
   510.0000       1011.93394537739     
   525.0000       1029.12021172596     
   540.0000       1050.76090188210     
   555.0000       1081.21034835245     
   570.0000       1124.65206688913     
   585.0000       1177.32685854879     
   600.0000       1230.45108938365     
   615.0000       1281.88542266021     
   630.0000       1330.72628290860     
   645.0000       1376.44616548057     
   660.0000       1412.17554990307     
   675.0000       1430.68497612132     
   690.0000       1434.04642749324     
   705.0000       1426.54869098547     
   720.0000       1396.76894093697     
   720.0000       1196.97794484842     
   735.0000       1153.52458315949     
   750.0000       1098.10450360128     
   765.0000       1040.44925886587     
   780.0000       986.666891233313     
   795.0000       943.387432108375     
   810.0000       911.742003101715     
   825.0000       889.677478445883     
   840.0000       875.994681889091     
   855.0000       870.419049816959     
   870.0000       873.493179299612     
   885.0000       885.796674797907     
   900.0000       902.190964840466     
   915.0000       925.654885893575     
   930.0000       960.243724714574     
   945.0000       1001.22089033691     
   960.0000       1044.30119952421     
   975.0000       1086.96979024776     
   990.0000       1127.99424045485     
   1005.000       1166.90415087024     
   1020.000       1198.40227315266     
   1035.000       1216.40771691999     
   1050.000       1221.97017944816     
   1065.000       1218.37137779392     
   1080.000       1196.97794484842     
   1080.000       1027.62134805054     
   1095.000       997.070131542530     
   1110.000       955.025939357348     
   1125.000       909.648624884610     
   1140.000       865.301170674187     
   1155.000       827.813919266164     
   1170.000       799.069517429436     
   1185.000       778.138980549779     
   1200.000       764.223737598739     
   1215.000       757.038151981519     
   1230.000       756.934915620758     
   1245.000       764.772538728713     
   1260.000       776.243027280324     
   1275.000       794.116066070262     
   1290.000       819.771168692582     
   1305.000       850.716922435654     
   1320.000       884.681507614437     
   1335.000       919.428244509828     
   1350.000       953.489531735002     
   1365.000       986.426733408703     
   1380.000       1014.47886192518     
   1395.000       1032.57066871672     
   1410.000       1040.52663523728     
   1425.000       1040.80318091389     
   1440.000       1027.62134805054     
   1440.000       880.537625771439     
   1455.000       861.133193667668     
   1470.000       830.190482094448     
   1485.000       795.033735993791     
   1500.000       759.315520344031     
   1515.000       727.176454089095     
   1530.000       701.210995150098     
   1545.000       681.415851302752     
   1560.000       667.384561979577     
   1575.000       659.003366603762     
   1590.000       656.285860094583     
   1605.000       660.210485375919     
   1620.000       667.817161012325     
   1635.000       680.699248967358     
   1650.000       698.931334935128     
   1665.000       721.699006245087     
   1680.000       747.766185537210     
   1695.000       775.506067531131     
   1710.000       803.363354721267     
   1725.000       830.887797253612     
   1740.000       855.677926684043     
   1755.000       873.590472648345     
   1770.000       883.424351872325     
   1785.000       886.901189350302     
   1800.000       880.537625771439     
   1800.000       752.373473830077     
   1815.000       740.853862430858     
   1830.000       719.619000866177     
   1845.000       692.489949953124     
   1860.000       663.239316205880     
   1875.000       636.257007641785     
   1890.000       613.397077648858     
   1905.000       595.310858342863     
   1920.000       581.922206356738     
   1935.000       573.212538792765     
   1950.000       568.908347861183     
   1965.000       570.234021715960     
   1980.000       575.303370006694     
   1995.000       584.258286520201     
   2010.000       597.219451796361     
   2025.000       613.886235596950     
   2040.000       633.652195865545     
   2055.000       655.502455135581     
   2070.000       677.969545490996     
   2085.000       700.548278779542     
   2100.000       721.820874839791     
   2115.000       738.579788109780     
   2130.000       749.068663727799     
   2145.000       754.303862852611     
   2160.000       752.373473830077     
   2160.000       643.009252353763     
   2175.000       635.831849311902     
   2190.000       620.851365212568     
   2205.000       600.381195338544     
   2220.000       577.139528850928     
   2235.000       554.274769330571     
   2250.000       534.370233421138     
   2265.000       518.413848023177     
   2280.000       506.484240897682     
   2295.000       498.467731582177     
   2310.000       494.139771729880     
   2325.000       494.626074382304     
   2340.000       498.111728185043     
   2355.000       504.803343409045     
   2370.000       514.565408641791     
   2385.000       527.238450856235     
   2400.000       542.520786049966     
   2415.000       559.812610909543     
   2430.000       577.836473902186     
   2445.000       596.061443054543     
   2460.000       613.611701598482     
   2475.000       628.162152088820     
   2490.000       637.815558443542     
   2505.000       643.115849769009     
   2520.000       643.009252353763     
   2520.000       551.757954677759     
   2535.000       546.148634458090     
   2550.000       534.442400049414     
   2565.000       518.238090026473     
   2580.000       499.544097937011     
   2595.000       480.909086495034     
   2610.000       464.477599844836     
   2625.000       451.210746572093     
   2640.000       441.276041725969     
   2655.000       434.793454245569     
   2670.000       431.411945036920     
   2685.000       431.943586186679     
   2700.000       435.053538792122     
   2715.000       440.821759982169     
   2730.000       448.930201848614     
   2745.000       459.284810117432     
   2760.000       471.648421689895     
   2775.000       485.613321418793     
   2790.000       500.093255260311     
   2805.000       514.631937801303     
   2820.000       528.597725109521     
   2835.000       540.231254981750     
   2850.000       547.940701879026     
   2865.000       552.004567263860     
   2880.000       551.757954677759     
   2880.000       475.213433556606     
   2895.000       469.681963116748     
   2910.000       459.490680936668     
   2925.000       445.967293042394     
   2940.000       430.658548529724     
   2955.000       415.651107606708     
   2970.000       402.590048563912     
   2985.000       392.252789828068     
   3000.000       384.765143722186     
   3015.000       380.221249948265     
   3030.000       378.348161023646     
   3045.000       379.665840429989     
   3060.000       383.085094776693     
   3075.000       388.658549039718     
   3090.000       395.959980320681     
   3105.000       404.927810925748     
   3120.000       415.326045346609     
   3135.000       426.785448341506     
   3150.000       438.407711886279     
   3165.000       449.819000504576     
   3180.000       460.470475834129     
   3195.000       469.035758113188     
   3210.000       474.340573179453     
   3225.000       476.564238873524     
   3240.000       475.213433556606     
   3240.000       409.205172576365     
   3255.000       403.367024182902     
   3270.000       394.069453488540     
   3285.000       382.523981830008     
   3300.000       369.964614431441     
   3315.000       358.094690156519     
   3330.000       348.086757308942     
   3345.000       340.489952336689     
   3360.000       335.355564886726     
   3375.000       332.733876657266     
   3390.000       332.404619068110     
   3405.000       334.622893303200     
   3420.000       338.480678466454     
   3435.000       344.023105916042     
   3450.000       350.779681059267     
   3465.000       358.721510203782     
   3480.000       367.556461456134     
   3495.000       376.926364413375     
   3510.000       386.102694469957     
   3525.000       394.817819377493     
   3540.000       402.557215228681     
   3555.000       408.329500432044     
   3570.000       411.352666058287     
   3585.000       411.772538304321     
   3600.000       409.205172576365     
   3600.000       351.240098454869     
   3615.000       345.293053055619     
   3630.000       336.862470037117     
   3645.000       327.083642882091     
   3660.000       316.910763506227     
   3675.000       307.722011169628     
   3690.000       300.297263495981     
   3705.000       294.997595646075     
   3720.000       291.811356491757     
   3735.000       290.754695898251     
   3750.000       291.628836769560     
   3765.000       294.492923599766     
   3780.000       298.598378651233     
   3795.000       303.974351671881     
   3810.000       310.153009212794     
   3825.000       317.124586352994     
   3840.000       324.543097566315     
   3855.000       332.077749855566     
   3870.000       339.155668402488     
   3885.000       345.594120685858     
   3900.000       350.923091165653     
   3915.000       354.431779802012     
   3930.000       355.638104219160     
   3945.000       354.668539114474     
   3960.000       351.240098454869     
   3960.000       300.480972958529     
   3975.000       294.770460565631     
   3990.000       287.341996712668     
   4005.000       279.184666862798     
   4020.000       271.084493653111     
   4035.000       264.100025090780     
   4050.000       258.723205889970     
   4065.000       255.187452151239     
   4080.000       253.442645105234     
   4095.000       253.485209401899     
   4110.000       255.121729386795     
   4125.000       258.290759319207     
   4140.000       262.384530122763     
   4155.000       267.408354870965     
   4170.000       272.926561069188     
   4185.000       278.932435927196     
   4200.000       285.050281354244     
   4215.000       290.997259406969     
   4230.000       296.331476550136     
   4245.000       300.931412868617     
   4260.000       304.392021190251     
   4275.000       306.230353376418     
   4290.000       306.167230199434     
   4305.000       304.310865231627     
   4320.000       300.480972958529     
   4320.000       256.572200267150     
   4335.000       251.335759891961     
   4350.000       244.947400415868     
   4365.000       238.260623561690     
   4380.000       231.891146270280     
   4395.000       226.648991607757     
   4410.000       222.820332471219     
   4425.000       220.559616705328     
   4440.000       219.799140372694     
   4455.000       220.525921225489     
   4470.000       222.549142451574     
   4485.000       225.745609406867     
   4500.000       229.625518281934     
   4515.000       234.170418636328     
   4530.000       238.991247945499     
   4545.000       244.074164159349     
   4560.000       249.040527939176     
   4575.000       253.663594838778     
   4590.000       257.604889839357     
   4605.000       260.786491762724     
   4620.000       262.878051313968     
   4635.000       263.570829496993     
   4650.000       262.715304252252     
   4665.000       260.421876785320     
   4680.000       256.572200267150     
   4680.000       218.865733107704     
   4695.000       214.229379804581     
   4710.000       208.848348404092     
   4725.000       203.440690289416     
   4740.000       198.480591107678     
   4755.000       194.579569804530     
   4770.000       191.888352792188     
   4785.000       190.514193343115     
   4800.000       190.385089566940     
   4815.000       191.484345279860     
   4830.000       193.627298216345     
   4845.000       196.667297660447     
   4860.000       200.210026692573     
   4875.000       204.218589552157     
   4890.000       208.354787285379     
   4905.000       212.594346273822     
   4920.000       216.576822907916     
   4935.000       220.129109937622     
   4950.000       222.991693720786     
   4965.000       225.118197365577     
   4980.000       226.251079487878     
   4995.000       226.212100784741     
   5010.000       224.935416826238     
   5025.000       222.503226585128     
   5040.000       218.865733107704     
   5040.000       186.547191505064     
   5055.000       182.549309861312     
   5070.000       178.091739315470     
   5085.000       173.766501798287     
   5100.000       169.933372120337     
   5115.000       167.049308760405     
   5130.000       165.180118742696     
   5145.000       164.404462368811     
   5160.000       164.653475593567     
   5175.000       165.909569882864     
   5190.000       167.999204604538     
   5205.000       170.774651654382     
   5220.000       173.918052278035     
   5235.000       177.381039960830     
   5250.000       180.875343082540     
   5265.000       184.367416872481     
   5280.000       187.528682947386     
   5295.000       190.231982833268     
   5310.000       192.277884951449     
   5325.000       193.642929794089     
   5340.000       194.136709387915     
   5355.000       193.667641366067     
   5370.000       192.208492882472     
   5385.000       189.838061477598     
   5400.000       186.547191505064     
   5400.000       158.802670478024     
   5415.000       155.429905032161     
   5430.000       151.791345883862     
   5445.000       148.365069958309     
   5460.000       145.425551922533     
   5475.000       143.306316357852     
   5490.000       142.024499152928     
   5505.000       141.640513398772     
   5520.000       142.092301682081     
   5535.000       143.362774985044     
   5550.000       145.293784264611     
   5565.000       147.748496793189     
   5580.000       150.470742611679     
   5595.000       153.407143998651     
   5610.000       156.315990161712     
   5625.000       159.157664328582     
   5640.000       161.643013923736     
   5655.000       163.681758466194     
   5670.000       165.120419244797     
   5685.000       165.952716277569     
   5700.000       166.041790819365     
   5715.000       165.346656901778     
   5730.000       163.870614314836     
   5745.000       161.683717278149     
   5760.000       158.802670478024     
   5760.000       134.915604928381     
   5775.000       132.127495080588     
   5790.000       129.201153365439     
   5805.000       126.515535755502     
   5820.000       124.279865072163     
   5835.000       122.733421968171     
   5850.000       121.867213069901     
   5865.000       121.728999950379     
   5880.000       122.265056235208     
   5895.000       123.459536402245     
   5910.000       125.172659143490     
   5925.000       127.284203347603     
   5940.000       129.588452280765     
   5955.000       132.032170046689     
   5970.000       134.415916322230     
   5985.000       136.697817606097     
   6000.000       138.631137889641     
   6015.000       140.153873166686     
   6030.000       141.148095854770     
   6045.000       141.620111562039     
   6060.000       141.468607034752     
   6075.000       140.690842260227     
   6090.000       139.303557520417     
   6105.000       137.368141772237     
   6120.000       134.915604928381     
   6120.000       114.280478489867     
   6135.000       112.024306644556     
   6150.000       109.707790893220     
   6165.000       107.632262536397     
   6180.000       105.949940696678     
   6195.000       104.832804065095     
   6210.000       104.258802311922     
   6225.000       104.266118963291     
   6240.000       104.808237408398     
   6255.000       105.871653467124     
   6270.000       107.336878376243     
   6285.000       109.103299254675     
   6300.000       111.007442107532     
   6315.000       112.999123341557     
   6330.000       114.916807881531     
   6345.000       116.719854161225     
   6360.000       118.203896479039     
   6375.000       119.327885427418     
   6390.000       120.001706435217     
   6405.000       120.237412185521     
   6420.000       119.964034624507     
   6435.000       119.198830493684     
   6450.000       117.964018479600     
   6465.000       116.312292029896     
   6480.000       114.280478489867     
   6480.000       96.3782758923063     
   6495.000       94.5966763956056     
   6510.000       92.8032400935470     
   6525.000       91.2288006102604     
   6540.000       89.9828471547265     
   6555.000       89.1865034927257     
   6570.000       88.8134021926974     
   6585.000       88.8944978048706     
   6600.000       89.3932943871028     
   6615.000       90.2973269028148     
   6630.000       91.5074686221811     
   6645.000       92.9409137928239     
   6660.000       94.4697778501644     
   6675.000       96.0520373552298     
   6690.000       97.5588210281394     
   6705.000       98.9534862502904     
   6720.000       100.072216387997     
   6735.000       100.888864276168     
   6750.000       101.335554298748     
   6765.000       101.424219837953     
   6780.000       101.110470907386     
   6795.000       100.418558639674     
   6810.000       99.3712298139945     
   6825.000       98.0125551963376     
   6840.000       96.3782758923063     
   6840.000       80.8312117756135     
   6855.000       79.4706988127482     
   6870.000       78.1226669749980     
   6885.000       76.9592964906727     
   6900.000       76.0571726415280     
   6915.000       75.5004525333749     
   6930.000       75.2655316320277     
   6945.000       75.3755668355174     
   6960.000       75.8019614095813     
   6975.000       76.5342288197778     
   6990.000       77.4934967115734     
   7005.000       78.6148031931596     
   7020.000       79.8006820006211     
   7035.000       81.0155314005840     
   7050.000       82.1623884484890     
   7065.000       83.2096058423552     
   7080.000       84.0308102629652     
   7095.000       84.6102401054612     
   7110.000       84.8978784003037     
   7125.000       84.9059626277202     
   7140.000       84.6042677788616     
   7155.000       84.0197106196318     
   7170.000       83.1728167285005     
   7185.000       82.0989978319510     
   7200.000       80.8312117756135     
   7200.000       67.3019035793875     
   7215.000       66.3105613246766     
   7230.000       65.3403452807371     
   7245.000       64.5143324971335     
   7260.000       63.8853561379688     
   7275.000       63.5099414955055     
   7290.000       63.3681795110194     
   7305.000       63.4770910193165     
   7320.000       63.8153714051074     
   7335.000       64.3746325237484     
   7350.000       65.0952846582177     
   7365.000       65.9288042878459     
   7380.000       66.8040075243225     
   7395.000       67.6934365023889     
   7410.000       68.5255828235399     
   7425.000       69.2769276295315     
   7440.000       69.8548556431604     
   7455.000       70.2503170896327     
   7470.000       70.4279185955158     
   7485.000       70.3984277155578     
   7500.000       70.1426474686611     
   7515.000       69.6842753626057     
   7530.000       69.0400094055040     
   7545.000       68.2369087715578     
   7560.000       67.3019035793875     
   7560.000       55.5113141056741     
   7575.000       54.8405171909276     
   7590.000       54.1905363901971     
   7605.000       53.6434335242622     
   7620.000       53.2329276715045     
   7635.000       52.9949065391859     
   7650.000       52.9147219171091     
   7665.000       53.0040249589846     
   7680.000       53.2481240229982     
   7695.000       53.6408238764617     
   7710.000       54.1404723746120     
   7725.000       54.7134250933934     
   7740.000       55.3112467786025     
   7755.000       55.9146048448639     
   7770.000       56.4750920423411     
   7785.000       56.9759639504582     
   7800.000       57.3547820406921     
   7815.000       57.6071961170117     
   7830.000       57.7101423369957     
   7845.000       57.6717418929935     
   7860.000       57.4802076960626     
   7875.000       57.1535265689196     
   7890.000       56.7038324223159     
   7905.000       56.1497544711780     
   7920.000       55.5113141056741     
   7920.000       45.2343670541062     
   7935.000       44.8404241059158     
   7950.000       44.4612644243566     
   7965.000       44.1444978170567     
   7980.000       43.9092333912861     
   7995.000       43.7757336406186     
   8010.000       43.7350498690028     
   8025.000       43.7942499183088     
   8040.000       43.9446486652594     
   8055.000       44.1822893896145     
   8070.000       44.4818776900166     
   8085.000       44.8230353629547     
   8100.000       45.1770385655644     
   8115.000       45.5322049121188     
   8130.000       45.8600190874499     
   8145.000       46.1505449343037     
   8160.000       46.3673669505440     
   8175.000       46.5088129106393     
   8190.000       46.5615416960338     
   8205.000       46.5308797487869     
   8220.000       46.4104542732350     
   8235.000       46.2115140031853     
   8250.000       45.9414351783330     
   8265.000       45.6116695936257     
   8280.000       45.2343670541062     
   8280.000       36.2970247632962     
   8295.000       36.1381959082913     
   8310.000       35.9854111224577     
   8325.000       35.8577656983366     
   8340.000       35.7628504628280     
   8355.000       35.7088296900978     
   8370.000       35.6923872622636     
   8385.000       35.7168643366938     
   8400.000       35.7790593404072     
   8415.000       35.8772862889300     
   8430.000       36.0008440409669     
   8445.000       36.1409459430580     
   8460.000       36.2855758032901     
   8475.000       36.4297293737341     
   8490.000       36.5618641763880     
   8505.000       36.6779772941363     
   8520.000       36.7635539728606     
   8535.000       36.8183195669177     
   8550.000       36.8372631874828     
   8565.000       36.8228978329756     
   8580.000       36.7728785950316     
   8595.000       36.6917945218637     
   8610.000       36.5824454368018     
   8625.000       36.4492450277045     
   8640.000       36.2970247632962     
