  0.0000000E+00  4.618092998862267E-002
   22.50000      4.901813343167305E-002
   45.00000      4.747423157095909E-002
   67.50000      4.329909756779671E-002
   90.00000      3.878328949213028E-002
   112.5000      3.509287163615227E-002
   135.0000      3.244574368000031E-002
   157.5000      3.138539567589760E-002
   180.0000      3.147709742188454E-002
   202.5000      3.079845197498798E-002
   225.0000      3.210480511188507E-002
   247.5000      3.582480549812317E-002
   270.0000      3.814204409718513E-002
   292.5000      4.019907861948013E-002
   315.0000      4.211966693401337E-002
   337.5000      4.358709603548050E-002
   360.0000      4.618092998862267E-002
   360.0000      4.853365197777748E-002
   382.5000      5.110420659184456E-002
   405.0000      5.080650374293327E-002
   427.5000      4.709523916244507E-002
   450.0000      4.289193451404572E-002
   472.5000      3.936164453625679E-002
   495.0000      3.676589205861092E-002
   517.5000      3.567470237612724E-002
   540.0000      3.564553335309029E-002
   562.5000      3.520690277218819E-002
   585.0000      3.686624392867088E-002
   607.5000      3.941501677036285E-002
   630.0000      4.123409837484360E-002
   652.5000      4.301559925079346E-002
   675.0000      4.476144537329674E-002
   697.5000      4.617192596197128E-002
   720.0000      4.853365197777748E-002
   720.0000      5.109290033578873E-002
   742.5000      5.338238179683685E-002
   765.0000      5.414657667279243E-002
   787.5000      5.220024287700653E-002
   810.0000      4.895593598484993E-002
   832.5000      4.585133865475655E-002
   855.0000      4.334400966763496E-002
   877.5000      4.205913841724396E-002
   900.0000      4.176689684391022E-002
   922.5000      4.145053774118423E-002
   945.0000      4.260941594839096E-002
   967.5000      4.385194554924965E-002
   990.0000      4.500665888190269E-002
   1012.500      4.633171856403351E-002
   1035.000      4.783095419406891E-002
   1057.500      4.911527037620544E-002
   1080.000      5.109290033578873E-002
   1080.000      5.349677056074142E-002
   1102.500      5.545390024781227E-002
   1125.000      5.684843659400940E-002
   1147.500      5.667738616466522E-002
   1170.000      5.509191378951073E-002
   1192.500      5.278847366571426E-002
   1215.000      5.055712908506393E-002
   1237.500      4.907187074422836E-002
   1260.000      4.842360690236092E-002
   1282.500      4.794895276427269E-002
   1305.000      4.806823283433914E-002
   1327.500      4.845243319869041E-002
   1350.000      4.896377399563789E-002
   1372.500      4.972073435783386E-002
   1395.000      5.087818205356598E-002
   1417.500      5.197148397564888E-002
   1440.000      5.349677056074142E-002
   1440.000      5.640522390604019E-002
   1462.500      5.797666311264038E-002
   1485.000      5.942694842815399E-002
   1507.500      6.001241505146027E-002
   1530.000      5.948359519243240E-002
   1552.500      5.811980366706848E-002
   1575.000      5.643404275178909E-002
   1597.500      5.500818043947220E-002
   1620.000      5.409214645624161E-002
   1642.500      5.349788814783096E-002
   1665.000      5.324347689747810E-002
   1687.500      5.318377166986465E-002
   1710.000      5.326512828469276E-002
   1732.500      5.355649814009666E-002
   1755.000      5.433860793709755E-002
   1777.500      5.522249266505241E-002
   1800.000      5.640522390604019E-002
   1800.000      6.012913584709167E-002
   1822.500      6.138369068503380E-002
   1845.000      6.254865974187851E-002
   1867.500      6.310044229030609E-002
   1890.000      6.279513984918594E-002
   1912.500      6.178909912705421E-002
   1935.000      6.052457168698311E-002
   1957.500      5.942444875836372E-002
   1980.000      5.867796391248703E-002
   2002.500      5.824548751115799E-002
   2025.000      5.801165103912354E-002
   2047.500      5.784778669476509E-002
   2070.000      5.776651203632355E-002
   2092.500      5.786339566111565E-002
   2115.000      5.841115862131119E-002
   2137.500      5.913242697715759E-002
   2160.000      6.012913584709167E-002
   2160.000      6.429839134216309E-002
   2182.500      6.527572125196457E-002
   2205.000      6.606748700141907E-002
   2227.500      6.631177663803101E-002
   2250.000      6.589175015687943E-002
   2272.500      6.500086188316345E-002
   2295.000      6.406951695680618E-002
   2317.500      6.335246562957764E-002
   2340.000      6.293805688619614E-002
   2362.500      6.276308000087738E-002
   2385.000      6.264816969633102E-002
   2407.500      6.249250844120979E-002
   2430.000      6.236220523715019E-002
   2452.500      6.239600479602814E-002
   2475.000      6.281074136495590E-002
   2497.500      6.342462450265884E-002
   2520.000      6.429839134216309E-002
   2520.000      6.866285949945450E-002
   2542.500      6.940579414367676E-002
   2565.000      6.990189850330353E-002
   2587.500      6.990273296833038E-002
   2610.000      6.939864903688431E-002
   2632.500      6.863305717706680E-002
   2655.000      6.800024956464767E-002
   2677.500      6.761959195137024E-002
   2700.000      6.750330328941345E-002
   2722.500      6.752096861600876E-002
   2745.000      6.747473776340485E-002
   2767.500      6.730739772319794E-002
   2790.000      6.711615622043610E-002
   2812.500      6.707461923360825E-002
   2835.000      6.737452000379562E-002
   2857.500      6.790578365325928E-002
   2880.000      6.866285949945450E-002
   2880.000      7.340428233146667E-002
   2902.500      7.398975640535355E-002
   2925.000      7.431813329458237E-002
   2947.500      7.421395927667618E-002
   2970.000      7.371993362903595E-002
   2992.500      7.310425490140915E-002
   3015.000      7.270985841751099E-002
   3037.500      7.257562130689621E-002
   3060.000      7.265913486480713E-002
   3082.500      7.277279347181320E-002
   3105.000      7.273230701684952E-002
   3127.500      7.251556217670441E-002
   3150.000      7.223286479711533E-002
   3172.500      7.209014892578125E-002
   3195.000      7.228398323059082E-002
   3217.500      7.274678349494934E-002
   3240.000      7.340428233146667E-002
   3240.000      7.889454811811447E-002
   3262.500      7.940493524074554E-002
   3285.000      7.967514544725418E-002
   3307.500      7.957080006599426E-002
   3330.000      7.914305478334427E-002
   3352.500      7.866676151752472E-002
   3375.000      7.843995839357376E-002
   3397.500      7.846581935882568E-002
   3420.000      7.865795493125916E-002
   3442.500      7.879466563463211E-002
   3465.000      7.871580868959427E-002
   3487.500      7.842283695936203E-002
   3510.000      7.803260535001755E-002
   3532.500      7.778276503086090E-002
   3555.000      7.788702100515366E-002
   3577.500      7.830163091421127E-002
   3600.000      7.889454811811447E-002
   3600.000      8.558731526136398E-002
   3622.500      8.609523624181747E-002
   3645.000      8.638890832662582E-002
   3667.500      8.635078370571136E-002
   3690.000      8.601139485836029E-002
   3712.500      8.564607799053192E-002
   3735.000      8.552324771881104E-002
   3757.500      8.563847094774246E-002
   3780.000      8.586796373128891E-002
   3802.500      8.597723394632339E-002
   3825.000      8.582966029644012E-002
   3847.500      8.544401824474335E-002
   3870.000      8.494206517934799E-002
   3892.500      8.459141850471497E-002
   3915.000      8.462636917829514E-002
   3937.500      8.501664549112320E-002
   3960.000      8.558731526136398E-002
   3960.000      9.407953917980194E-002
   3982.500      9.464406967163086E-002
   4005.000      9.502024948596954E-002
   4027.500      9.508969634771347E-002
   4050.000      9.484397619962692E-002
   4072.500      9.455955028533936E-002
   4095.000      9.448977559804916E-002
   4117.500      9.463828057050705E-002
   4140.000      9.485059976577759E-002
   4162.500      9.489614516496658E-002
   4185.000      9.465678781270981E-002
   4207.500      9.416754543781281E-002
   4230.000      9.355515986680984E-002
   4252.500      9.311426430940628E-002
   4275.000      9.309969097375870E-002
   4297.500      9.348969906568527E-002
   4320.000      9.407953917980194E-002
   4320.000      0.105272896587849     
   4342.500      0.105938278138638     
   4365.000      0.106438644230366     
   4387.500      0.106642954051495     
   4410.000      0.106492310762405     
   4432.500      0.106266096234322     
   4455.000      0.106211856007576     
   4477.500      0.106349617242813     
   4500.000      0.106502518057823     
   4522.500      0.106456674635410     
   4545.000      0.106107108294964     
   4567.500      0.105507083237171     
   4590.000      0.104788176715374     
   4612.500      0.104267999529839     
   4635.000      0.104220114648342     
   4657.500      0.104629874229431     
   4680.000      0.105272896587849     
   4680.000      0.120695315301418     
   4702.500      0.121485568583012     
   4725.000      0.122133672237396     
   4747.500      0.122490540146828     
   4770.000      0.122440218925476     
   4792.500      0.122262209653854     
   4815.000      0.122199364006519     
   4837.500      0.122292675077915     
   4860.000      0.122353620827198     
   4882.500      0.122196242213249     
   4905.000      0.121724851429462     
   4927.500      0.121013656258583     
   4950.000      0.120197817683220     
   4972.500      0.119611151516438     
   4995.000      0.119541198015213     
   5017.500      0.119980655610561     
   5040.000      0.120695315301418     
   5040.000      0.143280267715454     
   5062.500      0.144176721572876     
   5085.000      0.144958898425102     
   5107.500      0.145463436841965     
   5130.000      0.145520105957985     
   5152.500      0.145394593477249     
   5175.000      0.145314499735832     
   5197.500      0.145341679453850     
   5220.000      0.145292431116104     
   5242.500      0.145020917057991     
   5265.000      0.144440323114395     
   5287.500      0.143644779920578     
   5310.000      0.142767518758774     
   5332.500      0.142141535878181     
   5355.000      0.142055526375771     
   5377.500      0.142511650919914     
   5400.000      0.143280267715454     
   5400.000      0.179537266492844     
   5422.500      0.180383786559105     
   5445.000      0.181157231330872     
   5467.500      0.181709587574005     
   5490.000      0.181853130459785     
   5512.500      0.181796431541443     
   5535.000      0.181715667247772     
   5557.500      0.181680187582970     
   5580.000      0.181544989347458     
   5602.500      0.181221142411232     
   5625.000      0.180639564990997     
   5647.500      0.179896295070648     
   5670.000      0.179102182388306     
   5692.500      0.178536936640739     
   5715.000      0.178446575999260     
   5737.500      0.178842931985855     
   5760.000      0.179537266492844     
