  0.0000000E+00  5.718384683132172E-002
   22.50000      5.912296101450920E-002
   45.00000      6.038587167859077E-002
   67.50000      6.053628399968147E-002
   90.00000      5.842252820730209E-002
   112.5000      5.557415261864662E-002
   135.0000      5.282985419034958E-002
   157.5000      4.985531046986580E-002
   180.0000      4.839511960744858E-002
   202.5000      4.769785702228546E-002
   225.0000      4.641300067305565E-002
   247.5000      4.765204712748528E-002
   270.0000      4.995675384998322E-002
   292.5000      5.126075446605682E-002
   315.0000      5.318889021873474E-002
   337.5000      5.522919818758965E-002
   360.0000      5.718384683132172E-002
   360.0000      5.958135426044464E-002
   382.5000      6.153739243745804E-002
   405.0000      6.326238811016083E-002
   427.5000      6.368687748908997E-002
   450.0000      6.194030866026878E-002
   472.5000      5.948065966367722E-002
   495.0000      5.705680698156357E-002
   517.5000      5.436514317989349E-002
   540.0000      5.305362492799759E-002
   562.5000      5.245741456747055E-002
   585.0000      5.162405967712402E-002
   607.5000      5.251868814229965E-002
   630.0000      5.368932709097862E-002
   652.5000      5.450357124209404E-002
   675.0000      5.604496225714684E-002
   697.5000      5.782855674624443E-002
   720.0000      5.958135426044464E-002
   720.0000      6.249628588557243E-002
   742.5000      6.418349593877792E-002
   765.0000      6.587838381528854E-002
   787.5000      6.713602691888809E-002
   810.0000      6.635558605194092E-002
   832.5000      6.471420824527740E-002
   855.0000      6.299536675214767E-002
   877.5000      6.090956926345825E-002
   900.0000      5.975392088294029E-002
   922.5000      5.918316170573235E-002
   945.0000      5.849623680114746E-002
   967.5000      5.827821046113968E-002
   990.0000      5.853386595845222E-002
   1012.500      5.873853340744972E-002
   1035.000      5.966867879033089E-002
   1057.500      6.102493032813072E-002
   1080.000      6.249628588557243E-002
   1080.000      6.535869836807251E-002
   1102.500      6.674171239137650E-002
   1125.000      6.813978403806686E-002
   1147.500      6.962808221578598E-002
   1170.000      7.001111656427383E-002
   1192.500      6.948626786470413E-002
   1215.000      6.869202852249146E-002
   1237.500      6.738787889480591E-002
   1260.000      6.631062179803848E-002
   1282.500      6.553155183792114E-002
   1305.000      6.469760835170746E-002
   1327.500      6.391160190105438E-002
   1350.000      6.349944323301315E-002
   1372.500      6.314579397439957E-002
   1395.000      6.340391188859940E-002
   1417.500      6.423336267471313E-002
   1440.000      6.535869836807251E-002
   1440.000      6.851483136415482E-002
   1462.500      6.966416537761688E-002
   1485.000      7.078026980161667E-002
   1507.500      7.210797071456909E-002
   1530.000      7.292467355728149E-002
   1552.500      7.300633937120438E-002
   1575.000      7.280538976192474E-002
   1597.500      7.211088389158249E-002
   1620.000      7.130064070224762E-002
   1642.500      7.056423276662827E-002
   1665.000      6.978821754455566E-002
   1687.500      6.886839121580124E-002
   1710.000      6.813084334135056E-002
   1732.500      6.745199859142303E-002
   1755.000      6.726634502410889E-002
   1777.500      6.768362969160080E-002
   1800.000      6.851483136415482E-002
   1800.000      7.216185331344604E-002
   1822.500      7.317269593477249E-002
   1845.000      7.411892712116241E-002
   1867.500      7.520232349634171E-002
   1890.000      7.592616230249405E-002
   1912.500      7.609185576438904E-002
   1935.000      7.603549957275391E-002
   1957.500      7.558499276638031E-002
   1980.000      7.498650252819061E-002
   2002.500      7.437571138143539E-002
   2025.000      7.371856272220612E-002
   2047.500      7.288089394569397E-002
   2070.000      7.210329920053482E-002
   2092.500      7.138193398714066E-002
   2115.000      7.112465053796768E-002
   2137.500      7.143203169107437E-002
   2160.000      7.216185331344604E-002
   2160.000      7.610271126031876E-002
   2182.500      7.702169567346573E-002
   2205.000      7.785119116306305E-002
   2227.500      7.868520915508270E-002
   2250.000      7.911536842584610E-002
   2272.500      7.912021130323410E-002
   2295.000      7.897672802209854E-002
   2317.500      7.858079671859741E-002
   2340.000      7.813584059476852E-002
   2362.500      7.767390459775925E-002
   2385.000      7.715702801942825E-002
   2407.500      7.645674794912338E-002
   2430.000      7.575233280658722E-002
   2452.500      7.513175159692764E-002
   2475.000      7.499238848686218E-002
   2497.500      7.536345720291138E-002
   2520.000      7.610271126031876E-002
   2520.000      8.018729835748672E-002
   2542.500      8.102437108755112E-002
   2565.000      8.174274861812592E-002
   2587.500      8.233369141817093E-002
   2610.000      8.247624337673187E-002
   2632.500      8.230425417423248E-002
   2655.000      8.207001537084579E-002
   2677.500      8.173827081918716E-002
   2700.000      8.145176619291306E-002
   2722.500      8.114951848983765E-002
   2745.000      8.077485859394073E-002
   2767.500      8.019377291202545E-002
   2790.000      7.955997437238693E-002
   2812.500      7.903811335563660E-002
   2835.000      7.900851219892502E-002
   2857.500      7.944419234991074E-002
   2880.000      8.018729835748672E-002
   2880.000      8.453298360109329E-002
   2902.500      8.529435098171234E-002
   2925.000      8.590733259916306E-002
   2947.500      8.629675209522247E-002
   2970.000      8.623375743627548E-002
   2992.500      8.594737201929092E-002
   3015.000      8.568719029426575E-002
   3037.500      8.545846492052078E-002
   3060.000      8.532627671957016E-002
   3082.500      8.517115563154221E-002
   3105.000      8.491507917642593E-002
   3127.500      8.441220223903656E-002
   3150.000      8.381411433219910E-002
   3172.500      8.334078639745712E-002
   3195.000      8.335828781127930E-002
   3217.500      8.381371945142746E-002
   3240.000      8.453298360109329E-002
   3240.000      8.943120390176773E-002
   3262.500      9.012779593467712E-002
   3285.000      9.065197408199310E-002
   3307.500      9.089578688144684E-002
   3330.000      9.070937335491180E-002
   3352.500      9.037063270807266E-002
   3375.000      9.013789892196655E-002
   3397.500      9.002697467803955E-002
   3420.000      9.003043919801712E-002
   3442.500      8.999869972467422E-002
   3465.000      8.982894569635391E-002
   3487.500      8.936657756567001E-002
   3510.000      8.877047151327133E-002
   3532.500      8.829870074987411E-002
   3555.000      8.831175416707993E-002
   3577.500      8.875185251235962E-002
   3600.000      8.943120390176773E-002
   3600.000      9.527497738599777E-002
   3622.500      9.592066705226898E-002
   3645.000      9.637823700904846E-002
   3667.500      9.653118997812271E-002
   3690.000      9.628720581531525E-002
   3712.500      9.594396501779556E-002
   3735.000      9.577246010303497E-002
   3757.500      9.577683359384537E-002
   3780.000      9.589347243309021E-002
   3802.500      9.596006572246552E-002
   3825.000      9.584594517946243E-002
   3847.500      9.539426863193512E-002
   3870.000      9.477215260267258E-002
   3892.500      9.426596015691757E-002
   3915.000      9.423886984586716E-002
   3937.500      9.464148432016373E-002
   3960.000      9.527497738599777E-002
   3960.000      0.102606505155563     
   3982.500      0.103214859962463     
   4005.000      0.103628754615784     
   4027.500      0.103739701211452     
   4050.000      0.103490002453327     
   4072.500      0.103179238736629     
   4095.000      0.103089988231659     
   4117.500      0.103200331330299     
   4140.000      0.103409223258495     
   4162.500      0.103551819920540     
   4185.000      0.103467568755150     
   4207.500      0.103003956377506     
   4230.000      0.102332860231400     
   4252.500      0.101764813065529     
   4275.000      0.101671181619167     
   4297.500      0.102020956575871     
   4320.000      0.102606505155563     
   4320.000      0.112269185483456     
   4342.500      0.112850286066532     
   4365.000      0.113240532577038     
   4387.500      0.113351389765739     
   4410.000      0.113138712942600     
   4432.500      0.112891562283039     
   4455.000      0.112899504601955     
   4477.500      0.113105818629265     
   4500.000      0.113389290869236     
   4522.500      0.113589510321617     
   4545.000      0.113515213131905     
   4567.500      0.113023720681667     
   4590.000      0.112285763025284     
   4612.500      0.111634835600853     
   4635.000      0.111452348530293     
   4657.500      0.111735202372074     
   4680.000      0.112269185483456     
   4680.000      0.125728175044060     
   4702.500      0.126284226775169     
   4725.000      0.126664236187935     
   4747.500      0.126809015870094     
   4770.000      0.126670911908150     
   4792.500      0.126516401767731     
   4815.000      0.126633882522583     
   4837.500      0.126926884055138     
   4860.000      0.127269014716148     
   4882.500      0.127511411905289     
   4905.000      0.127433285117149     
   4927.500      0.126906841993332     
   4950.000      0.126093626022339     
   4972.500      0.125347569584846     
   4995.000      0.125056713819504     
   5017.500      0.125255912542343     
   5040.000      0.125728175044060     
   5040.000      0.145896971225739     
   5062.500      0.146412223577499     
   5085.000      0.146780550479889     
   5107.500      0.146979987621307     
   5130.000      0.146948605775833     
   5152.500      0.146912828087807     
   5175.000      0.147144436836243     
   5197.500      0.147508144378662     
   5220.000      0.147886350750923     
   5242.500      0.148152664303780     
   5265.000      0.148065298795700     
   5287.500      0.147517248988152     
   5310.000      0.146648958325386     
   5332.500      0.145821735262871     
   5355.000      0.145415127277374     
   5377.500      0.145510196685791     
   5400.000      0.145896971225739     
   5400.000      0.179588928818703     
   5422.500      0.179996058344841     
   5445.000      0.180307373404503     
   5467.500      0.180538669228554     
   5490.000      0.180619046092033     
   5512.500      0.180702462792397     
   5535.000      0.181004300713539     
   5557.500      0.181374371051788     
   5580.000      0.181723624467850     
   5602.500      0.181967958807945     
   5625.000      0.181883662939072     
   5647.500      0.181396305561066     
   5670.000      0.180602997541428     
   5692.500      0.179817751049995     
   5715.000      0.179357081651688     
   5737.500      0.179338067770004     
   5760.000      0.179588928818703     
