  0.0000000E+00  6.190412491559982E-002
   22.50000      5.691475048661232E-002
   45.00000      5.029169097542763E-002
   67.50000      4.396603628993034E-002
   90.00000      3.961175307631493E-002
   112.5000      3.660082817077637E-002
   135.0000      3.580405190587044E-002
   157.5000      3.663906455039978E-002
   180.0000      3.731234744191170E-002
   202.5000      3.980113565921783E-002
   225.0000      4.549032822251320E-002
   247.5000      4.980167746543884E-002
   270.0000      5.306689068675041E-002
   292.5000      5.576210469007492E-002
   315.0000      5.802203342318535E-002
   337.5000      6.106070801615715E-002
   360.0000      6.190412491559982E-002
   360.0000      6.369234621524811E-002
   382.5000      6.032804399728775E-002
   405.0000      5.418854579329491E-002
   427.5000      4.816310480237007E-002
   450.0000      4.389780387282372E-002
   472.5000      4.087241366505623E-002
   495.0000      3.992448747158051E-002
   517.5000      4.058898240327835E-002
   540.0000      4.164790362119675E-002
   562.5000      4.444630444049835E-002
   585.0000      4.851708933711052E-002
   607.5000      5.215594917535782E-002
   630.0000      5.509191378951073E-002
   652.5000      5.764764547348022E-002
   675.0000      5.987977609038353E-002
   697.5000      6.261291354894638E-002
   720.0000      6.369234621524811E-002
   720.0000      6.563852727413177E-002
   742.5000      6.436365097761154E-002
   765.0000      6.018212810158730E-002
   787.5000      5.503873527050018E-002
   810.0000      5.089284107089043E-002
   832.5000      4.767363891005516E-002
   855.0000      4.621464386582375E-002
   877.5000      4.632297158241272E-002
   900.0000      4.739619046449661E-002
   922.5000      4.939275607466698E-002
   945.0000      5.191016942262650E-002
   967.5000      5.469608679413795E-002
   990.0000      5.715623497962952E-002
   1012.500      5.950140580534935E-002
   1035.000      6.164312735199928E-002
   1057.500      6.413430720567703E-002
   1080.000      6.563852727413177E-002
   1080.000      6.716302037239075E-002
   1102.500      6.735401600599289E-002
   1125.000      6.578443199396133E-002
   1147.500      6.235956773161888E-002
   1170.000      5.869359523057938E-002
   1192.500      5.541079863905907E-002
   1215.000      5.334141105413437E-002
   1237.500      5.258189886808395E-002
   1260.000      5.302244052290916E-002
   1282.500      5.388853326439857E-002
   1305.000      5.521677806973457E-002
   1327.500      5.710733681917191E-002
   1350.000      5.897881090641022E-002
   1372.500      6.099811941385269E-002
   1395.000      6.294824928045273E-002
   1417.500      6.520324200391769E-002
   1440.000      6.716302037239075E-002
   1440.000      6.862799823284149E-002
   1462.500      6.944818794727325E-002
   1485.000      6.910708546638489E-002
   1507.500      6.718317419290543E-002
   1530.000      6.453987956047058E-002
   1552.500      6.172594800591469E-002
   1575.000      5.952735617756844E-002
   1597.500      5.814855918288231E-002
   1620.000      5.795167759060860E-002
   1642.500      5.828129872679710E-002
   1665.000      5.892915278673172E-002
   1687.500      6.013550981879234E-002
   1710.000      6.144247949123383E-002
   1732.500      6.304585188627243E-002
   1755.000      6.470497697591782E-002
   1777.500      6.663910299539566E-002
   1800.000      6.862799823284149E-002
   1800.000      7.065714895725250E-002
   1822.500      7.134051620960236E-002
   1845.000      7.115473598241806E-002
   1867.500      6.971461325883865E-002
   1890.000      6.763929873704910E-002
   1912.500      6.537422537803650E-002
   1935.000      6.358858942985535E-002
   1957.500      6.242892146110535E-002
   1980.000      6.228161230683327E-002
   2002.500      6.253262609243393E-002
   2025.000      6.300793588161469E-002
   2047.500      6.390066444873810E-002
   2070.000      6.486839801073074E-002
   2092.500      6.613177061080933E-002
   2115.000      6.747934967279434E-002
   2137.500      6.906586140394211E-002
   2160.000      7.065714895725250E-002
   2160.000      7.297290861606598E-002
   2182.500      7.324045896530151E-002
   2205.000      7.283216714859009E-002
   2227.500      7.149092853069305E-002
   2250.000      6.978447735309601E-002
   2272.500      6.805055588483810E-002
   2295.000      6.683768332004547E-002
   2317.500      6.620261073112488E-002
   2340.000      6.635851413011551E-002
   2362.500      6.670013815164566E-002
   2385.000      6.722048670053482E-002
   2407.500      6.798413395881653E-002
   2430.000      6.875448673963547E-002
   2452.500      6.973160058259964E-002
   2475.000      7.075632363557816E-002
   2497.500      7.195261120796204E-002
   2520.000      7.297290861606598E-002
   2520.000      7.545846700668335E-002
   2542.500      7.541850954294205E-002
   2565.000      7.486695796251297E-002
   2587.500      7.365810871124268E-002
   2610.000      7.229681313037872E-002
   2632.500      7.102502882480621E-002
   2655.000      7.030217349529266E-002
   2677.500      7.010500878095627E-002
   2700.000      7.048227638006210E-002
   2722.500      7.090426981449127E-002
   2745.000      7.147452980279922E-002
   2767.500      7.212504744529724E-002
   2790.000      7.271157950162888E-002
   2812.500      7.339619845151901E-002
   2835.000      7.410031557083130E-002
   2857.500      7.491504400968552E-002
   2880.000      7.545846700668335E-002
   2880.000      7.844604551792145E-002
   2902.500      7.827881723642349E-002
   2925.000      7.773051410913467E-002
   2947.500      7.671899348497391E-002
   2970.000      7.565349340438843E-002
   2992.500      7.472018897533417E-002
   3015.000      7.432315498590469E-002
   3037.500      7.438877224922180E-002
   3060.000      7.486790418624878E-002
   3082.500      7.533004879951477E-002
   3105.000      7.590514421463013E-002
   3127.500      7.643348723649979E-002
   3150.000      7.683555781841278E-002
   3172.500      7.724624127149582E-002
   3195.000      7.767832279205322E-002
   3217.500      7.819505035877228E-002
   3240.000      7.844604551792145E-002
   3240.000      8.232904225587845E-002
   3262.500      8.216412365436554E-002
   3285.000      8.170635998249054E-002
   3307.500      8.089641481637955E-002
   3330.000      8.004509657621384E-002
   3352.500      7.932546734809875E-002
   3375.000      7.910932600498199E-002
   3397.500      7.930195331573486E-002
   3420.000      7.980474084615707E-002
   3442.500      8.027499169111252E-002
   3465.000      8.082167059183121E-002
   3487.500      8.123446255922318E-002
   3510.000      8.146940171718597E-002
   3532.500      8.165349811315536E-002
   3555.000      8.188567310571671E-002
   3577.500      8.220974355936050E-002
   3600.000      8.232904225587845E-002
   3600.000      8.751755952835083E-002
   3622.500      8.743228018283844E-002
   3645.000      8.709991723299026E-002
   3667.500      8.645828813314438E-002
   3690.000      8.573654294013977E-002
   3712.500      8.512679487466812E-002
   3735.000      8.498162776231766E-002
   3757.500      8.520871400833130E-002
   3780.000      8.568584918975830E-002
   3802.500      8.613954484462738E-002
   3825.000      8.663932979106903E-002
   3847.500      8.695461601018906E-002
   3870.000      8.705227822065353E-002
   3892.500      8.707001805305481E-002
   3915.000      8.717915415763855E-002
   3937.500      8.741079270839691E-002
   3960.000      8.751755952835083E-002
   3960.000      9.454514831304550E-002
   3982.500      9.458328783512115E-002
   4005.000      9.438297152519226E-002
   4027.500      9.386534988880157E-002
   4050.000      9.319999068975449E-002
   4072.500      9.261856973171234E-002
   4095.000      9.246079623699188E-002
   4117.500      9.265630692243576E-002
   4140.000      9.307093173265457E-002
   4162.500      9.348590672016144E-002
   4185.000      9.392805397510529E-002
   4207.500      9.416825324296951E-002
   4230.000      9.416404366493225E-002
   4252.500      9.407885372638702E-002
   4275.000      9.413847327232361E-002
   4297.500      9.436539560556412E-002
   4320.000      9.454514831304550E-002
   4320.000      0.104253344237804     
   4342.500      0.104441285133362     
   4365.000      0.104370072484016     
   4387.500      0.103936903178692     
   4410.000      0.103271007537842     
   4432.500      0.102655433118343     
   4455.000      0.102418750524521     
   4477.500      0.102530121803284     
   4500.000      0.102847926318645     
   4522.500      0.103200368583202     
   4545.000      0.103575199842453     
   4567.500      0.103761911392212     
   4590.000      0.103691756725311     
   4612.500      0.103564836084843     
   4635.000      0.103641718626022     
   4657.500      0.103938169777393     
   4680.000      0.104253344237804     
   4680.000      0.118145391345024     
   4702.500      0.118501223623753     
   4725.000      0.118557371199131     
   4747.500      0.118183866143227     
   4770.000      0.117481932044029     
   4792.500      0.116789065301418     
   4815.000      0.116419970989227     
   4837.500      0.116400182247162     
   4860.000      0.116582892835140     
   4882.500      0.116844072937965     
   4905.000      0.117137350142002     
   4927.500      0.117287226021290     
   4950.000      0.117184363305569     
   4972.500      0.117071576416492     
   4995.000      0.117223508656025     
   5017.500      0.117649294435978     
   5040.000      0.118145391345024     
   5040.000      0.139271438121796     
   5062.500      0.139798417687416     
   5085.000      0.139981478452682     
   5107.500      0.139665871858597     
   5130.000      0.138927668333054     
   5152.500      0.138148963451385     
   5175.000      0.137617856264114     
   5197.500      0.137429654598236     
   5220.000      0.137438088655472     
   5242.500      0.137572705745697     
   5265.000      0.137760534882545     
   5287.500      0.137880191206932     
   5310.000      0.137773633003235     
   5332.500      0.137722000479698     
   5355.000      0.137989103794098     
   5377.500      0.138576596975327     
   5400.000      0.139271438121796     
   5400.000      0.174874782562256     
   5422.500      0.175488352775574     
   5445.000      0.175762757658958     
   5467.500      0.175542831420898     
   5490.000      0.174871787428856     
   5512.500      0.174114152789116     
   5535.000      0.173491954803467     
   5557.500      0.173157528042793     
   5580.000      0.172987058758736     
   5602.500      0.172970741987228     
   5625.000      0.173025831580162     
   5647.500      0.173105418682098     
   5670.000      0.173022195696831     
   5692.500      0.173053935170174     
   5715.000      0.173409879207611     
   5737.500      0.174083381891251     
   5760.000      0.174874782562256     
