  0.0000000E+00  3.132960572838783E-002
   22.50000      3.214132785797119E-002
   45.00000      3.427752107381821E-002
   67.50000      3.590248152613640E-002
   90.00000      3.644093871116638E-002
   112.5000      3.663532808423042E-002
   135.0000      3.865242004394531E-002
   157.5000      4.257113113999367E-002
   180.0000      4.609222710132599E-002
   202.5000      4.800303652882576E-002
   225.0000      4.747514799237251E-002
   247.5000      4.557967931032181E-002
   270.0000      4.277653619647026E-002
   292.5000      3.855790570378304E-002
   315.0000      3.462420031428337E-002
   337.5000      3.231216222047806E-002
   360.0000      3.132960572838783E-002
   360.0000      3.527517989277840E-002
   382.5000      3.582185506820679E-002
   405.0000      3.761296719312668E-002
   427.5000      3.907869383692741E-002
   450.0000      3.965721651911736E-002
   472.5000      4.004443064332008E-002
   495.0000      4.207692295312881E-002
   517.5000      4.497997462749481E-002
   540.0000      4.804371669888496E-002
   562.5000      4.992328956723213E-002
   585.0000      4.969106242060661E-002
   607.5000      4.818467050790787E-002
   630.0000      4.604698345065117E-002
   652.5000      4.267866909503937E-002
   675.0000      3.882212191820145E-002
   697.5000      3.640435263514519E-002
   720.0000      3.527517989277840E-002
   720.0000      4.129758849740028E-002
   742.5000      4.115874320268631E-002
   765.0000      4.215874150395393E-002
   787.5000      4.321927204728127E-002
   810.0000      4.376757889986038E-002
   832.5000      4.422133043408394E-002
   855.0000      4.549641162157059E-002
   877.5000      4.750649258494377E-002
   900.0000      5.003738030791283E-002
   922.5000      5.201406031847000E-002
   945.0000      5.243524909019470E-002
   967.5000      5.165662243962288E-002
   990.0000      5.027518048882484E-002
   1012.500      4.811505228281021E-002
   1035.000      4.511740431189537E-002
   1057.500      4.270660504698753E-002
   1080.000      4.129758849740028E-002
   1080.000      4.795794934034348E-002
   1102.500      4.707177728414536E-002
   1125.000      4.706855490803719E-002
   1147.500      4.749950021505356E-002
   1170.000      4.789848998188972E-002
   1192.500      4.819667339324951E-002
   1215.000      4.879767820239067E-002
   1237.500      5.000108480453491E-002
   1260.000      5.187495425343513E-002
   1282.500      5.386751890182495E-002
   1305.000      5.500779673457146E-002
   1327.500      5.505833774805069E-002
   1350.000      5.441689118742943E-002
   1372.500      5.318128690123558E-002
   1395.000      5.123883113265038E-002
   1417.500      4.938587173819542E-002
   1440.000      4.795794934034348E-002
   1440.000      5.328335613012314E-002
   1462.500      5.230287089943886E-002
   1485.000      5.185402557253838E-002
   1507.500      5.186993628740311E-002
   1530.000      5.210023373365402E-002
   1552.500      5.222903937101364E-002
   1575.000      5.250105261802673E-002
   1597.500      5.319597199559212E-002
   1620.000      5.448834225535393E-002
   1642.500      5.621658638119698E-002
   1665.000      5.762937292456627E-002
   1687.500      5.816487222909927E-002
   1710.000      5.796458944678307E-002
   1732.500      5.724553391337395E-002
   1755.000      5.595204606652260E-002
   1777.500      5.453212559223175E-002
   1800.000      5.328335613012314E-002
   1800.000      5.755309760570526E-002
   1822.500      5.679934844374657E-002
   1845.000      5.638643354177475E-002
   1867.500      5.632848665118217E-002
   1890.000      5.646288394927979E-002
   1912.500      5.652477219700813E-002
   1935.000      5.672167986631393E-002
   1957.500      5.726340040564537E-002
   1980.000      5.828636512160301E-002
   2002.500      5.968682467937469E-002
   2025.000      6.088136881589890E-002
   2047.500      6.134905666112900E-002
   2070.000      6.116265803575516E-002
   2092.500      6.054748594760895E-002
   2115.000      5.954038351774216E-002
   2137.500      5.847496911883354E-002
   2160.000      5.755309760570526E-002
   2160.000      6.171074882149696E-002
   2182.500      6.127648800611496E-002
   2205.000      6.106412038207054E-002
   2227.500      6.105379387736320E-002
   2250.000      6.110928580164909E-002
   2272.500      6.112766265869141E-002
   2295.000      6.133668869733810E-002
   2317.500      6.187086552381516E-002
   2340.000      6.276623159646988E-002
   2362.500      6.383307278156281E-002
   2385.000      6.461505591869354E-002
   2407.500      6.478195637464523E-002
   2430.000      6.444013863801956E-002
   2452.500      6.379679590463638E-002
   2475.000      6.297986954450607E-002
   2497.500      6.226519867777824E-002
   2520.000      6.171074882149696E-002
   2520.000      6.647826731204987E-002
   2542.500      6.627526879310608E-002
   2565.000      6.618648767471313E-002
   2587.500      6.615884602069855E-002
   2610.000      6.610800325870514E-002
   2632.500      6.607358902692795E-002
   2655.000      6.627830117940903E-002
   2677.500      6.679225713014603E-002
   2700.000      6.755231320858002E-002
   2722.500      6.832261383533478E-002
   2745.000      6.877700239419937E-002
   2767.500      6.873107701539993E-002
   2790.000      6.830853968858719E-002
   2812.500      6.771218031644821E-002
   2835.000      6.713055819272995E-002
   2857.500      6.674176454544067E-002
   2880.000      6.647826731204987E-002
   2880.000      7.211616635322571E-002
   2902.500      7.201240211725235E-002
   2925.000      7.193331420421600E-002
   2947.500      7.181818783283234E-002
   2970.000      7.164447009563446E-002
   2992.500      7.153835892677307E-002
   3015.000      7.170389592647552E-002
   3037.500      7.216991484165192E-002
   3060.000      7.280491292476654E-002
   3082.500      7.338372617959976E-002
   3105.000      7.368154823780060E-002
   3127.500      7.357808947563171E-002
   3150.000      7.318888604640961E-002
   3172.500      7.272157073020935E-002
   3195.000      7.237465679645538E-002
   3217.500      7.221717387437820E-002
   3240.000      7.211616635322571E-002
   3240.000      7.883437722921371E-002
   3262.500      7.872346043586731E-002
   3285.000      7.857234776020050E-002
   3307.500      7.833025604486465E-002
   3330.000      7.802602648735046E-002
   3352.500      7.783239334821701E-002
   3375.000      7.793959975242615E-002
   3397.500      7.835598289966583E-002
   3420.000      7.891318947076797E-002
   3442.500      7.942293584346771E-002
   3465.000      7.971297204494476E-002
   3487.500      7.967155426740646E-002
   3510.000      7.939501106739044E-002
   3532.500      7.908870279788971E-002
   3555.000      7.892418652772903E-002
   3577.500      7.888786494731903E-002
   3600.000      7.883437722921371E-002
   3600.000      8.697728812694550E-002
   3622.500      8.678225427865982E-002
   3645.000      8.650565147399902E-002
   3667.500      8.611419796943665E-002
   3690.000      8.567333966493607E-002
   3712.500      8.538062870502472E-002
   3735.000      8.542481064796448E-002
   3757.500      8.581070601940155E-002
   3780.000      8.635301142930984E-002
   3802.500      8.690447360277176E-002
   3825.000      8.729862421751022E-002
   3847.500      8.740037679672241E-002
   3870.000      8.728176355361938E-002
   3892.500      8.713225275278091E-002
   3915.000      8.708118647336960E-002
   3937.500      8.707135170698166E-002
   3960.000      8.697728812694550E-002
   3960.000      9.709511697292328E-002
   3982.500      9.676072001457214E-002
   4005.000      9.632212668657303E-002
   4027.500      9.576595574617386E-002
   4050.000      9.518164396286011E-002
   4072.500      9.478183090686798E-002
   4095.000      9.476591646671295E-002
   4117.500      9.514763206243515E-002
   4140.000      9.573806077241898E-002
   4162.500      9.642247855663300E-002
   4185.000      9.700123220682144E-002
   4207.500      9.730012714862823E-002
   4230.000      9.736288338899612E-002
   4252.500      9.735034406185150E-002
   4275.000      9.734910726547241E-002
   4297.500      9.729406237602234E-002
   4320.000      9.709511697292328E-002
   4320.000      0.110063619911671     
   4342.500      0.109552003443241     
   4365.000      0.108928017318249     
   4387.500      0.108197554945946     
   4410.000      0.107464201748371     
   4432.500      0.106952004134655     
   4455.000      0.106880173087120     
   4477.500      0.107281588017941     
   4500.000      0.107971668243408     
   4522.500      0.108855202794075     
   4545.000      0.109671257436275     
   4567.500      0.110200680792332     
   4590.000      0.110455416142941     
   4612.500      0.110558472573757     
   4635.000      0.110559709370136     
   4657.500      0.110411360859871     
   4680.000      0.110063619911671     
   4680.000      0.127329051494598     
   4702.500      0.126626342535019     
   4725.000      0.125812739133835     
   4747.500      0.124912157654762     
   4770.000      0.124034397304058     
   4792.500      0.123411379754543     
   4815.000      0.123286083340645     
   4837.500      0.123718790709972     
   4860.000      0.124534502625465     
   4882.500      0.125645712018013     
   4905.000      0.126716360449791     
   4927.500      0.127485051751137     
   4950.000      0.127930074930191     
   4972.500      0.128131210803986     
   4995.000      0.128107830882072     
   5017.500      0.127843841910362     
   5040.000      0.127329051494598     
   5040.000      0.151479691267014     
   5062.500      0.150624945759773     
   5085.000      0.149667412042618     
   5107.500      0.148646265268326     
   5130.000      0.147668465971947     
   5152.500      0.146963030099869     
   5175.000      0.146788835525513     
   5197.500      0.147235646843910     
   5220.000      0.148146808147430     
   5242.500      0.149436369538307     
   5265.000      0.150705218315125     
   5287.500      0.151665672659874     
   5310.000      0.152266621589661     
   5332.500      0.152544379234314     
   5355.000      0.152493283152580     
   5377.500      0.152130812406540     
   5400.000      0.151479691267014     
   5400.000      0.187653899192810     
   5422.500      0.186840862035751     
   5445.000      0.185944378376007     
   5467.500      0.185008257627487     
   5490.000      0.184117943048477     
   5512.500      0.183462426066399     
   5535.000      0.183271497488022     
   5557.500      0.183647528290749     
   5580.000      0.184473305940628     
   5602.500      0.185673013329506     
   5625.000      0.186866462230682     
   5647.500      0.187797844409943     
   5670.000      0.188406541943550     
   5692.500      0.188694864511490     
   5715.000      0.188641488552094     
   5737.500      0.188281998038292     
   5760.000      0.187653899192810     
