  0.0000000E+00  5.1864186E-29
   15.00000      5.3738140E-29
   30.00000      5.9726338E-29
   45.00000      6.4360125E-29
   60.00000      6.5139398E-29
   75.00000      6.5217062E-29
   90.00000      6.6604832E-29
   105.0000      6.9998261E-29
   120.0000      7.4184558E-29
   135.0000      7.7596115E-29
   150.0000      8.1294719E-29
   165.0000      8.5421168E-29
   180.0000      9.0479208E-29
   195.0000      9.4524943E-29
   210.0000      9.2086077E-29
   225.0000      8.9617107E-29
   240.0000      8.4785780E-29
   255.0000      8.0622497E-29
   270.0000      7.7971298E-29
   285.0000      7.1413422E-29
   300.0000      6.4441134E-29
   315.0000      6.1964316E-29
   330.0000      6.0408911E-29
   345.0000      5.5621675E-29
   360.0000      5.1864186E-29
   360.0000      4.0005673E-29
   375.0000      4.1585721E-29
   390.0000      4.6241563E-29
   405.0000      4.9474498E-29
   420.0000      4.9822282E-29
   435.0000      4.9731017E-29
   450.0000      5.1186391E-29
   465.0000      5.3983901E-29
   480.0000      5.7152146E-29
   495.0000      6.0178630E-29
   510.0000      6.3038552E-29
   525.0000      6.6767212E-29
   540.0000      7.0627426E-29
   555.0000      7.1412784E-29
   570.0000      6.8826128E-29
   585.0000      6.7125965E-29
   600.0000      6.5772241E-29
   615.0000      6.2876557E-29
   630.0000      6.0467122E-29
   645.0000      5.5189575E-29
   660.0000      5.0027303E-29
   675.0000      4.8154803E-29
   690.0000      4.6788831E-29
   705.0000      4.2899647E-29
   720.0000      4.0005673E-29
   720.0000      3.1401081E-29
   735.0000      3.2741619E-29
   750.0000      3.6010626E-29
   765.0000      3.8108298E-29
   780.0000      3.8365722E-29
   795.0000      3.8403717E-29
   810.0000      3.9701153E-29
   825.0000      4.2105893E-29
   840.0000      4.4831030E-29
   855.0000      4.7281291E-29
   870.0000      4.9574276E-29
   885.0000      5.2353360E-29
   900.0000      5.4903580E-29
   915.0000      5.3248725E-29
   930.0000      5.1318263E-29
   945.0000      5.0164685E-29
   960.0000      4.9612786E-29
   975.0000      4.9103305E-29
   990.0000      4.7090678E-29
   1005.000      4.3041344E-29
   1020.000      3.9181501E-29
   1035.000      3.7851595E-29
   1050.000      3.6597851E-29
   1065.000      3.3542315E-29
   1080.000      3.1401081E-29
   1080.000      2.4988548E-29
   1095.000      2.6018068E-29
   1110.000      2.8356983E-29
   1125.000      2.9613881E-29
   1140.000      2.9714135E-29
   1155.000      2.9959483E-29
   1170.000      3.1249134E-29
   1185.000      3.3346339E-29
   1200.000      3.5589831E-29
   1215.000      3.7436226E-29
   1230.000      3.9191856E-29
   1245.000      4.1164153E-29
   1260.000      4.1758139E-29
   1275.000      3.9706052E-29
   1290.000      3.8264948E-29
   1305.000      3.7524771E-29
   1320.000      3.7398340E-29
   1335.000      3.7796183E-29
   1350.000      3.6770095E-29
   1365.000      3.3764495E-29
   1380.000      3.1079291E-29
   1395.000      3.0156533E-29
   1410.000      2.8974530E-29
   1425.000      2.6448682E-29
   1440.000      2.4988548E-29
   1440.000      2.0046364E-29
   1455.000      2.0915744E-29
   1470.000      2.2467787E-29
   1485.000      2.3134893E-29
   1500.000      2.3145375E-29
   1515.000      2.3601594E-29
   1530.000      2.4862275E-29
   1545.000      2.6676579E-29
   1560.000      2.8415188E-29
   1575.000      2.9904245E-29
   1590.000      3.1127187E-29
   1605.000      3.2267891E-29
   1620.000      3.1275941E-29
   1635.000      2.9628581E-29
   1650.000      2.8562612E-29
   1665.000      2.8124205E-29
   1680.000      2.8251388E-29
   1695.000      2.8838075E-29
   1710.000      2.8782349E-29
   1725.000      2.6600066E-29
   1740.000      2.4879270E-29
   1755.000      2.4236986E-29
   1770.000      2.3128977E-29
   1785.000      2.1088674E-29
   1800.000      2.0046364E-29
   1800.000      1.6284792E-29
   1815.000      1.6915101E-29
   1830.000      1.7843175E-29
   1845.000      1.8185423E-29
   1860.000      1.8211864E-29
   1875.000      1.8721127E-29
   1890.000      1.9938515E-29
   1905.000      2.1458708E-29
   1920.000      2.2894948E-29
   1935.000      2.3933811E-29
   1950.000      2.4756614E-29
   1965.000      2.4999160E-29
   1980.000      2.3465798E-29
   1995.000      2.2164423E-29
   2010.000      2.1388298E-29
   2025.000      2.1162573E-29
   2040.000      2.1436103E-29
   2055.000      2.2068313E-29
   2070.000      2.2384298E-29
   2085.000      2.1127364E-29
   2100.000      2.0036460E-29
   2115.000      1.9576587E-29
   2130.000      1.8566910E-29
   2145.000      1.6993617E-29
   2160.000      1.6284792E-29
   2160.000      1.3289785E-29
   2175.000      1.3721857E-29
   2190.000      1.4241184E-29
   2205.000      1.4341326E-29
   2220.000      1.4441671E-29
   2235.000      1.5005450E-29
   2250.000      1.6102782E-29
   2265.000      1.7389989E-29
   2280.000      1.8466897E-29
   2295.000      1.9211106E-29
   2310.000      1.9613523E-29
   2325.000      1.8917943E-29
   2340.000      1.7641094E-29
   2355.000      1.6627242E-29
   2370.000      1.6073470E-29
   2385.000      1.5996214E-29
   2400.000      1.6339054E-29
   2415.000      1.6952448E-29
   2430.000      1.7371158E-29
   2445.000      1.6909329E-29
   2460.000      1.6278216E-29
   2475.000      1.5927498E-29
   2490.000      1.5013576E-29
   2505.000      1.3769271E-29
   2520.000      1.3289785E-29
   2520.000      1.0922871E-29
   2535.000      1.1170512E-29
   2550.000      1.1398613E-29
   2565.000      1.1384262E-29
   2580.000      1.1542884E-29
   2595.000      1.2119617E-29
   2610.000      1.3092667E-29
   2625.000      1.4124863E-29
   2640.000      1.4935691E-29
   2655.000      1.5410693E-29
   2670.000      1.5383997E-29
   2685.000      1.4342956E-29
   2700.000      1.3303861E-29
   2715.000      1.2527592E-29
   2730.000      1.2156512E-29
   2745.000      1.2167148E-29
   2760.000      1.2533898E-29
   2775.000      1.3103185E-29
   2790.000      1.3528722E-29
   2805.000      1.3612945E-29
   2820.000      1.3314050E-29
   2835.000      1.3025759E-29
   2850.000      1.2223383E-29
   2865.000      1.1262528E-29
   2880.000      1.0922871E-29
   2880.000      9.0277710E-30
   2895.000      9.1147366E-30
   2910.000      9.1738709E-30
   2925.000      9.1190406E-30
   2940.000      9.2928219E-30
   2955.000      9.8682047E-30
   2970.000      1.0686915E-29
   2985.000      1.1518507E-29
   3000.000      1.2116781E-29
   3015.000      1.2343451E-29
   3030.000      1.1813806E-29
   3045.000      1.0932176E-29
   3060.000      1.0105562E-29
   3075.000      9.5161342E-30
   3090.000      9.2501242E-30
   3105.000      9.3167628E-30
   3120.000      9.6749347E-30
   3135.000      1.0187267E-29
   3150.000      1.0609611E-29
   3165.000      1.0825892E-29
   3180.000      1.0865994E-29
   3195.000      1.0614585E-29
   3210.000      1.0027706E-29
   3225.000      9.2986456E-30
   3240.000      9.0277710E-30
   3240.000      7.4838215E-30
   3255.000      7.4083370E-30
   3270.000      7.4528509E-30
   3285.000      7.4225791E-30
   3300.000      7.6183394E-30
   3315.000      8.1372474E-30
   3330.000      8.8450394E-30
   3345.000      9.4987459E-30
   3360.000      9.9009470E-30
   3375.000      9.8009619E-30
   3390.000      9.1761278E-30
   3405.000      8.4488959E-30
   3420.000      7.7768389E-30
   3435.000      7.3204687E-30
   3450.000      7.1405733E-30
   3465.000      7.2371211E-30
   3480.000      7.5712369E-30
   3495.000      8.0250033E-30
   3510.000      8.4164839E-30
   3525.000      8.6485637E-30
   3540.000      8.7032217E-30
   3555.000      8.4966266E-30
   3570.000      8.0969601E-30
   3585.000      7.7137910E-30
   3600.000      7.4838215E-30
   3600.000      6.0101616E-30
   3615.000      5.9116679E-30
   3630.000      5.9486304E-30
   3645.000      6.1201389E-30
   3660.000      6.3242348E-30
   3675.000      6.7910953E-30
   3690.000      7.3798596E-30
   3705.000      7.8757640E-30
   3720.000      8.0594451E-30
   3735.000      7.7370384E-30
   3750.000      7.2038522E-30
   3765.000      6.5856309E-30
   3780.000      6.0473580E-30
   3795.000      5.6972047E-30
   3810.000      5.5775714E-30
   3825.000      5.6868532E-30
   3840.000      5.9896278E-30
   3855.000      6.3873632E-30
   3870.000      6.7425498E-30
   3885.000      6.9677016E-30
   3900.000      7.0229517E-30
   3915.000      6.8510248E-30
   3930.000      6.5291222E-30
   3945.000      6.2167980E-30
   3960.000      6.0101616E-30
   3960.000      4.8438492E-30
   3975.000      4.7471307E-30
   3990.000      4.7691965E-30
   4005.000      4.9569536E-30
   4020.000      5.2902482E-30
   4035.000      5.6982783E-30
   4050.000      6.1684775E-30
   4065.000      6.4741722E-30
   4080.000      6.4474658E-30
   4095.000      6.1582287E-30
   4110.000      5.6905042E-30
   4125.000      5.1790412E-30
   4140.000      4.7481892E-30
   4155.000      4.4789092E-30
   4170.000      4.4012096E-30
   4185.000      4.5128281E-30
   4200.000      4.7823767E-30
   4215.000      5.1289700E-30
   4230.000      5.4462478E-30
   4245.000      5.6580466E-30
   4260.000      5.7032447E-30
   4275.000      5.5592265E-30
   4290.000      5.2959899E-30
   4305.000      5.0341394E-30
   4320.000      4.8438492E-30
   4320.000      3.9259789E-30
   4335.000      3.8306859E-30
   4350.000      3.8471722E-30
   4365.000      4.0128108E-30
   4380.000      4.3254679E-30
   4395.000      4.7150361E-30
   4410.000      5.0633812E-30
   4425.000      5.2458292E-30
   4440.000      5.1976046E-30
   4455.000      4.9321260E-30
   4470.000      4.5338550E-30
   4485.000      4.1115685E-30
   4500.000      3.7658333E-30
   4515.000      3.5574807E-30
   4530.000      3.5084455E-30
   4545.000      3.6162051E-30
   4560.000      3.8534992E-30
   4575.000      4.1544694E-30
   4590.000      4.4346493E-30
   4605.000      4.6265742E-30
   4620.000      4.6618218E-30
   4635.000      4.5401444E-30
   4650.000      4.3210661E-30
   4665.000      4.0967735E-30
   4680.000      3.9259789E-30
   4680.000      3.1891722E-30
   4695.000      3.0999204E-30
   4710.000      3.1150905E-30
   4725.000      3.2591903E-30
   4740.000      3.5224860E-30
   4755.000      3.8425530E-30
   4770.000      4.1210251E-30
   4785.000      4.2572930E-30
   4800.000      4.2010547E-30
   4815.000      3.9677636E-30
   4830.000      3.6315207E-30
   4845.000      3.2841228E-30
   4860.000      3.0064844E-30
   4875.000      2.8447323E-30
   4890.000      2.8153206E-30
   4905.000      2.9156924E-30
   4920.000      3.1227041E-30
   4935.000      3.3830468E-30
   4950.000      3.6279999E-30
   4965.000      3.7952947E-30
   4980.000      3.8303181E-30
   4995.000      3.7264491E-30
   5010.000      3.5405107E-30
   5025.000      3.3469819E-30
   5040.000      3.1891722E-30
   5040.000      2.5954353E-30
   5055.000      2.5166309E-30
   5070.000      2.5309345E-30
   5085.000      2.6548322E-30
   5100.000      2.8751350E-30
   5115.000      3.1378270E-30
   5130.000      3.3613485E-30
   5145.000      3.4639445E-30
   5160.000      3.4062125E-30
   5175.000      3.2041866E-30
   5190.000      2.9221778E-30
   5205.000      2.6370841E-30
   5220.000      2.4138587E-30
   5235.000      2.2878276E-30
   5250.000      2.2716223E-30
   5265.000      2.3628802E-30
   5280.000      2.5423456E-30
   5295.000      2.7668308E-30
   5310.000      2.9793927E-30
   5325.000      3.1233528E-30
   5340.000      3.1518079E-30
   5355.000      3.0636020E-30
   5370.000      2.9059872E-30
   5385.000      2.7359904E-30
   5400.000      2.5954353E-30
   5400.000      2.1175314E-30
   5415.000      2.0492602E-30
   5430.000      2.0625713E-30
   5445.000      2.1680536E-30
   5460.000      2.3515936E-30
   5475.000      2.5673301E-30
   5490.000      2.7476605E-30
   5505.000      2.8257481E-30
   5520.000      2.7704164E-30
   5535.000      2.5973655E-30
   5550.000      2.3619289E-30
   5565.000      2.1281590E-30
   5580.000      1.9482625E-30
   5595.000      1.8495687E-30
   5610.000      1.8420463E-30
   5625.000      1.9236318E-30
   5640.000      2.0785027E-30
   5655.000      2.2715911E-30
   5670.000      2.4550006E-30
   5685.000      2.5779364E-30
   5700.000      2.6008604E-30
   5715.000      2.5251785E-30
   5730.000      2.3897529E-30
   5745.000      2.2413051E-30
   5760.000      2.1175314E-30
   5760.000      1.7319758E-30
   5775.000      1.6734996E-30
   5790.000      1.6855615E-30
   5805.000      1.7746540E-30
   5820.000      1.9271972E-30
   5835.000      2.1046939E-30
   5850.000      2.2510382E-30
   5865.000      2.3112747E-30
   5880.000      2.2604911E-30
   5895.000      2.1134452E-30
   5910.000      1.9174491E-30
   5925.000      1.7256930E-30
   5940.000      1.5802018E-30
   5955.000      1.5024559E-30
   5970.000      1.5004655E-30
   5985.000      1.5725151E-30
   6000.000      1.7057410E-30
   6015.000      1.8714901E-30
   6030.000      2.0290878E-30
   6045.000      2.1336050E-30
   6060.000      2.1519777E-30
   6075.000      2.0866289E-30
   6090.000      1.9695778E-30
   6105.000      1.8400090E-30
   6120.000      1.7319758E-30
   6120.000      1.4202342E-30
   6135.000      1.3704353E-30
   6150.000      1.3810505E-30
   6165.000      1.4558501E-30
   6180.000      1.5825310E-30
   6195.000      1.7289596E-30
   6210.000      1.8484967E-30
   6225.000      1.8956759E-30
   6240.000      1.8504220E-30
   6255.000      1.7262304E-30
   6270.000      1.5633050E-30
   6285.000      1.4057483E-30
   6300.000      1.2876017E-30
   6315.000      1.2259421E-30
   6330.000      1.2273433E-30
   6345.000      1.2904182E-30
   6360.000      1.4047673E-30
   6375.000      1.5468350E-30
   6390.000      1.6818653E-30
   6405.000      1.7704980E-30
   6420.000      1.7851494E-30
   6435.000      1.7284014E-30
   6450.000      1.6268120E-30
   6465.000      1.5139156E-30
   6480.000      1.4202342E-30
   6480.000      1.1675792E-30
   6495.000      1.1252517E-30
   6510.000      1.1343320E-30
   6525.000      1.1968695E-30
   6540.000      1.3021005E-30
   6555.000      1.4233000E-30
   6570.000      1.5215949E-30
   6585.000      1.5591985E-30
   6600.000      1.5197423E-30
   6615.000      1.4152934E-30
   6630.000      1.2798882E-30
   6645.000      1.1501341E-30
   6660.000      1.0537488E-30
   6675.000      1.0045062E-30
   6690.000      1.0078520E-30
   6705.000      1.0627086E-30
   6720.000      1.1606978E-30
   6735.000      1.2823421E-30
   6750.000      1.3978287E-30
   6765.000      1.4729162E-30
   6780.000      1.4845183E-30
   6795.000      1.4350015E-30
   6810.000      1.3466052E-30
   6825.000      1.2484312E-30
   6840.000      1.1675792E-30
   6840.000      9.6228431E-31
   6855.000      9.2630365E-31
   6870.000      9.3387910E-31
   6885.000      9.8602319E-31
   6900.000      1.0735354E-30
   6915.000      1.1742288E-30
   6930.000      1.2556089E-30
   6945.000      1.2861189E-30
   6960.000      1.2522820E-30
   6975.000      1.1646984E-30
   6990.000      1.0521024E-30
   7005.000      9.4494163E-31
   7020.000      8.6592801E-31
   7035.000      8.2630858E-31
   7050.000      8.3064428E-31
   7065.000      8.7812400E-31
   7080.000      9.6200774E-31
   7095.000      1.0660859E-30
   7110.000      1.1647539E-30
   7125.000      1.2283673E-30
   7140.000      1.2374769E-30
   7155.000      1.1940873E-30
   7170.000      1.1170741E-30
   7185.000      1.0318507E-30
   7200.000      9.6228431E-31
   7200.000      7.9503347E-31
   7215.000      7.6439191E-31
   7230.000      7.7057548E-31
   7245.000      8.1399580E-31
   7260.000      8.8690757E-31
   7275.000      9.7088028E-31
   7290.000      1.0387074E-30
   7305.000      1.0639164E-30
   7320.000      1.0352836E-30
   7335.000      9.6198781E-31
   7350.000      8.6825097E-31
   7365.000      7.7945554E-31
   7380.000      7.1436212E-31
   7395.000      6.8224775E-31
   7410.000      6.8696219E-31
   7425.000      7.2791181E-31
   7440.000      7.9966943E-31
   7455.000      8.8867627E-31
   7470.000      9.7293288E-31
   7485.000      1.0268430E-30
   7500.000      1.0339223E-30
   7515.000      9.9578741E-31
   7530.000      9.2864552E-31
   7545.000      8.5478940E-31
   7560.000      7.9503347E-31
   7560.000      6.5840736E-31
   7575.000      6.3225144E-31
   7590.000      6.3720060E-31
   7605.000      6.7334682E-31
   7620.000      7.3422938E-31
   7635.000      8.0453222E-31
   7650.000      8.6142398E-31
   7665.000      8.8262134E-31
   7680.000      8.5866844E-31
   7695.000      7.9740703E-31
   7710.000      7.1923280E-31
   7725.000      6.4540057E-31
   7740.000      5.9150895E-31
   7755.000      5.6528856E-31
   7770.000      5.6999923E-31
   7785.000      6.0522301E-31
   7800.000      6.6657545E-31
   7815.000      7.4267658E-31
   7830.000      8.1461909E-31
   7845.000      8.6033153E-31
   7860.000      8.6575253E-31
   7875.000      8.3217044E-31
   7890.000      7.7362429E-31
   7905.000      7.0969155E-31
   7920.000      6.5840736E-31
   7920.000      5.4650848E-31
   7935.000      5.2412256E-31
   7950.000      5.2802012E-31
   7965.000      5.5813102E-31
   7980.000      6.0909406E-31
   7995.000      6.6817929E-31
   8010.000      7.1619575E-31
   8025.000      7.3431251E-31
   8040.000      7.1446857E-31
   8055.000      6.6329178E-31
   8070.000      5.9796279E-31
   8085.000      5.3635484E-31
   8100.000      4.9152558E-31
   8115.000      4.6996786E-31
   8130.000      4.7444814E-31
   8145.000      5.0468703E-31
   8160.000      5.5712715E-31
   8175.000      6.2218305E-31
   8190.000      6.8361015E-31
   8205.000      7.2239277E-31
   8220.000      7.2646350E-31
   8235.000      6.9685477E-31
   8250.000      6.4581288E-31
   8265.000      5.9051626E-31
   8280.000      5.4650848E-31
   8280.000      4.5462442E-31
   8295.000      4.3542492E-31
   8310.000      4.3845206E-31
   8325.000      4.6356988E-31
   8340.000      5.0634146E-31
   8355.000      5.5618722E-31
   8370.000      5.9694462E-31
   8385.000      6.1265035E-31
   8400.000      5.9635607E-31
   8415.000      5.5360715E-31
   8430.000      4.9888958E-31
   8445.000      4.4730268E-31
   8460.000      4.0983789E-31
   8475.000      3.9199384E-31
   8490.000      3.9612025E-31
   8505.000      4.2203792E-31
   8520.000      4.6685017E-31
   8535.000      5.2246013E-31
   8550.000      5.7491332E-31
   8565.000      6.0782843E-31
   8580.000      6.1079951E-31
   8595.000      5.8467453E-31
   8610.000      5.4019086E-31
   8625.000      4.9239455E-31
   8640.000      4.5462442E-31
   8640.000      3.7898098E-31
   8655.000      3.6248945E-31
   8670.000      3.6481801E-31
   8685.000      3.8581225E-31
   8700.000      4.2180870E-31
   8715.000      4.6400552E-31
   8730.000      4.9878365E-31
   8745.000      5.1256369E-31
   8760.000      4.9929659E-31
   8775.000      4.6357707E-31
   8790.000      4.1763669E-31
   8805.000      3.7428972E-31
   8820.000      3.4284694E-31
   8835.000      3.2798380E-31
   8850.000      3.3169869E-31
   8865.000      3.5388243E-31
   8880.000      3.9216800E-31
   8895.000      4.3969648E-31
   8910.000      4.8448888E-31
   8925.000      5.1242535E-31
   8940.000      5.1450748E-31
   8955.000      4.9144833E-31
   8970.000      4.5270126E-31
   8985.000      4.1140525E-31
   9000.000      3.7898098E-31
   9000.000      3.1654377E-31
   9015.000      3.0236950E-31
   9030.000      3.0415267E-31
   9045.000      3.2174270E-31
   9060.000      3.5211802E-31
   9075.000      3.8795385E-31
   9090.000      4.1777238E-31
   9105.000      4.2997989E-31
   9120.000      4.1926272E-31
   9135.000      3.8940249E-31
   9150.000      3.5073817E-31
   9165.000      3.1419702E-31
   9180.000      2.8770544E-31
   9195.000      2.7525244E-31
   9210.000      2.7853950E-31
   9225.000      2.9750561E-31
   9240.000      3.3019843E-31
   9255.000      3.7080906E-31
   9270.000      4.0905106E-31
   9285.000      4.3275218E-31
   9300.000      4.3411933E-31
   9315.000      4.1377321E-31
   9330.000      3.8004134E-31
   9345.000      3.4438275E-31
   9360.000      3.1654377E-31
   9360.000      2.6485935E-31
   9375.000      2.5267966E-31
   9390.000      2.5404488E-31
   9405.000      2.6881748E-31
   9420.000      2.9450473E-31
   9435.000      3.2501450E-31
   9450.000      3.5066395E-31
   9465.000      3.6154724E-31
   9480.000      3.5296207E-31
   9495.000      3.2799513E-31
   9510.000      2.9540004E-31
   9525.000      2.6452168E-31
   9540.000      2.4213430E-31
   9555.000      2.3165683E-31
   9570.000      2.3453362E-31
   9585.000      2.5073652E-31
   9600.000      2.7864402E-31
   9615.000      3.1332238E-31
   9630.000      3.4594535E-31
   9645.000      3.6602332E-31
   9660.000      3.6681010E-31
   9675.000      3.4886378E-31
   9690.000      3.1952257E-31
   9705.000      2.8875233E-31
   9720.000      2.6485935E-31
   9720.000      2.2196582E-31
   9735.000      2.1151591E-31
   9750.000      2.1257226E-31
   9765.000      2.2501115E-31
   9780.000      2.4678300E-31
   9795.000      2.7282062E-31
   9810.000      2.9495688E-31
   9825.000      3.0470629E-31
   9840.000      2.9788882E-31
   9855.000      2.7700287E-31
   9870.000      2.4947380E-31
   9885.000      2.2331499E-31
   9900.000      2.0433952E-31
   9915.000      1.9548276E-31
   9930.000      1.9796860E-31
   9945.000      2.1178731E-31
   9960.000      2.3558235E-31
   9975.000      2.6515833E-31
   9990.000      2.9295419E-31
   10005.00      3.0993314E-31
   10020.00      3.1026036E-31
   10035.00      2.9445339E-31
   10050.00      2.6896907E-31
   10065.00      2.4245128E-31
   10080.00      2.2196582E-31
   10080.00      1.8627206E-31
   10095.00      1.7733035E-31
   10110.00      1.7816603E-31
   10125.00      1.8867013E-31
   10140.00      2.0715695E-31
   10155.00      2.2941766E-31
   10170.00      2.4856397E-31
   10185.00      2.5731661E-31
   10200.00      2.5195031E-31
   10215.00      2.3447149E-31
   10230.00      2.1118602E-31
   10245.00      1.8898484E-31
   10260.00      1.7286372E-31
   10275.00      1.6534708E-31
   10290.00      1.6746940E-31
   10305.00      1.7922982E-31
   10320.00      1.9948355E-31
   10335.00      2.2466323E-31
   10350.00      2.4829692E-31
   10365.00      2.6261705E-31
   10380.00      2.6258804E-31
   10395.00      2.4869887E-31
   10410.00      2.2661185E-31
   10425.00      2.0380350E-31
   10440.00      1.8627206E-31
   10440.00      1.5650132E-31
   10455.00      1.4888219E-31
   10470.00      1.4956681E-31
   10485.00      1.5846058E-31
   10500.00      1.7417611E-31
   10515.00      1.9321514E-31
   10530.00      2.0977656E-31
   10545.00      2.1761614E-31
   10560.00      2.1341718E-31
   10575.00      1.9878599E-31
   10590.00      1.7908747E-31
   10605.00      1.6026248E-31
   10620.00      1.4654377E-31
   10635.00      1.4014498E-31
   10650.00      1.4193670E-31
   10665.00      1.5191884E-31
   10680.00      1.6905919E-31
   10695.00      1.9041050E-31
   10710.00      2.1043453E-31
   10725.00      2.2247763E-31
   10740.00      2.2222312E-31
   10755.00      2.1010777E-31
   10770.00      1.9102521E-31
   10785.00      1.7146318E-31
   10800.00      1.5650132E-31
   10800.00      1.3163529E-31
   10815.00      1.2517568E-31
   10830.00      1.2575836E-31
   10845.00      1.3330047E-31
   10860.00      1.4666095E-31
   10875.00      1.6294444E-31
   10890.00      1.7726009E-31
   10905.00      1.8425765E-31
   10920.00      1.8098940E-31
   10935.00      1.6872706E-31
   10950.00      1.5202570E-31
   10965.00      1.3598634E-31
   10980.00      1.2430065E-31
   10995.00      1.1885541E-31
   11010.00      1.2035602E-31
   11025.00      1.2879652E-31
   11040.00      1.4334444E-31
   11055.00      1.6142334E-31
   11070.00      1.7833299E-31
   11085.00      1.8840155E-31
   11100.00      1.8793170E-31
   11115.00      1.7736762E-31
   11130.00      1.6100833E-31
   11145.00      1.4435774E-31
   11160.00      1.3163529E-31
   11160.00      1.1068967E-31
   11175.00      1.0528440E-31
   11190.00      1.0583274E-31
   11205.00      1.1224292E-31
   11220.00      1.2358924E-31
   11235.00      1.3747972E-31
   11250.00      1.4981161E-31
   11265.00      1.5601391E-31
   11280.00      1.5348454E-31
   11295.00      1.4323890E-31
   11310.00      1.2914382E-31
   11325.00      1.1555503E-31
   11340.00      1.0563648E-31
   11355.00      1.0098926E-31
   11370.00      1.0222466E-31
   11385.00      1.0933047E-31
   11400.00      1.2158585E-31
   11415.00      1.3680638E-31
   11430.00      1.5100259E-31
   11445.00      1.5936252E-31
   11460.00      1.5874944E-31
   11475.00      1.4958401E-31
   11490.00      1.3557529E-31
   11505.00      1.2141172E-31
   11520.00      1.1068967E-31
   11520.00      9.3062724E-32
   11535.00      8.8543701E-32
   11550.00      8.9033964E-32
   11565.00      9.4471601E-32
   11580.00      1.0408645E-31
   11595.00      1.1589834E-31
   11610.00      1.2648392E-31
   11625.00      1.3196667E-31
   11640.00      1.3006358E-31
   11655.00      1.2155103E-31
   11670.00      1.0967760E-31
   11685.00      9.8182954E-32
   11700.00      8.9772139E-32
   11715.00      8.5815449E-32
   11730.00      8.6822224E-32
   11745.00      9.2772541E-32
   11760.00      1.0303840E-31
   11775.00      1.1577129E-31
   11790.00      1.2760814E-31
   11805.00      1.3449928E-31
   11820.00      1.3380640E-31
   11835.00      1.2592373E-31
   11850.00      1.1402549E-31
   11865.00      1.0207158E-31
   11880.00      9.3062724E-32
   11880.00      7.8226927E-32
   11895.00      7.4503808E-32
   11910.00      7.4971596E-32
   11925.00      7.9574661E-32
   11940.00      8.7677925E-32
   11955.00      9.7646917E-32
   11970.00      1.0664246E-31
   11985.00      1.1140571E-31
   12000.00      1.0996424E-31
   12015.00      1.0291488E-31
   12030.00      9.2974151E-32
   12045.00      8.3307484E-32
   12060.00      7.6214669E-32
   12075.00      7.2862782E-32
   12090.00      7.3675260E-32
   12105.00      7.8623810E-32
   12120.00      8.7157957E-32
   12135.00      9.7717676E-32
   12150.00      1.0749280E-31
   12165.00      1.1311171E-31
   12180.00      1.1238791E-31
   12195.00      1.0568877E-31
   12210.00      9.5695373E-32
   12225.00      8.5714098E-32
   12240.00      7.8226927E-32
   12240.00      6.5668616E-32
   12255.00      6.2644704E-32
   12270.00      6.3096234E-32
   12285.00      6.6971927E-32
   12300.00      7.3743627E-32
   12315.00      8.2067597E-32
   12330.00      8.9612578E-32
   12345.00      9.3677414E-32
   12360.00      9.2589529E-32
   12375.00      8.6800119E-32
   12390.00      7.8551787E-32
   12405.00      7.0493291E-32
   12420.00      6.4561183E-32
   12435.00      6.1743869E-32
   12450.00      6.2392825E-32
   12465.00      6.6472478E-32
   12480.00      7.3498049E-32
   12495.00      8.2160208E-32
   12510.00      9.0133933E-32
   12525.00      9.4653274E-32
   12540.00      9.3937550E-32
   12555.00      8.8325047E-32
   12570.00      8.0043407E-32
   12585.00      7.1814723E-32
   12600.00      6.5668616E-32
   12600.00      5.4981826E-32
   12615.00      5.2569430E-32
   12630.00      5.3004275E-32
   12645.00      5.6237789E-32
   12660.00      6.1827512E-32
   12675.00      6.8676165E-32
   12690.00      7.4895388E-32
   12705.00      7.8288911E-32
   12720.00      7.7470273E-32
   12735.00      7.2772739E-32
   12750.00      6.6014999E-32
   12765.00      5.9378810E-32
   12780.00      5.4474442E-32
   12795.00      5.2133421E-32
   12810.00      5.2646877E-32
   12825.00      5.5972674E-32
   12840.00      6.1685289E-32
   12855.00      6.8692657E-32
   12870.00      7.5096645E-32
   12885.00      7.8668760E-32
   12900.00      7.7990706E-32
   12915.00      7.3369961E-32
   12930.00      6.6623470E-32
   12945.00      5.9948696E-32
   12960.00      5.4981826E-32
